1	-0.000279621383787
2	0.4104494781
3	0.331936199188
4	0.398124141033
5	-0.182333305296
6	-0.0015464401157
7	0.0359411195358
8	0.131056936577
9	0.0426860929242
10	0.0491712303754
11	0.013265742337
12	0.00365574719805
13	-0.000825051826529
14	-0.00496129155261
15	-0.00618847579897
16	-0.000953960086184
17	0.00122510734675
18	0.00107629090066
19	0.0027784608725
20	0.0020018251344
21	0.000336081548403
22	0.000378609427973
23	0.000233887404363
24	0.000626209634905
25	-0.000613173884024
26	-0.0004240678444
27	-0.00035895911623
28	-0.000410240087376
29	-0.000439123857564
30	0.000253260831874
31	2.74229777738e-05
32	0.000447584612336
33	0.000224718548486
34	0.000660697783694
35	0.000516512309417
36	0.000326075808948
37	0.00013840199484
38	-6.74555770977e-05
39	-4.12237542241e-05
40	-0.000201059596378
41	-4.64147083233e-05
42	-4.82534039321e-06
43	2.06302120387e-05
44	0.000105363390449
45	5.42653537773e-05
46	7.51202159231e-05
47	5.10579394325e-05
48	3.81167339247e-05
49	4.28950755098e-05
50	2.80738116865e-05
51	4.92137074209e-05
52	7.87676084343e-05
53	0.000132748810718
54	6.56705320737e-05
55	4.83281285459e-05
56	5.01140858937e-05
57	3.698063227e-05
58	3.57173831666e-05
59	1.77556396375e-05
60	1.22906510821e-05
61	1.42049725443e-05
62	8.69422542633e-06
63	2.97804744282e-05
64	2.99905438277e-05
65	3.46100502519e-05
66	2.40027720875e-05
67	2.41654478291e-05
68	1.41476647208e-05
69	-1.48290258944e-06
70	6.15706396504e-05
71	1.51320494862e-05
72	1.53813103675e-05
73	2.10787756052e-05
74	2.24460389665e-05
75	1.91749187515e-05
76	1.21022528891e-05
77	9.88812815057e-06
78	9.22617277251e-06
79	1.20168162217e-05
80	4.99919205628e-06
81	7.60221703968e-06
82	6.33394929589e-06
83	7.27719295179e-06
84	8.11615752662e-06
85	8.07466604665e-06
86	8.36005797388e-06
87	6.43613338803e-06
88	1.13051739052e-05
89	-1.25003774412e-06
90	5.96242720671e-06
91	4.16243981124e-06
92	4.1214773446e-06
93	4.72909051429e-06
94	4.39209651563e-06
95	2.16805657435e-06
96	5.65223877019e-06
97	5.57990609882e-07
98	3.31220076336e-07
99	4.79169312651e-07
100	2.41270920351e-06
101	2.89552294442e-06
102	1.26016776369e-06
103	3.99795798988e-06
104	1.69899444078e-06
105	-3.45330957101e-07
106	-5.40510971622e-08
107	-6.65211604023e-07
108	1.26869499368e-07
109	1.9112018201e-07
110	2.33965101527e-06
111	4.70168411185e-06
112	4.55708857356e-06
113	1.771583341e-06
114	-4.63245209113e-07
115	-2.34401628205e-07
116	-8.44030304786e-07
117	1.2075351116e-06
118	2.4498026402e-06
119	3.50215055924e-06
120	1.84160338611e-06
121	2.61707058354e-06
122	2.28254160791e-06
123	-8.53055575165e-07
124	-2.00728657424e-07
125	8.14201059991e-07
126	2.25484975939e-06
127	2.98062204684e-06
128	7.5750852896e-07
129	-8.73813752018e-07
130	-1.27327594045e-06
131	-5.36264937622e-07
132	-5.87998609181e-07
133	4.43006866392e-07
134	1.09761992961e-06
135	6.31997013163e-07
136	-3.61759100786e-07
137	-1.08973637738e-06
138	-1.56893215721e-06
139	-1.03676069027e-06
140	-6.50696864469e-07
141	9.92364432421e-08
142	3.02176428818e-08
143	9.45708233672e-07
144	-4.4536071622e-07
145	-2.37461173122e-07
146	-8.2029594114e-07
147	-2.07029251013e-07
148	-4.93783385746e-07
149	1.4186333954e-07
150	6.83371300774e-07
151	3.29021311784e-07
152	2.60545927928e-07
153	-2.08524975245e-07
154	-3.36235832188e-07
155	2.7663099374e-07
156	2.32600710227e-07
157	-7.36919848342e-08
158	-3.01359986277e-07
159	-8.74619949515e-08
160	1.69039258259e-07
161	1.28024181811e-07
162	1.92603937776e-07
163	-2.01622010252e-07
164	-2.71642782194e-07
165	-1.7273976665e-07
166	2.62173882934e-07
167	1.43021513634e-07
168	-2.20186835833e-07
169	-2.22619649233e-07
170	-1.49883377389e-07
171	2.08277568212e-07
172	2.85601633946e-08
173	-1.30993200262e-07
174	-1.34533396408e-07
175	2.41113968172e-09
176	1.09329625435e-08
177	-5.92120074892e-08
178	2.13814721546e-07
179	4.05525836872e-07
180	4.28266629868e-07
181	6.42025437711e-07
182	5.29842058591e-07
183	2.26349790731e-07
184	3.26164241293e-07
185	4.29773986361e-07
186	4.327874358e-07
187	3.46692909095e-07
188	5.58441219726e-07
189	6.842216583e-07
190	5.24096410736e-07
191	1.0236604436e-06
192	4.10904883292e-07
193	4.9336038375e-07
194	9.19242826068e-07
195	3.14082851732e-07
196	6.83416366257e-07
197	1.25079558759e-06
198	4.9642347021e-07
199	7.1454903345e-07
200	3.03343387852e-07
201	1.97461482944e-07
202	2.18065312431e-07
203	2.55501664828e-07
204	3.29649357763e-07
205	3.54087578459e-07
206	3.67618798559e-07
207	3.58299216864e-07
208	3.54417896241e-07
209	3.45207420434e-07
210	3.39335873973e-07
211	3.59077555219e-07
212	3.31616658032e-07
213	3.06696349587e-07
214	2.82168838538e-07
215	2.54741372133e-07
216	2.26527052059e-07
217	2.00549615247e-07
218	1.79525850167e-07
219	1.6542011512e-07
220	2.51834362425e-07
221	2.8993051906e-09
222	1.96584821874e-07
223	2.86656782119e-07
224	1.03183109511e-07
225	4.10477820331e-07
226	1.91695186757e-07
227	4.74262781142e-07
228	3.88960196213e-07
229	3.99993852049e-07
230	4.32864300435e-07
231	5.25718411795e-07
232	1.95557693356e-07
233	4.20508977567e-07
234	5.00559626967e-07
235	1.33890190377e-07
236	-5.0531966694e-08
237	4.69822112006e-07
238	2.131686252e-07
239	4.428075953e-07
240	4.97095142645e-07
241	2.37222209792e-07
242	-7.08717387594e-08
243	1.23537288687e-07
244	-3.41863910885e-08
245	1.26256152591e-07
246	4.0317248188e-07
247	2.01507344188e-07
248	7.02211198441e-08
249	8.03105673963e-08
250	3.55266466767e-07
251	4.31550145602e-07
252	1.90239750928e-07
253	3.89652366852e-07
254	1.34363946386e-07
255	6.2705437472e-07
256	1.8106527183e-07
257	2.97500757459e-07
258	4.67932839388e-07
259	1.14154391167e-07
260	5.63705440777e-07
261	4.15476278391e-07
262	2.50839371159e-07
263	4.34765215925e-07
264	2.62431502265e-07
265	4.52808596455e-07
266	2.91114088176e-07
267	4.4005190612e-07
268	2.9411429455e-07
269	4.340938372e-07
270	3.0329913621e-07
271	4.2506324854e-07
272	2.9223427715e-07
273	4.20802522359e-07
274	2.95811339379e-07
275	4.1263854849e-07
276	2.96688634222e-07
277	4.04057601532e-07
278	2.78452824015e-07
279	3.96934441838e-07
280	2.70676001713e-07
281	3.90711241965e-07
282	3.07568711093e-07
283	2.05683927622e-07
284	3.70900788231e-07
285	3.10726610633e-07
286	2.35735131382e-07
287	3.53423302165e-07
288	2.63902186465e-07
289	2.42444347274e-07
290	3.40853518513e-07
291	7.92499643568e-08
292	3.2818626143e-07
293	2.87427002979e-07
294	3.15584671503e-07
295	3.14423667461e-07
296	3.21095026264e-07
297	3.04985015932e-07
298	2.99549653972e-07
299	2.89324939797e-07
300	2.96148940917e-07
301	2.78430705577e-07
302	2.91458603831e-07
303	2.6807841588e-07
304	2.85359818526e-07
305	2.72829571384e-07
306	1.39506947114e-07
307	3.93623245621e-07
308	1.58738595239e-07
309	2.46354227782e-07
310	2.43933059933e-07
311	3.09675320651e-07
312	2.11910565877e-07
313	2.12013728387e-07
314	2.35379595459e-07
315	2.23090503281e-07
316	1.96263923544e-07
317	2.27312465885e-07
318	1.86033372301e-07
319	1.97487808516e-07
320	4.1171304657e-07
321	2.17863019489e-07
322	4.2747971015e-07
323	2.1339979839e-07
324	-5.13437763808e-08
325	3.24140770662e-08
326	3.85563298212e-07
327	2.39576982374e-07
328	1.24708641821e-07
329	1.80655795912e-07
330	1.14336921136e-07
331	1.84181270743e-07
332	1.1186745161e-07
333	1.70048141333e-07
334	1.06541045135e-07
335	1.54861479302e-07
336	9.98357631098e-08
337	1.46418363396e-07
338	9.59430034898e-08
339	1.43941284115e-07
340	7.13995165131e-08
341	7.9605928366e-08
342	1.05740677908e-07
343	1.08011256218e-07
344	1.04918820859e-07
345	8.33897591866e-08
346	1.29670706265e-07
347	9.5772871607e-08
348	2.08547452837e-08
349	1.25871370542e-07
350	3.53747071309e-08
351	1.09793397918e-07
352	4.8148901141e-08
353	-2.93919525002e-09
354	1.27804161858e-08
355	1.07049500277e-07
356	9.69732421106e-08
357	5.78479794643e-08
358	2.90050866832e-09
359	1.07041539629e-07
360	1.44859520018e-07
361	6.34435793227e-08
362	2.6931249382e-08
363	1.47939257997e-08
364	4.14670268337e-08
365	4.26734997358e-08
366	4.16427090869e-08
367	9.21424979648e-08
368	1.08312268333e-07
369	-6.24869839368e-08
370	-2.21523351354e-08
371	2.08911641036e-08
372	1.03818048955e-07
373	1.19333770625e-07
374	1.80917105968e-07
375	3.03472678176e-07
376	1.31605084738e-07
377	1.18100806001e-07
378	3.46780130876e-08
379	1.38915843432e-07
380	4.89718207909e-08
381	1.25329691511e-07
382	2.73288981797e-07
383	-1.86495963626e-09
384	-3.6932018051e-08
385	-4.25147661437e-08
386	-2.83284681476e-08
387	-1.5017757538e-08
388	8.39061696245e-09
389	1.46609352398e-08
390	2.65169494995e-08
391	-1.93349421108e-09
392	-1.34237675598e-09
393	4.31789661357e-09
394	9.838843953e-09
395	-4.77973868603e-09
396	4.5834648937e-09
397	-2.46537299088e-08
398	-8.32408811732e-09
399	-2.87847432084e-08
400	-2.12412486901e-08
401	-1.38400825978e-08
402	-3.48036050917e-08
403	-2.08069722768e-08
404	-3.74795232806e-08
405	-3.45715934252e-08
406	-3.82160163377e-08
407	-3.73341655549e-08
408	-4.8316896337e-08
409	-2.81472941271e-08
410	-5.60726397123e-08
411	-4.78505627446e-08
412	-5.25584406174e-08
413	-5.35593285185e-08
414	-5.64162878405e-08
415	-5.7400377375e-08
416	-5.88779697291e-08
417	-5.87142655689e-08
418	-5.94391255608e-08
419	-5.78285000374e-08
420	-5.83536495509e-08
421	-5.07401799774e-08
422	-5.69090671325e-08
423	-5.51785379943e-08
424	-5.15873167903e-08
425	-5.34869315501e-08
426	-5.02086049529e-08
427	-5.38494048566e-08
428	-5.17221651866e-08
429	-7.24052711699e-08
430	-5.68898218006e-08
431	-5.05270738109e-08
432	-5.40632186719e-08
433	-5.31041248248e-08
434	-6.73905577621e-08
435	-6.44660824081e-08
436	-4.03416798003e-08
437	-5.79344244283e-08
438	-5.71151452815e-08
439	-5.78260524454e-08
440	-5.5471746142e-08
441	-6.02306802107e-08
442	-5.1369650398e-08
443	-6.25191948834e-08
444	-4.64770177903e-08
445	-6.6309287818e-08
446	-5.11794383977e-08
447	-7.10838790876e-08
448	-6.24012258177e-08
449	-7.05892915612e-08
450	-6.15227591498e-08
451	2.37100660553e-07
452	-7.65314320809e-08
453	-1.02908897177e-08
454	2.10394284497e-07
455	1.88259512038e-07
456	1.06060188274e-07
457	-1.46040661478e-07
458	1.58785070348e-07
459	1.67456293405e-07
460	1.52088908623e-07
461	-2.66438301509e-08
462	1.91259007212e-07
463	8.95943643498e-08
464	8.60093155875e-08
465	-1.00882570418e-07
466	-5.77560403383e-08
467	2.0790501614e-07
468	-1.06842118716e-07
469	-8.16914442277e-08
470	2.27734015318e-07
471	1.99743380494e-07
472	8.93843849157e-08
473	2.08275114988e-07
474	-6.52057584074e-08
475	2.3120490137e-07
476	1.95670415142e-07
477	4.21206975437e-08
478	2.3945721688e-07
479	2.04518456605e-07
480	3.31744768276e-07
481	8.54861606743e-08
482	1.62358836802e-07
483	1.88785940065e-07
484	3.28107689914e-07
485	1.41971827904e-07
486	1.11854021399e-07
487	1.92029717801e-07
488	-7.28523374195e-08
489	-6.80796260614e-08
490	1.65636397934e-07
491	2.90868153217e-09
492	-8.67291293674e-08
493	2.04137468627e-07
494	2.04220491754e-07
495	1.10581555713e-07
496	2.28695663979e-07
497	-8.69906800643e-08
498	2.63137582533e-07
499	-2.88729033343e-08
500	2.49808987575e-07
501	-5.59839437467e-08
502	8.01567585614e-08
503	2.13860558917e-07
504	-5.91758192554e-08
505	2.0536244611e-07
506	1.1963345279e-07
507	1.93263973321e-07
508	1.48783452328e-07
509	1.6100699029e-07
510	2.32948514917e-07
511	2.87401523332e-07
512	8.57095840607e-08
513	-1.2687315108e-08
514	-9.70096809403e-08
515	-8.1397602553e-08
516	-7.46271780839e-08
517	-3.40110499683e-08
518	1.37239331797e-07
519	1.93101316343e-07
520	1.10782132845e-07
521	1.60078805067e-07
522	1.40703022515e-07
523	1.85056108626e-07
524	1.64723791149e-07
525	1.21127054024e-07
526	3.80773747584e-08
527	3.18717416851e-07
528	-1.10617560538e-07
529	2.01450093223e-07
530	1.12566554291e-07
531	2.79937683999e-08
532	8.73359209772e-08
533	6.0787661621e-08
534	6.2433653397e-08
535	7.87008805638e-08
536	7.34931110622e-08
537	7.32495445875e-08
538	7.49690032292e-08
539	7.69008181326e-08
540	8.72259639219e-08
541	8.41577211259e-08
542	8.32635232669e-08
543	8.48118958268e-08
544	8.33218290144e-08
545	8.02281565734e-08
546	7.89383863231e-08
547	7.02472278207e-08
548	7.31496806217e-08
549	7.00788645919e-08
550	6.47816137297e-08
551	6.31489384539e-08
552	6.17578700687e-08
553	6.07222788633e-08
554	6.09215362387e-08
555	6.10365164673e-08
556	6.36522527551e-08
557	6.47771719207e-08
558	6.52870016889e-08
559	6.68117970135e-08
560	6.77390709006e-08
561	6.83714115128e-08
562	6.88197855415e-08
563	6.8825351484e-08
564	6.86017905236e-08
565	6.81184555352e-08
566	6.74719572014e-08
567	6.67408310271e-08
568	6.57447573663e-08
569	6.32265813644e-08
570	6.54106169434e-08
571	6.27790247692e-08
572	6.40427121226e-08
573	6.24783194884e-08
574	6.37700701493e-08
575	6.252479441e-08
576	6.41519598494e-08
577	6.28674462812e-08
578	6.47532648679e-08
579	6.35594987086e-08
580	6.28673388743e-08
581	6.38661903285e-08
582	6.65777598421e-08
583	6.3743652901e-08
584	6.30141414983e-08
585	6.44204209716e-08
586	6.40374076013e-08
587	6.39374115424e-08
588	6.40150462885e-08
589	6.39181802868e-08
590	6.39013651867e-08
591	6.39342546783e-08
592	6.39668674987e-08
593	6.4027227723e-08
594	6.41417393789e-08
595	6.43046866086e-08
596	6.4491946583e-08
597	3.15623689167e-07
598	2.47145008532e-07
599	5.83804665037e-08
600	1.91791475368e-07
601	1.06964904327e-07
602	2.03061870005e-07
603	1.5654363023e-07
604	6.77967790286e-08
605	8.2260318743e-08
606	2.04440375614e-07
607	1.92654132303e-07
608	1.30733398603e-07
609	9.72753306989e-08
610	2.12803981411e-07
611	2.33580595063e-07
612	1.39346236428e-07
613	1.36495286819e-09
614	1.58213248133e-07
615	2.24952613426e-07
616	2.23697472099e-07
617	1.46977423267e-07
618	9.7041642387e-08
619	8.36345856089e-08
620	1.81270273221e-07
621	2.12441788815e-07
622	2.41955829771e-07
623	1.35478965527e-07
624	1.06837914206e-07
625	1.88552210738e-07
626	2.07248413422e-07
627	2.41542101417e-07
628	1.46083350293e-07
629	1.01102208503e-07
630	1.77361594377e-07
631	1.69073491839e-07
632	-4.36263620793e-08
633	9.39342849547e-08
634	2.06287533703e-07
635	2.19294575062e-07
636	2.08683601911e-07
637	1.02811674949e-07
638	2.86326281263e-08
639	1.67715265757e-07
640	1.88178916455e-07
641	1.17846616351e-07
642	8.81081587422e-09
643	1.3748295542e-07
644	1.98743485727e-07
645	1.80389668289e-07
646	8.33742499243e-08
647	2.1209399875e-07
648	2.00883426958e-07
649	7.08704502527e-08
650	4.56522638863e-08
651	1.6003436759e-07
652	4.8841999448e-08
653	1.8746557168e-07
654	1.76041525571e-07
655	3.96696081661e-08
656	1.72527346315e-08
657	1.55960236305e-07
658	4.27171584373e-08
659	1.78992471998e-07
660	1.63610229872e-07
661	4.26080228227e-08
662	6.98845864954e-08
663	1.26628294765e-07
664	1.33498795861e-07
665	2.16702089297e-07
666	2.50942813233e-07
667	1.13226165633e-07
668	1.15837358411e-07
669	1.26508349516e-07
670	2.06787890551e-07
671	2.24172964097e-07
672	1.40031279194e-07
673	6.89230219311e-08
674	7.34641625291e-08
675	1.0718968186e-07
676	2.53733014166e-07
677	8.97815366572e-08
678	1.62852049566e-07
679	1.05881973996e-07
680	7.7300197462e-08
681	1.10811247786e-07
682	9.1211445908e-08
683	1.13571320339e-07
684	1.12322146351e-07
685	1.34933903301e-07
686	8.65002535881e-08
687	2.26444622579e-07
688	1.85348739217e-07
689	2.61541239676e-07
690	1.81053973416e-07
691	1.08948718853e-07
692	3.49112568274e-08
693	4.73400543647e-08
694	6.80576212097e-08
695	1.40902231184e-07
696	1.51104318035e-07
697	1.83663625686e-07
698	7.16218990774e-08
699	1.1532853829e-07
700	2.25347794769e-07
701	2.6020060522e-07
702	1.80496132568e-07
703	9.93156839021e-08
704	2.849354967e-07
705	2.20207270025e-07
706	1.51282591236e-07
707	9.58609219358e-08
708	7.51543061136e-08
709	6.31920012517e-08
710	7.01170789293e-08
711	8.64654817059e-08
712	1.10576819449e-07
713	1.30809335627e-07
714	1.38965790352e-07
715	1.39627417664e-07
716	1.33403885546e-07
717	1.28396171376e-07
718	1.26448946308e-07
719	1.29448290647e-07
720	1.34842606748e-07
721	1.39880030008e-07
722	1.44363176908e-07
723	1.42786738686e-07
724	1.41751664311e-07
725	1.36449686185e-07
726	1.34699123637e-07
727	1.3183838721e-07
728	1.33432671767e-07
729	1.33880174909e-07
730	1.36529244232e-07
731	1.36621072182e-07
732	1.3718610894e-07
733	1.35502420703e-07
734	1.34634323988e-07
735	1.33011123319e-07
736	1.32827274576e-07
737	1.32544599396e-07
738	1.3336976402e-07
739	1.33467322544e-07
740	1.34168716775e-07
741	1.33449119474e-07
742	1.33482119411e-07
743	1.32100360482e-07
744	1.32000996306e-07
745	1.30729784948e-07
746	1.31005366158e-07
747	1.30081741605e-07
748	1.30568668398e-07
749	1.2967276791e-07
750	1.29998093022e-07
751	1.28937789551e-07
752	1.29076537401e-07
753	1.28028910482e-07
754	1.28208498154e-07
755	1.27377534807e-07
756	1.27696247976e-07
757	1.27039497014e-07
758	1.27383809845e-07
759	1.26729053007e-07
760	1.26979649561e-07
761	1.26259390343e-07
762	1.26431580392e-07
763	1.25708869073e-07
764	1.25878926496e-07
765	1.25213196812e-07
766	1.2540139715e-07
767	1.24776845882e-07
768	1.24944483562e-07
769	1.24325066483e-07
770	1.24450367984e-07
771	1.23841693254e-07
772	1.23946361246e-07
773	1.23384431375e-07
774	1.2350068499e-07
775	1.23008710495e-07
776	1.23144036253e-07
777	1.22708824245e-07
778	1.2284068496e-07
779	1.22439186449e-07
780	1.22556469815e-07
781	1.22187895405e-07
782	1.22299804749e-07
783	1.21973436603e-07
784	1.22086174887e-07
785	1.2179902181e-07
786	1.21903905313e-07
787	1.21642098352e-07
788	1.21727961643e-07
789	1.21482810039e-07
790	1.21548429267e-07
791	1.21322423946e-07
792	1.21374301892e-07
793	1.21173020796e-07
794	1.21217321834e-07
795	1.21040366204e-07
796	1.21075257867e-07
797	1.20915314559e-07
798	1.2092106845e-07
799	1.20743295387e-07
800	1.20710598613e-07
801	1.20532554114e-07
802	1.20491390821e-07
803	1.20341999038e-07
804	1.20316929301e-07
805	1.20201122261e-07
806	1.20182141878e-07
807	1.20080595978e-07
808	1.20051677135e-07
809	1.1995015588e-07
810	1.19907248819e-07
811	1.19806784633e-07
812	1.19757156873e-07
813	1.19664468727e-07
814	1.19615695097e-07
815	1.19532597081e-07
816	1.19478645103e-07
817	1.19390320416e-07
818	1.19320356982e-07
819	1.19222983862e-07
820	1.19142802601e-07
821	1.19045911194e-07
822	1.18967059233e-07
823	1.18877855358e-07
824	1.18802291582e-07
825	1.18716972513e-07
826	1.18639029642e-07
827	1.18550872181e-07
828	1.18466305346e-07
829	1.18374384312e-07
830	1.18287207275e-07
831	1.18197849427e-07
832	1.18115254202e-07
833	1.18032865217e-07
834	1.17955249947e-07
835	1.17876301094e-07
836	1.17797967487e-07
837	1.17716726988e-07
838	1.17634881005e-07
839	1.17550643509e-07
840	1.17466670558e-07
841	1.17381582362e-07
842	1.17297852953e-07
843	1.17214577709e-07
844	1.17131759209e-07
845	1.17048743953e-07
846	1.16966166624e-07
847	1.16882901347e-07
848	1.16799363473e-07
849	1.16715722667e-07
850	1.1663276495e-07
851	1.16550547027e-07
852	1.16469299635e-07
853	1.163887571e-07
854	1.16308569704e-07
855	1.16228663904e-07
856	1.16149391522e-07
857	1.1607168371e-07
858	1.15995917452e-07
859	1.15921256089e-07
860	1.15846918782e-07
861	1.15771973793e-07
862	1.15696140847e-07
863	1.15619662139e-07
864	1.15542869753e-07
865	1.15466372902e-07
866	1.15390239654e-07
867	1.15314908314e-07
868	1.1524071353e-07
869	1.15167130587e-07
870	1.1509421615e-07
871	1.15022212463e-07
872	1.14950615407e-07
873	1.1487921758e-07
874	1.14807895282e-07
875	1.14736334021e-07
876	1.14665096264e-07
877	1.14594502375e-07
878	1.14525277003e-07
879	1.14457628901e-07
880	1.14391468094e-07
881	1.1432622413e-07
882	1.14261294847e-07
883	1.14196749828e-07
884	1.14131466142e-07
885	1.14065204775e-07
886	1.13998688349e-07
887	1.13933041945e-07
888	1.13869086335e-07
889	1.13807036385e-07
890	1.1374678908e-07
891	1.13687293122e-07
892	1.13627621657e-07
893	1.13567409774e-07
894	1.13506283406e-07
895	1.1344423649e-07
896	1.13382119102e-07
897	1.13320448357e-07
898	1.1326016023e-07
899	1.13201957973e-07
900	1.13141134532e-07
901	1.13076351457e-07
902	1.13010462581e-07
903	1.12946191762e-07
904	1.12887437327e-07
905	1.12835269697e-07
906	1.12789007231e-07
907	1.12746236183e-07
908	1.12704041123e-07
909	1.12658513304e-07
910	1.12607613334e-07
911	1.12551645883e-07
912	1.1249173098e-07
913	1.1243115573e-07
914	1.12372950168e-07
915	1.12318227939e-07
916	1.12267445095e-07
917	1.12219799419e-07
918	1.1216244768e-07
919	1.12056641419e-07
920	1.12045470525e-07
921	1.11884412169e-07
922	1.11808661825e-07
923	1.11705249596e-07
924	1.11604667157e-07
925	1.11525196175e-07
926	1.11468481634e-07
927	1.11443655416e-07
928	1.11432564022e-07
929	1.11427847431e-07
930	1.11408439257e-07
931	1.11369313498e-07
932	1.11305075971e-07
933	1.11225366171e-07
934	1.11138539952e-07
935	1.11057534472e-07
936	1.10988706498e-07
937	1.1093438425e-07
938	1.10889872537e-07
939	1.11513641503e-07
940	1.12644153771e-07
941	1.10069029511e-07
942	1.08866873852e-07
943	1.06650905157e-07
944	1.06532912503e-07
945	1.06614438448e-07
946	1.09691341616e-07
947	1.13603306603e-07
948	1.13854574936e-07
949	1.11264281915e-07
950	1.09161404123e-07
951	1.05443204242e-07
952	1.06759567704e-07
953	1.05724513187e-07
954	1.10005797085e-07
955	1.09635228784e-07
956	1.09954878998e-07
957	1.12039611674e-07
958	1.10190138577e-07
959	1.11358335157e-07
960	1.13388424483e-07
961	1.10906784949e-07
962	1.1227921591e-07
963	1.12785972048e-07
964	1.12877577678e-07
965	8.80740650201e-08
966	6.52376611368e-08
