1	0.0219270104399
2	27.0958131871
3	13.0383222782
4	22.9748252603
5	7.91270540337
6	4.97834171878
7	10.8463334752
8	10.0451746114
9	5.33280435033
10	2.10587147606
11	2.39033627605
12	2.24882857972
13	2.22643149215
14	0.999896006809
15	0.876294907114
16	0.58089243384
17	0.67747555321
18	0.418969285281
19	0.517691580211
20	0.469090739134
21	0.328667681263
22	0.177824456767
23	0.146049398442
24	0.205983803923
25	0.181657479575
26	0.166549487437
27	0.168908893896
28	0.138084456098
29	0.0867220283518
30	0.123738334785
31	0.0724524493834
32	0.0417521168992
33	0.0666755188071
34	0.0569763441507
35	0.0514917020168
36	0.0500547101771
37	0.0688295998897
38	0.0312907524133
39	0.0477155805699
40	0.0406709290047
41	0.0390044495565
42	0.0277732610515
43	0.0231249019717
44	0.0273860264873
45	0.0257986731844
46	0.0226313618712
47	0.0214938027633
48	0.0160929628676
49	0.0219919981607
50	0.00662960760002
51	0.016532133847
52	0.00887450924766
53	0.0110325003008
54	0.011016029742
55	0.010864596513
56	0.0112406838677
57	0.00769404362117
58	0.0054976897019
59	0.00536657493563
60	0.00468579842767
61	0.00402415809222
62	0.00479540427594
63	0.00578798795512
64	0.00495544968006
65	0.00551879947033
66	0.0040808751726
67	0.00313337701312
68	0.00310216014071
69	0.00413919468473
70	0.00410154726017
71	0.00327167127323
72	0.0038186282831
73	0.00307551716709
74	0.00268155792971
75	0.00275247154299
76	0.00220706665502
77	0.00247666543752
78	0.00263709184761
79	0.00247183228687
80	0.0011613009953
81	0.00228302308122
82	0.00113603555891
83	0.00119509110517
84	0.00131259695069
85	0.00111536064857
86	0.000973730306672
87	0.000796439170992
88	0.00164239451306
89	0.000836659488073
90	0.000777896470699
91	0.000955931052175
92	0.000834113370549
93	0.00083256976566
94	0.000812493816196
95	0.00074243307905
96	0.000675986884665
97	0.0005875759367
98	0.000502739655775
99	0.000541237935901
100	0.000665418865273
101	0.000671777257685
102	0.000538570557528
103	0.000635375392013
104	0.000520204022489
105	0.00050179682547
106	0.000471292668862
107	0.000453267538667
108	0.000430470922871
109	0.00047247159691
110	0.000504470353979
111	0.00045648474665
112	0.000568087462081
113	0.000393515950119
114	0.000352729659521
115	0.000334266551153
116	0.000344618901637
117	0.000333060213682
118	0.00039248326795
119	0.000425206401213
120	0.000296688918851
121	0.000388574961249
122	0.000387963707908
123	0.000310433603288
124	0.000261345651148
125	0.000249513821577
126	0.000272904848415
127	0.000317529223039
128	0.000215801309539
129	0.000339353778652
130	0.000328685708603
131	0.000282963093568
132	0.00024374775347
133	0.000225184778201
134	0.000209647163957
135	0.000211140552393
136	0.00021086990053
137	0.000258673276461
138	0.000274977933694
139	0.000258142423202
140	0.000220340462002
141	0.00019683415574
142	0.000164617865611
143	0.000156086546397
144	0.000154992150564
145	0.000165504999789
146	0.000172355214437
147	0.000173785667308
148	0.000161922468796
149	0.000146512937141
150	0.000136578391773
151	0.000127300894294
152	0.000119852394422
153	0.000141807447624
154	0.000152064143346
155	0.000148421553878
156	0.000146023228055
157	0.000134240473911
158	0.000125417498402
159	0.000116499294295
160	0.000129063089726
161	0.000129391961934
162	0.000134524502813
163	0.00012833856064
164	0.000119024914198
165	0.000107983679104
166	0.000112521995687
167	0.000113886510671
168	0.000122869612789
169	0.000120571789244
170	0.000111783335588
171	0.000103773710963
172	9.66447581137e-05
173	9.64343613376e-05
174	0.000100618527295
175	9.98959420337e-05
176	9.90247564398e-05
177	8.83285864047e-05
178	8.72039432456e-05
179	0.000101677352607
180	0.000100320002878
181	5.57560860996e-05
182	8.32833949263e-05
183	5.10266891678e-05
184	4.94342322644e-05
185	4.51733348699e-05
186	4.45123193733e-05
187	4.9966122798e-05
188	6.21814349427e-05
189	6.74282330221e-05
190	6.06273206155e-05
191	6.23774327768e-05
192	5.17302049479e-05
193	4.30595360343e-05
194	5.26849470405e-05
195	6.35431679936e-05
196	5.65768556918e-05
197	5.53975588295e-05
198	4.78418423664e-05
199	5.1262921198e-05
200	5.08984642217e-05
201	4.73578098197e-05
202	4.70536016264e-05
203	4.58602428506e-05
204	4.60722971093e-05
205	4.56476482445e-05
206	4.56504099238e-05
207	4.49247746785e-05
208	4.44565520921e-05
209	4.36989442673e-05
210	4.31317875413e-05
211	4.20191824565e-05
212	4.12996473716e-05
213	4.06534574665e-05
214	3.99411019405e-05
215	3.9218021249e-05
216	3.84687021166e-05
217	3.77461911828e-05
218	3.70840985835e-05
219	3.65608478966e-05
220	2.41016446179e-05
221	3.55652973119e-05
222	3.63039817609e-05
223	2.5986606885e-05
224	3.525078393e-05
225	2.43921753564e-05
226	3.57995580502e-05
227	2.38488512758e-05
228	2.32399880337e-05
229	3.69094972606e-05
230	3.55379087943e-05
231	2.34912256613e-05
232	3.47100671897e-05
233	3.66747176271e-05
234	2.73559985438e-05
235	3.28830058275e-05
236	2.30570008915e-05
237	2.1948206669e-05
238	3.42312669916e-05
239	3.2612397532e-05
240	2.30400885534e-05
241	3.10792259508e-05
242	2.23753822263e-05
243	3.10529801809e-05
244	2.21969332669e-05
245	3.00749183269e-05
246	3.1720302343e-05
247	1.89682645714e-05
248	2.40894813414e-05
249	2.92238474356e-05
250	2.88825305375e-05
251	2.13885008858e-05
252	2.67660157359e-05
253	2.83381883858e-05
254	2.4182488473e-05
255	2.7574268229e-05
256	1.51603782232e-05
257	2.6644533548e-05
258	2.6409855679e-05
259	2.77865141047e-05
260	2.52011244961e-05
261	1.91088135915e-05
262	2.56173606365e-05
263	1.70598822417e-05
264	2.39337389145e-05
265	1.79429503766e-05
266	2.42615306812e-05
267	1.73281997037e-05
268	2.36146716405e-05
269	1.70985807884e-05
270	2.32038915265e-05
271	1.67068740495e-05
272	2.25537942843e-05
273	1.63848246761e-05
274	2.20638454538e-05
275	1.61870137481e-05
276	2.14423284476e-05
277	1.60410093859e-05
278	2.08594261471e-05
279	1.60116526396e-05
280	2.03748452893e-05
281	1.61192437473e-05
282	1.6265603213e-05
283	1.99313485171e-05
284	1.59075765135e-05
285	1.64782306277e-05
286	1.95695677196e-05
287	1.54155249773e-05
288	1.75457990817e-05
289	1.91343102782e-05
290	1.50750159673e-05
291	1.7207073473e-05
292	2.0412601082e-05
293	1.40506502894e-05
294	1.95605951488e-05
295	1.45206478974e-05
296	1.95759085786e-05
297	1.39207439443e-05
298	1.85136414072e-05
299	1.36466921387e-05
300	1.78695291623e-05
301	1.33943829585e-05
302	1.71302329211e-05
303	1.32420294409e-05
304	1.66050995839e-05
305	1.30063719753e-05
306	1.64968983874e-05
307	1.54296283095e-05
308	1.61836858232e-05
309	1.22010576692e-05
310	1.67444085557e-05
311	1.21176410285e-05
312	1.17133088173e-05
313	1.15944121469e-05
314	1.19943233993e-05
315	1.23554502385e-05
316	1.12482782144e-05
317	1.17170398886e-05
318	1.14099765202e-05
319	1.10758430955e-05
320	1.54193292881e-05
321	1.14724715164e-05
322	1.56243935485e-05
323	1.15439169088e-05
324	9.66108362614e-06
325	1.29794285245e-05
326	1.45780266535e-05
327	1.08686250189e-05
328	1.33651065429e-05
329	1.07319039831e-05
330	1.25766696685e-05
331	9.84679827115e-06
332	1.212189643e-05
333	9.3125731264e-06
334	1.14039330141e-05
335	9.035311728e-06
336	1.1224087868e-05
337	8.66340095047e-06
338	1.11784638748e-05
339	8.20852257022e-06
340	1.35916386245e-05
341	6.95680177004e-06
342	1.23949414431e-05
343	8.68286121959e-06
344	1.32246512959e-05
345	1.11946966033e-05
346	7.73101521078e-06
347	1.25860931116e-05
348	1.2691757876e-05
349	9.85320339632e-06
350	1.33945065949e-05
351	1.17570531792e-05
352	1.20271522254e-05
353	1.33268151115e-05
354	1.36787395143e-05
355	1.13248463383e-05
356	1.11742249811e-05
357	1.29972244509e-05
358	1.35370496079e-05
359	1.14824705327e-05
360	1.14001341424e-05
361	1.26973125122e-05
362	1.30057959505e-05
363	1.31854281146e-05
364	1.26544641185e-05
365	1.32164846894e-05
366	1.28633733425e-05
367	7.70606756571e-06
368	1.08015797816e-05
369	1.30133802054e-05
370	1.2934082341e-05
371	1.27662595805e-05
372	1.08377266622e-05
373	1.04497720382e-05
374	9.62341952035e-06
375	1.72214538354e-05
376	1.45196690412e-05
377	1.24035278911e-05
378	5.372751339e-06
379	9.1546844913e-06
380	5.92973978617e-06
381	8.38703485195e-06
382	1.12919293947e-05
383	1.18703556705e-05
384	1.01478702802e-05
385	1.0610929036e-05
386	9.93873040558e-06
387	9.36377197291e-06
388	9.12048798948e-06
389	9.10057845943e-06
390	9.04599266631e-06
391	9.01017929734e-06
392	9.21712854797e-06
393	9.54601043553e-06
394	9.58560585638e-06
395	9.89195074585e-06
396	9.9140845567e-06
397	9.78002366914e-06
398	1.04891894549e-05
399	9.89737947013e-06
400	1.0288381522e-05
401	9.75705151681e-06
402	9.98107491853e-06
403	9.79912660584e-06
404	9.62132094129e-06
405	9.71677385498e-06
406	9.54256854705e-06
407	9.72423638524e-06
408	9.59057881297e-06
409	9.86026232593e-06
410	9.65047572341e-06
411	9.8450583558e-06
412	9.5818196578e-06
413	9.77217864727e-06
414	9.49743365449e-06
415	9.73733482426e-06
416	9.46759173278e-06
417	9.76647872038e-06
418	9.51298658043e-06
419	9.8564647251e-06
420	9.60542772372e-06
421	9.92069927179e-06
422	9.72474192915e-06
423	9.98849897487e-06
424	9.79865789964e-06
425	9.96602103212e-06
426	9.71407351286e-06
427	9.81899764468e-06
428	9.46432234044e-06
429	9.5914268122e-06
430	9.462405232e-06
431	9.59907689587e-06
432	9.24543035192e-06
433	9.32876226784e-06
434	8.96854591042e-06
435	9.02387992687e-06
436	9.13016040715e-06
437	8.93963692657e-06
438	8.75717507383e-06
439	8.65453293574e-06
440	8.58057316254e-06
441	8.37354295822e-06
442	8.49419104635e-06
443	8.10983088862e-06
444	8.48583491405e-06
445	7.94690483016e-06
446	8.43126540731e-06
447	7.88358566514e-06
448	8.5421099525e-06
449	7.89382252986e-06
450	8.27559709305e-06
451	1.25838001518e-05
452	9.90333939474e-06
453	1.15467986657e-05
454	1.1241562053e-05
455	1.10907933384e-05
456	7.63328671359e-06
457	1.22517511782e-05
458	8.55202009955e-06
459	1.15570969613e-05
460	8.15777841201e-06
461	9.62548454666e-06
462	1.2378645081e-05
463	9.24597879838e-06
464	7.40808265653e-06
465	9.24249010142e-06
466	8.2772566206e-06
467	1.0706900451e-05
468	8.87966775409e-06
469	8.90818111764e-06
470	1.14538937512e-05
471	1.24930566214e-05
472	5.98880900542e-06
473	1.17267889856e-05
474	1.0488673263e-05
475	1.2470832861e-05
476	1.15836204099e-05
477	1.13640862019e-05
478	1.23047467238e-05
479	1.19453272358e-05
480	1.26620559188e-05
481	6.95454193112e-06
482	9.56616286263e-06
483	8.02757793769e-06
484	1.07539533561e-05
485	9.53417427976e-06
486	1.15364323757e-05
487	1.16095318666e-05
488	8.8440557248e-06
489	7.8797255886e-06
490	8.65920406662e-06
491	9.82969873729e-06
492	7.51628495089e-06
493	9.89345905092e-06
494	1.06881496962e-05
495	1.12386990531e-05
496	1.20021257409e-05
497	1.07894051798e-05
498	1.08155919894e-05
499	1.1004516357e-05
500	1.19228037862e-05
501	1.03930692828e-05
502	6.04546187725e-06
503	1.14584861761e-05
504	9.02213558623e-06
505	1.09478179847e-05
506	9.29273858467e-06
507	8.98064533673e-06
508	1.21610723851e-05
509	8.11122859799e-06
510	8.80125405258e-06
511	1.20720989429e-05
512	6.10327570827e-06
513	9.7860063485e-06
514	1.1547991162e-05
515	1.05501885135e-05
516	9.88817224064e-06
517	8.9116009872e-06
518	9.46440872366e-06
519	9.89323750887e-06
520	6.70055624702e-06
521	1.05538429309e-05
522	1.07441344363e-05
523	8.99210427221e-06
524	8.65037934584e-06
525	7.64371876404e-06
526	7.82193590279e-06
527	1.1819996425e-05
528	8.86782376986e-06
529	8.52951803939e-06
530	8.15991366526e-06
531	7.49103671785e-06
532	6.81386533546e-06
533	7.38228773944e-06
534	7.34792721621e-06
535	7.33146979042e-06
536	7.40043072277e-06
537	7.3277156854e-06
538	7.23153788362e-06
539	7.20494366e-06
540	7.12200435302e-06
541	7.15009223153e-06
542	7.12115115078e-06
543	7.08957579085e-06
544	7.08901176769e-06
545	7.08106741852e-06
546	7.02387573508e-06
547	7.03145708116e-06
548	6.96247562077e-06
549	6.96524543582e-06
550	6.94879005529e-06
551	6.89191727725e-06
552	6.85582145267e-06
553	6.81117506629e-06
554	6.78444593458e-06
555	6.74398659811e-06
556	6.7178310455e-06
557	6.68190994714e-06
558	6.67033780727e-06
559	6.62956521136e-06
560	6.60912919881e-06
561	6.57752101426e-06
562	6.55028551708e-06
563	6.51913474812e-06
564	6.48903399326e-06
565	6.45675113676e-06
566	6.42518126079e-06
567	6.39253890691e-06
568	6.36187878792e-06
569	6.34039524928e-06
570	6.28771673267e-06
571	6.27614294662e-06
572	6.23529495297e-06
573	6.21153286177e-06
574	6.17690329287e-06
575	6.15192995707e-06
576	6.11718324698e-06
577	6.09431147954e-06
578	6.05701001704e-06
579	6.03514889304e-06
580	6.01453673677e-06
581	5.96938094118e-06
582	5.92849471545e-06
583	5.92519756777e-06
584	5.8939614512e-06
585	5.84700015228e-06
586	5.82745499326e-06
587	5.79628070655e-06
588	5.76670334173e-06
589	5.73744354704e-06
590	5.70818388018e-06
591	5.67860038131e-06
592	5.64979258762e-06
593	5.62075454942e-06
594	5.59186528871e-06
595	5.56304220515e-06
596	5.53443983796e-06
597	1.22998522104e-05
598	9.75250416949e-06
599	1.06711540725e-05
600	9.2504722212e-06
601	1.05241851427e-05
602	9.38284054885e-06
603	8.62108336842e-06
604	1.04846776613e-05
605	1.18294853277e-05
606	9.95125899224e-06
607	8.31124578102e-06
608	9.87542831744e-06
609	1.07451583992e-05
610	1.07719539252e-05
611	9.57575875944e-06
612	8.56206754762e-06
613	9.94018572359e-06
614	8.66412263334e-06
615	1.02719714098e-05
616	9.35572843269e-06
617	8.10245866382e-06
618	9.38196238571e-06
619	9.63813638299e-06
620	1.11328641269e-05
621	1.17517427929e-05
622	9.49088308636e-06
623	1.05392578272e-05
624	1.02688723507e-05
625	1.07933380925e-05
626	1.17392787302e-05
627	9.65956501539e-06
628	9.99911550343e-06
629	9.80797590794e-06
630	1.14753148692e-05
631	7.1220020434e-06
632	8.30719843918e-06
633	7.47604463419e-06
634	9.64582109638e-06
635	9.9551617064e-06
636	8.10549351921e-06
637	9.40464882205e-06
638	1.20558118387e-05
639	9.671551702e-06
640	7.5721644479e-06
641	7.13614549303e-06
642	8.33708191441e-06
643	7.03635022775e-06
644	9.58765632226e-06
645	1.06415394599e-05
646	8.20321332042e-06
647	1.10312051115e-05
648	9.05854404169e-06
649	8.33166399194e-06
650	9.71390403725e-06
651	1.20342952371e-05
652	7.69427164533e-06
653	9.74730679894e-06
654	8.48664033981e-06
655	7.68965421414e-06
656	9.29273452753e-06
657	1.12915063533e-05
658	7.34677640317e-06
659	9.22217487151e-06
660	6.76186795555e-06
661	7.64102305844e-06
662	6.93592670513e-06
663	9.24305265681e-06
664	6.8115124736e-06
665	1.21615966473e-05
666	8.79043375587e-06
667	6.74892649684e-06
668	1.03027899723e-05
669	6.59311006265e-06
670	1.15104592344e-05
671	8.16457687147e-06
672	5.43520376561e-06
673	1.19249419973e-05
674	1.01810566698e-05
675	7.1791337521e-06
676	1.01808397963e-05
677	1.16615096945e-05
678	1.0045177417e-05
679	1.13411830578e-05
680	9.61788710422e-06
681	8.45523661939e-06
682	8.4867405208e-06
683	1.12257290325e-05
684	1.08278170431e-05
685	1.17712311955e-05
686	1.09703256208e-05
687	9.1391171343e-06
688	9.13315645167e-06
689	1.20581347865e-05
690	1.12021178603e-05
691	1.15961501439e-05
692	9.95057088561e-06
693	8.76457471052e-06
694	7.75389501907e-06
695	6.10202102749e-06
696	6.95779482971e-06
697	6.77439237803e-06
698	9.61564433182e-06
699	8.14578962977e-06
700	1.11976023109e-05
701	1.20182946171e-05
702	6.42971214238e-06
703	5.26852719081e-06
704	1.15170559036e-05
705	1.12172864188e-05
706	1.14438707676e-05
707	1.10975335249e-05
708	1.05192622316e-05
709	9.68496552642e-06
710	9.44405969556e-06
711	9.10068722284e-06
712	9.5147179574e-06
713	9.56240572918e-06
714	1.01976538965e-05
715	1.02664203783e-05
716	1.07338788229e-05
717	1.04607428496e-05
718	1.07548125553e-05
719	1.02661721617e-05
720	1.06432991969e-05
721	1.01919905513e-05
722	1.06437030629e-05
723	1.02503185854e-05
724	1.06422264996e-05
725	1.02001206167e-05
726	1.05028614859e-05
727	1.00012505941e-05
728	1.0303477756e-05
729	9.8341218926e-06
730	1.01825788813e-05
731	9.78151600735e-06
732	1.01394529585e-05
733	9.76538862419e-06
734	1.00989154512e-05
735	9.71239320939e-06
736	1.00325928308e-05
737	9.64224559702e-06
738	9.97070686256e-06
739	9.59701694393e-06
740	9.92640422355e-06
741	9.56522742101e-06
742	9.87529177598e-06
743	9.51145225924e-06
744	9.79673417355e-06
745	9.42978143923e-06
746	9.70102861291e-06
747	9.34437134747e-06
748	9.60975856258e-06
749	9.27194655556e-06
750	9.52914428442e-06
751	9.20778498798e-06
752	9.45233406349e-06
753	9.14317258153e-06
754	9.37549576711e-06
755	9.07906288753e-06
756	9.30226220342e-06
757	9.02106936431e-06
758	9.23533858846e-06
759	8.96912409034e-06
760	9.17179526787e-06
761	8.91790658232e-06
762	9.10703193032e-06
763	8.86396336402e-06
764	9.0398265268e-06
765	8.80840727228e-06
766	8.97222579321e-06
767	8.75379297208e-06
768	8.90603767756e-06
769	8.70084288349e-06
770	8.84116853158e-06
771	8.64857706829e-06
772	8.7770736733e-06
773	8.59687023202e-06
774	8.71432385625e-06
775	8.54671808219e-06
776	8.65404349689e-06
777	8.49895290654e-06
778	8.59628243979e-06
779	8.45323437381e-06
780	8.54050420098e-06
781	8.40877333386e-06
782	8.48613356753e-06
783	8.36509214703e-06
784	8.43301621601e-06
785	8.32227617547e-06
786	8.38116859894e-06
787	8.28019584182e-06
788	8.33038094112e-06
789	8.23850579788e-06
790	8.28040275552e-06
791	8.19688514994e-06
792	8.23106375456e-06
793	8.15535654194e-06
794	8.18257719166e-06
795	8.11421212962e-06
796	8.13515384561e-06
797	8.07354237659e-06
798	8.08838219534e-06
799	8.03206564869e-06
800	8.04115252451e-06
801	7.98980310914e-06
802	7.99402675371e-06
803	7.94740040383e-06
804	7.94783922397e-06
805	7.90581005081e-06
806	7.90319329212e-06
807	7.86525195186e-06
808	7.8599160619e-06
809	7.82523196971e-06
810	7.81725454755e-06
811	7.7850942045e-06
812	7.77474705321e-06
813	7.74475037053e-06
814	7.7325552422e-06
815	7.70457585185e-06
816	7.690867876e-06
817	7.66439905572e-06
818	7.64932710926e-06
819	7.62404910168e-06
820	7.60781528444e-06
821	7.5834871636e-06
822	7.56633316646e-06
823	7.54289020919e-06
824	7.52516110484e-06
825	7.50255123245e-06
826	7.48440414259e-06
827	7.46244540117e-06
828	7.44390943673e-06
829	7.42240092581e-06
830	7.40350914577e-06
831	7.38236286382e-06
832	7.36325312206e-06
833	7.34249731178e-06
834	7.32334406313e-06
835	7.30296686167e-06
836	7.28379441424e-06
837	7.26367616447e-06
838	7.2444242927e-06
839	7.22444931832e-06
840	7.20511185978e-06
841	7.18525498555e-06
842	7.16589015838e-06
843	7.14615346347e-06
844	7.12679211042e-06
845	7.10718483821e-06
846	7.08787819416e-06
847	7.06842802806e-06
848	7.04918712958e-06
849	7.02984416049e-06
850	7.01066259495e-06
851	6.99141669278e-06
852	6.97229761421e-06
853	6.9531441009e-06
854	6.93411522434e-06
855	6.91508210839e-06
856	6.89613980056e-06
857	6.87722058143e-06
858	6.85838880501e-06
859	6.83959079149e-06
860	6.82086437338e-06
861	6.80217866493e-06
862	6.78354434237e-06
863	6.76493307897e-06
864	6.7463893605e-06
865	6.72786894714e-06
866	6.7093837945e-06
867	6.69092666822e-06
868	6.67251483977e-06
869	6.65415518341e-06
870	6.63586384101e-06
871	6.61764157525e-06
872	6.59948654519e-06
873	6.58140585982e-06
874	6.56336385482e-06
875	6.54536484951e-06
876	6.52740431837e-06
877	6.50949575553e-06
878	6.49165125777e-06
879	6.47386568785e-06
880	6.45614229314e-06
881	6.43848142604e-06
882	6.42088014932e-06
883	6.40333795175e-06
884	6.38584209322e-06
885	6.36838082399e-06
886	6.35095312121e-06
887	6.33356836336e-06
888	6.31623755351e-06
889	6.29896623138e-06
890	6.28176224328e-06
891	6.26461806749e-06
892	6.24752882388e-06
893	6.23048251831e-06
894	6.21347275438e-06
895	6.19649120883e-06
896	6.17953109738e-06
897	6.16260364407e-06
898	6.14573147885e-06
899	6.12892099394e-06
900	6.11207101472e-06
901	6.09520302084e-06
902	6.07839269176e-06
903	6.06167466107e-06
904	6.04507359084e-06
905	6.02859336123e-06
906	6.01226011899e-06
907	5.99608210465e-06
908	5.9800296496e-06
909	5.96403778766e-06
910	5.94805443886e-06
911	5.93203772027e-06
912	5.91598427234e-06
913	5.89988579541e-06
914	5.88377998455e-06
915	5.8677053488e-06
916	5.85170440988e-06
917	5.83580154675e-06
918	5.81484715678e-06
919	5.80598099176e-06
920	5.78368248414e-06
921	5.77053504406e-06
922	5.75388060522e-06
923	5.73887095932e-06
924	5.72213273661e-06
925	5.70637503193e-06
926	5.68996451085e-06
927	5.67441012333e-06
928	5.65886921785e-06
929	5.64400469838e-06
930	5.62920817252e-06
931	5.61461857473e-06
932	5.59984002238e-06
933	5.5849149619e-06
934	5.56972733763e-06
935	5.55442343015e-06
936	5.53907106036e-06
937	5.52382991919e-06
938	5.50875846842e-06
939	5.56508132978e-06
940	5.5062687239e-06
941	5.49521990949e-06
942	5.48849307005e-06
943	5.4410635697e-06
944	5.40335002375e-06
945	5.35481276243e-06
946	5.42850211101e-06
947	5.38051365039e-06
948	5.39034511275e-06
949	5.39226531933e-06
950	5.37842327788e-06
951	5.31867053709e-06
952	5.32719552371e-06
953	5.35212315021e-06
954	5.26644322408e-06
955	5.2449694496e-06
956	5.25625759656e-06
957	5.2626199449e-06
958	5.22951901929e-06
959	5.22500216509e-06
960	5.20679958665e-06
961	5.16934004137e-06
962	5.16310891844e-06
963	5.15299703817e-06
964	5.14799222406e-06
965	1.15257994e-05
966	1.19342156631e-05
