1	-0.000279621383787
2	0.410169856717
3	0.742106055905
4	1.14023019694
5	0.957896891641
6	0.956350451526
7	0.992291571061
8	1.12334850764
9	1.16603460056
10	1.21520583094
11	1.22847157328
12	1.23212732047
13	1.23130226865
14	1.22634097709
15	1.2201525013
16	1.21919854121
17	1.22042364856
18	1.22149993946
19	1.22427840033
20	1.22628022546
21	1.22661630701
22	1.22699491644
23	1.22722880384
24	1.22785501348
25	1.2272418396
26	1.22681777175
27	1.22645881263
28	1.22604857255
29	1.22560944869
30	1.22586270952
31	1.2258901325
32	1.22633771711
33	1.22656243566
34	1.22722313344
35	1.22773964575
36	1.22806572156
37	1.22820412356
38	1.22813666798
39	1.22809544423
40	1.22789438463
41	1.22784796992
42	1.22784314458
43	1.22786377479
44	1.22796913818
45	1.22802340354
46	1.22809852375
47	1.22814958169
48	1.22818769843
49	1.2282305935
50	1.22825866731
51	1.22830788102
52	1.22838664863
53	1.22851939744
54	1.22858506797
55	1.2286333961
56	1.22868351019
57	1.22872049082
58	1.2287562082
59	1.22877396384
60	1.22878625449
61	1.22880045947
62	1.22880915369
63	1.22883893416
64	1.22886892471
65	1.22890353476
66	1.22892753753
67	1.22895170298
68	1.22896585064
69	1.22896436774
70	1.22902593838
71	1.22904107043
72	1.22905645174
73	1.22907753052
74	1.22909997656
75	1.22911915147
76	1.22913125373
77	1.22914114185
78	1.22915036803
79	1.22916238484
80	1.22916738404
81	1.22917498625
82	1.2291813202
83	1.2291885974
84	1.22919671355
85	1.22920478822
86	1.22921314828
87	1.22921958441
88	1.22923088958
89	1.22922963955
90	1.22923560197
91	1.22923976441
92	1.22924388589
93	1.22924861498
94	1.22925300708
95	1.22925517513
96	1.22926082737
97	1.22926138536
98	1.22926171658
99	1.22926219575
100	1.22926460846
101	1.22926750399
102	1.22926876415
103	1.22927276211
104	1.22927446111
105	1.22927411577
106	1.22927406172
107	1.22927339651
108	1.22927352338
109	1.2292737145
110	1.22927605415
111	1.22928075584
112	1.22928531293
113	1.22928708451
114	1.22928662126
115	1.22928638686
116	1.22928554283
117	1.22928675037
118	1.22928920017
119	1.22929270232
120	1.22929454392
121	1.22929716099
122	1.22929944354
123	1.22929859048
124	1.22929838975
125	1.22929920395
126	1.2293014588
127	1.22930443942
128	1.22930519693
129	1.22930432312
130	1.22930304984
131	1.22930251358
132	1.22930192558
133	1.22930236859
134	1.22930346621
135	1.2293040982
136	1.22930373644
137	1.22930264671
138	1.22930107778
139	1.22930004101
140	1.22929939032
141	1.22929948955
142	1.22929951977
143	1.22930046548
144	1.22930002012
145	1.22929978266
146	1.22929896236
147	1.22929875533
148	1.22929826155
149	1.22929840341
150	1.22929908678
151	1.22929941581
152	1.22929967635
153	1.22929946783
154	1.22929913159
155	1.22929940822
156	1.22929964082
157	1.22929956713
158	1.22929926577
159	1.22929917831
160	1.22929934735
161	1.22929947537
162	1.22929966798
163	1.22929946635
164	1.22929919471
165	1.22929902197
166	1.22929928415
167	1.22929942717
168	1.22929920698
169	1.22929898436
170	1.22929883448
171	1.22929904275
172	1.22929907131
173	1.22929894032
174	1.22929880579
175	1.2292988082
176	1.22929881913
177	1.22929875992
178	1.22929897373
179	1.22929937926
180	1.22929980753
181	1.22930044955
182	1.22930097939
183	1.22930120574
184	1.22930153191
185	1.22930196168
186	1.22930239447
187	1.22930274116
188	1.2293032996
189	1.22930398383
190	1.22930450792
191	1.22930553158
192	1.22930594249
193	1.22930643585
194	1.22930735509
195	1.22930766917
196	1.22930835259
197	1.22930960339
198	1.22931009981
199	1.22931081436
200	1.2293111177
201	1.22931131516
202	1.22931153323
203	1.22931178873
204	1.22931211838
205	1.22931247247
206	1.22931284009
207	1.22931319838
208	1.2293135528
209	1.22931389801
210	1.22931423735
211	1.22931459642
212	1.22931492804
213	1.22931523474
214	1.22931551691
215	1.22931577165
216	1.22931599817
217	1.22931619872
218	1.22931637825
219	1.22931654367
220	1.2293167955
221	1.2293167984
222	1.22931699499
223	1.22931728164
224	1.22931738483
225	1.22931779531
226	1.229317987
227	1.22931846126
228	1.22931885022
229	1.22931925022
230	1.22931968308
231	1.2293202088
232	1.22932040436
233	1.22932082487
234	1.22932132543
235	1.22932145932
236	1.22932140879
237	1.22932187861
238	1.22932209178
239	1.22932253458
240	1.22932303168
241	1.2293232689
242	1.22932319803
243	1.22932332157
244	1.22932328738
245	1.22932341364
246	1.22932381681
247	1.22932401832
248	1.22932408854
249	1.22932416885
250	1.22932452411
251	1.22932495566
252	1.2293251459
253	1.22932553556
254	1.22932566992
255	1.22932629697
256	1.22932647804
257	1.22932677554
258	1.22932724347
259	1.22932735763
260	1.22932792133
261	1.22932833681
262	1.22932858765
263	1.22932902241
264	1.22932928485
265	1.22932973765
266	1.22933002877
267	1.22933046882
268	1.22933076293
269	1.22933119703
270	1.22933150033
271	1.22933192539
272	1.22933221763
273	1.22933263843
274	1.22933293424
275	1.22933334688
276	1.22933364357
277	1.22933404762
278	1.22933432608
279	1.22933472301
280	1.22933499369
281	1.2293353844
282	1.22933569197
283	1.22933589765
284	1.22933626855
285	1.22933657928
286	1.22933681501
287	1.22933716844
288	1.22933743234
289	1.22933767478
290	1.22933801564
291	1.22933809489
292	1.22933842307
293	1.2293387105
294	1.22933902608
295	1.22933934051
296	1.2293396616
297	1.22933996659
298	1.22934026614
299	1.22934055546
300	1.22934085161
301	1.22934113004
302	1.2293414215
303	1.22934168958
304	1.22934197494
305	1.22934224777
306	1.22934238728
307	1.2293427809
308	1.22934293964
309	1.22934318599
310	1.22934342993
311	1.2293437396
312	1.22934395151
313	1.22934416352
314	1.2293443989
315	1.22934462199
316	1.22934481826
317	1.22934504557
318	1.2293452316
319	1.22934542909
320	1.22934584081
321	1.22934605867
322	1.22934648615
323	1.22934669955
324	1.2293466482
325	1.22934668062
326	1.22934706618
327	1.22934730576
328	1.22934743047
329	1.22934761112
330	1.22934772546
331	1.22934790964
332	1.22934802151
333	1.22934819156
334	1.2293482981
335	1.22934845296
336	1.22934855279
337	1.22934869921
338	1.22934879516
339	1.2293489391
340	1.2293490105
341	1.2293490901
342	1.22934919584
343	1.22934930386
344	1.22934940877
345	1.22934949216
346	1.22934962183
347	1.22934971761
348	1.22934973846
349	1.22934986433
350	1.22934989971
351	1.2293500095
352	1.22935005765
353	1.22935005471
354	1.22935006749
355	1.22935017454
356	1.22935027151
357	1.22935032936
358	1.22935033226
359	1.2293504393
360	1.22935058416
361	1.22935064761
362	1.22935067454
363	1.22935068933
364	1.2293507308
365	1.22935077347
366	1.22935081512
367	1.22935090726
368	1.22935101557
369	1.22935095308
370	1.22935093093
371	1.22935095182
372	1.22935105564
373	1.22935117497
374	1.22935135589
375	1.22935165936
376	1.22935179097
377	1.22935190907
378	1.22935194375
379	1.22935208266
380	1.22935213164
381	1.22935225697
382	1.22935253025
383	1.22935252839
384	1.22935249146
385	1.22935244894
386	1.22935242061
387	1.2293524056
388	1.22935241399
389	1.22935242865
390	1.22935245516
391	1.22935245323
392	1.22935245189
393	1.22935245621
394	1.22935246605
395	1.22935246127
396	1.22935246585
397	1.2293524412
398	1.22935243287
399	1.22935240409
400	1.22935238285
401	1.22935236901
402	1.2293523342
403	1.22935231339
404	1.22935227592
405	1.22935224134
406	1.22935220313
407	1.22935216579
408	1.22935211748
409	1.22935208933
410	1.22935203326
411	1.22935198541
412	1.22935193285
413	1.22935187929
414	1.22935182287
415	1.22935176547
416	1.22935170659
417	1.22935164788
418	1.22935158844
419	1.22935153061
420	1.22935147226
421	1.22935142152
422	1.22935136461
423	1.22935130943
424	1.22935125784
425	1.22935120436
426	1.22935115415
427	1.2293511003
428	1.22935104858
429	1.22935097617
430	1.22935091928
431	1.22935086875
432	1.22935081469
433	1.22935076159
434	1.2293506942
435	1.22935062973
436	1.22935058939
437	1.22935053145
438	1.22935047434
439	1.22935041651
440	1.22935036104
441	1.22935030081
442	1.22935024944
443	1.22935018692
444	1.22935014044
445	1.22935007414
446	1.22935002296
447	1.22934995187
448	1.22934988947
449	1.22934981888
450	1.22934975736
451	1.22934999446
452	1.22934991793
453	1.22934990764
454	1.22935011803
455	1.22935030629
456	1.22935041235
457	1.22935026631
458	1.2293504251
459	1.22935059255
460	1.22935074464
461	1.229350718
462	1.22935090926
463	1.22935099885
464	1.22935108486
465	1.22935098398
466	1.22935092622
467	1.22935113413
468	1.22935102728
469	1.22935094559
470	1.22935117333
471	1.22935137307
472	1.22935146245
473	1.22935167073
474	1.22935160552
475	1.22935183673
476	1.2293520324
477	1.22935207452
478	1.22935231398
479	1.22935251849
480	1.22935285024
481	1.22935293573
482	1.22935309808
483	1.22935328687
484	1.22935361498
485	1.22935375695
486	1.2293538688
487	1.22935406083
488	1.22935398798
489	1.2293539199
490	1.22935408554
491	1.22935408845
492	1.22935400172
493	1.22935420586
494	1.22935441008
495	1.22935452066
496	1.22935474935
497	1.22935466236
498	1.2293549255
499	1.22935489663
500	1.22935514644
501	1.22935509045
502	1.22935517061
503	1.22935538447
504	1.22935532529
505	1.22935553066
506	1.22935565029
507	1.22935584355
508	1.22935599234
509	1.22935615334
510	1.22935638629
511	1.22935667369
512	1.2293567594
513	1.22935674672
514	1.22935664971
515	1.22935656831
516	1.22935649368
517	1.22935645967
518	1.22935659691
519	1.22935679001
520	1.22935690079
521	1.22935706087
522	1.22935720158
523	1.22935738663
524	1.22935755136
525	1.22935767248
526	1.22935771056
527	1.22935802928
528	1.22935791866
529	1.22935812011
530	1.22935823268
531	1.22935826067
532	1.22935834801
533	1.22935840879
534	1.22935847123
535	1.22935854993
536	1.22935862342
537	1.22935869667
538	1.22935877164
539	1.22935884854
540	1.22935893577
541	1.22935901992
542	1.22935910319
543	1.229359188
544	1.22935927132
545	1.22935935155
546	1.22935943049
547	1.22935950074
548	1.22935957388
549	1.22935964396
550	1.22935970875
551	1.22935977189
552	1.22935983365
553	1.22935989437
554	1.2293599553
555	1.22936001633
556	1.22936007998
557	1.22936014476
558	1.22936021005
559	1.22936027686
560	1.2293603446
561	1.22936041297
562	1.22936048179
563	1.22936055062
564	1.22936061922
565	1.22936068734
566	1.22936075481
567	1.22936082155
568	1.22936088729
569	1.22936095052
570	1.22936101593
571	1.22936107871
572	1.22936114275
573	1.22936120523
574	1.229361269
575	1.22936133153
576	1.22936139568
577	1.22936145855
578	1.2293615233
579	1.22936158686
580	1.22936164973
581	1.22936171359
582	1.22936178017
583	1.22936184391
584	1.22936190693
585	1.22936197135
586	1.22936203539
587	1.22936209932
588	1.22936216334
589	1.22936222726
590	1.22936229116
591	1.22936235509
592	1.22936241906
593	1.22936248309
594	1.22936254723
595	1.22936261153
596	1.22936267602
597	1.22936299165
598	1.22936323879
599	1.22936329717
600	1.22936348896
601	1.22936359593
602	1.22936379899
603	1.22936395554
604	1.22936402333
605	1.22936410559
606	1.22936431003
607	1.22936450269
608	1.22936463342
609	1.2293647307
610	1.2293649435
611	1.22936517708
612	1.22936531643
613	1.22936531779
614	1.229365476
615	1.22936570096
616	1.22936592465
617	1.22936607163
618	1.22936616867
619	1.22936625231
620	1.22936643358
621	1.22936664602
622	1.22936688798
623	1.22936702346
624	1.22936713029
625	1.22936731885
626	1.22936752609
627	1.22936776764
628	1.22936791372
629	1.22936801482
630	1.22936819218
631	1.22936836126
632	1.22936831763
633	1.22936841156
634	1.22936861785
635	1.22936883715
636	1.22936904583
637	1.22936914864
638	1.22936917727
639	1.22936934499
640	1.22936953317
641	1.22936965102
642	1.22936965983
643	1.22936979731
644	1.22936999605
645	1.22937017644
646	1.22937025982
647	1.22937047191
648	1.22937067279
649	1.22937074366
650	1.22937078932
651	1.22937094935
652	1.22937099819
653	1.22937118566
654	1.2293713617
655	1.22937140137
656	1.22937141862
657	1.22937157458
658	1.2293716173
659	1.22937179629
660	1.2293719599
661	1.22937200251
662	1.22937207239
663	1.22937219902
664	1.22937233252
665	1.22937254922
666	1.22937280017
667	1.22937291339
668	1.22937302923
669	1.22937315574
670	1.22937336253
671	1.2293735867
672	1.22937372673
673	1.22937379565
674	1.22937386912
675	1.22937397631
676	1.22937423004
677	1.22937431982
678	1.22937448267
679	1.22937458856
680	1.22937466586
681	1.22937477667
682	1.22937486788
683	1.22937498145
684	1.22937509377
685	1.22937522871
686	1.22937531521
687	1.22937554165
688	1.229375727
689	1.22937598854
690	1.2293761696
691	1.22937627854
692	1.22937631346
693	1.2293763608
694	1.22937642885
695	1.22937656976
696	1.22937672086
697	1.22937690452
698	1.22937697615
699	1.22937709147
700	1.22937731682
701	1.22937757702
702	1.22937775752
703	1.22937785683
704	1.22937814177
705	1.22937836198
706	1.22937851326
707	1.22937860912
708	1.22937868427
709	1.22937874747
710	1.22937881758
711	1.22937890405
712	1.22937901463
713	1.22937914544
714	1.2293792844
715	1.22937942403
716	1.22937955743
717	1.22937968583
718	1.22937981228
719	1.22937994173
720	1.22938007657
721	1.22938021645
722	1.22938036081
723	1.2293805036
724	1.22938064535
725	1.2293807818
726	1.2293809165
727	1.22938104834
728	1.22938118177
729	1.22938131565
730	1.22938145218
731	1.2293815888
732	1.22938172599
733	1.22938186149
734	1.22938199612
735	1.22938212913
736	1.22938226196
737	1.22938239451
738	1.22938252788
739	1.22938266134
740	1.22938279551
741	1.22938292896
742	1.22938306244
743	1.22938319454
744	1.22938332654
745	1.22938345727
746	1.22938358828
747	1.22938371836
748	1.22938384893
749	1.2293839786
750	1.2293841086
751	1.22938423754
752	1.22938436662
753	1.22938449464
754	1.22938462285
755	1.22938475023
756	1.22938487793
757	1.22938500497
758	1.22938513235
759	1.22938525908
760	1.22938538606
761	1.22938551232
762	1.22938563875
763	1.22938576446
764	1.22938589034
765	1.22938601555
766	1.22938614095
767	1.22938626573
768	1.22938639067
769	1.229386515
770	1.22938663945
771	1.22938676329
772	1.22938688724
773	1.22938701062
774	1.22938713412
775	1.22938725713
776	1.22938738027
777	1.22938750298
778	1.22938762582
779	1.22938774826
780	1.22938787082
781	1.22938799301
782	1.22938811531
783	1.22938823728
784	1.22938835937
785	1.22938848117
786	1.22938860307
787	1.22938872471
788	1.22938884644
789	1.22938896792
790	1.22938908947
791	1.22938921079
792	1.22938933217
793	1.22938945334
794	1.22938957456
795	1.2293896956
796	1.22938981667
797	1.22938993759
798	1.22939005851
799	1.22939017925
800	1.22939029996
801	1.2293904205
802	1.22939054099
803	1.22939066133
804	1.22939078165
805	1.22939090185
806	1.22939102203
807	1.22939114211
808	1.22939126216
809	1.22939138211
810	1.22939150202
811	1.22939162183
812	1.22939174158
813	1.22939186125
814	1.22939198086
815	1.2293921004
816	1.22939221988
817	1.22939233927
818	1.22939245859
819	1.22939257781
820	1.22939269695
821	1.229392816
822	1.22939293496
823	1.22939305384
824	1.22939317264
825	1.22939329136
826	1.22939341
827	1.22939352855
828	1.22939364702
829	1.22939376539
830	1.22939388368
831	1.22939400188
832	1.22939411999
833	1.22939423803
834	1.22939435598
835	1.22939447386
836	1.22939459166
837	1.22939470937
838	1.22939482701
839	1.22939494456
840	1.22939506202
841	1.22939517941
842	1.2293952967
843	1.22939541392
844	1.22939553105
845	1.2293956481
846	1.22939576506
847	1.22939588195
848	1.22939599875
849	1.22939611546
850	1.2293962321
851	1.22939634865
852	1.22939646512
853	1.2293965815
854	1.22939669781
855	1.22939681404
856	1.22939693019
857	1.22939704626
858	1.22939716226
859	1.22939727818
860	1.22939739403
861	1.2293975098
862	1.22939762549
863	1.22939774111
864	1.22939785666
865	1.22939797212
866	1.22939808751
867	1.22939820283
868	1.22939831807
869	1.22939843324
870	1.22939854833
871	1.22939866335
872	1.2293987783
873	1.22939889318
874	1.22939900799
875	1.22939912273
876	1.22939923739
877	1.22939935199
878	1.22939946651
879	1.22939958097
880	1.22939969536
881	1.22939980969
882	1.22939992395
883	1.22940003815
884	1.22940015228
885	1.22940026634
886	1.22940038034
887	1.22940049427
888	1.22940060814
889	1.22940072195
890	1.2294008357
891	1.22940094938
892	1.22940106301
893	1.22940117658
894	1.22940129009
895	1.22940140353
896	1.22940151691
897	1.22940163023
898	1.22940174349
899	1.22940185669
900	1.22940196984
901	1.22940208291
902	1.22940219592
903	1.22940230887
904	1.22940242176
905	1.22940253459
906	1.22940264738
907	1.22940276013
908	1.22940287283
909	1.22940298549
910	1.2294030981
911	1.22940321065
912	1.22940332314
913	1.22940343557
914	1.22940354794
915	1.22940366026
916	1.22940377253
917	1.22940388475
918	1.22940399691
919	1.22940410897
920	1.22940422101
921	1.2294043329
922	1.22940444471
923	1.22940455641
924	1.22940466802
925	1.22940477954
926	1.22940489101
927	1.22940500245
928	1.22940511389
929	1.22940522531
930	1.22940533672
931	1.22940544809
932	1.2294055594
933	1.22940567062
934	1.22940578176
935	1.22940589282
936	1.22940600381
937	1.22940611474
938	1.22940622563
939	1.22940633715
940	1.22940644979
941	1.22940655986
942	1.22940666873
943	1.22940677538
944	1.22940688191
945	1.22940698852
946	1.22940709822
947	1.22940721182
948	1.22940732567
949	1.22940743694
950	1.2294075461
951	1.22940765154
952	1.2294077583
953	1.22940786403
954	1.22940797403
955	1.22940808367
956	1.22940819362
957	1.22940830566
958	1.22940841585
959	1.22940852721
960	1.2294086406
961	1.22940875151
962	1.22940886378
963	1.22940897657
964	1.22940908945
965	1.22940917752
966	1.22940924276
