1	0.12
2	0.18
3	0.25
4	0.33
5	0.4
6	0.47
7	0.52
8	0.59
9	0.68
10	0.73
11	0.8
12	0.87
13	0.95
14	1
15	1.08
16	1.13
17	1.19
18	1.27
19	1.33
20	1.38
21	1.45
22	1.51
23	1.58
24	1.64
25	1.72
26	1.77
27	1.83
28	1.91
29	1.97
30	2.02
31	2.08
32	2.14
33	2.22
34	2.28
35	2.35
36	2.4
37	2.48
38	2.53
39	2.61
40	2.66
41	2.72
42	2.79
43	2.86
44	2.92
45	3
46	3.05
47	3.13
48	3.19
49	3.23
50	3.29
51	3.35
52	3.43
53	3.48
54	3.54
55	3.62
56	3.67
57	3.75
58	3.81
59	3.87
60	3.93
61	3.99
62	4.06
63	4.12
64	4.19
65	4.25
66	4.32
67	4.38
68	4.45
69	4.51
70	4.57
71	4.64
72	4.7
73	4.77
74	4.84
75	4.91
76	4.97
77	5.04
78	5.12
79	5.18
80	5.25
81	5.32
82	5.39
83	5.44
84	5.51
85	5.58
86	5.65
87	5.71
88	5.77
89	5.83
90	5.91
91	5.97
92	6.04
93	6.11
94	6.19
95	6.24
96	6.32
97	6.38
98	6.45
99	6.51
100	6.58
101	6.67
102	6.73
103	6.79
104	6.87
105	6.92
106	7
107	7.06
108	7.12
109	7.18
110	7.25
111	7.32
112	7.37
113	7.45
114	7.5
115	7.58
116	7.65
117	7.71
118	7.78
119	7.85
120	7.92
121	7.97
122	8.05
123	8.1
124	8.16
125	8.24
126	8.31
127	8.39
128	8.45
129	8.51
130	8.58
131	8.66
132	8.71
133	8.79
134	8.84
135	8.92
136	8.97
137	9.04
138	9.1
139	9.17
140	9.24
141	9.32
142	9.38
143	9.45
144	9.52
145	9.59
146	9.67
147	9.72
148	9.79
149	9.85
150	9.91
151	9.98
152	10.04
153	10.11
154	10.18
155	10.25
156	10.31
157	10.38
158	10.46
159	10.51
160	10.58
161	10.66
162	10.73
163	10.81
164	10.87
165	10.94
166	11
167	11.06
168	11.12
169	11.18
170	11.26
171	11.32
172	11.38
173	11.45
174	11.51
175	11.58
176	11.65
177	11.72
178	11.79
179	11.87
180	11.93
181	11.99
182	12.04
183	12.11
184	12.17
185	12.24
186	12.3
187	12.37
188	12.43
189	12.5
190	12.57
191	12.63
192	12.7
193	12.78
194	12.84
195	12.91
196	12.97
197	13.04
198	13.11
199	13.16
200	13.23
201	13.34
202	13.39
203	13.46
204	13.53
205	13.59
206	13.66
207	13.72
208	13.79
209	13.85
210	13.92
211	13.99
212	14.07
213	14.12
214	14.2
215	14.25
216	14.33
217	14.38
218	14.47
219	14.53
220	14.6
221	14.67
222	14.74
223	14.81
224	14.88
225	14.95
226	15.02
227	15.09
228	15.16
229	15.24
230	15.31
231	15.38
232	15.45
233	15.52
234	15.59
235	15.65
236	15.71
237	15.76
238	15.82
239	15.9
240	15.96
241	16.02
242	16.09
243	16.15
244	16.21
245	16.26
246	16.32
247	16.39
248	16.47
249	16.52
250	16.59
251	16.66
252	16.72
253	16.79
254	16.86
255	16.94
256	17.01
257	17.07
258	17.13
259	17.21
260	17.26
261	17.33
262	17.4
263	17.47
264	17.55
265	17.62
266	17.67
267	17.74
268	17.8
269	17.87
270	17.94
271	18.01
272	18.07
273	18.14
274	18.21
275	18.28
276	18.35
277	18.43
278	18.5
279	18.57
280	18.63
281	18.7
282	18.76
283	18.82
284	18.9
285	18.96
286	19.01
287	19.07
288	19.13
289	19.19
290	19.26
291	19.34
292	19.41
293	19.47
294	19.54
295	19.62
296	19.67
297	19.74
298	19.81
299	19.88
300	19.96
301	20.06
302	20.11
303	20.18
304	20.26
305	20.31
306	20.37
307	20.45
308	20.5
309	20.57
310	20.64
311	20.71
312	20.79
313	20.84
314	20.91
315	20.98
316	21.05
317	21.12
318	21.19
319	21.27
320	21.32
321	21.39
322	21.45
323	21.52
324	21.59
325	21.66
326	21.73
327	21.8
328	21.87
329	21.95
330	22.01
331	22.08
332	22.15
333	22.21
334	22.27
335	22.35
336	22.41
337	22.47
338	22.54
339	22.61
340	22.67
341	22.74
342	22.81
343	22.89
344	22.94
345	23.01
346	23.08
347	23.16
348	23.21
349	23.28
350	23.35
351	23.42
352	23.5
353	23.56
354	23.62
355	23.7
356	23.75
357	23.82
358	23.89
359	23.96
360	24.03
361	24.1
362	24.17
363	24.24
364	24.31
365	24.39
366	24.44
367	24.51
368	24.58
369	24.64
370	24.71
371	24.79
372	24.84
373	24.91
374	24.99
375	25.04
376	25.11
377	25.19
378	25.24
379	25.31
380	25.39
381	25.45
382	25.52
383	25.6
384	25.65
385	25.72
386	25.8
387	25.85
388	25.92
389	25.99
390	26.06
391	26.14
392	26.21
393	26.27
394	26.34
395	26.41
396	26.46
397	26.52
398	26.58
399	26.64
400	26.7
401	26.79
402	26.85
403	26.91
404	26.99
405	27.04
406	27.12
407	27.17
408	27.25
409	27.3
410	27.37
411	27.45
412	27.5
413	27.58
414	27.63
415	27.71
416	27.77
417	27.84
418	27.9
419	27.95
420	28.01
421	28.07
422	28.14
423	28.2
424	28.28
425	28.33
426	28.41
427	28.47
428	28.53
429	28.59
430	28.65
431	28.71
432	28.77
433	28.83
434	28.89
435	28.95
436	29.01
437	29.09
438	29.15
439	29.21
440	29.27
441	29.33
442	29.38
443	29.44
444	29.5
445	29.56
446	29.62
447	29.69
448	29.75
449	29.83
450	29.88
451	29.94
452	30.02
453	30.07
454	30.13
455	30.2
456	30.26
457	30.32
458	30.39
459	30.46
460	30.52
461	30.59
462	30.67
463	30.72
464	30.78
465	30.84
466	30.9
467	30.96
468	31.02
469	31.08
470	31.16
471	31.22
472	31.27
473	31.35
474	31.41
475	31.48
476	31.54
477	31.59
478	31.65
479	31.72
480	31.78
481	31.85
482	31.91
483	31.98
484	32.04
485	32.12
486	32.17
487	32.23
488	32.3
489	32.36
490	32.43
491	32.49
492	32.56
493	32.62
494	32.69
495	32.75
496	32.81
497	32.87
498	32.95
499	33
500	33.08
501	33.16
502	33.24
503	33.3
504	33.36
505	33.42
506	33.49
507	33.55
508	33.62
509	33.69
510	33.75
511	33.81
512	33.88
513	33.94
514	34.01
515	34.07
516	34.14
517	34.2
518	34.26
519	34.34
520	34.4
521	34.47
522	34.53
523	34.6
524	34.66
525	34.73
526	34.78
527	34.86
528	34.9
529	34.96
530	35.04
531	35.09
532	35.15
533	35.22
534	35.28
535	35.36
536	35.42
537	35.49
538	35.56
539	35.61
540	35.68
541	35.76
542	35.81
543	35.89
544	35.94
545	36.01
546	36.09
547	36.15
548	36.22
549	36.27
550	36.35
551	36.41
552	36.48
553	36.54
554	36.6
555	36.66
556	36.73
557	36.79
558	36.86
559	36.92
560	36.99
561	37.07
562	37.12
563	37.18
564	37.25
565	37.32
566	37.38
567	37.45
568	37.53
569	37.58
570	37.65
571	37.73
572	37.78
573	37.84
574	37.91
575	37.97
576	38.03
577	38.11
578	38.16
579	38.24
580	38.29
581	38.35
582	38.42
583	38.48
584	38.56
585	38.61
586	38.67
587	38.74
588	38.8
589	38.88
590	38.94
591	39
592	39.06
593	39.12
594	39.19
595	39.25
596	39.32
597	39.38
598	39.44
599	39.51
600	39.58
601	39.67
602	39.74
603	39.8
604	39.88
605	39.93
606	40.01
607	40.07
608	40.12
609	40.19
610	40.25
611	40.31
612	40.38
613	40.45
614	40.51
615	40.59
616	40.65
617	40.71
618	40.77
619	40.83
620	40.91
621	40.97
622	41.02
623	41.08
624	41.15
625	41.21
626	41.27
627	41.33
628	41.39
629	41.45
630	41.53
631	41.58
632	41.64
633	41.72
634	41.77
635	41.83
636	41.9
637	41.96
638	42.03
639	42.09
640	42.16
641	42.24
642	42.3
643	42.36
644	42.42
645	42.49
646	42.55
647	42.63
648	42.69
649	42.75
650	42.81
651	42.86
652	42.92
653	42.98
654	43.04
655	43.1
656	43.18
657	43.24
658	43.29
659	43.37
660	43.42
661	43.48
662	43.55
663	43.61
664	43.68
665	43.74
666	43.8
667	43.88
668	43.94
669	44
670	44.06
671	44.13
672	44.19
673	44.24
674	44.31
675	44.38
676	44.44
677	44.51
678	44.59
679	44.64
680	44.71
681	44.79
682	44.84
683	44.92
684	44.98
685	45.05
686	45.1
687	45.16
688	45.22
689	45.28
690	45.34
691	45.4
692	45.48
693	45.54
694	45.61
695	45.66
696	45.72
697	45.8
698	45.86
699	45.92
700	45.98
701	46.06
702	46.12
703	46.2
704	46.26
705	46.31
706	46.37
707	46.43
708	46.49
709	46.55
710	46.61
711	46.69
712	46.75
713	46.8
714	46.86
715	46.92
716	46.98
717	47.04
718	47.1
719	47.18
720	47.24
721	47.29
722	47.36
723	47.42
724	47.48
725	47.54
726	47.6
727	47.65
728	47.71
729	47.77
730	47.83
731	47.89
732	47.96
733	48.03
734	48.1
735	48.17
736	48.24
737	48.3
738	48.36
739	48.44
740	48.5
741	48.54
742	48.6
743	48.68
744	48.73
745	48.79
746	48.87
747	48.92
748	48.98
749	49.04
750	49.1
751	49.16
752	49.22
753	49.28
754	49.34
755	49.41
756	49.47
757	49.54
758	49.6
759	49.68
760	49.74
761	49.8
762	49.86
763	49.91
764	49.97
765	50.03
766	50.09
767	50.15
768	50.21
769	50.28
770	50.34
771	50.41
772	50.47
773	50.54
774	50.6
775	50.66
776	50.74
777	50.79
778	50.85
779	50.92
780	51
781	51.05
782	51.11
783	51.19
784	51.24
785	51.3
786	51.37
787	51.43
788	51.51
789	51.56
790	51.63
791	51.69
792	51.77
793	51.83
794	51.89
795	51.95
796	52.01
797	52.07
798	52.13
799	52.19
800	52.25
801	52.34
802	52.42
803	52.48
804	52.55
805	52.61
806	52.66
807	52.74
808	52.81
809	52.87
810	52.93
811	53.01
812	53.07
813	53.12
814	53.18
815	53.24
816	53.32
817	53.37
818	53.43
819	53.49
820	53.57
821	53.62
822	53.68
823	53.74
824	53.8
825	53.86
826	53.94
827	54
828	54.06
829	54.12
830	54.18
831	54.23
832	54.29
833	54.37
834	54.42
835	54.48
836	54.54
837	54.62
838	54.68
839	54.74
840	54.8
841	54.86
842	54.92
843	54.98
844	55.04
845	55.1
846	55.18
847	55.23
848	55.29
849	55.35
850	55.43
851	55.48
852	55.54
853	55.61
854	55.68
855	55.74
856	55.82
857	55.88
858	55.93
859	55.99
860	56.05
861	56.11
862	56.19
863	56.24
864	56.3
865	56.36
866	56.42
867	56.48
868	56.54
869	56.62
870	56.66
871	56.72
872	56.78
873	56.84
874	56.9
875	56.96
876	57.02
877	57.08
878	57.14
879	57.2
880	57.26
881	57.32
882	57.38
883	57.44
884	57.52
885	57.58
886	57.63
887	57.71
888	57.77
889	57.82
890	57.88
891	57.94
892	58.02
893	58.08
894	58.14
895	58.2
896	58.26
897	58.32
898	58.37
899	58.43
900	58.49
901	58.59
902	58.65
903	58.71
904	58.77
905	58.85
906	58.91
907	58.97
908	59.04
909	59.1
910	59.16
911	59.22
912	59.29
913	59.36
914	59.43
915	59.49
916	59.57
917	59.62
918	59.68
919	59.76
920	59.81
921	59.87
922	59.93
923	59.99
924	60.06
925	60.12
926	60.2
927	60.26
928	60.33
929	60.39
930	60.45
931	60.5
932	60.58
933	60.64
934	60.71
935	60.79
936	60.86
937	60.93
938	61
939	61.06
940	61.13
941	61.19
942	61.25
943	61.34
944	61.43
945	61.53
946	61.59
947	61.65
948	61.72
949	61.77
950	61.84
951	61.9
952	61.97
953	62.04
954	62.12
955	62.17
956	62.23
957	62.3
958	62.36
959	62.42
960	62.5
961	62.55
962	62.61
963	62.69
964	62.74
965	62.82
966	62.89
