1	32
2	11
3	14
4	8
5	7
6	15
7	8
8	6
9	6
10	6
11	8
12	8
13	6
14	6
15	6
16	8
17	6
18	6
19	5
20	6
21	6
22	6
23	6
24	5
25	5
26	5
27	5
28	5
29	5
30	4
31	5
32	5
33	5
34	5
35	5
36	5
37	4
38	5
39	4
40	4
41	4
42	5
43	5
44	5
45	5
46	5
47	5
48	5
49	4
50	5
51	4
52	5
53	5
54	5
55	5
56	5
57	5
58	5
59	5
60	5
61	5
62	5
63	5
64	5
65	5
66	5
67	5
68	5
69	5
70	4
71	5
72	5
73	6
74	6
75	6
76	6
77	5
78	4
79	4
80	6
81	5
82	6
83	6
84	6
85	6
86	6
87	6
88	4
89	6
90	6
91	6
92	6
93	6
94	6
95	6
96	6
97	6
98	6
99	6
100	6
101	6
102	6
103	6
104	6
105	6
106	6
107	6
108	6
109	6
110	6
111	6
112	6
113	6
114	6
115	6
116	6
117	6
118	6
119	6
120	8
121	6
122	6
123	6
124	6
125	6
126	6
127	6
128	8
129	6
130	6
131	6
132	6
133	6
134	6
135	6
136	6
137	6
138	6
139	6
140	6
141	6
142	6
143	6
144	6
145	6
146	6
147	6
148	6
149	6
150	6
151	6
152	6
153	6
154	6
155	6
156	6
157	6
158	6
159	6
160	6
161	6
162	6
163	6
164	6
165	6
166	6
167	6
168	6
169	6
170	6
171	6
172	6
173	6
174	6
175	6
176	6
177	6
178	6
179	6
180	6
181	8
182	6
183	8
184	8
185	8
186	8
187	8
188	8
189	8
190	8
191	7
192	10
193	10
194	7
195	10
196	8
197	7
198	9
199	7
200	7
201	7
202	7
203	7
204	7
205	7
206	7
207	7
208	7
209	7
210	7
211	7
212	7
213	7
214	7
215	7
216	7
217	7
218	7
219	7
220	9
221	7
222	7
223	9
224	7
225	9
226	7
227	9
228	9
229	7
230	7
231	9
232	7
233	7
234	9
235	7
236	9
237	9
238	7
239	7
240	9
241	7
242	9
243	7
244	9
245	7
246	7
247	10
248	9
249	7
250	7
251	9
252	7
253	7
254	10
255	7
256	10
257	7
258	7
259	9
260	7
261	9
262	7
263	9
264	7
265	9
266	7
267	9
268	7
269	9
270	7
271	9
272	7
273	9
274	7
275	9
276	7
277	9
278	7
279	9
280	7
281	9
282	9
283	7
284	9
285	9
286	7
287	9
288	9
289	7
290	9
291	9
292	7
293	9
294	7
295	9
296	7
297	9
298	7
299	9
300	7
301	9
302	7
303	9
304	7
305	9
306	9
307	7
308	9
309	9
310	7
311	9
312	9
313	9
314	9
315	9
316	9
317	9
318	9
319	9
320	7
321	9
322	7
323	9
324	9
325	9
326	7
327	9
328	9
329	9
330	9
331	9
332	9
333	9
334	9
335	9
336	9
337	9
338	9
339	9
340	7
341	10
342	9
343	9
344	7
345	9
346	9
347	9
348	7
349	9
350	7
351	9
352	7
353	7
354	7
355	9
356	7
357	7
358	7
359	9
360	7
361	7
362	7
363	7
364	7
365	7
366	7
367	10
368	7
369	7
370	7
371	7
372	9
373	7
374	9
375	7
376	8
377	8
378	9
379	8
380	9
381	8
382	7
383	7
384	7
385	7
386	7
387	7
388	7
389	7
390	7
391	7
392	7
393	7
394	7
395	7
396	7
397	7
398	7
399	7
400	7
401	7
402	7
403	7
404	7
405	7
406	7
407	7
408	7
409	7
410	7
411	7
412	7
413	7
414	7
415	7
416	7
417	7
418	7
419	7
420	7
421	7
422	7
423	7
424	7
425	7
426	7
427	7
428	7
429	7
430	7
431	7
432	7
433	7
434	7
435	7
436	7
437	7
438	7
439	7
440	7
441	7
442	7
443	7
444	7
445	7
446	7
447	7
448	7
449	7
450	7
451	5
452	8
453	7
454	5
455	10
456	8
457	5
458	7
459	7
460	9
461	7
462	5
463	9
464	7
465	7
466	7
467	5
468	8
469	7
470	5
471	6
472	9
473	5
474	7
475	5
476	6
477	6
478	5
479	8
480	5
481	8
482	5
483	7
484	6
485	6
486	6
487	5
488	7
489	7
490	5
491	7
492	7
493	5
494	6
495	6
496	5
497	6
498	5
499	6
500	5
501	6
502	7
503	5
504	6
505	5
506	10
507	7
508	9
509	8
510	6
511	5
512	8
513	5
514	5
515	5
516	5
517	5
518	5
519	5
520	7
521	5
522	5
523	6
524	6
525	6
526	6
527	6
528	5
529	5
530	6
531	6
532	6
533	6
534	6
535	6
536	6
537	6
538	6
539	6
540	6
541	6
542	6
543	6
544	6
545	6
546	6
547	6
548	6
549	6
550	6
551	6
552	6
553	6
554	6
555	6
556	6
557	6
558	6
559	6
560	6
561	6
562	6
563	6
564	6
565	6
566	6
567	6
568	6
569	6
570	6
571	6
572	6
573	6
574	6
575	6
576	6
577	6
578	6
579	6
580	6
581	6
582	6
583	6
584	6
585	6
586	6
587	6
588	6
589	6
590	6
591	6
592	6
593	6
594	6
595	6
596	6
597	4
598	4
599	4
600	6
601	5
602	4
603	4
604	4
605	5
606	4
607	4
608	4
609	5
610	4
611	4
612	4
613	4
614	5
615	4
616	4
617	4
618	4
619	5
620	4
621	4
622	4
623	4
624	5
625	4
626	4
627	4
628	4
629	5
630	4
631	5
632	4
633	5
634	4
635	4
636	4
637	4
638	5
639	4
640	4
641	4
642	4
643	5
644	4
645	3
646	4
647	4
648	4
649	4
650	5
651	3
652	4
653	4
654	4
655	4
656	5
657	3
658	4
659	4
660	4
661	4
662	5
663	3
664	4
665	2
666	4
667	5
668	3
669	4
670	2
671	4
672	5
673	3
674	10
675	9
676	6
677	9
678	8
679	8
680	8
681	10
682	8
683	6
684	6
685	5
686	4
687	3
688	3
689	3
690	3
691	3
692	3
693	3
694	3
695	3
696	3
697	3
698	3
699	3
700	2
701	2
702	4
703	4
704	2
705	2
706	2
707	2
708	2
709	2
710	2
711	2
712	2
713	2
714	2
715	2
716	2
717	2
718	2
719	2
720	2
721	2
722	2
723	2
724	2
725	2
726	2
727	2
728	2
729	2
730	2
731	2
732	2
733	2
734	2
735	2
736	2
737	2
738	2
739	2
740	2
741	2
742	2
743	2
744	2
745	2
746	2
747	2
748	2
749	2
750	2
751	2
752	2
753	2
754	2
755	2
756	2
757	2
758	2
759	2
760	2
761	2
762	2
763	2
764	2
765	2
766	2
767	2
768	2
769	2
770	2
771	2
772	2
773	2
774	2
775	2
776	2
777	2
778	2
779	2
780	2
781	2
782	2
783	2
784	2
785	2
786	2
787	2
788	2
789	2
790	2
791	2
792	2
793	2
794	2
795	2
796	2
797	2
798	2
799	2
800	2
801	2
802	2
803	2
804	2
805	2
806	2
807	2
808	2
809	2
810	2
811	2
812	2
813	2
814	2
815	2
816	2
817	2
818	2
819	2
820	2
821	2
822	2
823	2
824	2
825	2
826	2
827	2
828	2
829	2
830	2
831	2
832	2
833	2
834	2
835	2
836	2
837	2
838	2
839	2
840	2
841	2
842	2
843	2
844	2
845	2
846	2
847	2
848	2
849	2
850	2
851	2
852	2
853	2
854	2
855	2
856	2
857	2
858	2
859	2
860	2
861	2
862	2
863	2
864	2
865	2
866	2
867	2
868	2
869	2
870	2
871	2
872	2
873	2
874	2
875	2
876	2
877	2
878	2
879	2
880	2
881	2
882	2
883	2
884	2
885	2
886	2
887	2
888	2
889	2
890	2
891	2
892	2
893	2
894	2
895	2
896	2
897	2
898	2
899	2
900	2
901	2
902	2
903	2
904	2
905	2
906	2
907	2
908	2
909	2
910	2
911	2
912	2
913	2
914	2
915	2
916	2
917	2
918	2
919	2
920	2
921	2
922	2
923	2
924	2
925	2
926	2
927	2
928	2
929	2
930	2
931	2
932	2
933	2
934	2
935	2
936	2
937	2
938	2
939	2
940	2
941	2
942	2
943	2
944	2
945	2
946	2
947	2
948	2
949	2
950	2
951	2
952	2
953	2
954	2
955	2
956	2
957	2
958	2
959	2
960	2
961	2
962	2
963	2
964	2
965	10
966	8
