1	0.837638448123
2	0.476942993302
3	0.580679444822
4	0.0266992260083
5	0.00723501624575
6	0.004290306629
7	0.00434431585078
8	0.0041217468382
9	0.00318048709801
10	0.00229410649145
11	0.00166049174507
12	0.00130832974858
13	0.00110530679502
14	0.00106144978625
15	0.00102305981621
16	0.00101781204026
17	0.000966999535119
18	0.000867358264859
19	0.000772907674422
20	0.000693639527451
21	0.000635745799003
22	0.000597690826645
23	0.000571622508488
24	0.000555875458242
25	0.000542486404121
26	0.000526349419099
27	0.000506684575012
28	0.00048443392121
29	0.000461431186841
30	0.00044034328044
31	0.000423011700958
32	0.000408154692709
33	0.000396341887291
34	0.000386499413683
35	0.000377473875053
36	0.000367232751435
37	0.000357481932325
38	0.000348264196802
39	0.000340268842578
40	0.000331450765135
41	0.00032236989208
42	0.000315098784027
43	0.000309094262169
44	0.000303994335642
45	0.000298823251106
46	0.00029346743078
47	0.000288645752679
48	0.000284053937337
49	0.000279593693359
50	0.000275965854485
51	0.00027188511612
52	0.000269069483728
53	0.000267662475442
54	0.000263291179475
55	0.000259982344587
56	0.000255001347873
57	0.000250504652577
58	0.000246864545787
59	0.000243338999003
60	0.00024005924354
61	0.000238075727194
62	0.000236423338815
63	0.000234033820877
64	0.000233099372559
65	0.000231855298216
66	0.000230026486184
67	0.000229111825582
68	0.000224956716916
69	0.000222863398524
70	0.000219895222523
71	0.000217167770271
72	0.000217444674647
73	0.000218452750776
74	0.000218186975824
75	0.000216187976908
76	0.000213559416063
77	0.000215468460944
78	0.000214101793627
79	0.000215290335895
80	0.000211762692752
81	0.000209249943042
82	0.000207707549279
83	0.000206033813169
84	0.000206753004626
85	0.000207450419592
86	0.0002048512557
87	0.000200276549239
88	0.000199386945048
89	0.000199117082953
90	0.00019903909551
91	0.000198706713484
92	0.000198644039603
93	0.000193841003038
94	0.00019363586039
95	0.000194008463145
96	0.000195507172122
97	0.000193976130874
98	0.000189315530298
99	0.000189105798848
100	0.000185435586669
101	0.000185762850936
102	0.000188365045572
103	0.000191460226939
104	0.000185507954282
105	0.000186314556921
106	0.000187943750791
107	0.000188414691789
108	0.000188252083231
109	0.000179037763849
110	0.000176207354538
111	0.000177077043458
112	0.000180337651637
113	0.000179430860367
114	0.000182109411782
115	0.000179966962663
116	0.000183771620596
117	0.000182812639756
118	0.000182259748505
119	0.000169775385633
120	0.000171946244766
121	0.000175128351596
122	0.000176030576937
123	0.000176151447776
124	0.000179568877101
125	0.000179781369541
126	0.00017782838827
127	0.000178372811676
128	0.000168074055965
129	0.000172940453698
130	0.00017808593855
131	0.000173495103907
132	0.00017221389825
133	0.00017731926531
134	0.00018049488978
135	0.000177660076753
136	0.000180429324372
137	0.000172521422673
138	0.000173220082462
139	0.000173543817262
140	0.000176849678403
141	0.000183507187553
142	0.000177767632114
143	0.000189631169209
144	0.000176689909764
145	0.00017718499506
146	0.000185464981533
147	0.000177054108581
148	0.000182548299812
149	0.000188697650736
150	0.000193518478668
151	0.000184761848936
152	0.000192255082608
153	0.000187307326748
154	0.000190166878296
155	0.000195259700613
156	0.000200970063915
157	0.000191981986362
158	0.000196008070431
159	0.000209571706344
160	0.000216688586462
161	0.000213251149264
162	0.000226215283224
163	0.00022487737901
164	0.000239165577629
165	0.000264702543769
166	0.000263600295093
167	0.000249353056352
168	0.000242653674984
169	0.000255149132385
170	0.000258310149344
171	0.000261512719327
172	0.000260089009719
173	0.000263434153555
174	0.000260965838748
175	0.000267533701652
176	0.00027516351785
177	0.00027550536978
178	0.000244577683351
179	0.000240280239874
180	0.000267020070026
181	0.00026257727403
182	0.000259630190318
183	0.000239157681248
184	0.000241966390152
185	0.000243749644102
186	0.000253633523623
187	0.000276165687078
188	0.000301941460757
189	0.000296306483457
190	0.000251668891305
191	0.000167393821432
192	0.000153902987808
193	0.00015515665047
194	0.000156257437484
195	0.000160594621758
196	0.000182785188406
197	0.000166956512523
198	0.000170757231617
199	0.000167891733977
200	0.000180508260923
201	0.000167231237605
202	0.000163734076684
203	0.000166411356713
204	0.000131950343328
205	0.00011187729887
206	0.000107890808396
207	0.000107769712345
208	0.000108835404466
209	0.000109797132413
210	0.000110471876922
211	0.000110907771237
212	0.000111241187792
213	0.000111440161636
214	0.000111576249242
215	0.000111649065912
216	0.000111681109245
217	0.00011164785995
218	0.000111620665934
219	0.00011156050835
220	0.000111433058752
221	0.000111309299797
222	0.00011114870279
223	0.000110979568247
224	0.000110800647099
225	0.00011057893389
226	0.00011037209609
227	0.000110139640013
228	0.000109882817172
229	0.000109628046218
230	0.000109375222823
231	0.000109077847597
232	0.000108811023549
233	0.00010850421744
234	0.000108223485529
235	0.000107893832259
236	0.00010756916735
237	0.000107251423634
238	0.000106904484801
239	0.000106582401947
240	0.000106240770709
241	0.000105887334923
242	0.00010553659706
243	0.000105176304526
244	0.000104818990046
245	0.000104461722124
246	0.000104088871326
247	0.000103708974111
248	0.000103338778076
249	0.000102956806559
250	0.000102573036982
251	0.000102193580137
252	0.000101801521408
253	0.000101403724011
254	0.000101019205704
255	0.000100638882417
256	0.000100241928181
257	9.9839466475e-05
258	9.94244388157e-05
259	9.90203203663e-05
260	9.86341861592e-05
261	9.82414032916e-05
262	9.78406695693e-05
263	9.74434702329e-05
264	9.70269341605e-05
265	9.66406764935e-05
266	9.62364950445e-05
267	9.58317197855e-05
268	9.54287867684e-05
269	9.50183712135e-05
270	9.46101348121e-05
271	9.42292382563e-05
272	9.38266759144e-05
273	9.34245104655e-05
274	9.30258530098e-05
275	9.26163313021e-05
276	9.22023144115e-05
277	9.17945452243e-05
278	9.13979998519e-05
279	9.10091098184e-05
280	9.06073071723e-05
281	9.01941598408e-05
282	8.97967762722e-05
283	8.93938827339e-05
284	8.9003495652e-05
285	8.8600894052e-05
286	8.81803287466e-05
287	8.77906872697e-05
288	8.73777037935e-05
289	8.69813768742e-05
290	8.65772332687e-05
291	8.61956173267e-05
292	8.58104065344e-05
293	8.539820451e-05
294	8.5015099696e-05
295	8.46170644931e-05
296	8.42249500145e-05
297	8.38408566673e-05
298	8.34508058535e-05
299	8.30606263288e-05
300	8.26843098581e-05
301	8.23109680715e-05
302	8.19237525477e-05
303	8.15483820689e-05
304	8.11873344401e-05
305	8.08098969941e-05
306	8.04320786836e-05
307	8.00670098456e-05
308	7.9709501766e-05
309	7.93501226722e-05
310	7.89822117844e-05
311	7.86393300941e-05
312	7.82823963691e-05
313	7.79284177404e-05
314	7.75841303675e-05
315	7.72336434984e-05
316	7.69168813582e-05
317	7.65596606963e-05
318	7.62266464405e-05
319	7.59018515895e-05
320	7.55652509466e-05
321	7.52375686661e-05
322	7.49209918996e-05
323	7.4599099708e-05
324	7.42839209643e-05
325	7.39681071051e-05
326	7.36637250944e-05
327	7.33657715097e-05
328	7.30811562202e-05
329	7.27859306667e-05
330	7.25062844549e-05
331	7.22314001501e-05
332	7.19804154268e-05
333	7.17340615593e-05
334	7.14762219501e-05
335	7.12349417534e-05
336	7.1001063419e-05
337	7.07567740725e-05
338	7.05276385101e-05
339	7.02878584021e-05
340	7.0046322531e-05
341	6.98084701001e-05
342	6.95718338938e-05
343	6.93483719271e-05
344	6.91103255619e-05
345	6.88916254869e-05
346	6.86662521092e-05
347	6.84428213554e-05
348	6.8214508568e-05
349	6.79852127168e-05
350	6.77717918643e-05
351	6.75331588416e-05
352	6.73214300255e-05
353	6.70934695356e-05
354	6.6885897835e-05
355	6.66556757193e-05
356	6.64396207034e-05
357	6.62200155909e-05
358	6.60047042652e-05
359	6.5812056431e-05
360	6.55953048407e-05
361	6.53836870731e-05
362	6.51663160506e-05
363	6.49668329387e-05
364	6.47581909234e-05
365	6.45521426633e-05
366	6.43355383519e-05
367	6.41271082711e-05
368	6.39157174691e-05
369	6.37192852636e-05
370	6.35204298458e-05
371	6.3334206119e-05
372	6.31259308872e-05
373	6.29558164116e-05
374	6.27913931503e-05
375	6.25313967414e-05
376	6.23421548835e-05
377	6.21784256023e-05
378	6.20292139486e-05
379	6.18907358403e-05
380	6.17484071094e-05
381	6.15994308047e-05
382	6.14590780598e-05
383	6.13452511979e-05
384	6.12311215219e-05
385	6.11211051055e-05
386	6.10228129317e-05
387	6.09334551828e-05
388	6.08642541529e-05
389	6.0806970008e-05
390	6.07882910426e-05
391	6.08072016341e-05
392	6.0855532055e-05
393	6.09028101727e-05
394	6.09558231312e-05
395	6.10159261864e-05
396	6.10517857959e-05
397	6.10836524725e-05
398	6.10799029684e-05
399	6.10798236182e-05
400	6.10724500559e-05
401	6.10490496231e-05
402	6.10147616088e-05
403	6.09775304247e-05
404	6.09331538459e-05
405	6.08875781821e-05
406	6.08423772543e-05
407	6.07894632649e-05
408	6.07298415714e-05
409	6.06691546948e-05
410	6.05962720239e-05
411	6.05357462521e-05
412	6.04661246975e-05
413	6.03747184324e-05
414	6.03067926072e-05
415	6.02320881581e-05
416	6.01495882481e-05
417	6.00615830895e-05
418	5.99818826608e-05
419	5.98993740458e-05
420	5.98253919199e-05
421	5.972377247e-05
422	5.96274012267e-05
423	5.95235386448e-05
424	5.94514778425e-05
425	5.93376733716e-05
426	5.92516639504e-05
427	5.91426162676e-05
428	5.9060301193e-05
429	5.895201761e-05
430	5.8855555149e-05
431	5.87644421626e-05
432	5.86597151961e-05
433	5.85486694682e-05
434	5.84581619977e-05
435	5.83485866366e-05
436	5.82469992079e-05
437	5.81383936823e-05
438	5.8039734645e-05
439	5.79361578631e-05
440	5.78298654732e-05
441	5.77191332207e-05
442	5.76141802684e-05
443	5.75032695507e-05
444	5.74042895978e-05
445	5.72830409748e-05
446	5.71743554052e-05
447	5.7051728181e-05
448	5.69502702948e-05
449	5.68359083234e-05
450	5.6731465878e-05
451	5.66282192934e-05
452	5.65124879996e-05
453	5.64009281079e-05
454	5.62793279433e-05
455	5.6163482053e-05
456	5.60619975027e-05
457	5.59398100055e-05
458	5.58240852069e-05
459	5.57213542715e-05
460	5.56151732396e-05
461	5.54986992299e-05
462	5.53754105817e-05
463	5.52589659259e-05
464	5.51432809256e-05
465	5.50144454278e-05
466	5.49068311217e-05
467	5.47973284771e-05
468	5.46800573896e-05
469	5.45646022052e-05
470	5.44466198681e-05
471	5.4322004382e-05
472	5.4210014723e-05
473	5.41081079994e-05
474	5.39949085282e-05
475	5.38845281959e-05
476	5.37500235628e-05
477	5.36302348735e-05
478	5.35321632568e-05
479	5.34063850947e-05
480	5.32921213425e-05
481	5.31626009024e-05
482	5.30374270588e-05
483	5.29283105709e-05
484	5.2820118461e-05
485	5.26992790676e-05
486	5.25736863467e-05
487	5.24596537685e-05
488	5.23389260453e-05
489	5.222719423e-05
490	5.21056965373e-05
491	5.19899498834e-05
492	5.18785138497e-05
493	5.17456875708e-05
494	5.16374263872e-05
495	5.15232641528e-05
496	5.13872885719e-05
497	5.12815480599e-05
498	5.11813431616e-05
499	5.10371401763e-05
500	5.09302773587e-05
501	5.08132012517e-05
502	5.06897844271e-05
503	5.05765390516e-05
504	5.04464567103e-05
505	5.03418577607e-05
506	5.02255784556e-05
507	5.02129412898e-05
508	5.00432660547e-05
509	5.00219376316e-05
510	4.99574743561e-05
511	4.99006920542e-05
512	4.98146477259e-05
513	4.97168710162e-05
514	4.95950359493e-05
515	4.9473963873e-05
516	4.93543820591e-05
517	4.92321986889e-05
518	4.90943640374e-05
519	4.897578938e-05
520	4.8857835246e-05
521	4.87490378721e-05
522	4.85970555479e-05
523	4.84750963733e-05
524	4.83389519371e-05
525	4.82173197567e-05
526	4.80769161528e-05
527	4.7953168885e-05
528	4.78363653786e-05
529	4.76969053017e-05
530	4.7555226731e-05
531	4.74285954532e-05
532	4.72984141619e-05
533	4.7171126578e-05
534	4.70324425748e-05
535	4.6912367064e-05
536	4.67863351755e-05
537	4.66580417796e-05
538	4.65138328218e-05
539	4.63939257609e-05
540	4.62638658484e-05
541	4.61335957149e-05
542	4.60073191744e-05
543	4.58976430866e-05
544	4.57592360545e-05
545	4.56310892772e-05
546	4.54965331877e-05
547	4.53777407022e-05
548	4.52571900907e-05
549	4.51320943114e-05
550	4.49988872728e-05
551	4.48700334684e-05
552	4.47525073217e-05
553	4.4627573144e-05
554	4.44940327658e-05
555	4.43790811004e-05
556	4.42430699549e-05
557	4.41385600453e-05
558	4.40072701059e-05
559	4.38865793187e-05
560	4.37625886402e-05
561	4.36327500977e-05
562	4.3515706925e-05
563	4.33953793628e-05
564	4.32734641202e-05
565	4.3151316076e-05
566	4.30338432139e-05
567	4.29177495961e-05
568	4.28035615555e-05
569	4.26859156747e-05
570	4.25484621546e-05
571	4.24290095155e-05
572	4.23032035315e-05
573	4.2195641894e-05
574	4.20889523596e-05
575	4.19699627055e-05
576	4.18435748833e-05
577	4.17089740218e-05
578	4.15962914965e-05
579	4.15162143964e-05
580	4.13725846448e-05
581	4.12530253084e-05
582	4.11314706101e-05
583	4.10174892394e-05
584	4.09022886496e-05
585	4.07876678565e-05
586	4.06741606507e-05
587	4.05598135309e-05
588	4.04412251922e-05
589	4.03224803808e-05
590	4.02177968289e-05
591	4.01066728354e-05
592	3.99991284261e-05
593	3.98791124216e-05
594	3.97670261031e-05
595	3.9639832257e-05
596	3.95294998229e-05
597	3.94242482618e-05
598	3.93078834429e-05
599	3.92023771736e-05
600	3.91034664155e-05
601	3.89901397698e-05
602	3.8879972146e-05
603	3.87626715547e-05
604	3.86504448366e-05
605	3.85352194239e-05
606	3.84335047918e-05
607	3.83152783646e-05
608	3.82127146559e-05
609	3.80985968274e-05
610	3.79841368326e-05
611	3.78908612651e-05
612	3.77876821656e-05
613	3.76686398765e-05
614	3.75753417618e-05
615	3.74723081926e-05
616	3.73478485912e-05
617	3.7236651252e-05
618	3.71337243941e-05
619	3.70394259469e-05
620	3.69289838814e-05
621	3.68287461708e-05
622	3.67218865402e-05
623	3.66124433687e-05
624	3.65190607964e-05
625	3.64231398691e-05
626	3.63007805524e-05
627	3.61948231278e-05
628	3.60996713494e-05
629	3.59898214998e-05
630	3.58813665847e-05
631	3.57864187702e-05
632	3.56882292749e-05
633	3.5587290769e-05
634	3.54895713829e-05
635	3.53848540745e-05
636	3.52906464407e-05
637	3.51984196611e-05
638	3.50834043134e-05
639	3.49848701889e-05
640	3.48738492395e-05
641	3.47836446532e-05
642	3.46825405268e-05
643	3.45800717028e-05
644	3.4495343168e-05
645	3.4393026828e-05
646	3.42892216718e-05
647	3.42082947379e-05
648	3.41458830064e-05
649	3.406870982e-05
650	3.39947530529e-05
651	3.39245593159e-05
652	3.38531690385e-05
653	3.37752042566e-05
654	3.37076085137e-05
655	3.3625894632e-05
656	3.35616036353e-05
657	3.34899023815e-05
658	3.34131316699e-05
659	3.33323843949e-05
660	3.32572827728e-05
661	3.31960477159e-05
662	3.31127547841e-05
663	3.30420844163e-05
664	3.2957045426e-05
665	3.28811539762e-05
666	3.28255779739e-05
667	3.27462835758e-05
668	3.26601316544e-05
669	3.26002789558e-05
670	3.25346963724e-05
671	3.24484266403e-05
672	3.23716805499e-05
673	3.2302605977e-05
674	3.22144357636e-05
675	3.2276458815e-05
676	3.21338228107e-05
677	3.20328440976e-05
678	3.20830281687e-05
679	3.19313513714e-05
680	3.19440914067e-05
681	3.19492891977e-05
682	3.17741697195e-05
683	3.17686152078e-05
684	3.17369526256e-05
685	3.16775877814e-05
686	3.16261604356e-05
687	3.15739336291e-05
688	3.14943327742e-05
689	3.14193568559e-05
690	3.13559411805e-05
691	3.12726909713e-05
692	3.11939587917e-05
693	3.11160985902e-05
694	3.10383231232e-05
695	3.09642118151e-05
696	3.08667731107e-05
697	3.08019403762e-05
698	3.07002066537e-05
699	3.06266542261e-05
700	3.05464714632e-05
701	3.04714689993e-05
702	3.03891080455e-05
703	3.03065806764e-05
704	3.02302028131e-05
705	3.01348839757e-05
706	3.00517956674e-05
707	2.99728715846e-05
708	2.99001194553e-05
709	2.98150673988e-05
710	2.97361258494e-05
711	2.96535424844e-05
712	2.9566253111e-05
713	2.94718903046e-05
714	2.93948000187e-05
715	2.9314553898e-05
716	2.92493925286e-05
717	2.91552809959e-05
718	2.90910327483e-05
719	2.90081771931e-05
720	2.89165478144e-05
721	2.88478673096e-05
722	2.87580309485e-05
723	2.86815872882e-05
724	2.85949961514e-05
725	2.85101046369e-05
726	2.84499177058e-05
727	2.83505943238e-05
728	2.82747863261e-05
729	2.82199890673e-05
730	2.81304865883e-05
731	2.80502678444e-05
732	2.79575239706e-05
733	2.79037610987e-05
734	2.78192870926e-05
735	2.77482646386e-05
736	2.7668386487e-05
737	2.75910330127e-05
738	2.75124056553e-05
739	2.74348328782e-05
740	2.73494687208e-05
741	2.72847401335e-05
742	2.72229363981e-05
743	2.7137787697e-05
744	2.70507417536e-05
745	2.69950368936e-05
746	2.69217445552e-05
747	2.68454808602e-05
748	2.67691219948e-05
749	2.6700530006e-05
750	2.66159112428e-05
751	2.65493522939e-05
752	2.64839907589e-05
753	2.64239640951e-05
754	2.6349735216e-05
755	2.62704286469e-05
756	2.62067680706e-05
757	2.61227394831e-05
758	2.60528576805e-05
759	2.59845531308e-05
760	2.59220737162e-05
761	2.58504209766e-05
762	2.57808230402e-05
763	2.57175089521e-05
764	2.56425123716e-05
765	2.55806536381e-05
766	2.54960148926e-05
767	2.54403647585e-05
768	2.53711384615e-05
769	2.52969413813e-05
770	2.52320060157e-05
771	2.51742146318e-05
772	2.51002478966e-05
773	2.50155771782e-05
774	2.49525885814e-05
775	2.48779079839e-05
776	2.48224034467e-05
777	2.47541758846e-05
778	2.46858975823e-05
779	2.46216698397e-05
780	2.45540620525e-05
781	2.44922661837e-05
782	2.44115084131e-05
783	2.43696896347e-05
784	2.42934718806e-05
785	2.42321313565e-05
786	2.41708474571e-05
787	2.41040595164e-05
788	2.40457508539e-05
789	2.39794818495e-05
790	2.39121926541e-05
791	2.38468064236e-05
792	2.3804084954e-05
793	2.37185902949e-05
794	2.36601585604e-05
795	2.36101857591e-05
796	2.35296020794e-05
797	2.34791686058e-05
798	2.34072921323e-05
799	2.33552001221e-05
800	2.33055934801e-05
801	2.32269267385e-05
802	2.31607158978e-05
803	2.30918240874e-05
804	2.30401879218e-05
805	2.29883401075e-05
806	2.29168426527e-05
807	2.28623258972e-05
808	2.28072071306e-05
809	2.27471484224e-05
810	2.26898314396e-05
811	2.26397428965e-05
812	2.25693596301e-05
813	2.25156209724e-05
814	2.24559224532e-05
815	2.24177674068e-05
816	2.23405038848e-05
817	2.22752246935e-05
818	2.22292655748e-05
819	2.2153933191e-05
820	2.21026179143e-05
821	2.20243989939e-05
822	2.1992834311e-05
823	2.19192778967e-05
824	2.1887271864e-05
825	2.18262441345e-05
826	2.17670255763e-05
827	2.17152214304e-05
828	2.16562122451e-05
829	2.16032438472e-05
830	2.15349835727e-05
831	2.14854270343e-05
832	2.14336321517e-05
833	2.13820902194e-05
834	2.13104685767e-05
835	2.12664034349e-05
836	2.12025775921e-05
837	2.11478182124e-05
838	2.11109020007e-05
839	2.10533438601e-05
840	2.09940444737e-05
841	2.09213963136e-05
842	2.08808641246e-05
843	2.08302258185e-05
844	2.07854066599e-05
845	2.07214527532e-05
846	2.06683913306e-05
847	2.06273530133e-05
848	2.0561789461e-05
849	2.05135487365e-05
850	2.04715300496e-05
851	2.04089660021e-05
852	2.03455008578e-05
853	2.03085098919e-05
854	2.02536678171e-05
855	2.01936146318e-05
856	2.01602234335e-05
857	2.00878982133e-05
858	2.00400331979e-05
859	1.99956112459e-05
860	1.9967323193e-05
861	1.98937356217e-05
862	1.98512808599e-05
863	1.97877744807e-05
864	1.97431381596e-05
865	1.97001502499e-05
866	1.96618173836e-05
867	1.96128394688e-05
868	1.95482464994e-05
869	1.94933585389e-05
870	1.94621800863e-05
871	1.94056540917e-05
872	1.93456650851e-05
873	1.9300317266e-05
874	1.92522730248e-05
875	1.91949375553e-05
876	1.91466137019e-05
877	1.91026766416e-05
878	1.90547988019e-05
879	1.90173162689e-05
880	1.89651875418e-05
881	1.89297246992e-05
882	1.88865012666e-05
883	1.88368486857e-05
884	1.8791669189e-05
885	1.8727172516e-05
886	1.87147391118e-05
887	1.86926481268e-05
888	1.86707219172e-05
889	1.86501916483e-05
890	1.86164413121e-05
891	1.86069583287e-05
892	1.85716488115e-05
893	1.85359468022e-05
894	1.85048571552e-05
895	1.84763494502e-05
896	1.84773082627e-05
897	1.84504172517e-05
898	1.84195368962e-05
899	1.83795233117e-05
900	1.83524623449e-05
901	1.83333096108e-05
902	1.83151535313e-05
903	1.82809048564e-05
904	1.82540799044e-05
905	1.82155366329e-05
906	1.81967077991e-05
907	1.81854984114e-05
908	1.81444795322e-05
909	1.81068228514e-05
910	1.80882520438e-05
911	1.80648652991e-05
912	1.80389257832e-05
913	1.80375492929e-05
914	1.80010871232e-05
915	1.79662337501e-05
916	1.79390419762e-05
917	1.79202626592e-05
918	1.78891712989e-05
919	1.78700440821e-05
920	1.78361704575e-05
921	1.78146192094e-05
922	1.77833916094e-05
923	1.7761387939e-05
924	1.77455493893e-05
925	1.77111021861e-05
926	1.76792637417e-05
927	1.76632286267e-05
928	1.76236447612e-05
929	1.76134502324e-05
930	1.7573069347e-05
931	1.75658978384e-05
932	1.7536494947e-05
933	1.75034272782e-05
934	1.74751975893e-05
935	1.74541079755e-05
936	1.74165125536e-05
937	1.74001952255e-05
938	1.73618443244e-05
939	1.73412899435e-05
940	1.73247138202e-05
941	1.7293726695e-05
942	1.72743443498e-05
943	1.72486042461e-05
944	1.72265694944e-05
945	1.71958846888e-05
946	1.71734214549e-05
947	1.71351606194e-05
948	1.71202871227e-05
949	1.70923885927e-05
950	1.70537846852e-05
951	1.70442254103e-05
952	1.70167467524e-05
953	1.69861242175e-05
954	1.69715031172e-05
955	1.69345986769e-05
956	1.69257256002e-05
957	1.68922598915e-05
958	1.68697243709e-05
959	1.68547543212e-05
960	1.68065608615e-05
961	1.67702126261e-05
962	1.67674853626e-05
963	1.67372038604e-05
964	1.67101690372e-05
965	1.66972898369e-05
966	1.6670204055e-05
