1	0.0676833263413
2	0.0260777325501
3	0.0298418574574
4	0.00160246648348
5	0.000544644962106
6	0.000202905126579
7	0.000199213713208
8	0.000227706004519
9	0.000214726261411
10	0.000188925775766
11	0.000140741126615
12	0.000115417337758
13	0.000108135219429
14	5.39404068894e-05
15	5.23053964961e-05
16	5.19976363459e-05
17	5.09016246392e-05
18	4.92854385381e-05
19	4.69859273245e-05
20	4.45438456854e-05
21	4.23597599106e-05
22	4.0738495879e-05
23	3.95780377539e-05
24	3.87773924549e-05
25	3.81757146409e-05
26	3.74373301668e-05
27	3.6453040228e-05
28	3.53213731652e-05
29	3.40986791717e-05
30	3.29267677561e-05
31	3.1918419911e-05
32	3.10181053988e-05
33	3.03162407094e-05
34	2.97272798174e-05
35	2.91842775693e-05
36	2.86344054868e-05
37	2.80715918491e-05
38	2.74926018623e-05
39	2.69656831821e-05
40	2.64207948754e-05
41	2.58603274999e-05
42	2.53764133021e-05
43	2.49833080603e-05
44	2.46394467403e-05
45	2.42707841575e-05
46	2.38727678566e-05
47	2.34902791607e-05
48	2.31225362018e-05
49	2.27879643447e-05
50	2.25032502402e-05
51	2.223605151e-05
52	2.19916406516e-05
53	2.17662558375e-05
54	2.1494672365e-05
55	2.12169499941e-05
56	2.08840864644e-05
57	2.05872403433e-05
58	2.02937499491e-05
59	1.99766438636e-05
60	1.96541214317e-05
61	1.94106262447e-05
62	1.93164496034e-05
63	1.92051898063e-05
64	1.90658042498e-05
65	1.88936160524e-05
66	1.87167946532e-05
67	1.8534556759e-05
68	1.83060855626e-05
69	1.80801752592e-05
70	1.78408380013e-05
71	1.76464018139e-05
72	1.7570269604e-05
73	1.75072744716e-05
74	1.74436727871e-05
75	1.73629500156e-05
76	1.72521168769e-05
77	1.71587830209e-05
78	1.70248049448e-05
79	1.69029583129e-05
80	1.67157241029e-05
81	1.65417964626e-05
82	1.63912451824e-05
83	1.62538278765e-05
84	1.61299238426e-05
85	1.60039441207e-05
86	1.58480970579e-05
87	1.56740187806e-05
88	1.55134862119e-05
89	1.53702618411e-05
90	1.52340499403e-05
91	1.50850209053e-05
92	1.49613298586e-05
93	1.47790003878e-05
94	1.46364685478e-05
95	1.45047321513e-05
96	1.43911537058e-05
97	1.42524079406e-05
98	1.40933281006e-05
99	1.39618275364e-05
100	1.38037825136e-05
101	1.366833937e-05
102	1.35727714495e-05
103	1.35000681056e-05
104	1.33071555389e-05
105	1.3160806456e-05
106	1.30432568466e-05
107	1.2913502705e-05
108	1.27904398495e-05
109	1.2577240532e-05
110	1.2392170101e-05
111	1.22541055374e-05
112	1.21590867199e-05
113	1.20323624664e-05
114	1.19197941223e-05
115	1.17614772298e-05
116	1.1640755682e-05
117	1.15004598684e-05
118	1.13741057951e-05
119	1.11290228906e-05
120	1.10015449337e-05
121	1.09242047339e-05
122	1.08304345483e-05
123	1.06919739181e-05
124	1.06002197176e-05
125	1.05330034449e-05
126	1.03943617669e-05
127	1.03229177657e-05
128	1.01358541394e-05
129	1.00767704255e-05
130	1.00073518201e-05
131	9.97010727413e-06
132	9.89299820861e-06
133	9.85893432773e-06
134	9.81409341449e-06
135	9.77265727014e-06
136	9.67570941803e-06
137	9.67626203135e-06
138	9.6539239374e-06
139	9.63910374558e-06
140	9.60754687092e-06
141	1.82021627389e-05
142	9.68797842365e-06
143	1.84220903336e-05
144	9.76414705915e-06
145	9.78141590201e-06
146	9.84823921269e-06
147	9.91583416874e-06
148	9.98991742416e-06
149	1.0103347019e-05
150	1.93207083964e-05
151	1.03932782748e-05
152	1.05211130653e-05
153	1.05572233932e-05
154	1.06568370858e-05
155	1.07596299527e-05
156	1.09143335347e-05
157	1.10723070714e-05
158	1.12563327378e-05
159	1.14070430876e-05
160	1.16678617907e-05
161	1.19742748798e-05
162	1.21461967235e-05
163	1.24729533833e-05
164	2.3888488534e-05
165	2.4194874059e-05
166	2.3887257206e-05
167	2.38764792291e-05
168	2.40162347474e-05
169	2.41912202223e-05
170	2.44101362903e-05
171	2.4434494909e-05
172	2.44510748213e-05
173	2.457336172e-05
174	2.46089767123e-05
175	2.46633713911e-05
176	2.47512624864e-05
177	2.43076212153e-05
178	2.41196592239e-05
179	1.30125542283e-05
180	2.45812615219e-05
181	2.44855740477e-05
182	2.4213849306e-05
183	1.28259476068e-05
184	1.29110141336e-05
185	1.2958668163e-05
186	2.48853711273e-05
187	2.56116610745e-05
188	2.58470905618e-05
189	2.27963407262e-05
190	1.97487985727e-05
191	9.90865579028e-06
192	9.92039208091e-06
193	1.00618181256e-05
194	1.02903437321e-05
195	1.04477436925e-05
196	1.05529244561e-05
197	1.07053685866e-05
198	1.06968281935e-05
199	1.06341963634e-05
200	1.05746965348e-05
201	1.03713859214e-05
202	1.00961834106e-05
203	9.61913788579e-06
204	8.84734518631e-06
205	8.7499592342e-06
206	8.77338691586e-06
207	8.84218288281e-06
208	8.94834807196e-06
209	9.04148439643e-06
210	9.11037880527e-06
211	9.16187966588e-06
212	9.20102056292e-06
213	9.23178621172e-06
214	9.25354878658e-06
215	9.27031941929e-06
216	9.28146087316e-06
217	9.28904929611e-06
218	9.29292088288e-06
219	9.29412193347e-06
220	9.29151766053e-06
221	9.28734001669e-06
222	9.27988397104e-06
223	9.2711282086e-06
224	9.26076018907e-06
225	9.24871691199e-06
226	9.23416171754e-06
227	9.2190581392e-06
228	9.20243804373e-06
229	9.18494405272e-06
230	9.16645920462e-06
231	9.14620996521e-06
232	9.12606394857e-06
233	9.10467587346e-06
234	9.08232877349e-06
235	9.05865118663e-06
236	9.03488005784e-06
237	9.01059575947e-06
238	8.9852735332e-06
239	8.96032302141e-06
240	8.9338049469e-06
241	8.90695642943e-06
242	8.88004666892e-06
243	8.85302122946e-06
244	8.82441059487e-06
245	8.79571523317e-06
246	8.76640928369e-06
247	8.73705647189e-06
248	8.70759713041e-06
249	8.67784436693e-06
250	8.64800750714e-06
251	8.61790626871e-06
252	8.5868062227e-06
253	8.55614597052e-06
254	8.52480889763e-06
255	8.4934512905e-06
256	8.46174716146e-06
257	8.43008377478e-06
258	8.39805472083e-06
259	8.36553902888e-06
260	8.33397482608e-06
261	8.30229395323e-06
262	8.27007716154e-06
263	8.23757034903e-06
264	8.20491872438e-06
265	8.17265603116e-06
266	8.14008148643e-06
267	8.107258231e-06
268	8.07456430693e-06
269	8.04287130218e-06
270	8.01018949729e-06
271	7.97813845588e-06
272	7.94600052948e-06
273	7.91419683467e-06
274	7.88114267654e-06
275	7.84903482359e-06
276	7.81587317528e-06
277	7.78279894746e-06
278	7.75043860577e-06
279	7.71787196539e-06
280	7.68534031275e-06
281	7.65222099006e-06
282	7.61961815058e-06
283	7.5875527357e-06
284	7.55492284429e-06
285	7.52186023671e-06
286	7.48924457463e-06
287	7.45647435209e-06
288	7.42406429587e-06
289	7.39159584783e-06
290	7.35896484754e-06
291	7.32697495954e-06
292	7.29515240194e-06
293	7.2621630075e-06
294	7.23049705893e-06
295	7.19833696663e-06
296	7.16696468649e-06
297	7.13483027583e-06
298	7.10321610754e-06
299	7.07211869707e-06
300	7.04078867702e-06
301	7.00938574308e-06
302	6.97823657491e-06
303	6.94709333428e-06
304	6.91660491044e-06
305	6.88584648732e-06
306	6.85573102818e-06
307	6.82590418812e-06
308	6.79627882056e-06
309	6.76657316061e-06
310	6.73767280062e-06
311	6.70866579014e-06
312	6.67919456851e-06
313	6.65066324243e-06
314	6.62200466595e-06
315	6.59366483669e-06
316	6.56612322375e-06
317	6.53849996292e-06
318	6.51047053773e-06
319	6.48321860005e-06
320	6.4562573053e-06
321	6.42939015978e-06
322	6.40258627755e-06
323	6.3765743944e-06
324	6.35047203069e-06
325	6.32509670489e-06
326	6.29984660455e-06
327	6.27463564106e-06
328	6.25115456176e-06
329	6.22917870334e-06
330	6.20800503481e-06
331	6.18731649918e-06
332	6.16744132187e-06
333	6.14703089275e-06
334	6.12671350381e-06
335	6.10745429283e-06
336	6.08799553314e-06
337	6.06867992624e-06
338	6.04944213736e-06
339	6.02992182612e-06
340	6.01072889503e-06
341	5.99135434535e-06
342	5.97182694551e-06
343	5.95345314515e-06
344	5.93409251032e-06
345	5.9156516322e-06
346	5.89702004553e-06
347	5.87829045252e-06
348	5.86024826228e-06
349	5.84120511234e-06
350	5.82315306233e-06
351	5.80440805853e-06
352	5.78607282522e-06
353	5.76766301614e-06
354	5.74980984152e-06
355	5.73143560644e-06
356	5.71324544455e-06
357	5.69537686024e-06
358	5.67803792366e-06
359	5.66085846687e-06
360	5.64340389598e-06
361	5.62596340631e-06
362	5.60858211454e-06
363	5.59053848578e-06
364	5.57363595751e-06
365	5.55579482102e-06
366	5.53824542446e-06
367	5.52057366029e-06
368	5.50410194716e-06
369	5.48752252732e-06
370	5.47135019416e-06
371	5.45490963976e-06
372	9.97667982782e-06
373	9.95293591582e-06
374	9.92689885627e-06
375	9.89632276396e-06
376	9.87302884353e-06
377	9.84933058511e-06
378	9.82724727065e-06
379	9.80466588928e-06
380	9.78298497275e-06
381	9.75942410145e-06
382	9.7360108172e-06
383	9.71670045346e-06
384	9.69977918206e-06
385	9.68382608675e-06
386	9.66827372633e-06
387	9.65402831392e-06
388	9.64062835166e-06
389	9.63219566013e-06
390	9.63065198307e-06
391	9.63412646725e-06
392	9.64100657034e-06
393	9.64991145165e-06
394	9.65965853059e-06
395	9.66892119148e-06
396	9.67593870378e-06
397	9.6805352181e-06
398	9.68230902423e-06
399	9.68154117107e-06
400	9.6788057522e-06
401	9.67655575372e-06
402	9.67213837203e-06
403	9.66696603582e-06
404	9.66100623481e-06
405	9.6538840276e-06
406	9.64692019991e-06
407	9.63779137765e-06
408	9.62864957154e-06
409	9.61993389542e-06
410	9.6096097388e-06
411	9.59949092273e-06
412	9.5880672843e-06
413	9.57615892957e-06
414	9.56505456588e-06
415	9.55256278103e-06
416	9.54003090933e-06
417	9.52694458786e-06
418	9.51499412383e-06
419	9.50003962774e-06
420	9.48714544733e-06
421	9.47327200971e-06
422	9.45842840981e-06
423	9.44397883313e-06
424	9.43047914934e-06
425	9.41434157875e-06
426	9.40009065972e-06
427	9.38452252064e-06
428	9.36948484773e-06
429	9.35405780269e-06
430	9.33824517825e-06
431	9.32338259421e-06
432	9.30806068479e-06
433	9.29108594884e-06
434	9.27633008518e-06
435	9.25952638756e-06
436	9.24314414386e-06
437	9.22647622894e-06
438	9.21055869059e-06
439	9.19350826112e-06
440	9.17596357352e-06
441	9.16053923186e-06
442	9.1437568146e-06
443	9.12671289477e-06
444	9.1089283726e-06
445	9.09117378882e-06
446	9.07402556057e-06
447	9.05667897554e-06
448	9.03965050942e-06
449	9.0218453214e-06
450	9.00438933853e-06
451	8.98775798319e-06
452	8.97017143249e-06
453	8.9524421151e-06
454	8.93471257889e-06
455	8.91659299745e-06
456	8.89893612694e-06
457	8.88115901155e-06
458	8.86315731476e-06
459	8.845527423e-06
460	8.82723978713e-06
461	8.80904105717e-06
462	8.79062937722e-06
463	8.77229878215e-06
464	8.75400913395e-06
465	8.73524032411e-06
466	8.71728806187e-06
467	8.69943311624e-06
468	8.68172812635e-06
469	8.6633425206e-06
470	8.64507625967e-06
471	8.62626998735e-06
472	8.60762003528e-06
473	8.58971462732e-06
474	8.57120106132e-06
475	8.55352543111e-06
476	8.53375121975e-06
477	8.51557426449e-06
478	8.49733494524e-06
479	8.47838951679e-06
480	8.46025394594e-06
481	8.44163156202e-06
482	8.42258287381e-06
483	8.40463612729e-06
484	8.38566297549e-06
485	8.36669232877e-06
486	8.34849788365e-06
487	8.33001236334e-06
488	8.31088105259e-06
489	8.29253170862e-06
490	8.273040582e-06
491	8.25457761271e-06
492	8.23640499607e-06
493	8.21706798962e-06
494	8.198847929e-06
495	8.17990460908e-06
496	8.16088802872e-06
497	8.14243911742e-06
498	8.12435900326e-06
499	8.10507559469e-06
500	8.08690463458e-06
501	8.06797705408e-06
502	8.04964571529e-06
503	8.03025591143e-06
504	8.0111795673e-06
505	7.99310972779e-06
506	7.97432125763e-06
507	7.96645904329e-06
508	7.9454176866e-06
509	7.93579504132e-06
510	7.92489249665e-06
511	7.91301275118e-06
512	7.89779971441e-06
513	7.8825102852e-06
514	7.86591673009e-06
515	7.84821214669e-06
516	7.82970056174e-06
517	7.80947100046e-06
518	7.79088091907e-06
519	7.77138699133e-06
520	7.75207263136e-06
521	7.73322178251e-06
522	7.71196631303e-06
523	7.69214327721e-06
524	7.67187851634e-06
525	7.65184970026e-06
526	7.63160137668e-06
527	7.61096637928e-06
528	7.59006671993e-06
529	7.56946234668e-06
530	7.54895069771e-06
531	7.52864138348e-06
532	7.50822528173e-06
533	7.48738426591e-06
534	7.46710940323e-06
535	7.44584422313e-06
536	7.42640327361e-06
537	7.4054602226e-06
538	7.38511826655e-06
539	7.3655817665e-06
540	7.34472765514e-06
541	7.32416472397e-06
542	7.30332247184e-06
543	7.28375337695e-06
544	7.26342574247e-06
545	7.24286581938e-06
546	7.22319233685e-06
547	7.20291379869e-06
548	7.18312808997e-06
549	7.16302520662e-06
550	7.14307078558e-06
551	7.12268789819e-06
552	7.10328181158e-06
553	7.0831404828e-06
554	7.06319053265e-06
555	7.04393817956e-06
556	7.02376631159e-06
557	7.0050695335e-06
558	6.98542429315e-06
559	6.96559778705e-06
560	6.94596126342e-06
561	6.92689178811e-06
562	6.90757877204e-06
563	6.88830934585e-06
564	6.86884744803e-06
565	6.84962813005e-06
566	6.83015219799e-06
567	6.81188712169e-06
568	6.79182892064e-06
569	6.77320401382e-06
570	6.75428976605e-06
571	6.73421798781e-06
572	6.71561914656e-06
573	6.69682575284e-06
574	6.67894227365e-06
575	6.65953693777e-06
576	6.64034035831e-06
577	6.62149910863e-06
578	6.60257728237e-06
579	6.58453982103e-06
580	6.56518614774e-06
581	6.54674356704e-06
582	6.52799959081e-06
583	6.50972315584e-06
584	6.49151769342e-06
585	6.47287018185e-06
586	6.45529204074e-06
587	6.43696883649e-06
588	6.41832378298e-06
589	6.40017369555e-06
590	6.38214893263e-06
591	6.36410405257e-06
592	6.34566623297e-06
593	6.32798963981e-06
594	6.30979300217e-06
595	6.29134379078e-06
596	6.27404843578e-06
597	6.25641639174e-06
598	6.23843287499e-06
599	6.22089639322e-06
600	6.20298986137e-06
601	6.18543163114e-06
602	6.16733337411e-06
603	6.1502160368e-06
604	6.13286216696e-06
605	6.11468247056e-06
606	6.09778000796e-06
607	6.08015985184e-06
608	6.0630006131e-06
609	6.04548181832e-06
610	6.02833458574e-06
611	6.01127000652e-06
612	5.99481745961e-06
613	5.97686883922e-06
614	5.96072725627e-06
615	5.94336581243e-06
616	5.92677177304e-06
617	5.90944963909e-06
618	5.89175729763e-06
619	5.87540763857e-06
620	5.85816954856e-06
621	5.84183346418e-06
622	5.82489228541e-06
623	5.80812332315e-06
624	5.79180289457e-06
625	5.77507145333e-06
626	5.75845427623e-06
627	5.74199733038e-06
628	5.72587045148e-06
629	5.70923169475e-06
630	5.69267781302e-06
631	5.67623050899e-06
632	5.65964569762e-06
633	5.64359890015e-06
634	5.62729877736e-06
635	5.61190022427e-06
636	5.59636892665e-06
637	5.57941234147e-06
638	5.56294109361e-06
639	5.54734855546e-06
640	5.53105287071e-06
641	5.51539555419e-06
642	5.49940189461e-06
643	5.48337121722e-06
644	5.4683240611e-06
645	5.45189324607e-06
646	9.97835867929e-06
647	9.95934252827e-06
648	9.93769726048e-06
649	9.91777144102e-06
650	9.89712071622e-06
651	9.87720249832e-06
652	9.85540244326e-06
653	9.83429007781e-06
654	9.81305616038e-06
655	9.79063578098e-06
656	9.76932668539e-06
657	9.74764398413e-06
658	9.72758638842e-06
659	9.70462403087e-06
660	9.68430848702e-06
661	9.66322431446e-06
662	9.63996793378e-06
663	9.61884710541e-06
664	9.59795696099e-06
665	9.57493947591e-06
666	9.55470216074e-06
667	9.53369938061e-06
668	9.51170398586e-06
669	9.4899087849e-06
670	9.4692668843e-06
671	9.44717080687e-06
672	9.42504899445e-06
673	9.40330428982e-06
674	9.38241966019e-06
675	9.38220015274e-06
676	9.35286171792e-06
677	9.32800485821e-06
678	9.3241554814e-06
679	9.29205540881e-06
680	9.28612131527e-06
681	9.27589692339e-06
682	9.2405763118e-06
683	9.23065891437e-06
684	9.21756033613e-06
685	9.20070880263e-06
686	9.18305934055e-06
687	9.16472073526e-06
688	9.14506215611e-06
689	9.12296399054e-06
690	9.10237015984e-06
691	9.08070420346e-06
692	9.05784859022e-06
693	9.03477045061e-06
694	9.01237411568e-06
695	8.9891738074e-06
696	8.96645069551e-06
697	8.94257248956e-06
698	8.91944469877e-06
699	8.89565901225e-06
700	8.87265705918e-06
701	8.84930748721e-06
702	8.82554995547e-06
703	8.80229561847e-06
704	8.77693924587e-06
705	8.75250069358e-06
706	8.72953432955e-06
707	8.70384034854e-06
708	8.68293239036e-06
709	8.658802143e-06
710	8.63381882454e-06
711	8.60980055255e-06
712	8.58652541437e-06
713	8.56205637999e-06
714	8.53925777488e-06
715	8.51462952615e-06
716	8.49351512514e-06
717	8.46906482976e-06
718	8.44750797835e-06
719	8.42307406311e-06
720	8.40004767426e-06
721	8.37679074406e-06
722	8.35384724513e-06
723	8.33156580101e-06
724	8.30744426237e-06
725	8.28405359737e-06
726	8.26205318401e-06
727	8.23795243394e-06
728	8.21652520129e-06
729	8.1932264333e-06
730	8.17035487921e-06
731	8.14772593395e-06
732	8.12490992971e-06
733	8.10273553316e-06
734	8.08090155022e-06
735	8.0592605739e-06
736	8.03497605092e-06
737	8.01381405354e-06
738	7.99272903837e-06
739	7.96845813742e-06
740	7.94724305131e-06
741	7.92626211562e-06
742	7.90517836688e-06
743	7.88335070639e-06
744	7.86113423529e-06
745	7.83983277762e-06
746	7.81902120987e-06
747	7.79831302308e-06
748	7.77595111229e-06
749	7.75483723024e-06
750	7.73236488599e-06
751	7.71272580317e-06
752	7.69302949881e-06
753	7.67202363673e-06
754	7.65183593575e-06
755	7.63005542611e-06
756	7.60894558249e-06
757	7.58768678496e-06
758	7.56788301415e-06
759	7.54780320931e-06
760	7.52760896982e-06
761	7.50593571844e-06
762	7.48666699257e-06
763	7.46575789551e-06
764	7.4454906722e-06
765	7.42501572484e-06
766	7.4053906271e-06
767	7.38596437624e-06
768	7.36531491344e-06
769	7.34578432582e-06
770	7.32500236169e-06
771	7.30611801526e-06
772	7.28603653271e-06
773	7.26600431986e-06
774	7.24601536517e-06
775	7.22768828964e-06
776	7.2069096295e-06
777	7.18798745874e-06
778	7.16853784171e-06
779	7.14965745788e-06
780	7.12892640912e-06
781	7.11108377082e-06
782	7.092042897e-06
783	7.07473622495e-06
784	7.05429151093e-06
785	7.03637534332e-06
786	7.01649633936e-06
787	6.99744583178e-06
788	6.97976272366e-06
789	6.96027824066e-06
790	6.94250137183e-06
791	6.92344004809e-06
792	6.90490609899e-06
793	6.8863747233e-06
794	6.86806892752e-06
795	6.85130886815e-06
796	6.83142608906e-06
797	6.81413499235e-06
798	6.79491184731e-06
799	6.77830256983e-06
800	6.75920089971e-06
801	6.74021960134e-06
802	6.72392216207e-06
803	6.70555109461e-06
804	6.68982518015e-06
805	6.67187227684e-06
806	6.6520926028e-06
807	6.63561063336e-06
808	6.61714158824e-06
809	6.60147440611e-06
810	6.58309801305e-06
811	6.56522651316e-06
812	6.54932462692e-06
813	6.53064567561e-06
814	6.51406555565e-06
815	6.49704351847e-06
816	6.48052969758e-06
817	6.46282163034e-06
818	6.44552447253e-06
819	6.42788518258e-06
820	6.41277234765e-06
821	6.39463787066e-06
822	6.37855161166e-06
823	6.36186284066e-06
824	6.34493580433e-06
825	6.32879492392e-06
826	6.3120839978e-06
827	6.29588327466e-06
828	6.27970555609e-06
829	6.26207614031e-06
830	6.24655804953e-06
831	6.22915097652e-06
832	6.21423827165e-06
833	6.19764487768e-06
834	6.18019013943e-06
835	6.16611497822e-06
836	6.14860629704e-06
837	6.13313215854e-06
838	6.11923911366e-06
839	6.10240279668e-06
840	6.0858853714e-06
841	6.06873938911e-06
842	6.05481785829e-06
843	6.03851391536e-06
844	6.0233856885e-06
845	6.00761781415e-06
846	5.99148103108e-06
847	5.97649427587e-06
848	5.96089729025e-06
849	5.94572378686e-06
850	5.93009828736e-06
851	5.91351700136e-06
852	5.89918824074e-06
853	5.8850510116e-06
854	5.86956476111e-06
855	5.85484875659e-06
856	5.83884588916e-06
857	5.82450980189e-06
858	5.80968841068e-06
859	5.79491717817e-06
860	5.78009613739e-06
861	5.76491175083e-06
862	5.7513274161e-06
863	5.73632624978e-06
864	5.72014048973e-06
865	5.70634739285e-06
866	5.69134755265e-06
867	5.67665134936e-06
868	5.66234547643e-06
869	5.6478543967e-06
870	5.63486547246e-06
871	5.61910634058e-06
872	5.60627117605e-06
873	5.59169755181e-06
874	5.57664056748e-06
875	5.56246653069e-06
876	5.54941759674e-06
877	5.53557618568e-06
878	5.52121939923e-06
879	5.50794507471e-06
880	5.49342583899e-06
881	5.48005748804e-06
882	5.46514020726e-06
883	5.45206981318e-06
884	5.43836980982e-06
885	9.97515771738e-06
886	9.96612165858e-06
887	9.95436522331e-06
888	9.9424350021e-06
889	9.93174329347e-06
890	9.91766956374e-06
891	9.90855284741e-06
892	9.89096670038e-06
893	9.87692249262e-06
894	9.86514230948e-06
895	9.8509482014e-06
896	9.83660272733e-06
897	9.82422951899e-06
898	9.80984921645e-06
899	9.79534793459e-06
900	9.78354155544e-06
901	9.76783320728e-06
902	9.75572159411e-06
903	9.74033017189e-06
904	9.72821249018e-06
905	9.7130328173e-06
906	9.69891389171e-06
907	9.68593099383e-06
908	9.6728882337e-06
909	9.65693708058e-06
910	9.64377695821e-06
911	9.63018982717e-06
912	9.61671025909e-06
913	9.6026878295e-06
914	9.58894208258e-06
915	9.57521901135e-06
916	9.56021751737e-06
917	9.54560801524e-06
918	9.53217698421e-06
919	9.51956852834e-06
920	9.5044733156e-06
921	9.49309308265e-06
922	9.4777597138e-06
923	9.46348353408e-06
924	9.45134061331e-06
925	9.43486004822e-06
926	9.42114579442e-06
927	9.40902738884e-06
928	9.39456596035e-06
929	9.38085684733e-06
930	9.3659756078e-06
931	9.35268355303e-06
932	9.33841925317e-06
933	9.32572164154e-06
934	9.30920655106e-06
935	9.29505405283e-06
936	9.28374910293e-06
937	9.26955357429e-06
938	9.253702455e-06
939	9.24263711349e-06
940	9.23031531582e-06
941	9.2122582181e-06
942	9.200466603e-06
943	9.18619630388e-06
944	9.17223888912e-06
945	9.1585553121e-06
946	9.14548676625e-06
947	9.12825484538e-06
948	9.11919621629e-06
949	9.10278807992e-06
950	9.08827823553e-06
951	9.0759265585e-06
952	9.06310410123e-06
953	9.04989618538e-06
954	9.03446153942e-06
955	9.01912285832e-06
956	9.00812311331e-06
957	8.99334366748e-06
958	8.97970639835e-06
959	8.96856631498e-06
960	8.95489700953e-06
961	8.93727890894e-06
962	8.92604665791e-06
963	8.91311380618e-06
964	8.898919036e-06
965	8.88662602279e-06
966	8.87122524855e-06
