1	0.999999999998
2	0.900116473092
3	0.0668016721147
4	0.0426382762726
5	0.014247213372
6	0.113570867685
7	0.172257393337
8	0.0439761321544
9	0.0238812693773
10	0.0744608282586
11	0.421388242854
12	0.0670903079928
13	0.0272317625465
14	0.0372876040804
15	0.0925286479309
16	0.155271980209
17	0.0628771329101
18	0.0523957391889
19	0.0844105413286
20	0.091364014802
21	0.0564993738083
22	0.0406291229892
23	0.0371269983979
24	0.0396824313065
25	0.0395798380132
26	0.0356996722351
27	0.0305924573384
28	0.0279281829954
29	0.0267603710553
30	0.0249558431801
31	0.0232810089434
32	0.0223346929839
33	0.0205353341013
34	0.0194692727729
35	0.0181196799241
36	0.0163838850535
37	0.014290284563
38	0.0131493433491
39	0.0125116701259
40	0.0130372650108
41	0.0130923808203
42	0.0127698921877
43	0.0121165398864
44	0.0110006745931
45	0.00958951509774
46	0.0085605757748
47	0.00761631570053
48	0.00790946316504
49	0.00800525121011
50	0.00860218159147
51	0.00844626813298
52	0.00813213470076
53	0.00759676104085
54	0.00691959936916
55	0.00620378019188
56	0.00571864023728
57	0.00563728055066
58	0.00589339330803
59	0.00616395189136
60	0.00627219894687
61	0.00625923146688
62	0.0061002122695
63	0.00578374863674
64	0.00542844562437
65	0.00505214151883
66	0.00479985477991
67	0.00458232629761
68	0.00456438970654
69	0.00457298234685
70	0.00464194950862
71	0.00450825436189
72	0.00433971772252
73	0.00421361159679
74	0.00408972975084
75	0.00402998225137
76	0.00407313939784
77	0.00419236123683
78	0.00426663552222
79	0.00430990674515
80	0.00432624179999
81	0.00422099044401
82	0.00415131509759
83	0.00401433801156
84	0.00389820770823
85	0.00380348825731
86	0.00372339033465
87	0.00364283013705
88	0.00358251542878
89	0.00354183223574
90	0.00352139667799
91	0.00349417669265
92	0.00347861919763
93	0.00345496862116
94	0.00344846903258
95	0.00346516969278
96	0.00349423057587
97	0.00350167396226
98	0.00349044159641
99	0.00346556130216
100	0.00343961450331
101	0.00340311283305
102	0.003357778388
103	0.00330282470873
104	0.0032662075804
105	0.00322749869133
106	0.00319100146711
107	0.003169813793
108	0.00314766922942
109	0.0031122241402
110	0.00307571022937
111	0.00304219391047
112	0.00301614415585
113	0.00299719858912
114	0.00298980909649
115	0.002972629427
116	0.00295897195499
117	0.00295500791828
118	0.00293505077981
119	0.00289092010413
120	0.00285955783747
121	0.00283047009113
122	0.00280721438823
123	0.00278667220076
124	0.0027633169121
125	0.002736759861
126	0.00270953944711
127	0.00268688474072
128	0.00265432561011
129	0.00262411575273
130	0.0026024978304
131	0.00259060902617
132	0.00257267593403
133	0.00254940358584
134	0.002523677073
135	0.00250485426936
136	0.00247994479768
137	0.00245827811089
138	0.00243347848317
139	0.00241064656436
140	0.00238718907964
141	0.0023682804487
142	0.00235632422312
143	0.00233121440839
144	0.00229628014343
145	0.00226681950608
146	0.00224175980049
147	0.00222773251199
148	0.00220825841438
149	0.0021851231007
150	0.00216028026249
151	0.00212937133465
152	0.00209238751954
153	0.00206425029385
154	0.00204495529284
155	0.00201905224907
156	0.0019933399906
157	0.00196615937067
158	0.00194251441059
159	0.00191447989584
160	0.00189122905106
161	0.00187275819297
162	0.0018358236245
163	0.00180799549893
164	0.00177358387704
165	0.00172941391309
166	0.00169552827653
167	0.00167435716028
168	0.00165674665784
169	0.00163607034418
170	0.00161281762341
171	0.00158825771195
172	0.00156679278846
173	0.00154661827607
174	0.00152703741344
175	0.00150525329119
176	0.00148188242354
177	0.00146360012409
178	0.00145994216486
179	0.00145337658501
180	0.00142536042531
181	0.00140737328803
182	0.0013931559196
183	0.00138478218263
184	0.00137532857743
185	0.001360721617
186	0.00134246708643
187	0.0013146427081
188	0.00127281766343
189	0.00121446807229
190	0.00124072080798
191	0.00130924730896
192	0.00133914383729
193	0.00135131733904
194	0.00135667009806
195	0.00135715473538
196	0.00135063048973
197	0.00134874139334
198	0.00134154260334
199	0.00133283681783
200	0.00132201887101
201	0.00131750248886
202	0.00131084063309
203	0.00130190044897
204	0.00132030937488
205	0.0013458847563
206	0.0013574878182
207	0.00136278224245
208	0.00136465717591
209	0.00136440754004
210	0.00136274449754
211	0.00136008493255
212	0.0013566921331
213	0.00135277940553
214	0.00134842038465
215	0.00134369812435
216	0.00133868163437
217	0.00133342908987
218	0.00132797874007
219	0.00132237580075
220	0.0013166351996
221	0.00131071617298
222	0.00130491837992
223	0.00129880294356
224	0.00129257700911
225	0.00128647949908
226	0.00128019801343
227	0.00127392109278
228	0.00126754214104
229	0.00126126828105
230	0.0012548714598
231	0.00124825898526
232	0.00124186345486
233	0.00123555936052
234	0.00122908659736
235	0.00122248256111
236	0.00121614213523
237	0.00120957360348
238	0.00120315872422
239	0.00119661529914
240	0.00118990677929
241	0.00118340061361
242	0.00117714602519
243	0.00117070215897
244	0.00116429301801
245	0.00115772381295
246	0.00115131844812
247	0.0011448120464
248	0.00113835300176
249	0.00113208634043
250	0.00112581835887
251	0.0011193453703
252	0.00111290222583
253	0.00110674200865
254	0.00110045666703
255	0.00109417795492
256	0.00108788853088
257	0.0010815886438
258	0.00107541647666
259	0.00106921821603
260	0.00106298816372
261	0.00105704511057
262	0.00105078668524
263	0.00104483968546
264	0.00103876205658
265	0.00103270966515
266	0.00102666334963
267	0.00102070931923
268	0.00101476427289
269	0.00100892369616
270	0.00100311565914
271	0.000997379880695
272	0.000991592361131
273	0.00098588155677
274	0.000980120407412
275	0.000974457335135
276	0.000968734405062
277	0.00096310134839
278	0.00095740999154
279	0.000951813413858
280	0.000946228138355
281	0.000940776090706
282	0.000935279152924
283	0.000929884593746
284	0.000924447428747
285	0.00091893175475
286	0.000913562990003
287	0.000908247146651
288	0.00090282542503
289	0.000897557843268
290	0.000892347289854
291	0.000887047243245
292	0.000881915515939
293	0.000876682437814
294	0.000871467715961
295	0.000866406834392
296	0.000861285718399
297	0.000856282463137
298	0.000851203149179
299	0.000846240385576
300	0.000841209691899
301	0.000836281321865
302	0.000831309627739
303	0.000826451598252
304	0.000821557382299
305	0.000816798071936
306	0.000811896001168
307	0.000807192180041
308	0.000802477267534
309	0.000797637970774
310	0.000792919644725
311	0.000788268143457
312	0.000783552572392
313	0.000778952462885
314	0.000774415587761
315	0.000769728701142
316	0.000765223390268
317	0.000760829013666
318	0.00075626400224
319	0.000751913281058
320	0.000747479247184
321	0.000743193658958
322	0.00073892851547
323	0.000734741498748
324	0.000730625969071
325	0.00072651932523
326	0.000722401498776
327	0.000718537388753
328	0.000714756461292
329	0.000711168078461
330	0.000707627634188
331	0.000704199627231
332	0.000700707758209
333	0.000697355479334
334	0.000693927234983
335	0.000690679039908
336	0.000687294416387
337	0.000684049047197
338	0.00068067317276
339	0.00067741761486
340	0.000674056561199
341	0.000670871538909
342	0.000667486029744
343	0.000664262097921
344	0.000660937558298
345	0.00065791282901
346	0.000654572863563
347	0.000651191568467
348	0.000648124610327
349	0.000645099255046
350	0.000641796851986
351	0.000638689006032
352	0.000635409563514
353	0.00063236150346
354	0.000629284724187
355	0.000626113271045
356	0.000622904544271
357	0.000619906773525
358	0.000617005220802
359	0.00061392265872
360	0.000610812286145
361	0.000607904995229
362	0.000604952369721
363	0.000601914706143
364	0.000598893228999
365	0.000595768458191
366	0.000592829562614
367	0.000589685411184
368	0.000586786970157
369	0.000584032876405
370	0.000581154595226
371	0.000578350071841
372	0.000575159489762
373	0.000572346433439
374	0.000569328909422
375	0.000557733795845
376	0.000546013310251
377	0.000536949878685
378	0.000531705527777
379	0.000529318414677
380	0.000527989270479
381	0.000527122504342
382	0.000525625176914
383	0.000523954126251
384	0.000521597941496
385	0.000519262449628
386	0.000516836069171
387	0.000514672274084
388	0.000512598885503
389	0.000510936836362
390	0.000509789560625
391	0.000509005683994
392	0.000508445957599
393	0.00050802881186
394	0.000507598961055
395	0.000507181661617
396	0.000506614216355
397	0.000505885985554
398	0.00050504220259
399	0.000504073768701
400	0.000503073428525
401	0.000501960014457
402	0.00050085307962
403	0.000499657331502
404	0.000498484392114
405	0.000497214745542
406	0.000495998738983
407	0.000494671969531
408	0.000493412423714
409	0.000492038950905
410	0.000490770528487
411	0.000489355733559
412	0.000488080541267
413	0.000486636070573
414	0.000485359374934
415	0.000483894574757
416	0.000482629171334
417	0.000481138266406
418	0.000479902467089
419	0.000478377199115
420	0.00047717443628
421	0.000475608936535
422	0.000474446405737
423	0.000472836947737
424	0.000471710340336
425	0.000470083555916
426	0.000468972930679
427	0.000467348327553
428	0.000466236229959
429	0.000464630614833
430	0.000463506566486
431	0.000461905202575
432	0.000460785692722
433	0.0004592031826
434	0.000458068644633
435	0.000456522452008
436	0.000455367794301
437	0.000453836604171
438	0.000452682632438
439	0.000451187652706
440	0.000450017952762
441	0.000448562684361
442	0.000447371626969
443	0.000445956816605
444	0.000444752436035
445	0.000443373103375
446	0.000442163256568
447	0.000440812733624
448	0.000439605658293
449	0.000438248101617
450	0.000437046670225
451	0.000435716709683
452	0.000434319869025
453	0.000433127764269
454	0.000432136571029
455	0.000430667521376
456	0.000429415920153
457	0.000428162948645
458	0.00042709860228
459	0.00042571931423
460	0.000424419223618
461	0.000423222086539
462	0.000422287128483
463	0.00042084803312
464	0.000419474557029
465	0.000418388846804
466	0.000417276065958
467	0.000416044556472
468	0.000414663610752
469	0.000413571031164
470	0.000412579389233
471	0.000411150110993
472	0.0004099374371
473	0.00040895507672
474	0.000407618398315
475	0.000406576787373
476	0.000405236684689
477	0.000404245216942
478	0.000403086880069
479	0.000401885815868
480	0.000400899273955
481	0.000399575812828
482	0.00039857884577
483	0.000397398674134
484	0.000396196613806
485	0.000395062220417
486	0.000394105067623
487	0.000392918998517
488	0.000391735056226
489	0.000390711283407
490	0.000389686879999
491	0.000388438910019
492	0.00038738121382
493	0.000386363184968
494	0.000385156638798
495	0.000384176116672
496	0.000383026963153
497	0.00038183597913
498	0.000380845219624
499	0.000379775789261
500	0.000378768469859
501	0.000377654272033
502	0.000376663199544
503	0.000375762085348
504	0.000374577427074
505	0.000373572105806
506	0.000372423778385
507	0.00035883462554
508	0.000358376419375
509	0.000348171677702
510	0.000339895873765
511	0.000333659322453
512	0.000330556723329
513	0.000330155413612
514	0.000330522824611
515	0.000331144744188
516	0.000331291578228
517	0.000330950826557
518	0.000330204360106
519	0.000329091807608
520	0.000327950386806
521	0.000327070347309
522	0.000325985849424
523	0.000325196572584
524	0.000324278107201
525	0.000323300576765
526	0.000322362232053
527	0.000321511089353
528	0.000320666449328
529	0.000319735377164
530	0.000318795811381
531	0.000318017627813
532	0.000317143426405
533	0.000316249528561
534	0.000315387478341
535	0.000314523408835
536	0.000313671558175
537	0.000312824733242
538	0.000311993947336
539	0.000311164477847
540	0.000310345596534
541	0.00030952899149
542	0.000308717085507
543	0.000307907799698
544	0.000307098876973
545	0.000306292162262
546	0.000305486815715
547	0.000304683465282
548	0.000303881727951
549	0.000303082602436
550	0.000302284844388
551	0.000301492901525
552	0.000300698521699
553	0.000299915002931
554	0.000299126734151
555	0.000298352476784
556	0.00029757106156
557	0.000296804210872
558	0.000296032589438
559	0.000295271113921
560	0.000294508480314
561	0.000293752215468
562	0.000292997194983
563	0.00029224657864
564	0.000291497907941
565	0.000290752538201
566	0.000290009334463
567	0.000289269082629
568	0.000288531164344
569	0.000287796539086
570	0.000287062025171
571	0.000286334558914
572	0.000285603956053
573	0.00028488315155
574	0.000284157173714
575	0.000283441917844
576	0.000282721404258
577	0.000282011509901
578	0.000281296721391
579	0.000280592130762
580	0.000279883548009
581	0.000279183127735
582	0.000278481149134
583	0.000277785414124
584	0.000277088584272
585	0.000276397526719
586	0.000275706146523
587	0.000275019067072
588	0.000274333608504
589	0.000273650811673
590	0.000272970072933
591	0.000272291819704
592	0.000271615886089
593	0.000270942376
594	0.000270271097797
595	0.00026960226279
596	0.00026893571693
597	0.000268271461507
598	0.000267583333892
599	0.000266943036217
600	0.000266234293805
601	0.000265671479415
602	0.000264852941392
603	0.000264268603135
604	0.000263726889217
605	0.000263073497959
606	0.000262524520645
607	0.000261838793689
608	0.000261123776752
609	0.000260349420466
610	0.000259722083567
611	0.000259071332341
612	0.000258573214764
613	0.000258057166878
614	0.000257401412441
615	0.00025672108861
616	0.000256121348585
617	0.000255513219751
618	0.000254826382312
619	0.000254109804046
620	0.00025349742823
621	0.000252826348782
622	0.000252298164983
623	0.000251831422185
624	0.00025120038988
625	0.000250699924378
626	0.000250068642286
627	0.000249442905479
628	0.000248740721918
629	0.000247979804714
630	0.000247402872346
631	0.000246786476183
632	0.000246472527875
633	0.000245900051325
634	0.000245182843527
635	0.000244482526879
636	0.000243923480677
637	0.000243459860174
638	0.000242861668656
639	0.000242420026812
640	0.000241775262235
641	0.000241122717941
642	0.000240470756936
643	0.000239877425823
644	0.000239302347588
645	0.00023867490627
646	0.000238384150845
647	0.000237711332204
648	0.000237204612842
649	0.000236590485613
650	0.000235898568663
651	0.000235354591759
652	0.000234955936995
653	0.000234323239151
654	0.00023380277945
655	0.000233240815166
656	0.00023259114093
657	0.000232063624957
658	0.000231627712255
659	0.000231009357548
660	0.000230503652474
661	0.000229939860675
662	0.000229340683006
663	0.000228800384685
664	0.00022834523051
665	0.000227824086974
666	0.000227306502605
667	0.000226624730056
668	0.00022610945159
669	0.000225670774664
670	0.000225151620124
671	0.000224646426908
672	0.000223981902586
673	0.000223482100108
674	0.00022305690483
675	0.000206033534226
676	0.000205983655977
677	0.000209743438315
678	0.00019929917547
679	0.000204168278871
680	0.000193783727769
681	0.000183845734459
682	0.000192826020753
683	0.000187761134795
684	0.000182119253265
685	0.000176080638376
686	0.000171800843689
687	0.000169795205961
688	0.000169315803272
689	0.000169962718902
690	0.000170647421845
691	0.000171117095764
692	0.00017113462994
693	0.000170923094763
694	0.000170455816877
695	0.000169974540532
696	0.000169445414346
697	0.000169017966996
698	0.000168556895567
699	0.000168238030128
700	0.000167733978548
701	0.000167311003427
702	0.000166931259738
703	0.000166641486441
704	0.000166337083858
705	0.000165872339119
706	0.000165505473012
707	0.000165171114905
708	0.000164790733551
709	0.000164381994008
710	0.0001639921012
711	0.000163593649161
712	0.000163242239441
713	0.000162854052469
714	0.00016252660958
715	0.000162152524409
716	0.000161835674342
717	0.000161465101136
718	0.000161149964102
719	0.000160771002091
720	0.000160462416178
721	0.00016008027179
722	0.000159781410001
723	0.000159406470863
724	0.000159111731791
725	0.000158743364172
726	0.000158450045962
727	0.000158081185179
728	0.000157790781402
729	0.000157421146606
730	0.000157135427203
731	0.000156770077875
732	0.000156488240752
733	0.000156129578118
734	0.000155850006273
735	0.000155495949413
736	0.000155218344523
737	0.000154867118596
738	0.000154592058613
739	0.000154244509523
740	0.000153972013685
741	0.000153629272619
742	0.000153358691499
743	0.000153020433231
744	0.00015275123947
745	0.000152416451203
746	0.000152148579442
747	0.000151817008247
748	0.000151550603549
749	0.000151222648603
750	0.000150957622854
751	0.000150633563271
752	0.000150369721472
753	0.000150049470584
754	0.000149786672818
755	0.000149469926474
756	0.000149208138896
757	0.00014889491887
758	0.000148634110138
759	0.000148324606588
760	0.00014806479621
761	0.000147758953942
762	0.000147499928247
763	0.000147197533511
764	0.000146939201688
765	0.000146640126112
766	0.00014638244857
767	0.000146086655415
768	0.000145829629233
769	0.000145537171549
770	0.000145280742885
771	0.000144991461973
772	0.0001447355896
773	0.00014444940657
774	0.000144194094949
775	0.000143910890336
776	0.00014365611376
777	0.000143375839745
778	0.000143121628456
779	0.000142844273704
780	0.000142590603712
781	0.000142315994128
782	0.000142062863422
783	0.000141790920444
784	0.000141538366816
785	0.000141269115871
786	0.000141017234934
787	0.000140750505242
788	0.00014049923765
789	0.000140234953537
790	0.000139984380943
791	0.000139722484351
792	0.000139472651956
793	0.000139212985858
794	0.000138963882228
795	0.000138706295351
796	0.000138457925589
797	0.000138202382791
798	0.000137954862691
799	0.000137701324797
800	0.000137454718399
801	0.000137203084809
802	0.000136957364932
803	0.000136707507826
804	0.000136462703615
805	0.000136214498109
806	0.000135970644471
807	0.000135724070591
808	0.00013548119474
809	0.000135236201739
810	0.000134994374749
811	0.000134750900536
812	0.000134510081817
813	0.000134268036452
814	0.000134028278422
815	0.000133787630278
816	0.000133548930306
817	0.000133309648721
818	0.000133072052762
819	0.000132834132712
820	0.000132597650897
821	0.000132361016084
822	0.000132125625835
823	0.00013189025466
824	0.000131655983836
825	0.000131421841952
826	0.000131188667453
827	0.000130955735535
828	0.000130723673506
829	0.000130491882121
830	0.000130260903828
831	0.00013003027067
832	0.000129800380708
833	0.000129570881301
834	0.000129342058358
835	0.000129113642065
836	0.000128885852669
837	0.00012865854651
838	0.000128431847961
839	0.000128205603859
840	0.0001279799562
841	0.000127754790412
842	0.000127530206207
843	0.000127306122105
844	0.000127082589352
845	0.000126859534651
846	0.000126637003663
847	0.000126414956524
848	0.000126193445345
849	0.00012597241931
850	0.000125751913292
851	0.000125531907221
852	0.000125312427858
853	0.000125093441602
854	0.000124874981415
855	0.000124657025664
856	0.000124439578117
857	0.000124222619822
858	0.000124006150581
859	0.000123790155718
860	0.00012357463047
861	0.000123359593259
862	0.000123145052017
863	0.00012293099591
864	0.000122717418856
865	0.000122504315833
866	0.00012229167595
867	0.00012207949832
868	0.000121867811954
869	0.000121656591027
870	0.000121445831028
871	0.000121235518508
872	0.000121025679935
873	0.000120816315225
874	0.000120607420646
875	0.000120398992315
876	0.000120191005683
877	0.000119983465814
878	0.000119776374568
879	0.0001195697472
880	0.00011936356881
881	0.00011915782964
882	0.000118952544825
883	0.000118747703408
884	0.000118543305918
885	0.000118339356478
886	0.000118135871829
887	0.000117932847121
888	0.000117730258507
889	0.000117528093941
890	0.000117326354136
891	0.000117125063643
892	0.000116924205075
893	0.000116723792009
894	0.000116523790912
895	0.000116324202401
896	0.000116125048201
897	0.000115926334845
898	0.000115728046143
899	0.000115530190723
900	0.000115332762372
901	0.000115135750454
902	0.000114939152206
903	0.000114742976177
904	0.000114547201666
905	0.000114351817507
906	0.000114156830967
907	0.000113962264753
908	0.000113768116212
909	0.000113574374462
910	0.000113381046181
911	0.000113188118517
912	0.000112995578001
913	0.000112803442682
914	0.000112611723489
915	0.000112420407918
916	0.000112229489319
917	0.000112038979946
918	0.00011184887672
919	0.000111659034668
920	0.000111469798537
921	0.000111281052795
922	0.000111092328855
923	0.000110904488942
924	0.000110716789098
925	0.000110529586117
926	0.000110342637117
927	0.000110156120731
928	0.000109969934762
929	0.000109784164623
930	0.000109598799462
931	0.000109413859506
932	0.000109229293168
933	0.000109045102863
934	0.000108861277896
935	0.000108677829669
936	0.000108494746001
937	0.000108312026107
938	0.000108129673528
939	0.000107947704398
940	0.000107761683286
941	0.000107584071977
942	0.000107406309796
943	0.000107227488423
944	0.000107046508893
945	0.00010686500589
946	0.000106683481198
947	0.000106498752319
948	0.000106323752281
949	0.00010614979147
950	0.000105972661067
951	0.00010579663431
952	0.000105617531476
953	0.00010544198339
954	0.000105260202638
955	0.000105085880772
956	0.000104910952277
957	0.00010473600499
958	0.000104562162638
959	0.000104386908321
960	0.000104213490904
961	0.00010403845182
962	0.000103864026155
963	0.000103691101674
964	0.000103518099615
965	0.000103345739302
966	8.333626107e-05
