1	0.0572562251192
2	0.0784411360898
3	0.0056472746146
4	0.00362840034368
5	0.00110642408471
6	0.009616873548
7	0.0147303594571
8	0.00370537116892
9	0.00195713522154
10	0.00635097092138
11	0.0363531130461
12	0.00572493217744
13	0.00225194834094
14	0.00310358245392
15	0.00778254507757
16	0.0128683183724
17	0.00510108874153
18	0.00425363445882
19	0.00705882487056
20	0.00767145364509
21	0.00469355903084
22	0.0033201793533
23	0.00304491369113
24	0.00325791091711
25	0.00321596153333
26	0.00286602192705
27	0.0024138535082
28	0.00219759952157
29	0.00213567684154
30	0.00199526295074
31	0.00186960394665
32	0.00181888637475
33	0.00165459208719
34	0.00157479514983
35	0.00146427999114
36	0.00131337962342
37	0.0011233516636
38	0.001037995797
39	0.00100310190619
40	0.00106020865287
41	0.0010721177607
42	0.0010498916037
43	0.000994411598988
44	0.000897870249024
45	0.000776071260835
46	0.000685118042554
47	0.000600474812384
48	0.000638039975762
49	0.000647965740632
50	0.000711320260416
51	0.000698204318669
52	0.000671639099467
53	0.000624073303229
54	0.000564926495265
55	0.000503136345387
56	0.000462460572677
57	0.000462763859313
58	0.000492749457025
59	0.000521033580629
60	0.000531464668051
61	0.000531169151885
62	0.000517960098268
63	0.000490788360175
64	0.000459450372855
65	0.000424099115874
66	0.000398773099841
67	0.00037838413053
68	0.00037969918074
69	0.000381945568236
70	0.000389760331766
71	0.000378261798156
72	0.000363710650151
73	0.000352150169709
74	0.000341531569811
75	0.000338067124299
76	0.000345404445393
77	0.000357881163194
78	0.000364948512653
79	0.000369732932949
80	0.00037143945715
81	0.000362979647022
82	0.000356900715065
83	0.000344760528938
84	0.000334090555765
85	0.000324725754181
86	0.000316576395085
87	0.000309819630851
88	0.000305296216324
89	0.000302387238337
90	0.000300904539414
91	0.000298448230064
92	0.000297379163372
93	0.000296018042643
94	0.000296285069352
95	0.000297655084503
96	0.000299658982214
97	0.000299839971679
98	0.000299329778528
99	0.000297699575383
100	0.000295963610358
101	0.000292965755791
102	0.000289014980285
103	0.000284063128204
104	0.000281058550385
105	0.000277791945697
106	0.00027416209244
107	0.000271730482985
108	0.000269358054442
109	0.00026717285883
110	0.000264922583178
111	0.000261830969854
112	0.000259247427393
113	0.000257799415414
114	0.000257357730445
115	0.000255941159546
116	0.000254517962217
117	0.000253921339332
118	0.000251790703149
119	0.000248931217426
120	0.000246195792291
121	0.000243137818774
122	0.000241037395165
123	0.00023946263827
124	0.000237261017627
125	0.000235124867057
126	0.000233181365458
127	0.000231032107553
128	0.000228303635358
129	0.000225469052861
130	0.000223139219293
131	0.00022215795231
132	0.000220866227502
133	0.0002186850607
134	0.000216343720093
135	0.000214962560945
136	0.000212980787685
137	0.000211161972886
138	0.000208730914352
139	0.000206342169565
140	0.000204302896452
141	0.000202450930704
142	0.000201784392534
143	0.000199886556695
144	0.000196881829369
145	0.000194299862088
146	0.000191815095865
147	0.00019047942943
148	0.000188645570094
149	0.00018668364511
150	0.000184784023571
151	0.000182397183883
152	0.000179122885008
153	0.000176533483388
154	0.000175049679271
155	0.000172696223439
156	0.000170586187651
157	0.000168484094868
158	0.000166473898567
159	0.000163805132343
160	0.000162018129551
161	0.000160646302205
162	0.00015772666018
163	0.000155365205735
164	0.00015219615033
165	0.000148435890865
166	0.000145673497234
167	0.000144288579538
168	0.000142879889717
169	0.000140911971553
170	0.000138831867269
171	0.000136987914329
172	0.000135459077766
173	0.000133716447368
174	0.000131970297114
175	0.000130319576939
176	0.000128366819908
177	0.000126596887555
178	0.00012669126437
179	0.000126298477685
180	0.000123600470293
181	0.000122286952809
182	0.000121103796822
183	0.000120629044749
184	0.000119887988718
185	0.000118627353172
186	0.000117130147699
187	0.00011487802898
188	0.000111265110065
189	0.00010630366588
190	0.000108796814787
191	0.000115079398435
192	0.000117783268503
193	0.00011891879725
194	0.000119564929955
195	0.000119687423147
196	0.000119215603091
197	0.000119166216391
198	0.000118582596023
199	0.000117914695394
200	0.000117020957628
201	0.00011674950955
202	0.000116245534798
203	0.000115517320645
204	0.000117219602768
205	0.000119518593411
206	0.000120561440702
207	0.000121040213022
208	0.000121214109736
209	0.00012119759846
210	0.000121054332767
211	0.000120821687688
212	0.000120522738374
213	0.000120176396416
214	0.000119789070831
215	0.000119369707995
216	0.000118924200156
217	0.000118457529262
218	0.000117972953291
219	0.000117473790911
220	0.000116962241032
221	0.000116434820858
222	0.000115916141533
223	0.000115369792958
224	0.000114814014059
225	0.00011426895082
226	0.000113708043799
227	0.000113148953634
228	0.000112579379038
229	0.000112020613817
230	0.000111447269661
231	0.000110856950438
232	0.000110284392122
233	0.000109721320609
234	0.000109142218826
235	0.000108553233679
236	0.000107987553797
237	0.000107401361097
238	0.000106829188262
239	0.000106244578056
240	0.000105646666108
241	0.000105065938275
242	0.000104508554114
243	0.000103933432517
244	0.000103360556022
245	0.00010277512339
246	0.000102203300051
247	0.000101623521994
248	0.000101049034581
249	0.000100492137003
250	9.99313500181e-05
251	9.93543398532e-05
252	9.87801351514e-05
253	9.82305794039e-05
254	9.76690530089e-05
255	9.71106314125e-05
256	9.6548199016e-05
257	9.59880304189e-05
258	9.54404636671e-05
259	9.48883181743e-05
260	9.43322354178e-05
261	9.38061811552e-05
262	9.32480987419e-05
263	9.27182076483e-05
264	9.2177668444e-05
265	9.16409465788e-05
266	9.11042046448e-05
267	9.05766883428e-05
268	9.00486969458e-05
269	8.95300284213e-05
270	8.90140336046e-05
271	8.85045833422e-05
272	8.79913574112e-05
273	8.7485578585e-05
274	8.6974159249e-05
275	8.64723299474e-05
276	8.59643450547e-05
277	8.54657053467e-05
278	8.49610255906e-05
279	8.44674764184e-05
280	8.3970712856e-05
281	8.34875281557e-05
282	8.29965635514e-05
283	8.25178106853e-05
284	8.20346961403e-05
285	8.15444016281e-05
286	8.10694822744e-05
287	8.0596550456e-05
288	8.01136864335e-05
289	7.96457195137e-05
290	7.91820472379e-05
291	7.87093909806e-05
292	7.82548494216e-05
293	7.7787996955e-05
294	7.73243759219e-05
295	7.68761959967e-05
296	7.64189227123e-05
297	7.5976064016e-05
298	7.55242931654e-05
299	7.5086626861e-05
300	7.46395803257e-05
301	7.42055096463e-05
302	7.37650071965e-05
303	7.33379654832e-05
304	7.29040103317e-05
305	7.24821962727e-05
306	7.20490456996e-05
307	7.16327349482e-05
308	7.12084254931e-05
309	7.07797261634e-05
310	7.03610163484e-05
311	6.99463415359e-05
312	6.95267471177e-05
313	6.9118235173e-05
314	6.87165030074e-05
315	6.82991620631e-05
316	6.7898454047e-05
317	6.7509277675e-05
318	6.71032313269e-05
319	6.6718179721e-05
320	6.63248579509e-05
321	6.59466383358e-05
322	6.55696547419e-05
323	6.52016735655e-05
324	6.48405416011e-05
325	6.44823440052e-05
326	6.41217921441e-05
327	6.37856601121e-05
328	6.34589196259e-05
329	6.31525633632e-05
330	6.28467698355e-05
331	6.25501435122e-05
332	6.22456684562e-05
333	6.19558401665e-05
334	6.16572544414e-05
335	6.13770949029e-05
336	6.10834478533e-05
337	6.08040017146e-05
338	6.05125299241e-05
339	6.02327744527e-05
340	5.99427194276e-05
341	5.96683839821e-05
342	5.93766640353e-05
343	5.90989520475e-05
344	5.88108555218e-05
345	5.85486807494e-05
346	5.82593844808e-05
347	5.79641650132e-05
348	5.76968411416e-05
349	5.74326705039e-05
350	5.71444562203e-05
351	5.68720780667e-05
352	5.65845126229e-05
353	5.63162537674e-05
354	5.60455640738e-05
355	5.57658784383e-05
356	5.54824546651e-05
357	5.52161765499e-05
358	5.49584572363e-05
359	5.46853382649e-05
360	5.44100875338e-05
361	5.41516342666e-05
362	5.38896120696e-05
363	5.36206986299e-05
364	5.33531107132e-05
365	5.30765249678e-05
366	5.28170946215e-05
367	5.25390733088e-05
368	5.22829489648e-05
369	5.20388694272e-05
370	5.17843959694e-05
371	5.15367980189e-05
372	5.12540322573e-05
373	5.10057583782e-05
374	5.07386019482e-05
375	4.9682211903e-05
376	4.86328638067e-05
377	4.78123466291e-05
378	4.73362593112e-05
379	4.71213862736e-05
380	4.70079571242e-05
381	4.69423406162e-05
382	4.68170162028e-05
383	4.66782065441e-05
384	4.64708371592e-05
385	4.62663693673e-05
386	4.60502053749e-05
387	4.58602911274e-05
388	4.56792600191e-05
389	4.5534499161e-05
390	4.54346531056e-05
391	4.53665936311e-05
392	4.5317452544e-05
393	4.52827184279e-05
394	4.52479127388e-05
395	4.52151681997e-05
396	4.51694644982e-05
397	4.51093557378e-05
398	4.50394926835e-05
399	4.49577978056e-05
400	4.48738320942e-05
401	4.47792965318e-05
402	4.46856630691e-05
403	4.45838401284e-05
404	4.44841341301e-05
405	4.4375612174e-05
406	4.42717256091e-05
407	4.41577185398e-05
408	4.40497969183e-05
409	4.39315949285e-05
410	4.38226894019e-05
411	4.37007661228e-05
412	4.35913276315e-05
413	4.34669532186e-05
414	4.33577013671e-05
415	4.32312576732e-05
416	4.31222269533e-05
417	4.2992570449e-05
418	4.28851989084e-05
419	4.27518222943e-05
420	4.26473451061e-05
421	4.25103433784e-05
422	4.2409372471e-05
423	4.22683510466e-05
424	4.21704774744e-05
425	4.20277163068e-05
426	4.19313656631e-05
427	4.17888147885e-05
428	4.16921704901e-05
429	4.15512126336e-05
430	4.14534927327e-05
431	4.13128635017e-05
432	4.12154806576e-05
433	4.10765068157e-05
434	4.09777918081e-05
435	4.08419963397e-05
436	4.07416024994e-05
437	4.06073949963e-05
438	4.05072096774e-05
439	4.03763715619e-05
440	4.02750867874e-05
441	4.01478682601e-05
442	4.00442905871e-05
443	3.99202127936e-05
444	3.981489827e-05
445	3.96933792111e-05
446	3.95871731323e-05
447	3.94680622462e-05
448	3.93620949336e-05
449	3.92424522641e-05
450	3.91368777976e-05
451	3.9019585595e-05
452	3.88969412633e-05
453	3.87919813457e-05
454	3.87038242353e-05
455	3.85752733404e-05
456	3.84653702644e-05
457	3.83548205636e-05
458	3.82607429689e-05
459	3.81398488267e-05
460	3.80244613469e-05
461	3.79188614187e-05
462	3.78366224793e-05
463	3.77095129468e-05
464	3.75889572308e-05
465	3.74930293013e-05
466	3.73951834068e-05
467	3.72863015944e-05
468	3.71649994128e-05
469	3.70683261736e-05
470	3.69803540677e-05
471	3.68550994344e-05
472	3.6748559609e-05
473	3.66623242731e-05
474	3.65447483234e-05
475	3.64526959688e-05
476	3.63349337332e-05
477	3.62471742778e-05
478	3.61448240878e-05
479	3.60374349159e-05
480	3.59506030034e-05
481	3.58339457011e-05
482	3.57447901703e-05
483	3.56402528111e-05
484	3.55342938871e-05
485	3.54335804489e-05
486	3.53485740589e-05
487	3.52432549255e-05
488	3.5137192525e-05
489	3.50475596075e-05
490	3.49564539442e-05
491	3.48462061256e-05
492	3.47523293776e-05
493	3.4661800552e-05
494	3.45546762272e-05
495	3.44674001014e-05
496	3.43660188031e-05
497	3.4260416873e-05
498	3.41727712352e-05
499	3.40766742055e-05
500	3.39878847621e-05
501	3.38893887063e-05
502	3.38016505138e-05
503	3.37204659635e-05
504	3.36159805085e-05
505	3.35268252013e-05
506	3.34247240427e-05
507	3.21865632162e-05
508	3.21546804915e-05
509	3.1222208812e-05
510	3.04763938338e-05
511	2.99098379776e-05
512	2.96277580172e-05
513	2.95894087867e-05
514	2.96226144343e-05
515	2.96817302986e-05
516	2.96994556218e-05
517	2.96717522032e-05
518	2.96073470169e-05
519	2.95085038926e-05
520	2.94070183798e-05
521	2.93280349589e-05
522	2.92327167604e-05
523	2.91622555437e-05
524	2.9082016426e-05
525	2.89959932484e-05
526	2.89133875121e-05
527	2.88383111712e-05
528	2.8763895852e-05
529	2.86814159468e-05
530	2.85978968305e-05
531	2.85285616426e-05
532	2.84514515807e-05
533	2.8372571052e-05
534	2.8296448851e-05
535	2.82200948099e-05
536	2.81448151e-05
537	2.80699381038e-05
538	2.79964850909e-05
539	2.79231375597e-05
540	2.78507310966e-05
541	2.77785201594e-05
542	2.77067091409e-05
543	2.76351338289e-05
544	2.75635937156e-05
545	2.74922405259e-05
546	2.74210013857e-05
547	2.73499413579e-05
548	2.72790099087e-05
549	2.72083123878e-05
550	2.7137703999e-05
551	2.7067598393e-05
552	2.69972736424e-05
553	2.69279130649e-05
554	2.68581101442e-05
555	2.67895516221e-05
556	2.67203398909e-05
557	2.66524320434e-05
558	2.65840661049e-05
559	2.65166084388e-05
560	2.64490357857e-05
561	2.6382027632e-05
562	2.63151250151e-05
563	2.62486122754e-05
564	2.61822685e-05
565	2.61162063457e-05
566	2.60503241653e-05
567	2.59846912029e-05
568	2.59192562196e-05
569	2.58541090027e-05
570	2.57889571959e-05
571	2.57244179513e-05
572	2.56595720455e-05
573	2.55956065002e-05
574	2.55311604174e-05
575	2.54676732538e-05
576	2.54036965984e-05
577	2.53406797468e-05
578	2.52772099548e-05
579	2.5214665182e-05
580	2.51517449591e-05
581	2.50895459287e-05
582	2.50271961915e-05
583	2.4965408146e-05
584	2.49035023447e-05
585	2.48421107437e-05
586	2.47806781409e-05
587	2.47196269095e-05
588	2.4658706259e-05
589	2.45980182556e-05
590	2.45375088848e-05
591	2.44772219958e-05
592	2.44171263903e-05
593	2.43572366169e-05
594	2.42975393341e-05
595	2.42380479928e-05
596	2.41787520554e-05
597	2.41196514281e-05
598	2.40585141369e-05
599	2.4001281803e-05
600	2.39382976623e-05
601	2.38877413233e-05
602	2.38161392377e-05
603	2.37639267973e-05
604	2.37154666665e-05
605	2.3656993702e-05
606	2.36064484077e-05
607	2.35465820232e-05
608	2.34834236618e-05
609	2.34148841821e-05
610	2.3358866947e-05
611	2.3301343525e-05
612	2.32565751184e-05
613	2.32102309935e-05
614	2.31515035906e-05
615	2.30901409225e-05
616	2.30373391149e-05
617	2.29834673508e-05
618	2.29225686257e-05
619	2.28587960956e-05
620	2.28042356903e-05
621	2.27448184919e-05
622	2.26974658001e-05
623	2.26554468412e-05
624	2.2598877663e-05
625	2.25528496619e-05
626	2.24975340323e-05
627	2.2442201772e-05
628	2.2380103527e-05
629	2.23125885133e-05
630	2.22608107014e-05
631	2.22062349247e-05
632	2.21767960911e-05
633	2.21262340942e-05
634	2.2062312741e-05
635	2.20003826369e-05
636	2.1950514815e-05
637	2.1908839521e-05
638	2.18552558387e-05
639	2.18144117669e-05
640	2.17579918358e-05
641	2.1700393516e-05
642	2.1642523346e-05
643	2.1589368867e-05
644	2.15381567685e-05
645	2.14824605675e-05
646	2.14550784795e-05
647	2.13957018939e-05
648	2.13498024065e-05
649	2.12958630998e-05
650	2.12343817257e-05
651	2.11857897439e-05
652	2.11496488197e-05
653	2.10935570674e-05
654	2.10463699413e-05
655	2.09968030395e-05
656	2.09389136973e-05
657	2.08918705806e-05
658	2.0852437961e-05
659	2.07976043075e-05
660	2.07517838103e-05
661	2.07020239016e-05
662	2.06485315954e-05
663	2.06005100151e-05
664	2.05593693165e-05
665	2.05128659981e-05
666	2.04667496341e-05
667	2.04061782998e-05
668	2.03599763268e-05
669	2.03203695277e-05
670	2.02741273243e-05
671	2.02292382643e-05
672	2.01701583338e-05
673	2.01253090026e-05
674	2.0086907503e-05
675	1.85193671833e-05
676	1.85376028713e-05
677	1.88778070268e-05
678	1.79102601414e-05
679	1.83693737732e-05
680	1.74130529956e-05
681	1.65158204327e-05
682	1.73363201971e-05
683	1.6864622707e-05
684	1.63600343791e-05
685	1.5813139486e-05
686	1.54268692842e-05
687	1.52417953251e-05
688	1.51979637517e-05
689	1.5256008212e-05
690	1.53197008849e-05
691	1.53637461101e-05
692	1.53677976928e-05
693	1.53496183774e-05
694	1.53093329291e-05
695	1.52658712556e-05
696	1.52198492004e-05
697	1.51814166642e-05
698	1.51414877128e-05
699	1.51132508004e-05
700	1.50701414171e-05
701	1.50329698736e-05
702	1.49997674974e-05
703	1.49743212271e-05
704	1.49478783109e-05
705	1.49069954104e-05
706	1.4875271769e-05
707	1.48462181578e-05
708	1.48131404682e-05
709	1.47773418921e-05
710	1.47434025569e-05
711	1.47084104175e-05
712	1.46779613145e-05
713	1.46437970599e-05
714	1.46155199542e-05
715	1.45826358772e-05
716	1.4555288203e-05
717	1.45226890182e-05
718	1.44954599259e-05
719	1.44620149029e-05
720	1.44353594869e-05
721	1.44015341939e-05
722	1.43757450582e-05
723	1.43425405048e-05
724	1.43171013196e-05
725	1.42844837271e-05
726	1.42591385235e-05
727	1.42264384834e-05
728	1.42013221143e-05
729	1.41684980452e-05
730	1.41437810075e-05
731	1.41113057607e-05
732	1.40869049882e-05
733	1.40550228371e-05
734	1.4030795508e-05
735	1.39993062238e-05
736	1.39752235832e-05
737	1.3943956609e-05
738	1.39200736445e-05
739	1.38891044594e-05
740	1.38654211231e-05
741	1.38348645344e-05
742	1.38113215106e-05
743	1.37811538433e-05
744	1.37577013695e-05
745	1.37278282091e-05
746	1.37044665824e-05
747	1.36748625749e-05
748	1.36516050443e-05
749	1.36223180172e-05
750	1.35991594547e-05
751	1.35702206535e-05
752	1.35471388598e-05
753	1.35185272368e-05
754	1.34955136284e-05
755	1.34672045507e-05
756	1.34442542457e-05
757	1.34162488544e-05
758	1.33933609137e-05
759	1.33656764686e-05
760	1.33428420973e-05
761	1.33154819274e-05
762	1.32926937179e-05
763	1.32656392675e-05
764	1.32428873642e-05
765	1.32161320069e-05
766	1.31934222198e-05
767	1.31669600078e-05
768	1.31442841714e-05
769	1.31181131905e-05
770	1.30954649986e-05
771	1.30695758954e-05
772	1.30469564873e-05
773	1.30213411683e-05
774	1.29987499544e-05
775	1.29734019548e-05
776	1.29508389634e-05
777	1.29257576249e-05
778	1.29032279732e-05
779	1.28784081939e-05
780	1.28559097894e-05
781	1.28313413917e-05
782	1.28088807654e-05
783	1.27845569506e-05
784	1.27621329531e-05
785	1.27380450501e-05
786	1.271566073e-05
787	1.26917998833e-05
788	1.26694556678e-05
789	1.26458116931e-05
790	1.26235124542e-05
791	1.26000793973e-05
792	1.25778308104e-05
793	1.25545979085e-05
794	1.25324009234e-05
795	1.25093591027e-05
796	1.24872182498e-05
797	1.24643591302e-05
798	1.24422842096e-05
799	1.24196016766e-05
800	1.2397595703e-05
801	1.23750818214e-05
802	1.23531473925e-05
803	1.23307934098e-05
804	1.2308934948e-05
805	1.22867293622e-05
806	1.2264947388e-05
807	1.22428898971e-05
808	1.22211926871e-05
809	1.21992770113e-05
810	1.2177669263e-05
811	1.21558889872e-05
812	1.21343679517e-05
813	1.21127181045e-05
814	1.20912905711e-05
815	1.20697667674e-05
816	1.20484289549e-05
817	1.20270243366e-05
818	1.20057799423e-05
819	1.19844945362e-05
820	1.19633473811e-05
821	1.19421757078e-05
822	1.19211217222e-05
823	1.19000579706e-05
824	1.1879096564e-05
825	1.18581410155e-05
826	1.18372755031e-05
827	1.18164230784e-05
828	1.1795652094e-05
829	1.17749034988e-05
830	1.17542286205e-05
831	1.17335810041e-05
832	1.17129989217e-05
833	1.16924478002e-05
834	1.16719587077e-05
835	1.16515046352e-05
836	1.16311089456e-05
837	1.16107538584e-05
838	1.15904547886e-05
839	1.15701964794e-05
840	1.15499910456e-05
841	1.15298281901e-05
842	1.15097147316e-05
843	1.14896439857e-05
844	1.14696242838e-05
845	1.14496467025e-05
846	1.1429717124e-05
847	1.14098312242e-05
848	1.13899911796e-05
849	1.13701935597e-05
850	1.13504431528e-05
851	1.13307361105e-05
852	1.13110751702e-05
853	1.12914606194e-05
854	1.12718906567e-05
855	1.12523651664e-05
856	1.12328834822e-05
857	1.12134429959e-05
858	1.11940455786e-05
859	1.11746913109e-05
860	1.11553781352e-05
861	1.11361062422e-05
862	1.11168778203e-05
863	1.1097691754e-05
864	1.10785487408e-05
865	1.10594476754e-05
866	1.10403890135e-05
867	1.10213728204e-05
868	1.10023982019e-05
869	1.09834667227e-05
870	1.09645792188e-05
871	1.09457327398e-05
872	1.09269261554e-05
873	1.09081592813e-05
874	1.08894335839e-05
875	1.08707494339e-05
876	1.08521074432e-05
877	1.08335067868e-05
878	1.08149472537e-05
879	1.07964263925e-05
880	1.07779450263e-05
881	1.07595040015e-05
882	1.07411014413e-05
883	1.07227392821e-05
884	1.07044185037e-05
885	1.06861375766e-05
886	1.06678973001e-05
887	1.06496949286e-05
888	1.06315298217e-05
889	1.06134020611e-05
890	1.05953130537e-05
891	1.05772638213e-05
892	1.05592536693e-05
893	1.05412807406e-05
894	1.05233452527e-05
895	1.0505446541e-05
896	1.04875857261e-05
897	1.0469764436e-05
898	1.04519820205e-05
899	1.0434236414e-05
900	1.04165282081e-05
901	1.03988580662e-05
902	1.03812257317e-05
903	1.03636301763e-05
904	1.0346070344e-05
905	1.03285462067e-05
906	1.03110582795e-05
907	1.02936089404e-05
908	1.02761981542e-05
909	1.0258824408e-05
910	1.02414873135e-05
911	1.02241863974e-05
912	1.0206922162e-05
913	1.01896929977e-05
914	1.0172499954e-05
915	1.01553432609e-05
916	1.01382224564e-05
917	1.01211384568e-05
918	1.01040885083e-05
919	1.00870611244e-05
920	1.00700827091e-05
921	1.0053152573e-05
922	1.00362193098e-05
923	1.00193667848e-05
924	1.0002523021e-05
925	9.9857251333e-06
926	9.96894871977e-06
927	9.95221211293e-06
928	9.93550430673e-06
929	9.91883602861e-06
930	9.9022014722e-06
931	9.8856048709e-06
932	9.86904231976e-06
933	9.85251599843e-06
934	9.83602226202e-06
935	9.81956269843e-06
936	9.80313604244e-06
937	9.78674478306e-06
938	9.77038652889e-06
939	9.75406239196e-06
940	9.73738053588e-06
941	9.72142994178e-06
942	9.70549334535e-06
943	9.68944441075e-06
944	9.67321741296e-06
945	9.65692981095e-06
946	9.64065043534e-06
947	9.62407152429e-06
948	9.60835477605e-06
949	9.59275794596e-06
950	9.57685160795e-06
951	9.56106768439e-06
952	9.54499240452e-06
953	9.52923553582e-06
954	9.51292054489e-06
955	9.4972650291e-06
956	9.4815696866e-06
957	9.46585393701e-06
958	9.45025307663e-06
959	9.43452287065e-06
960	9.41896266681e-06
961	9.40325612029e-06
962	9.38759563662e-06
963	9.37207060496e-06
964	9.35654094242e-06
965	9.3410694032e-06
966	7.46281769737e-06
