1	1
2	0.781840034102
3	0.0521545933498
4	0.00873954374439
5	0.0386334222459
6	0.112881951509
7	0.133199608516
8	0.0372284647386
9	0.0373425146024
10	0.142208071063
11	0.0623831112254
12	0.0278581796518
13	0.014940326311
14	0.0128474236609
15	0.0156630431779
16	0.016932804578
17	0.0139407276559
18	0.0123138091795
19	0.0119001741029
20	0.0107880666399
21	0.00935557487037
22	0.00776963861601
23	0.00688418314022
24	0.00641515312367
25	0.00592054362422
26	0.00524082608775
27	0.00466129246474
28	0.00430834847523
29	0.00433289266184
30	0.00446155608623
31	0.0044342163746
32	0.00422083653794
33	0.00389540981694
34	0.00348749459652
35	0.00307899433043
36	0.00272809433629
37	0.0024943954208
38	0.00240605512051
39	0.0024993235175
40	0.00254127648414
41	0.00250525635431
42	0.00241293250889
43	0.00227195625788
44	0.00209472395824
45	0.00192731798435
46	0.00178916539842
47	0.00172213794445
48	0.00171814405008
49	0.00174045574816
50	0.00172926967474
51	0.0016910082605
52	0.00162544823343
53	0.00154289100651
54	0.00145835434973
55	0.00138487968097
56	0.00132838450939
57	0.00130701465131
58	0.00131370921949
59	0.00130919737095
60	0.00128644581449
61	0.00125408160746
62	0.00122311743233
63	0.00118638166235
64	0.00114705333884
65	0.00111123388716
66	0.00108375145329
67	0.00106794434929
68	0.00106029337288
69	0.00105086139718
70	0.00103448245271
71	0.00101617696662
72	0.000998527410762
73	0.000978957264131
74	0.000960773934589
75	0.000946946267475
76	0.000939064334694
77	0.00093437179732
78	0.000928797930643
79	0.000919680228057
80	0.000907413004075
81	0.000894099739031
82	0.000880766637504
83	0.000866993521079
84	0.000853480030351
85	0.000841006149175
86	0.000830451020244
87	0.000822146679283
88	0.00081424882415
89	0.000805873397148
90	0.000796713780398
91	0.000787029040431
92	0.000777617267129
93	0.000769783036054
94	0.000762661009929
95	0.000755473999937
96	0.00074834073554
97	0.000741525068352
98	0.000735220698263
99	0.00072874682017
100	0.000721911446712
101	0.000714457303918
102	0.000706327008318
103	0.000698260628813
104	0.000691702974782
105	0.00068513476624
106	0.000678546122685
107	0.000671197080117
108	0.00066401346911
109	0.000658147641054
110	0.000652452749126
111	0.000646166171842
112	0.000639119119315
113	0.000632584430042
114	0.000626298396843
115	0.000620776384905
116	0.000615244793277
117	0.00060901197221
118	0.000602816122634
119	0.000598278977296
120	0.000593107003247
121	0.000586978008521
122	0.00058095357444
123	0.000574854364481
124	0.000568621862269
125	0.000562174661208
126	0.000557166451027
127	0.000552333523843
128	0.000547568561859
129	0.000542375930709
130	0.000536448413655
131	0.000531158466861
132	0.00052588248842
133	0.000520102774098
134	0.00051428849914
135	0.000508752400807
136	0.000504426473522
137	0.000499690091276
138	0.000494414601976
139	0.000489097134921
140	0.000483861122611
141	0.000477999297124
142	0.000472786684587
143	0.000467818176017
144	0.000461801770795
145	0.000457464250723
146	0.000452041614966
147	0.000446965132614
148	0.000441042889797
149	0.000435559138339
150	0.000429259096267
151	0.00042383473078
152	0.000417868757765
153	0.000411426217088
154	0.000405942669471
155	0.000399967514365
156	0.000394455019356
157	0.000388897524223
158	0.000384466379134
159	0.000378490277102
160	0.000372913461094
161	0.000367682275033
162	0.000360334316302
163	0.000355073967293
164	0.000347001817232
165	0.000336380636303
166	0.000328653652589
167	0.000325226629134
168	0.000321605676298
169	0.000316456448845
170	0.000310705266644
171	0.000304870895917
172	0.000300129705183
173	0.000295795805726
174	0.000290708700937
175	0.000285989660894
176	0.000280543422449
177	0.000275265799378
178	0.000274548181898
179	0.000272975287162
180	0.000265744027059
181	0.000261361107915
182	0.000257755099348
183	0.000255571509879
184	0.00025313120378
185	0.000249331885624
186	0.00024438091922
187	0.000237943437257
188	0.000228183753549
189	0.000215083082116
190	0.000219428122817
191	0.000232652119107
192	0.000237825717338
193	0.00023945196816
194	0.000239562387425
195	0.000238491768258
196	0.000236291689693
197	0.000234614590249
198	0.000232274745339
199	0.000229675294652
200	0.000226446143802
201	0.00022454177058
202	0.000222235305707
203	0.000219435388013
204	0.000221791332563
205	0.000225727912921
206	0.000226931488851
207	0.000226925290503
208	0.000226286217827
209	0.000225281464973
210	0.000224051158558
211	0.000222674185173
212	0.000221198437154
213	0.000219655127388
214	0.000218064412287
215	0.000216441158454
216	0.000214795922451
217	0.000213136864581
218	0.000211469880377
219	0.000209799178995
220	0.000208127397617
221	0.000206454855253
222	0.000204787808469
223	0.00020312446783
224	0.000201463107994
225	0.00019981104126
226	0.000198165777699
227	0.000196531911033
228	0.000194906726168
229	0.000193293296742
230	0.000191696307824
231	0.000190105380756
232	0.000188521801852
233	0.000186954352541
234	0.000185397386957
235	0.00018384490354
236	0.000182310763843
237	0.000180784869891
238	0.000179274325753
239	0.000177779975844
240	0.000176294925881
241	0.000174818051655
242	0.000173357938819
243	0.0001719057145
244	0.000170468263545
245	0.000169037934231
246	0.000167623188738
247	0.00016621983959
248	0.000164826599906
249	0.000163445491895
250	0.000162081685235
251	0.000160727083258
252	0.000159379060417
253	0.000158045731848
254	0.000156723121321
255	0.000155413455126
256	0.000154115221054
257	0.000152823434167
258	0.000151542393854
259	0.000150277912559
260	0.00014902716009
261	0.000147791606514
262	0.000146561747366
263	0.000145343058573
264	0.000144126868325
265	0.000142931664821
266	0.000141744526388
267	0.000140569679968
268	0.000139401626924
269	0.000138254621569
270	0.000137119070728
271	0.000135994979313
272	0.00013487629573
273	0.000133768264766
274	0.000132664224226
275	0.000131572574543
276	0.00013048399197
277	0.000129406323302
278	0.000128333877112
279	0.000127273533954
280	0.000126223952261
281	0.000125188133517
282	0.000124157099583
283	0.000123134083469
284	0.000122118399699
285	0.000121105815079
286	0.000120103788571
287	0.000119112455825
288	0.000118123577577
289	0.000117146629212
290	0.000116182300334
291	0.000115222875818
292	0.000114272039443
293	0.000113328934781
294	0.000112388946562
295	0.000111462550218
296	0.000110541381737
297	0.000109632521076
298	0.000108727057894
299	0.000107833690057
300	0.000106944810303
301	0.000106066214091
302	0.000105192014145
303	0.000104328556194
304	0.000103472357919
305	0.000102630741167
306	0.00010178538785
307	0.000100960103953
308	0.000100149942227
309	9.93357373163e-05
310	9.85326251958e-05
311	9.77441250353e-05
312	9.69563596505e-05
313	9.61792466689e-05
314	9.54097734558e-05
315	9.46523580595e-05
316	9.39009193697e-05
317	9.31577163513e-05
318	9.24238564782e-05
319	9.17007060861e-05
320	9.09853398889e-05
321	9.02794710814e-05
322	8.95867702924e-05
323	8.89039258695e-05
324	8.8235013239e-05
325	8.75707326578e-05
326	8.69136901538e-05
327	8.62753386557e-05
328	8.56529188141e-05
329	8.50610596618e-05
330	8.44816758412e-05
331	8.3905837638e-05
332	8.33351853438e-05
333	8.2769010086e-05
334	8.22090053124e-05
335	8.16571810247e-05
336	8.11066529915e-05
337	8.05591637792e-05
338	8.00139233412e-05
339	7.94698417014e-05
340	7.89309555848e-05
341	7.83944072389e-05
342	7.78612569378e-05
343	7.73339506508e-05
344	7.68094622051e-05
345	7.62897166933e-05
346	7.57730171823e-05
347	7.52605669389e-05
348	7.47495148017e-05
349	7.42412949483e-05
350	7.37367357086e-05
351	7.32341871326e-05
352	7.27349073102e-05
353	7.22381757849e-05
354	7.17436855068e-05
355	7.12551154784e-05
356	7.0773542519e-05
357	7.02955961275e-05
358	6.98207293614e-05
359	6.93491568574e-05
360	6.88815385524e-05
361	6.84139858929e-05
362	6.79470835833e-05
363	6.74820693155e-05
364	6.70197473064e-05
365	6.65596835828e-05
366	6.61017002446e-05
367	6.56530112334e-05
368	6.52097380814e-05
369	6.47718619256e-05
370	6.43341782576e-05
371	6.38968371555e-05
372	6.34599409533e-05
373	6.30240921587e-05
374	6.25855088224e-05
375	6.2331863786e-05
376	6.20738446403e-05
377	6.17596487925e-05
378	6.13923273804e-05
379	6.09909381596e-05
380	6.05741149872e-05
381	6.01582883572e-05
382	5.97627068065e-05
383	5.94017777704e-05
384	5.90653051122e-05
385	5.87435847269e-05
386	5.84358809901e-05
387	5.81336557717e-05
388	5.78399329869e-05
389	5.75797503803e-05
390	5.73669783998e-05
391	5.71882454405e-05
392	5.70361040507e-05
393	5.69004765386e-05
394	5.67662722488e-05
395	5.6630354081e-05
396	5.64785810444e-05
397	5.63075419492e-05
398	5.61230092279e-05
399	5.59278255282e-05
400	5.57252765763e-05
401	5.55163575431e-05
402	5.53027419502e-05
403	5.50848469949e-05
404	5.48635285718e-05
405	5.46391808358e-05
406	5.44120866701e-05
407	5.41828392769e-05
408	5.39514267723e-05
409	5.37184918658e-05
410	5.34840313045e-05
411	5.32487323309e-05
412	5.30123354448e-05
413	5.27756159545e-05
414	5.25382676099e-05
415	5.23009896971e-05
416	5.20633373743e-05
417	5.18260446764e-05
418	5.15885373164e-05
419	5.13515847385e-05
420	5.1114498925e-05
421	5.08781886315e-05
422	5.06416849275e-05
423	5.04062433855e-05
424	5.01705881818e-05
425	4.99362291846e-05
426	4.97016588536e-05
427	4.94685153393e-05
428	4.92351978142e-05
429	4.9003380202e-05
430	4.87715619077e-05
431	4.85412361089e-05
432	4.83109925077e-05
433	4.80821845278e-05
434	4.7853588034e-05
435	4.76263832676e-05
436	4.73995360517e-05
437	4.71741455603e-05
438	4.69490650561e-05
439	4.67253176029e-05
440	4.650209867e-05
441	4.62801711757e-05
442	4.6058907845e-05
443	4.58389310357e-05
444	4.56197203905e-05
445	4.5401691164e-05
446	4.51845137185e-05
447	4.49683131159e-05
448	4.4753086081e-05
449	4.45389423615e-05
450	4.43257314674e-05
451	4.41134054459e-05
452	4.39056238238e-05
453	4.36946033571e-05
454	4.34817131481e-05
455	4.32765410628e-05
456	4.30683964854e-05
457	4.28618338407e-05
458	4.26550686771e-05
459	4.24522165812e-05
460	4.22501123843e-05
461	4.20467659549e-05
462	4.18447420274e-05
463	4.16474631411e-05
464	4.14488222405e-05
465	4.12498703688e-05
466	4.10516162129e-05
467	4.08546267189e-05
468	4.06636957824e-05
469	4.04690810204e-05
470	4.02741686881e-05
471	4.00856949132e-05
472	3.98941226773e-05
473	3.97025567592e-05
474	3.95154153078e-05
475	3.93254127391e-05
476	3.91411437846e-05
477	3.89543611532e-05
478	3.87704762629e-05
479	3.85861612881e-05
480	3.8400658175e-05
481	3.82218630878e-05
482	3.80386440247e-05
483	3.78601077861e-05
484	3.76822102733e-05
485	3.75054559172e-05
486	3.73278724252e-05
487	3.71529808363e-05
488	3.69771273442e-05
489	3.68008368701e-05
490	3.66266228362e-05
491	3.64576743891e-05
492	3.6286944516e-05
493	3.61161859749e-05
494	3.59491135635e-05
495	3.57800014262e-05
496	3.56140493491e-05
497	3.54477909255e-05
498	3.52817927038e-05
499	3.51166654105e-05
500	3.49525996029e-05
501	3.47905301233e-05
502	3.46282627282e-05
503	3.44660727583e-05
504	3.43078145534e-05
505	3.41483534294e-05
506	3.3991145208e-05
507	3.40395588343e-05
508	3.38628954675e-05
509	3.38486736065e-05
510	3.3811364042e-05
511	3.37379987116e-05
512	3.36241488673e-05
513	3.34768636895e-05
514	3.33236573499e-05
515	3.31695374218e-05
516	3.30246899259e-05
517	3.28878771312e-05
518	3.27569977156e-05
519	3.2630113315e-05
520	3.2504881742e-05
521	3.23777063891e-05
522	3.2253358348e-05
523	3.2125731058e-05
524	3.199977755e-05
525	3.18747164944e-05
526	3.17499474082e-05
527	3.16242410786e-05
528	3.14979648111e-05
529	3.13721085018e-05
530	3.12486772006e-05
531	3.11231093496e-05
532	3.09992394253e-05
533	3.0875808596e-05
534	3.07532741418e-05
535	3.06316652743e-05
536	3.0510946893e-05
537	3.03911313046e-05
538	3.02721248601e-05
539	3.01538323167e-05
540	3.00361613673e-05
541	2.99190957946e-05
542	2.98025830024e-05
543	2.96865657579e-05
544	2.95710133382e-05
545	2.94559266212e-05
546	2.93412954853e-05
547	2.9227157969e-05
548	2.9113482079e-05
549	2.90003105579e-05
550	2.88876768045e-05
551	2.87756011291e-05
552	2.86640694523e-05
553	2.8553105468e-05
554	2.84427017664e-05
555	2.83328605273e-05
556	2.82236001861e-05
557	2.81149078107e-05
558	2.80067847433e-05
559	2.78992127757e-05
560	2.77921864585e-05
561	2.76856948108e-05
562	2.75797285222e-05
563	2.7474274753e-05
564	2.73693269805e-05
565	2.72648926907e-05
566	2.71609553863e-05
567	2.70575143946e-05
568	2.6954562049e-05
569	2.68521104366e-05
570	2.67501410651e-05
571	2.66486724361e-05
572	2.65476860668e-05
573	2.64472000556e-05
574	2.63471955932e-05
575	2.624767834e-05
576	2.61486472887e-05
577	2.60501128202e-05
578	2.59520610171e-05
579	2.58544907796e-05
580	2.57574094112e-05
581	2.56607951272e-05
582	2.55646518843e-05
583	2.54689872252e-05
584	2.53737882566e-05
585	2.52790486318e-05
586	2.51847682086e-05
587	2.50909442635e-05
588	2.49975759218e-05
589	2.49046558195e-05
590	2.4812183825e-05
591	2.4720147627e-05
592	2.46285628102e-05
593	2.45374189064e-05
594	2.44467141913e-05
595	2.43564410057e-05
596	2.42666202969e-05
597	2.4177229346e-05
598	2.40885787496e-05
599	2.40002133911e-05
600	2.39133929779e-05
601	2.38231361657e-05
602	2.37378063535e-05
603	2.36514475223e-05
604	2.35642711492e-05
605	2.34785789406e-05
606	2.338963964e-05
607	2.33045943462e-05
608	2.32214543435e-05
609	2.3139610802e-05
610	2.30552359116e-05
611	2.29723600695e-05
612	2.28883686263e-05
613	2.28040783536e-05
614	2.27216770832e-05
615	2.26383470623e-05
616	2.25560219245e-05
617	2.24753835634e-05
618	2.23965440334e-05
619	2.23179311488e-05
620	2.22371297323e-05
621	2.21583660144e-05
622	2.20790952189e-05
623	2.19988274864e-05
624	2.19198470964e-05
625	2.18383443582e-05
626	2.17597872217e-05
627	2.16830548906e-05
628	2.16084661906e-05
629	2.15348977416e-05
630	2.14581247526e-05
631	2.13829352233e-05
632	2.13040124341e-05
633	2.12284054582e-05
634	2.11536380502e-05
635	2.1080319466e-05
636	2.10067142796e-05
637	2.09321015332e-05
638	2.08584645281e-05
639	2.07819950086e-05
640	2.07092248927e-05
641	2.06381939433e-05
642	2.05679604723e-05
643	2.04968427948e-05
644	2.04246844901e-05
645	2.03543656618e-05
646	2.02808792621e-05
647	2.02119151161e-05
648	2.013958596e-05
649	2.00701383381e-05
650	2.00027780896e-05
651	1.99335123473e-05
652	1.98626557633e-05
653	1.97955712741e-05
654	1.97259976893e-05
655	1.96582409951e-05
656	1.95921576309e-05
657	1.95247567671e-05
658	1.94559979599e-05
659	1.93906787564e-05
660	1.9323068255e-05
661	1.92575191904e-05
662	1.91926354453e-05
663	1.91266828574e-05
664	1.90602722486e-05
665	1.89956051052e-05
666	1.89315865049e-05
667	1.88689111014e-05
668	1.88042307063e-05
669	1.87388385681e-05
670	1.86754822237e-05
671	1.86128379072e-05
672	1.85516457928e-05
673	1.84882920343e-05
674	1.84245879651e-05
675	1.86078026809e-05
676	1.85160219611e-05
677	1.83796448548e-05
678	1.84808065392e-05
679	1.83357716273e-05
680	1.84245957006e-05
681	1.85045765478e-05
682	1.82935418443e-05
683	1.83138905003e-05
684	1.83461433445e-05
685	1.83690653094e-05
686	1.83661496054e-05
687	1.83344015135e-05
688	1.82859504407e-05
689	1.82283214898e-05
690	1.81720625748e-05
691	1.81193168758e-05
692	1.80725369979e-05
693	1.80284455285e-05
694	1.79875351932e-05
695	1.79460882876e-05
696	1.79051607638e-05
697	1.78627954812e-05
698	1.78208701641e-05
699	1.77765752443e-05
700	1.77351505737e-05
701	1.76932580003e-05
702	1.76505917824e-05
703	1.76057858828e-05
704	1.75609226145e-05
705	1.75177226349e-05
706	1.74744528354e-05
707	1.7431038724e-05
708	1.73881945122e-05
709	1.73455266713e-05
710	1.730338581e-05
711	1.72610049714e-05
712	1.72194265159e-05
713	1.71773151438e-05
714	1.71361568036e-05
715	1.70943370381e-05
716	1.70534602399e-05
717	1.70120579203e-05
718	1.69716746531e-05
719	1.69306741031e-05
720	1.68907643033e-05
721	1.68499947355e-05
722	1.6810344544e-05
723	1.67697324935e-05
724	1.67302134015e-05
725	1.66897967519e-05
726	1.66504588505e-05
727	1.66102883018e-05
728	1.65712367724e-05
729	1.65313217172e-05
730	1.64925569253e-05
731	1.64528977939e-05
732	1.64143797015e-05
733	1.63750049405e-05
734	1.63367413629e-05
735	1.62976752936e-05
736	1.62597044703e-05
737	1.62209537219e-05
738	1.61832802912e-05
739	1.61448236329e-05
740	1.61074153639e-05
741	1.60692374263e-05
742	1.60320719946e-05
743	1.59941704046e-05
744	1.59572416754e-05
745	1.59196085805e-05
746	1.58829173787e-05
747	1.58455455514e-05
748	1.58090860546e-05
749	1.57719699037e-05
750	1.57357351942e-05
751	1.56988768446e-05
752	1.56628649331e-05
753	1.56262646259e-05
754	1.55904798637e-05
755	1.55541335634e-05
756	1.55185749917e-05
757	1.54824888581e-05
758	1.54471541764e-05
759	1.54113238563e-05
760	1.53762109719e-05
761	1.53406341419e-05
762	1.53057392829e-05
763	1.52704141909e-05
764	1.5235737208e-05
765	1.52006612919e-05
766	1.51661966742e-05
767	1.51313644587e-05
768	1.50971074232e-05
769	1.50625149743e-05
770	1.50284656375e-05
771	1.49941102158e-05
772	1.49602653206e-05
773	1.49261459071e-05
774	1.48925052943e-05
775	1.48586180658e-05
776	1.48251785549e-05
777	1.4791523877e-05
778	1.47582863368e-05
779	1.47248597489e-05
780	1.46918214388e-05
781	1.46586177386e-05
782	1.46257760856e-05
783	1.45927977297e-05
784	1.4560152883e-05
785	1.45273966991e-05
786	1.44949496293e-05
787	1.44624116684e-05
788	1.44301574415e-05
789	1.43978335015e-05
790	1.43657714107e-05
791	1.43336599866e-05
792	1.43017894445e-05
793	1.42698851085e-05
794	1.4238202928e-05
795	1.42065083302e-05
796	1.41750186524e-05
797	1.41435306357e-05
798	1.41122312832e-05
799	1.40809449155e-05
800	1.40498324976e-05
801	1.40187447389e-05
802	1.39878184711e-05
803	1.39569270996e-05
804	1.39261870238e-05
805	1.38954883333e-05
806	1.38649325684e-05
807	1.38344287779e-05
808	1.38040578871e-05
809	1.37737458607e-05
810	1.37435587281e-05
811	1.37134360042e-05
812	1.36834315751e-05
813	1.36534957924e-05
814	1.36236728393e-05
815	1.35939213512e-05
816	1.35642746219e-05
817	1.35347051404e-05
818	1.35052393474e-05
819	1.34758511485e-05
820	1.34465635011e-05
821	1.34173559504e-05
822	1.33882473137e-05
823	1.3359218898e-05
824	1.33302856739e-05
825	1.33014335455e-05
826	1.32726722392e-05
827	1.32439923159e-05
828	1.32154037206e-05
829	1.31868974493e-05
830	1.31584809871e-05
831	1.31301473033e-05
832	1.31019018238e-05
833	1.30737386649e-05
834	1.30456613369e-05
835	1.30176670831e-05
836	1.29897575762e-05
837	1.29619299514e-05
838	1.29341884452e-05
839	1.29065293177e-05
840	1.28789533989e-05
841	1.28514585153e-05
842	1.28240455295e-05
843	1.27967137692e-05
844	1.27694638401e-05
845	1.27422938398e-05
846	1.27152019227e-05
847	1.26881929157e-05
848	1.26612638837e-05
849	1.26344142469e-05
850	1.26076443741e-05
851	1.2580953986e-05
852	1.25543424881e-05
853	1.25278090057e-05
854	1.25013527326e-05
855	1.24749737594e-05
856	1.24486748229e-05
857	1.24224528612e-05
858	1.23963071486e-05
859	1.23702378098e-05
860	1.23442448648e-05
861	1.23183275522e-05
862	1.22924861484e-05
863	1.2266719658e-05
864	1.22410297927e-05
865	1.22154146843e-05
866	1.2189874362e-05
867	1.21644086356e-05
868	1.21390182186e-05
869	1.21137017057e-05
870	1.20884592816e-05
871	1.20632885157e-05
872	1.2038192348e-05
873	1.20131685673e-05
874	1.19882172712e-05
875	1.19633380081e-05
876	1.19385307613e-05
877	1.19137955948e-05
878	1.18891318474e-05
879	1.18645385247e-05
880	1.18400174317e-05
881	1.18155672404e-05
882	1.17911879633e-05
883	1.17668790679e-05
884	1.17426397039e-05
885	1.1718470075e-05
886	1.16943693507e-05
887	1.1670339105e-05
888	1.16463779496e-05
889	1.16224854254e-05
890	1.15986612396e-05
891	1.15749058045e-05
892	1.15512173141e-05
893	1.15275980453e-05
894	1.1504046783e-05
895	1.14805623841e-05
896	1.14571446782e-05
897	1.14337935008e-05
898	1.14105081203e-05
899	1.1387289655e-05
900	1.13641378141e-05
901	1.13410507248e-05
902	1.1318029628e-05
903	1.12950736293e-05
904	1.12721812293e-05
905	1.12493533068e-05
906	1.12265927867e-05
907	1.12038959554e-05
908	1.11812627746e-05
909	1.11586931657e-05
910	1.11361855914e-05
911	1.11137436062e-05
912	1.1091365063e-05
913	1.10690493491e-05
914	1.10467966517e-05
915	1.1024605158e-05
916	1.1002476716e-05
917	1.09804101631e-05
918	1.09584063649e-05
919	1.09364700472e-05
920	1.09145822364e-05
921	1.08927707638e-05
922	1.08710100073e-05
923	1.08493137755e-05
924	1.08276747517e-05
925	1.08060969196e-05
926	1.0784579319e-05
927	1.07631220779e-05
928	1.07417233687e-05
929	1.0720383909e-05
930	1.06991044475e-05
931	1.06778848318e-05
932	1.06567236537e-05
933	1.06356196415e-05
934	1.06145751214e-05
935	1.05935902615e-05
936	1.05726635589e-05
937	1.05517936486e-05
938	1.0530982215e-05
939	1.05102282336e-05
940	1.04895637659e-05
941	1.04688773713e-05
942	1.044829113e-05
943	1.04277448921e-05
944	1.04072842753e-05
945	1.03868840648e-05
946	1.03665501042e-05
947	1.03462887166e-05
948	1.03259998104e-05
949	1.03057855043e-05
950	1.0285624011e-05
951	1.02655360138e-05
952	1.02455249863e-05
953	1.02255569411e-05
954	1.02056806447e-05
955	1.01857981735e-05
956	1.01659883062e-05
957	1.0146216494e-05
958	1.01265136151e-05
959	1.01068707069e-05
960	1.00872748543e-05
961	1.00677272349e-05
962	1.00482306199e-05
963	1.00287974081e-05
964	1.00094103805e-05
965	9.9900751192e-06
966	1.02535990758e-05
