1	0.0816529803376
2	0.0663674895359
3	0.00441526691764
4	0.00061813298036
5	0.00321089787824
6	0.00953807828265
7	0.0111172534444
8	0.00301888323522
9	0.00308662359766
10	0.0121085422081
11	0.00533632044013
12	0.0023886633172
13	0.00126264993747
14	0.00106942285196
15	0.00130826843623
16	0.00140964706137
17	0.00114336706596
18	0.00101244792895
19	0.00100188081645
20	0.000923332855394
21	0.000799794986158
22	0.000661682459839
23	0.000586803217785
24	0.000548608256486
25	0.000505080185797
26	0.000441242309607
27	0.000388445561761
28	0.000359348547508
29	0.000370402422795
30	0.000384268892712
31	0.000383806253202
32	0.000366222109047
33	0.000337497715278
34	0.000301119979888
35	0.000263780321359
36	0.00023126609085
37	0.000210214829834
38	0.000205450540887
39	0.000216756266166
40	0.000221310996715
41	0.000218569634012
42	0.00021036721078
43	0.000197654499033
44	0.000181818741641
45	0.00016676005032
46	0.000154396844046
47	0.000148810787253
48	0.000150204253334
49	0.000153064790741
50	0.000152396468662
51	0.000149210028707
52	0.00014354553926
53	0.000136316835487
54	0.000128652839745
55	0.00012193907313
56	0.000116737124804
57	0.000115163471032
58	0.000116081883878
59	0.000115894046961
60	0.00011402376136
61	0.000111327917102
62	0.000108682933948
63	0.000105511617068
64	0.00010202938289
65	9.88330694135e-05
66	9.64815621839e-05
67	9.53982842581e-05
68	9.48932382523e-05
69	9.40425966916e-05
70	9.24939094443e-05
71	9.07784282427e-05
72	8.91626393205e-05
73	8.74820736333e-05
74	8.59460251479e-05
75	8.47352251906e-05
76	8.40186981092e-05
77	8.36198836736e-05
78	8.31682486681e-05
79	8.25107767449e-05
80	8.14717244788e-05
81	8.02213801504e-05
82	7.8964052205e-05
83	7.76973256083e-05
84	7.65277130783e-05
85	7.55267039975e-05
86	7.47140458958e-05
87	7.39750386177e-05
88	7.32252789124e-05
89	7.24804522763e-05
90	7.1690151648e-05
91	7.08810573383e-05
92	7.01454329838e-05
93	6.93571755777e-05
94	6.86140014095e-05
95	6.79248325119e-05
96	6.73285717041e-05
97	6.67921688927e-05
98	6.62083718597e-05
99	6.55913506236e-05
100	6.48875271758e-05
101	6.41745490114e-05
102	6.3542924509e-05
103	6.29993684266e-05
104	6.23565600621e-05
105	6.17003991807e-05
106	6.10963990121e-05
107	6.05516318363e-05
108	6.00610174426e-05
109	5.94237998718e-05
110	5.86888682944e-05
111	5.79966763835e-05
112	5.74291373002e-05
113	5.6936827558e-05
114	5.6491753005e-05
115	5.59976246122e-05
116	5.55188062403e-05
117	5.50394947405e-05
118	5.45427652203e-05
119	5.38519116374e-05
120	5.31883642451e-05
121	5.26299080146e-05
122	5.2125996144e-05
123	5.16492796966e-05
124	5.123284319e-05
125	5.08075876382e-05
126	5.03426554413e-05
127	4.9858843449e-05
128	4.92117079209e-05
129	4.8614074521e-05
130	4.80976301091e-05
131	4.76113632339e-05
132	4.71219927369e-05
133	4.66980609697e-05
134	4.63202731983e-05
135	4.58900605418e-05
136	4.5415584575e-05
137	4.48175274767e-05
138	4.42258405556e-05
139	4.37137457601e-05
140	4.32543706207e-05
141	4.28400158906e-05
142	4.23834519109e-05
143	4.20070547082e-05
144	4.14627779533e-05
145	4.08996025462e-05
146	4.03705967121e-05
147	3.98289678805e-05
148	3.92753476995e-05
149	3.88294458577e-05
150	3.83946711647e-05
151	3.78174491173e-05
152	3.72093211596e-05
153	3.65688659441e-05
154	3.59965470531e-05
155	3.5484305621e-05
156	3.50104090385e-05
157	3.44119231848e-05
158	3.39447938606e-05
159	3.34854001687e-05
160	3.30234619987e-05
161	3.24572931254e-05
162	3.17535267328e-05
163	3.11640434871e-05
164	3.04143602981e-05
165	2.94725483379e-05
166	2.88322735537e-05
167	2.84620965587e-05
168	2.79998503263e-05
169	2.7528348982e-05
170	2.70079092823e-05
171	2.6475531178e-05
172	2.60319821318e-05
173	2.56004489936e-05
174	2.51119867165e-05
175	2.46583013065e-05
176	2.41239218988e-05
177	2.37007204452e-05
178	2.35982399878e-05
179	2.3375936518e-05
180	2.27437933323e-05
181	2.2337793165e-05
182	2.20258252616e-05
183	2.17773678826e-05
184	2.15174751817e-05
185	2.11620415687e-05
186	2.07235946548e-05
187	2.01349107805e-05
188	1.92115896858e-05
189	1.80468713004e-05
190	1.84574126344e-05
191	1.95714115704e-05
192	2.00192800567e-05
193	2.01847082584e-05
194	2.02004822119e-05
195	2.01129640001e-05
196	1.99661174441e-05
197	1.97942446042e-05
198	1.95885844767e-05
199	1.93629002085e-05
200	1.90939667566e-05
201	1.89105121654e-05
202	1.87087037125e-05
203	1.84719674506e-05
204	1.87098707006e-05
205	1.90720511668e-05
206	1.92000491654e-05
207	1.92230677436e-05
208	1.91899759999e-05
209	1.91235265855e-05
210	1.90357791679e-05
211	1.8933690085e-05
212	1.88215591765e-05
213	1.87022523346e-05
214	1.85777023321e-05
215	1.8449329996e-05
216	1.83181676188e-05
217	1.8185018966e-05
218	1.80504741336e-05
219	1.79149731319e-05
220	1.77788338664e-05
221	1.76420681868e-05
222	1.75054820674e-05
223	1.73687568661e-05
224	1.72317578266e-05
225	1.70953530902e-05
226	1.69591246915e-05
227	1.68236664655e-05
228	1.668859114e-05
229	1.65543296499e-05
230	1.64213067388e-05
231	1.62885359686e-05
232	1.61561564898e-05
233	1.60251039972e-05
234	1.58947214686e-05
235	1.57644836342e-05
236	1.56358332597e-05
237	1.55076114573e-05
238	1.53807161092e-05
239	1.52550993638e-05
240	1.51300723728e-05
241	1.50055601266e-05
242	1.48825291496e-05
243	1.47599157018e-05
244	1.46386841587e-05
245	1.45178112213e-05
246	1.4398355305e-05
247	1.42797400591e-05
248	1.41618593584e-05
249	1.40449143052e-05
250	1.39295335193e-05
251	1.38148198626e-05
252	1.3700511949e-05
253	1.35875131287e-05
254	1.34753334126e-05
255	1.33641621812e-05
256	1.32540341752e-05
257	1.31442869162e-05
258	1.30355026685e-05
259	1.29280655935e-05
260	1.28217428904e-05
261	1.27167480205e-05
262	1.26120624391e-05
263	1.25084172863e-05
264	1.24048941076e-05
265	1.23032422339e-05
266	1.22021407283e-05
267	1.21021267501e-05
268	1.20025825762e-05
269	1.19048731853e-05
270	1.18080475556e-05
271	1.17122720896e-05
272	1.16168367099e-05
273	1.15223687154e-05
274	1.14281477583e-05
275	1.13350353357e-05
276	1.12421055458e-05
277	1.11501546037e-05
278	1.10585519029e-05
279	1.09680340814e-05
280	1.08783457011e-05
281	1.0789896353e-05
282	1.07017787628e-05
283	1.06143465119e-05
284	1.05275816085e-05
285	1.04409936028e-05
286	1.03552924341e-05
287	1.02705475124e-05
288	1.01859408926e-05
289	1.01023378463e-05
290	1.00198649207e-05
291	9.93773948081e-06
292	9.85632890507e-06
293	9.77566682603e-06
294	9.69515379447e-06
295	9.61587481828e-06
296	9.53695934808e-06
297	9.45915206217e-06
298	9.38157072597e-06
299	9.30508407749e-06
300	9.22890618126e-06
301	9.15367820941e-06
302	9.07874795334e-06
303	9.00479819275e-06
304	8.93140517853e-06
305	8.85929086271e-06
306	8.78683194618e-06
307	8.7160638261e-06
308	8.64662771249e-06
309	8.57675845054e-06
310	8.50788039373e-06
311	8.44027660095e-06
312	8.37268109738e-06
313	8.30599825724e-06
314	8.23997782834e-06
315	8.17500125019e-06
316	8.1104913336e-06
317	8.04669428719e-06
318	7.983711381e-06
319	7.92162037131e-06
320	7.86018728515e-06
321	7.79958452879e-06
322	7.74003822134e-06
323	7.68139868251e-06
324	7.62390156972e-06
325	7.5668414335e-06
326	7.51041766363e-06
327	7.45563720077e-06
328	7.40212424285e-06
329	7.35125816026e-06
330	7.30148420444e-06
331	7.25200382837e-06
332	7.20296117071e-06
333	7.15429505201e-06
334	7.10614366e-06
335	7.05870207062e-06
336	7.01135369579e-06
337	6.96426915143e-06
338	6.91736988076e-06
339	6.87057120107e-06
340	6.82422189599e-06
341	6.77811978017e-06
342	6.73221149612e-06
343	6.68684615108e-06
344	6.64171743911e-06
345	6.59707024901e-06
346	6.55257370396e-06
347	6.50848863476e-06
348	6.46453465318e-06
349	6.42085032228e-06
350	6.3774145031e-06
351	6.33419245109e-06
352	6.29123654609e-06
353	6.24853867728e-06
354	6.2060326286e-06
355	6.16402993256e-06
356	6.12259679027e-06
357	6.08152173094e-06
358	6.04070269244e-06
359	6.00015137357e-06
360	5.95990361228e-06
361	5.91972528342e-06
362	5.87957705822e-06
363	5.83959497548e-06
364	5.79983132419e-06
365	5.76028114405e-06
366	5.72091727592e-06
367	5.68234573027e-06
368	5.64420871879e-06
369	5.60658532462e-06
370	5.56891048173e-06
371	5.53128091738e-06
372	5.49370376845e-06
373	5.45621888994e-06
374	9.95096418241e-06
375	9.91232785024e-06
376	9.87287332691e-06
377	9.82394841797e-06
378	9.76645967407e-06
379	9.70334684075e-06
380	9.63781353667e-06
381	9.5723541911e-06
382	9.51015005369e-06
383	9.45346772041e-06
384	9.40051604907e-06
385	9.34977917383e-06
386	9.30122181734e-06
387	9.25356240418e-06
388	9.20720704206e-06
389	9.16610850768e-06
390	9.13254622228e-06
391	9.10438557901e-06
392	9.08043259854e-06
393	9.05920886698e-06
394	9.03829941886e-06
395	9.01720389099e-06
396	8.99360193534e-06
397	8.96691100774e-06
398	8.93805999979e-06
399	8.90750887947e-06
400	8.87579384932e-06
401	8.84305959723e-06
402	8.80957503963e-06
403	8.77539890138e-06
404	8.7406753082e-06
405	8.70546229696e-06
406	8.66980415528e-06
407	8.63378801898e-06
408	8.5974191845e-06
409	8.56079529314e-06
410	8.52392188345e-06
411	8.48690278374e-06
412	8.44970292412e-06
413	8.41244709405e-06
414	8.37508273171e-06
415	8.33772694927e-06
416	8.30030857823e-06
417	8.26293826992e-06
418	8.22553114169e-06
419	8.1882030083e-06
420	8.15085079909e-06
421	8.11361393946e-06
422	8.07634756302e-06
423	8.03923995667e-06
424	8.00210198159e-06
425	7.96515932911e-06
426	7.92818257055e-06
427	7.89142641301e-06
428	7.85465185631e-06
429	7.81809821614e-06
430	7.78153927154e-06
431	7.74521751238e-06
432	7.70889902596e-06
433	7.67280023342e-06
434	7.63673308561e-06
435	7.60087851047e-06
436	7.56508301118e-06
437	7.52951104783e-06
438	7.49398468925e-06
439	7.45866980756e-06
440	7.42344159335e-06
441	7.38841750144e-06
442	7.35349812109e-06
443	7.31876868646e-06
444	7.28415452248e-06
445	7.24972258103e-06
446	7.21542609094e-06
447	7.18127954678e-06
448	7.14729102089e-06
449	7.11346270551e-06
450	7.07978818243e-06
451	7.0462462894e-06
452	7.01352395479e-06
453	6.98010888345e-06
454	6.94643021426e-06
455	6.91409655812e-06
456	6.88117233954e-06
457	6.84849951541e-06
458	6.81584168572e-06
459	6.78378881523e-06
460	6.75185851497e-06
461	6.7196680503e-06
462	6.68771276152e-06
463	6.65661624582e-06
464	6.6251951105e-06
465	6.59373759296e-06
466	6.56233655348e-06
467	6.53117846431e-06
468	6.50109113638e-06
469	6.4702749373e-06
470	6.43943498002e-06
471	6.40971187544e-06
472	6.37943381796e-06
473	6.349037612e-06
474	6.31948565842e-06
475	6.28939952918e-06
476	6.26032974463e-06
477	6.23081335494e-06
478	6.20166405014e-06
479	6.17256141293e-06
480	6.14319221061e-06
481	6.11498141847e-06
482	6.08588535945e-06
483	6.05770340563e-06
484	6.02956222142e-06
485	6.0016320572e-06
486	5.97353900665e-06
487	5.94580411895e-06
488	5.91802047556e-06
489	5.89007703227e-06
490	5.86249101173e-06
491	5.83583438586e-06
492	5.80880548657e-06
493	5.78175314092e-06
494	5.75537989878e-06
495	5.72863340825e-06
496	5.70229799234e-06
497	5.67600263708e-06
498	5.64967743192e-06
499	5.6236021076e-06
500	5.59758577617e-06
501	5.57196671229e-06
502	5.54623600942e-06
503	5.52056702864e-06
504	5.49555993223e-06
505	5.47027390969e-06
506	9.99180350074e-06
507	5.45402191709e-06
508	9.95565212645e-06
509	9.95231734762e-06
510	9.94253555786e-06
511	9.92212286904e-06
512	9.88964585151e-06
513	9.8471729023e-06
514	9.80301831845e-06
515	9.75844447625e-06
516	9.71649197756e-06
517	9.67683887769e-06
518	9.6388293952e-06
519	9.60200520978e-06
520	9.56562609853e-06
521	9.52863993895e-06
522	9.49250401564e-06
523	9.45544116025e-06
524	9.41883074986e-06
525	9.38246334817e-06
526	9.34615683931e-06
527	9.30955748111e-06
528	9.27281161612e-06
529	9.23616471152e-06
530	9.2003077051e-06
531	9.16375500435e-06
532	9.12767145539e-06
533	9.0917160955e-06
534	9.0560080454e-06
535	9.02056653386e-06
536	8.98538430469e-06
537	8.95045761368e-06
538	8.91576058184e-06
539	8.88126878518e-06
540	8.84695861518e-06
541	8.81282472195e-06
542	8.77884644945e-06
543	8.74500989608e-06
544	8.71130974356e-06
545	8.67774356964e-06
546	8.64431050038e-06
547	8.61101428229e-06
548	8.57785222451e-06
549	8.54483503703e-06
550	8.51197122856e-06
551	8.47926770695e-06
552	8.44672022969e-06
553	8.41433667212e-06
554	8.38211283821e-06
555	8.35005455946e-06
556	8.31815881422e-06
557	8.28642814542e-06
558	8.25486128165e-06
559	8.22345306619e-06
560	8.19220198501e-06
561	8.16110460836e-06
562	8.1301588548e-06
563	8.09936276532e-06
564	8.0687145653e-06
565	8.03821108352e-06
566	8.00785286671e-06
567	7.97763805517e-06
568	7.94756634661e-06
569	7.91763896001e-06
570	7.88785026056e-06
571	7.85820758495e-06
572	7.82870314216e-06
573	7.79934390211e-06
574	7.77012314835e-06
575	7.74104825893e-06
576	7.71211143173e-06
577	7.68331969113e-06
578	7.65466448108e-06
579	7.62615171502e-06
580	7.5977755363e-06
581	7.56953889039e-06
582	7.54143777606e-06
583	7.51347640817e-06
584	7.48564909882e-06
585	7.45795569961e-06
586	7.43039533075e-06
587	7.40296610661e-06
588	7.37567039092e-06
589	7.34850425319e-06
590	7.3214680127e-06
591	7.29456129468e-06
592	7.26778462559e-06
593	7.24113630412e-06
594	7.21461509021e-06
595	7.188220442e-06
596	7.16195225458e-06
597	7.1358107682e-06
598	7.10993075719e-06
599	7.0841235753e-06
600	7.0586678388e-06
601	7.03225259877e-06
602	7.00727695974e-06
603	6.98205523562e-06
604	6.95657087135e-06
605	6.93146975912e-06
606	6.9054353171e-06
607	6.88060708983e-06
608	6.85629027886e-06
609	6.83228234727e-06
610	6.80755532645e-06
611	6.78334399042e-06
612	6.75881642445e-06
613	6.73414563257e-06
614	6.70998902762e-06
615	6.68559880726e-06
616	6.66154299662e-06
617	6.63797221065e-06
618	6.61487865771e-06
619	6.59181162832e-06
620	6.56812722431e-06
621	6.54510181211e-06
622	6.52194484098e-06
623	6.49849196379e-06
624	6.47532484033e-06
625	6.45144109883e-06
626	6.42848847927e-06
627	6.40605504314e-06
628	6.38421104099e-06
629	6.36258257006e-06
630	6.34006289748e-06
631	6.31807677025e-06
632	6.29502903041e-06
633	6.27286806897e-06
634	6.25096612512e-06
635	6.22951442231e-06
636	6.20798972392e-06
637	6.18617163149e-06
638	6.16456695634e-06
639	6.14214612367e-06
640	6.12088002125e-06
641	6.10008698059e-06
642	6.07947718889e-06
643	6.05860143396e-06
644	6.03745693811e-06
645	6.01687404323e-06
646	5.99543890765e-06
647	5.97520629855e-06
648	5.95403160742e-06
649	5.93369233263e-06
650	5.913895844e-06
651	5.89356332205e-06
652	5.87289989623e-06
653	5.8532108422e-06
654	5.832842488e-06
655	5.81300298973e-06
656	5.79359511211e-06
657	5.77381456123e-06
658	5.75375818131e-06
659	5.73458824684e-06
660	5.71478980516e-06
661	5.69558639881e-06
662	5.67652308453e-06
663	5.65716921679e-06
664	5.6377783809e-06
665	5.61883609267e-06
666	5.60012120579e-06
667	5.58166304345e-06
668	5.56265600763e-06
669	5.54355070057e-06
670	5.52498696818e-06
671	5.5066750985e-06
672	5.48865769433e-06
673	5.47005099854e-06
674	9.99747585048e-06
675	5.50440606035e-06
676	5.4782584038e-06
677	9.9736813179e-06
678	5.46783199801e-06
679	9.95054293835e-06
680	9.99783439846e-06
681	5.47545145613e-06
682	9.92848932302e-06
683	9.93910407903e-06
684	9.95677171974e-06
685	9.96947168873e-06
686	9.96828063098e-06
687	9.95155232802e-06
688	9.92582991431e-06
689	9.8951658258e-06
690	9.86512118271e-06
691	9.83688815189e-06
692	9.81178312903e-06
693	9.78812354216e-06
694	9.76615463293e-06
695	9.74393830655e-06
696	9.72200747714e-06
697	9.69932136869e-06
698	9.67684734173e-06
699	9.6531071491e-06
700	9.63086431026e-06
701	9.60840970085e-06
702	9.58554013533e-06
703	9.56146455167e-06
704	9.53733159811e-06
705	9.51414085818e-06
706	9.49089854378e-06
707	9.46755347857e-06
708	9.4444999479e-06
709	9.42153104997e-06
710	9.3988494151e-06
711	9.37603793463e-06
712	9.35366634349e-06
713	9.33099939476e-06
714	9.30884780017e-06
715	9.28632580797e-06
716	9.26431068027e-06
717	9.24199945674e-06
718	9.2202382498e-06
719	9.19813614723e-06
720	9.17662844281e-06
721	9.15465345276e-06
722	9.13328831409e-06
723	9.11139657325e-06
724	9.09009467377e-06
725	9.06829981391e-06
726	9.04709062688e-06
727	9.02542317175e-06
728	9.00436295564e-06
729	8.98282923106e-06
730	8.961920928e-06
731	8.94052351065e-06
732	8.9197443824e-06
733	8.89849503758e-06
734	8.8778485556e-06
735	8.85676286484e-06
736	8.83626989874e-06
737	8.81534925422e-06
738	8.79501396166e-06
739	8.7742504926e-06
740	8.75405636241e-06
741	8.73344063604e-06
742	8.71337313428e-06
743	8.69290219891e-06
744	8.67295925404e-06
745	8.65263103702e-06
746	8.63281424197e-06
747	8.61262583854e-06
748	8.59293331939e-06
749	8.5728820692e-06
750	8.55330825983e-06
751	8.5333932271e-06
752	8.51393754081e-06
753	8.49415912406e-06
754	8.47482272917e-06
755	8.4551804787e-06
756	8.4359643698e-06
757	8.41646024117e-06
758	8.39736405433e-06
759	8.37799628367e-06
760	8.35901767528e-06
761	8.33978575765e-06
762	8.32092353182e-06
763	8.30182556671e-06
764	8.2830789715e-06
765	8.26411452188e-06
766	8.24548171628e-06
767	8.22664708093e-06
768	8.20812470318e-06
769	8.18941775984e-06
770	8.17100578719e-06
771	8.15242673401e-06
772	8.13412484467e-06
773	8.11567201629e-06
774	8.09747875472e-06
775	8.07915094406e-06
776	8.06106557739e-06
777	8.04286129239e-06
778	8.02488348251e-06
779	8.00680152747e-06
780	7.98892988432e-06
781	7.97096805992e-06
782	7.95320237722e-06
783	7.93536206169e-06
784	7.91770252934e-06
785	7.89998030288e-06
786	7.88242472289e-06
787	7.86481901049e-06
788	7.8473672668e-06
789	7.82987681841e-06
790	7.81252806119e-06
791	7.79515194912e-06
792	7.7779064572e-06
793	7.76064305661e-06
794	7.74350032111e-06
795	7.72634914739e-06
796	7.7093086432e-06
797	7.69226724315e-06
798	7.67532750828e-06
799	7.65839387046e-06
800	7.64155428038e-06
801	7.62472775553e-06
802	7.60798886652e-06
803	7.59126871925e-06
804	7.57462988988e-06
805	7.55801442411e-06
806	7.54147527902e-06
807	7.52496399203e-06
808	7.50852415294e-06
809	7.49211523789e-06
810	7.47577396298e-06
811	7.45946662198e-06
812	7.44322283961e-06
813	7.42701524901e-06
814	7.41086784695e-06
815	7.39475916468e-06
816	7.37870828471e-06
817	7.362698414e-06
818	7.34674475509e-06
819	7.33083385837e-06
820	7.31497689025e-06
821	7.29916273242e-06
822	7.28340095321e-06
823	7.26768221066e-06
824	7.25201429076e-06
825	7.23639002398e-06
826	7.2208151505e-06
827	7.20528437667e-06
828	7.18980285074e-06
829	7.17436610274e-06
830	7.15897708566e-06
831	7.14363227059e-06
832	7.12833453153e-06
833	7.1130815998e-06
834	7.0978750581e-06
835	7.08271336593e-06
836	7.06759807443e-06
837	7.05252677337e-06
838	7.03750074242e-06
839	7.02251860876e-06
840	7.00758144328e-06
841	6.99268849858e-06
842	6.97783981472e-06
843	6.96303470426e-06
844	6.94827378933e-06
845	6.9335564726e-06
846	6.91888236225e-06
847	6.90425159765e-06
848	6.88966439484e-06
849	6.87512028579e-06
850	6.86061882214e-06
851	6.84615963643e-06
852	6.831743319e-06
853	6.81736972044e-06
854	6.80303817161e-06
855	6.78874809246e-06
856	6.77449987822e-06
857	6.76029299674e-06
858	6.74612756741e-06
859	6.73200343677e-06
860	6.71792114265e-06
861	6.7038798117e-06
862	6.6898791818e-06
863	6.67591885581e-06
864	6.66199975979e-06
865	6.6481214821e-06
866	6.63428356058e-06
867	6.62048553479e-06
868	6.60672789057e-06
869	6.59301014591e-06
870	6.57933216278e-06
871	6.56569342131e-06
872	6.55209411884e-06
873	6.53853410452e-06
874	6.5250133794e-06
875	6.51153180799e-06
876	6.49808901349e-06
877	6.48468493213e-06
878	6.47131950783e-06
879	6.45799262776e-06
880	6.4447043777e-06
881	6.4314543475e-06
882	6.41824251057e-06
883	6.40506880754e-06
884	6.39193277922e-06
885	6.37883412211e-06
886	6.36577293183e-06
887	6.35274917328e-06
888	6.33976305865e-06
889	6.32681436874e-06
890	6.31390322554e-06
891	6.30102886835e-06
892	6.28819073043e-06
893	6.27538884554e-06
894	6.26262337651e-06
895	6.24989423889e-06
896	6.23720151081e-06
897	6.22454492328e-06
898	6.21192406986e-06
899	6.19933904728e-06
900	6.18678961332e-06
901	6.17427529318e-06
902	6.16179611998e-06
903	6.14935322045e-06
904	6.13694534409e-06
905	6.12457230882e-06
906	6.11223399276e-06
907	6.09993062285e-06
908	6.08766168372e-06
909	6.07542736176e-06
910	6.06322717666e-06
911	6.05106145827e-06
912	6.03892963029e-06
913	6.02683180678e-06
914	6.01476784724e-06
915	6.00273782262e-06
916	5.99074201473e-06
917	5.97877966004e-06
918	5.96685094219e-06
919	5.95495810149e-06
920	5.94309180345e-06
921	5.93126586323e-06
922	5.91946791014e-06
923	5.90770490099e-06
924	5.89597290175e-06
925	5.88427432432e-06
926	5.87260779765e-06
927	5.86097406083e-06
928	5.84937258515e-06
929	5.83780349109e-06
930	5.82626639869e-06
931	5.81476125775e-06
932	5.80328763208e-06
933	5.79184532241e-06
934	5.78043455223e-06
935	5.76905546524e-06
936	5.75770779777e-06
937	5.74639147167e-06
938	5.73510627402e-06
939	5.72385198122e-06
940	5.71264699761e-06
941	5.70143079676e-06
942	5.69026626139e-06
943	5.67912302028e-06
944	5.66802614509e-06
945	5.65696230633e-06
946	5.64593527634e-06
947	5.6349492361e-06
948	5.62394885214e-06
949	5.61298688473e-06
950	5.60205279535e-06
951	5.59115803209e-06
952	5.58030462907e-06
953	5.56947449568e-06
954	5.55869521518e-06
955	5.5479131022e-06
956	5.53716952827e-06
957	5.52644572382e-06
958	5.51575848721e-06
959	5.50510496809e-06
960	5.49447604443e-06
961	5.48387347048e-06
962	5.47329866947e-06
963	5.46275819461e-06
964	5.45224295554e-06
965	9.9900751192e-06
966	5.58163679837e-06
