1	1
2	1
3	1
4	1
5	1
6	1
7	1
8	1
9	1
10	1
11	1
12	1
13	1
14	1
15	1
16	1
17	1
18	1
19	1
20	1
21	1
22	2
23	2
24	2
25	2
26	2
27	2
28	2
29	2
30	2
31	2
32	2
33	2
34	2
35	2
36	2
37	2
38	2
39	2
40	2
41	2
42	2
43	2
44	3
45	3
46	3
47	3
48	3
49	3
50	3
51	3
52	3
53	3
54	3
55	3
56	3
57	3
58	3
59	3
60	3
61	3
62	3
63	3
64	3
65	3
66	4
67	4
68	4
69	4
70	4
71	4
72	4
73	4
74	4
75	4
76	4
77	4
78	4
79	4
80	4
81	4
82	4
83	4
84	4
85	4
86	4
87	4
88	4
89	5
90	5
91	5
92	5
93	5
94	5
95	5
96	5
97	5
98	5
99	5
100	5
101	5
102	5
103	5
104	5
105	5
106	5
107	5
108	5
109	5
110	6
111	6
112	6
113	6
114	6
115	6
116	6
117	6
118	6
119	6
120	6
121	6
122	6
123	6
124	6
125	6
126	6
127	6
128	6
129	6
130	6
131	6
132	7
133	7
134	7
135	7
136	7
137	7
138	7
139	7
140	7
141	7
142	7
143	7
144	7
145	7
146	7
147	7
148	7
149	7
150	7
151	7
152	7
153	7
154	8
155	8
156	8
157	8
158	8
159	8
160	8
161	8
162	8
163	8
164	8
165	8
166	8
167	8
168	8
169	8
170	8
171	8
172	8
173	8
174	8
175	8
176	9
177	9
178	9
179	9
180	9
181	9
182	9
183	9
184	9
185	9
186	9
187	9
188	9
189	9
190	9
191	9
192	9
193	9
194	9
195	9
196	9
197	9
198	10
199	10
200	10
201	10
202	10
203	10
204	10
205	10
206	10
207	10
208	10
209	10
210	10
211	10
212	10
213	10
214	10
215	10
216	10
217	10
218	10
219	10
220	11
221	11
222	11
223	11
224	11
225	11
226	11
227	11
228	11
229	11
230	11
231	11
232	11
233	11
234	11
235	11
236	11
237	11
238	11
239	11
240	11
241	12
242	12
243	12
244	12
245	12
246	12
247	12
248	12
249	12
250	12
251	12
252	12
253	12
254	12
255	12
256	12
257	12
258	12
259	12
260	12
261	12
262	13
263	13
264	13
265	13
266	13
267	13
268	13
269	13
270	13
271	13
272	13
273	13
274	13
275	13
276	13
277	13
278	13
279	13
280	13
281	13
282	14
283	14
284	14
285	14
286	14
287	14
288	14
289	14
290	14
291	14
292	14
293	14
294	14
295	14
296	14
297	14
298	14
299	14
300	14
301	14
302	14
303	15
304	15
305	15
306	15
307	15
308	15
309	15
310	15
311	15
312	15
313	15
314	15
315	15
316	15
317	15
318	15
319	15
320	15
321	15
322	15
323	15
324	15
325	16
326	16
327	16
328	16
329	16
330	16
331	16
332	16
333	16
334	16
335	16
336	16
337	16
338	16
339	16
340	16
341	16
342	16
343	16
344	16
345	16
346	17
347	17
348	17
349	17
350	17
351	17
352	17
353	17
354	17
355	17
356	17
357	17
358	17
359	17
360	17
361	17
362	17
363	17
364	17
365	17
366	17
367	18
368	18
369	18
370	18
371	18
372	18
373	18
374	18
375	18
376	18
377	18
378	18
379	18
380	18
381	18
382	18
383	18
384	18
385	18
386	18
387	18
388	19
389	19
390	19
391	19
392	19
393	19
394	19
395	19
396	19
397	19
398	19
399	19
400	19
401	19
402	19
403	19
404	19
405	19
406	19
407	19
408	19
409	20
410	20
411	20
412	20
413	20
414	20
415	20
416	20
417	20
418	20
419	20
420	20
421	20
422	20
423	20
424	20
425	20
426	20
427	20
428	20
429	20
430	20
431	21
432	21
433	21
434	21
435	21
436	21
437	21
438	21
439	21
440	21
441	21
442	21
443	21
444	21
445	21
446	21
447	21
448	21
449	21
450	21
451	21
452	21
453	22
454	22
455	22
456	22
457	22
458	22
459	22
460	22
461	22
462	22
463	22
464	22
465	22
466	22
467	22
468	22
469	22
470	22
471	22
472	22
473	22
474	23
475	23
476	23
477	23
478	23
479	23
480	23
481	23
482	23
483	23
484	23
485	23
486	23
487	23
488	23
489	23
490	23
491	23
492	23
493	23
494	23
495	23
496	24
497	24
498	24
499	24
500	24
501	24
502	24
503	24
504	24
505	24
506	24
507	24
508	24
509	24
510	24
511	24
512	24
513	24
514	24
515	24
516	24
517	24
518	25
519	25
520	25
521	25
522	25
523	25
524	25
525	25
526	25
527	25
528	25
529	25
530	25
531	25
532	25
533	25
534	25
535	25
536	25
537	25
538	25
539	25
540	26
541	26
542	26
543	26
544	26
545	26
546	26
547	26
548	26
549	26
550	26
551	26
552	26
553	26
554	26
555	26
556	26
557	26
558	26
559	26
560	26
561	26
562	26
563	27
564	27
565	27
566	27
567	27
568	27
569	27
570	27
571	27
572	27
573	27
574	27
575	27
576	27
577	27
578	27
579	27
580	27
581	27
582	27
583	27
584	27
585	27
586	28
587	28
588	28
589	28
590	28
591	28
592	28
593	28
594	28
595	28
596	28
597	28
598	28
599	28
600	28
601	28
602	28
603	28
604	28
605	28
606	28
607	28
608	29
609	29
610	29
611	29
612	29
613	29
614	29
615	29
616	29
617	29
618	29
619	29
620	29
621	29
622	29
623	29
624	29
625	29
626	29
627	29
628	29
629	29
630	29
631	30
632	30
633	30
634	30
635	30
636	30
637	30
638	30
639	30
640	30
641	30
642	30
643	30
644	30
645	30
646	30
647	30
648	30
649	30
650	30
651	30
652	30
653	31
654	31
655	31
656	31
657	31
658	31
659	31
660	31
661	31
662	31
663	31
664	31
665	31
666	31
667	31
668	31
669	31
670	31
671	31
672	31
673	31
674	31
675	31
676	32
677	32
678	32
679	32
680	32
681	32
682	32
683	32
684	32
685	32
686	32
687	32
688	32
689	32
690	32
691	32
692	32
693	32
694	32
695	32
696	32
697	32
698	32
699	33
700	33
701	33
702	33
703	33
704	33
705	33
706	33
707	33
708	33
709	33
710	33
711	33
712	33
713	33
714	33
715	33
716	33
717	33
718	33
719	33
720	33
721	34
722	34
723	34
724	34
725	34
726	34
727	34
728	34
729	34
730	34
731	34
732	34
733	34
734	34
735	34
736	34
737	34
738	34
739	34
740	34
741	34
742	34
743	35
744	35
745	35
746	35
747	35
748	35
749	35
750	35
751	35
752	35
753	35
754	35
755	35
756	35
757	35
758	35
759	35
760	35
761	35
762	35
763	35
764	35
765	35
766	35
767	36
768	36
769	36
770	36
771	36
772	36
773	36
774	36
775	36
776	36
777	36
778	36
779	36
780	36
781	36
782	36
783	36
784	36
785	36
786	36
787	36
788	36
789	36
790	37
791	37
792	37
793	37
794	37
795	37
796	37
797	37
798	37
799	37
800	37
801	37
802	37
803	37
804	37
805	37
806	37
807	37
808	37
809	37
810	37
811	37
812	37
813	38
814	38
815	38
816	38
817	38
818	38
819	38
820	38
821	38
822	38
823	38
824	38
825	38
826	38
827	38
828	38
829	38
830	38
831	38
832	38
833	38
834	38
835	38
836	39
837	39
838	39
839	39
840	39
841	39
842	39
843	39
844	39
845	39
846	39
847	39
848	39
849	39
850	39
851	39
852	39
853	39
854	39
855	39
856	39
857	39
858	39
859	40
860	40
861	40
862	40
863	40
864	40
865	40
866	40
867	40
868	40
869	40
870	40
871	40
872	40
873	40
874	40
875	40
876	40
877	40
878	40
879	40
880	40
881	40
882	41
883	41
884	41
885	41
886	41
887	41
888	41
889	41
890	41
891	41
892	41
893	41
894	41
895	41
896	41
897	41
898	41
899	41
900	41
901	41
902	41
903	41
904	41
905	42
906	42
907	42
908	42
909	42
910	42
911	42
912	42
913	42
914	42
915	42
916	42
917	42
918	42
919	42
920	42
921	42
922	42
923	42
924	42
925	42
926	42
927	42
928	43
929	43
930	43
931	43
932	43
933	43
934	43
935	43
936	43
937	43
938	43
939	43
940	43
941	43
942	43
943	43
944	43
945	43
946	43
947	43
948	43
949	43
950	43
951	44
952	44
953	44
954	44
955	44
956	44
957	44
958	44
959	44
960	44
961	44
962	44
963	44
964	44
965	44
966	44
967	44
968	44
969	44
970	44
971	44
972	44
