1	-0.00031833767448
2	7.3581379877
3	10.4952296502
4	12.0179491793
5	11.0813365977
6	9.9846096344
7	9.22218670092
8	9.20431919779
9	9.77516515058
10	9.88835477591
11	10.0804568551
12	10.1724274988
13	10.1807660914
14	10.0896647772
15	10.0721791659
16	10.0439421114
17	10.0517933519
18	10.0679281333
19	10.08648032
20	10.1001927447
21	10.1036529654
22	10.1016881153
23	10.0983344388
24	10.0922269532
25	10.0907961853
26	10.0881679942
27	10.0847437743
28	10.0820713853
29	10.0856142304
30	10.0852286477
31	10.0850609836
32	10.0886016879
33	10.0903413228
34	10.0911908502
35	10.0923629637
36	10.0936329783
37	10.0933561748
38	10.0931768709
39	10.0926566831
40	10.0939751803
41	10.0957713883
42	10.0970470534
43	10.0980246601
44	10.0979003735
45	10.0979234673
46	10.098409643
47	10.0989799304
48	10.0990002881
49	10.0996412811
50	10.0993960587
51	10.0993402762
52	10.0993025461
53	10.0994826458
54	10.0997981488
55	10.100120534
56	10.100478094
57	10.1007863269
58	10.1008683078
59	10.1007204883
60	10.1008614053
61	10.1011153752
62	10.1013950507
63	10.1015570085
64	10.1017171832
65	10.1017026412
66	10.1017152637
67	10.1019397722
68	10.1020559892
69	10.1021730847
70	10.102314972
71	10.1024606617
72	10.102566512
73	10.1026450388
74	10.1027048645
75	10.1028309266
76	10.1028977759
77	10.1030006529
78	10.1031047444
79	10.1032047918
80	10.1032965102
81	10.103378098
82	10.103461391
83	10.1035367791
84	10.1036433198
85	10.1037132498
86	10.103815273
87	10.103884013
88	10.103955781
89	10.104033421
90	10.1041060725
91	10.1041768574
92	10.1042457233
93	10.1043155592
94	10.1043747253
95	10.1044352603
96	10.1044983415
97	10.1045496883
98	10.1045912172
99	10.1046496881
100	10.1046980113
101	10.1047520638
102	10.1048064387
103	10.1048592296
104	10.1049164713
105	10.1049729223
106	10.1050285396
107	10.1050817295
108	10.1051346699
109	10.1051891956
110	10.1052414043
111	10.1053043896
112	10.1053640316
113	10.1054232953
114	10.1054764295
115	10.1055243785
116	10.1055711793
117	10.1056216576
118	10.1056769718
119	10.1057361315
120	10.1057950755
121	10.1058303632
122	10.1058672096
123	10.1058965583
124	10.1059272726
125	10.1059843229
126	10.1060313158
127	10.1060816699
128	10.1061250367
129	10.1061586717
130	10.1061930661
131	10.1062338521
132	10.1062682005
133	10.1062942279
134	10.1063126164
135	10.1063202558
136	10.1063292026
137	10.1063418325
138	10.1063550257
139	10.1063692017
140	10.1063805214
141	10.1063903024
142	10.1064021916
143	10.1064091513
144	10.1064247818
145	10.1064495181
146	10.1064788694
147	10.1065073699
148	10.106527083
149	10.10654221
150	10.106553755
151	10.1065649704
152	10.1065756203
153	10.1065850666
154	10.1066102498
155	10.1066285774
156	10.1066487179
157	10.1066642817
158	10.1066737417
159	10.1066848501
160	10.1066925193
161	10.1067008016
162	10.1067177967
163	10.1067259915
164	10.1067376675
165	10.1067501871
166	10.1067640213
167	10.1067783865
168	10.1067985274
169	10.1068098094
170	10.1068267883
171	10.1068353047
172	10.106841423
173	10.1068496296
174	10.1068576652
175	10.1068633614
176	10.1068696804
177	10.1068780571
178	10.1068851549
179	10.1068903077
180	10.1068956536
181	10.1069003065
182	10.1069095844
183	10.1069167325
184	10.1069230572
185	10.1069281595
186	10.1069310139
187	10.1069360335
188	10.106941274
189	10.1069468682
190	10.1069524399
191	10.1069576632
192	10.1069604389
193	10.1069650212
194	10.1069676957
195	10.1069709508
196	10.1069782741
197	10.1069838852
198	10.1069871215
199	10.1069930102
200	10.1069960643
201	10.1070011536
202	10.107004303
203	10.1070091744
204	10.1070138595
205	10.1070172632
206	10.1070218073
207	10.1070263502
208	10.1070308578
209	10.1070334148
210	10.1070375324
211	10.1070399646
212	10.1070423683
213	10.1070447697
214	10.1070477147
215	10.1070500978
216	10.1070524178
217	10.1070544766
218	10.1070565219
219	10.1070588864
220	10.1070607822
221	10.1070629337
222	10.1070648748
223	10.1070668243
224	10.1070689916
225	10.1070707985
226	10.10707282
227	10.1070745765
228	10.1070763871
229	10.1070780269
230	10.107079834
231	10.1070815842
232	10.1070831252
233	10.107084885
234	10.1070863806
235	10.1070878851
236	10.1070892709
237	10.1070906365
238	10.1070919824
239	10.1070933096
240	10.1070946188
241	10.1070959106
242	10.1070971859
243	10.1070984455
244	10.1070996908
245	10.107100923
246	10.107102142
247	10.1071033476
248	10.1071045396
249	10.1071057171
250	10.1071068799
251	10.1071080279
252	10.1071091617
253	10.1071102823
254	10.1071113903
255	10.1071124859
256	10.1071135686
257	10.1071146376
258	10.1071156906
259	10.1071167325
260	10.1071177623
261	10.1071187805
262	10.1071197885
263	10.1071207848
264	10.1071217676
265	10.1071227358
266	10.1071236888
267	10.1071246267
268	10.10712555
269	10.1071264658
270	10.1071273741
271	10.1071282717
272	10.1071291564
273	10.1071300276
274	10.1071308845
275	10.1071317274
276	10.1071325571
277	10.1071333742
278	10.1071341796
279	10.1071349737
280	10.1071358465
281	10.1071369401
282	10.1071380115
283	10.1071387518
284	10.1071395012
285	10.1071403229
286	10.1071411667
287	10.1071422033
288	10.1071432266
289	10.1071439206
290	10.1071446228
291	10.1071453929
292	10.1071461835
293	10.1071471671
294	10.1071481349
295	10.1071487778
296	10.1071494853
297	10.1071504309
298	10.1071513561
299	10.1071522594
300	10.1071531527
301	10.1071540411
302	10.1071549239
303	10.1071558139
304	10.1071566895
305	10.1071575558
306	10.1071584129
307	10.1071592613
308	10.1071601045
309	10.1071609414
310	10.1071617695
311	10.107162588
312	10.1071633976
313	10.1071639394
314	10.1071650239
315	10.1071658435
316	10.1071666267
317	10.107167172
318	10.1071681547
319	10.1071689616
320	10.1071697298
321	10.1071702568
322	10.1071712166
323	10.107171999
324	10.1071727615
325	10.1071732745
326	10.1071741991
327	10.1071749654
328	10.1071759131
329	10.107176668
330	10.1071774045
331	10.107177913
332	10.1071787687
333	10.1071793345
334	10.107180284
335	10.107180931
336	10.1071818067
337	10.1071827066
338	10.1071834709
339	10.1071842609
340	10.1071851211
341	10.1071856539
342	10.1071864896
343	10.1071873368
344	10.1071881111
345	10.107188834
346	10.1071896305
347	10.1071904617
348	10.1071912793
349	10.1071920832
350	10.1071928518
351	10.1071936179
352	10.1071940873
353	10.1071947282
354	10.1071954173
355	10.1071958769
356	10.1071965492
357	10.1071972381
358	10.1071976944
359	10.107198354
360	10.1071990284
361	10.1071994748
362	10.1072000897
363	10.1072007399
364	10.1072011745
365	10.1072017589
366	10.1072023621
367	10.1072027736
368	10.1072033143
369	10.1072038751
370	10.1072044459
371	10.1072048352
372	10.107205936
373	10.1072065832
374	10.1072074572
375	10.1072083518
376	10.1072088994
377	10.1072095026
378	10.1072101102
379	10.1072106643
380	10.1072111748
381	10.1072116447
382	10.1072120829
383	10.1072124955
384	10.1072128886
385	10.1072132688
386	10.1072136429
387	10.1072140172
388	10.1072143935
389	10.1072147801
390	10.1072158242
391	10.1072167745
392	10.107217646
393	10.107218479
394	10.1072193539
395	10.1072202544
396	10.107221163
397	10.1072220757
398	10.1072225834
399	10.1072230623
400	10.1072235268
401	10.1072239936
402	10.1072243977
403	10.1072249101
404	10.1072253738
405	10.1072259108
406	10.1072264347
407	10.1072269293
408	10.107227713
409	10.1072284969
410	10.1072292661
411	10.1072293821
412	10.1072301832
413	10.1072309594
414	10.1072317124
415	10.1072324453
416	10.1072331643
417	10.1072338717
418	10.1072345671
419	10.1072352501
420	10.1072359201
421	10.1072365771
422	10.1072372351
423	10.1072379091
424	10.1072380179
425	10.1072383633
426	10.107238712
427	10.1072390639
428	10.1072394209
429	10.107239786
430	10.1072401109
431	10.1072406309
432	10.107241299
433	10.107241968
434	10.1072426259
435	10.1072432803
436	10.1072439343
437	10.1072443776
438	10.1072446843
439	10.1072452781
440	10.1072458998
441	10.1072465305
442	10.1072471755
443	10.1072475028
444	10.1072478013
445	10.107248366
446	10.1072489747
447	10.1072496013
448	10.1072502186
449	10.1072508125
450	10.1072509895
451	10.1072515561
452	10.1072520645
453	10.1072522117
454	10.1072528404
455	10.1072533598
456	10.1072538442
457	10.1072543274
458	10.1072545662
459	10.1072547745
460	10.1072551718
461	10.1072553597
462	10.1072557468
463	10.1072559511
464	10.107256323
465	10.1072565238
466	10.1072568845
467	10.1072570778
468	10.1072574291
469	10.107257619
470	10.1072579618
471	10.1072582944
472	10.1072586159
473	10.1072589315
474	10.1072592447
475	10.1072595557
476	10.1072598642
477	10.1072601701
478	10.1072604734
479	10.1072607744
480	10.1072610731
481	10.1072613696
482	10.107261664
483	10.1072619561
484	10.107262246
485	10.1072625336
486	10.107262819
487	10.1072631022
488	10.1072633832
489	10.1072636622
490	10.1072639393
491	10.1072642144
492	10.1072644876
493	10.1072647588
494	10.1072650282
495	10.1072652957
496	10.1072655614
497	10.1072658252
498	10.1072660873
499	10.1072663475
500	10.107266606
501	10.1072668627
502	10.1072671177
503	10.107267371
504	10.1072676225
505	10.1072678724
506	10.1072681206
507	10.1072683671
508	10.107268612
509	10.1072688552
510	10.1072690969
511	10.1072693371
512	10.1072695756
513	10.1072698126
514	10.1072700481
515	10.1072703446
516	10.107270565
517	10.1072707933
518	10.1072710858
519	10.1072713024
520	10.1072715882
521	10.1072718022
522	10.1072720854
523	10.1072722973
524	10.107272389
525	10.1072726503
526	10.1072729174
527	10.1072732359
528	10.1072734325
529	10.1072737096
530	10.1072740297
531	10.1072743092
532	10.1072743602
533	10.1072743078
534	10.1072746245
535	10.1072746193
536	10.1072745468
537	10.1072748594
538	10.1072748435
539	10.10727474
540	10.1072745625
541	10.1072743213
542	10.1072740064
543	10.1072736132
544	10.1072744628
545	10.1072748735
546	10.1072753297
547	10.1072754978
548	10.1072755371
549	10.1072754805
550	10.1072753605
551	10.1072751796
552	10.1072750437
553	10.1072747308
554	10.1072744654
555	10.107274013
556	10.1072748028
557	10.1072752071
558	10.1072756511
559	10.107275979
560	10.1072763848
561	10.1072766666
562	10.1072766626
563	10.1072766358
564	10.1072764679
565	10.107276227
566	10.1072769011
567	10.107277229
568	10.1072775965
569	10.1072779627
570	10.1072783694
571	10.1072786504
572	10.107278656
573	10.1072786313
574	10.1072784642
575	10.107278226
576	10.1072788611
577	10.1072791736
578	10.1072795236
579	10.1072798651
580	10.1072802465
581	10.1072805111
582	10.1072805133
583	10.1072804913
584	10.1072803335
585	10.1072808922
586	10.1072810308
587	10.107281401
588	10.1072816862
589	10.1072819308
590	10.107281943
591	10.1072819367
592	10.1072817955
593	10.1072823378
594	10.1072826591
595	10.1072829585
596	10.107283087
597	10.1072831348
598	10.1072831892
599	10.107283133
600	10.1072836018
601	10.1072839135
602	10.1072841817
603	10.1072842567
604	10.1072842988
605	10.1072842253
606	10.1072846881
607	10.1072849896
608	10.1072852638
609	10.1072855255
610	10.1072858933
611	10.1072862035
612	10.1072865189
613	10.107286826
614	10.1072871295
615	10.107287431
616	10.1072877318
617	10.1072880317
618	10.1072883302
619	10.1072886268
620	10.1072889211
621	10.1072892132
622	10.1072895032
623	10.1072897913
624	10.1072900778
625	10.1072903625
626	10.1072906456
627	10.1072909269
628	10.1072912064
629	10.107291484
630	10.1072917599
631	10.107292034
632	10.1072923064
633	10.1072925772
634	10.1072928459
635	10.1072931131
636	10.1072933787
637	10.1072936426
638	10.1072939049
639	10.1072941655
640	10.1072944246
641	10.107294682
642	10.1072949378
643	10.1072951921
644	10.1072954448
645	10.1072956959
646	10.1072959456
647	10.1072961937
648	10.1072964403
649	10.1072966854
650	10.1072969291
651	10.1072971713
652	10.107297412
653	10.1072976513
654	10.1072978892
655	10.1072981257
656	10.1072983607
657	10.1072985943
658	10.1072988265
659	10.1072990573
660	10.1072992867
661	10.1072995148
662	10.1072997415
663	10.1072999669
664	10.1073001909
665	10.1073004136
666	10.1073006349
667	10.107300855
668	10.1073010737
669	10.107301291
670	10.1073015071
671	10.1073017219
672	10.1073019354
673	10.1073021476
674	10.1073023585
675	10.1073025682
676	10.1073027766
677	10.1073029837
678	10.1073031896
679	10.1073033944
680	10.1073035979
681	10.1073038001
682	10.1073040012
683	10.1073042011
684	10.1073043998
685	10.1073045974
686	10.1073047938
687	10.1073049891
688	10.1073051783
689	10.107305358
690	10.1073055348
691	10.1073057086
692	10.1073057644
693	10.1073058984
694	10.1073059901
695	10.1073061303
696	10.1073062441
697	10.107306332
698	10.1073063984
699	10.1073065342
700	10.1073066939
701	10.1073068844
702	10.1073070246
703	10.1073071455
704	10.107307288
705	10.107307436
706	10.1073075783
707	10.107307741
708	10.1073079267
709	10.1073080733
710	10.1073081744
711	10.1073083153
712	10.1073084059
713	10.1073085348
714	10.1073087569
715	10.1073089102
716	10.1073090512
717	10.1073091407
718	10.1073092733
719	10.1073094931
720	10.107309645
721	10.1073097842
722	10.1073098753
723	10.1073100103
724	10.1073101619
725	10.1073102589
726	10.1073103988
727	10.1073105446
728	10.1073106391
729	10.1073107676
730	10.1073108516
731	10.1073109731
732	10.1073111144
733	10.1073112056
734	10.1073113318
735	10.1073114158
736	10.1073115034
737	10.1073116329
738	10.1073117834
739	10.107311879
740	10.1073120066
741	10.1073120907
742	10.1073122124
743	10.1073123502
744	10.1073124397
745	10.1073125706
746	10.1073127114
747	10.1073128018
748	10.1073129235
749	10.1073131283
750	10.1073132669
751	10.1073133611
752	10.1073134523
753	10.1073135775
754	10.1073137302
755	10.107313822
756	10.1073139119
757	10.1073140364
758	10.107314162
759	10.1073143768
760	10.1073145173
761	10.1073146093
762	10.1073146961
763	10.1073148133
764	10.1073149595
765	10.1073151708
766	10.1073153016
767	10.1073153901
768	10.1073155133
769	10.107315758
770	10.1073159227
771	10.1073160525
772	10.1073161355
773	10.1073162445
774	10.1073164503
775	10.1073165922
776	10.107316687
777	10.1073168125
778	10.1073170518
779	10.1073172101
780	10.1073173112
781	10.10731744
782	10.1073176748
783	10.1073178274
784	10.1073179236
785	10.107318045
786	10.1073182657
787	10.1073184108
788	10.1073185038
789	10.1073186222
790	10.1073188399
791	10.1073189839
792	10.1073190767
793	10.1073191949
794	10.1073194116
795	10.1073195545
796	10.1073196465
797	10.1073198513
798	10.1073199838
799	10.1073200725
800	10.1073202645
801	10.1073204186
802	10.1073205471
803	10.1073206363
804	10.1073208193
805	10.107320973
806	10.1073210946
807	10.1073212959
808	10.1073214166
809	10.1073216158
810	10.1073217384
811	10.1073219361
812	10.1073220585
813	10.1073222548
814	10.107322376
815	10.1073225705
816	10.1073226905
817	10.1073228828
818	10.1073230015
819	10.1073231917
820	10.1073233094
821	10.1073234978
822	10.1073236145
823	10.1073238012
824	10.1073239169
825	10.107324102
826	10.1073242121
827	10.1073243475
828	10.1073245549
829	10.1073246843
830	10.1073247732
831	10.1073249498
832	10.1073250869
833	10.1073251958
834	10.1073253657
835	10.1073254669
836	10.1073256512
837	10.1073258072
838	10.1073259244
839	10.107326106
840	10.1073262089
841	10.1073263335
842	10.1073265215
843	10.1073266389
844	10.1073268224
845	10.1073269268
846	10.1073270524
847	10.1073272426
848	10.1073273604
849	10.1073275414
850	10.1073276446
851	10.1073277674
852	10.1073279506
853	10.1073280639
854	10.1073282386
855	10.1073283386
856	10.1073285179
857	10.1073286631
858	10.1073288741
859	10.1073290013
860	10.1073291929
861	10.1073292967
862	10.1073294161
863	10.1073295897
864	10.1073296945
865	10.1073298707
866	10.1073300168
867	10.1073302203
868	10.1073303408
869	10.1073305216
870	10.1073306213
871	10.107330791
872	10.1073309244
873	10.1073311116
874	10.107331224
875	10.1073313913
876	10.1073314873
877	10.1073316483
878	10.1073317768
879	10.1073319577
880	10.10733207
881	10.1073322535
882	10.1073324045
883	10.1073326091
884	10.1073327284
885	10.1073328999
886	10.1073329937
887	10.1073331472
888	10.1073332652
889	10.1073334283
890	10.1073335322
891	10.1073336966
892	10.1073338324
893	10.1073340166
894	10.1073341269
895	10.1073343058
896	10.1073344132
897	10.1073345793
898	10.1073347071
899	10.1073348776
900	10.1073349805
901	10.1073351417
902	10.1073352714
903	10.1073354445
904	10.1073355464
905	10.1073357114
906	10.1073358442
907	10.1073360212
908	10.1073361242
909	10.1073362899
910	10.1073364207
911	10.1073365933
912	10.1073366946
913	10.1073368538
914	10.1073369786
915	10.1073371426
916	10.1073372404
917	10.107337393
918	10.1073375137
919	10.107337673
920	10.107337769
921	10.1073379191
922	10.1073380388
923	10.1073381971
924	10.1073382923
925	10.1073384417
926	10.1073385605
927	10.1073387174
928	10.1073388115
929	10.1073389586
930	10.1073390752
931	10.1073392285
932	10.107339321
933	10.1073394645
934	10.1073395775
935	10.1073397265
936	10.107339817
937	10.107339957
938	10.1073400675
939	10.1073402133
940	10.1073403023
941	10.1073404397
942	10.1073405483
943	10.1073406916
944	10.1073407793
945	10.1073409145
946	10.1073410212
947	10.1073411621
948	10.1073412484
949	10.1073413811
950	10.1073414859
951	10.1073416239
952	10.1073417088
953	10.1073418389
954	10.1073419415
955	10.1073420766
956	10.1073421601
957	10.1073422876
958	10.1073423881
959	10.1073425204
960	10.1073426025
961	10.1073427275
962	10.1073428261
963	10.1073429558
964	10.1073430366
965	10.1073431592
966	10.1073432559
967	10.1073433831
968	10.1073434625
969	10.1073435828
970	10.1073436777
971	10.1073437465
972	10.1073437864
