1	0.016175765106
2	58.4042497302
3	26.7986163888
4	24.7439210504
5	29.3761793863
6	13.2019176434
7	17.4538606472
8	6.79714337638
9	8.52793379441
10	5.49661142591
11	4.46219748597
12	2.95557050799
13	3.5014119911
14	1.41949213031
15	2.20924486587
16	0.641452089821
17	1.17379814567
18	0.623902481196
19	0.436268094297
20	0.663174966639
21	0.49681300331
22	0.359152354254
23	0.217529421195
24	0.251939429565
25	0.227407964468
26	0.146492401892
27	0.200452590675
28	0.167674858263
29	0.0981277008397
30	0.117697282335
31	0.0762263076675
32	0.0828723794034
33	0.0771701464044
34	0.0750952271596
35	0.061245247463
36	0.053633905997
37	0.0460009126263
38	0.0230703465682
39	0.0319249953861
40	0.0251104203581
41	0.0314474783566
42	0.0221116859188
43	0.0227013516478
44	0.0201836871307
45	0.00992556290419
46	0.00812168498253
47	0.010171207322
48	0.00730967823137
49	0.00876044515833
50	0.0130958801581
51	0.00927173463981
52	0.00622150581153
53	0.00421073390326
54	0.00545621617131
55	0.00529242180889
56	0.00458820710352
57	0.00394466580657
58	0.00651217820035
59	0.00611521091996
60	0.00219798781659
61	0.00267800293379
62	0.0029393030938
63	0.00215449022159
64	0.00199605884524
65	0.00411828859243
66	0.0038646916547
67	0.00407553520746
68	0.00385487722393
69	0.00412491312436
70	0.00390051107112
71	0.00372196260422
72	0.00422292057824
73	0.00403245189191
74	0.00398216451491
75	0.0023785242988
76	0.00343777505048
77	0.00218279542097
78	0.00187721331034
79	0.00162938904619
80	0.00160237957247
81	0.00268840168334
82	0.00173197458571
83	0.00198685030148
84	0.00238317071448
85	0.0023171241
86	0.00225898953039
87	0.0020935200226
88	0.00195658829117
89	0.0017621079505
90	0.00170149353033
91	0.0015756133663
92	0.00145587327986
93	0.00136654421761
94	0.0017879411601
95	0.00140467639614
96	0.00151693897294
97	0.00166245914336
98	0.00159457210379
99	0.00164843460409
100	0.00131569149508
101	0.00120507038318
102	0.00126139113957
103	0.00128275732944
104	0.00121131894808
105	0.00115298694081
106	0.00114623097844
107	0.00113277284313
108	0.000890890567463
109	0.000846125189923
110	0.00110832526395
111	0.000681595206555
112	0.000719257820403
113	0.000785227396347
114	0.000771892584972
115	0.000762800756402
116	0.000785718479535
117	0.000795880990943
118	0.000746212412377
119	0.000776866475145
120	0.000796474029388
121	0.000376150081045
122	0.00050807364957
123	0.000406039743373
124	0.00082826968187
125	0.000876238110622
126	0.000553384097271
127	0.000621557501862
128	0.000610012254034
129	0.000565615870047
130	0.000565288389586
131	0.000669693752834
132	0.000598706663017
133	0.000337965303953
134	0.000290198567979
135	0.000697921835124
136	0.000575528211283
137	0.000510494738177
138	0.000560530319626
139	0.000565714096974
140	0.000588740763863
141	0.000619024401839
142	0.000225026864936
143	0.000606166394228
144	0.000439978518071
145	0.000408762170786
146	0.000388435536368
147	0.000368018556186
148	0.000505601095675
149	0.000460159891162
150	0.000413275700298
151	0.000402215351096
152	0.000386849922788
153	0.000388630742237
154	0.000466768707333
155	0.00022632259187
156	0.000246976679526
157	0.000349521778488
158	0.00041759918016
159	0.000360518820352
160	0.000357531102222
161	0.000329261818033
162	0.000422543061801
163	0.000385236422115
164	0.000330833197852
165	0.000178127028077
166	0.000265914945873
167	0.000260238550081
168	0.000369898317938
169	0.000305190115699
170	0.000348562298242
171	0.000238707901167
172	0.000241303413489
173	0.000245159585895
174	0.000134823176179
175	0.000215487090617
176	0.000227155348479
177	0.000225343733028
178	0.000182935665715
179	0.00018097704567
180	0.000182984600622
181	0.000255543847193
182	0.000204511194839
183	0.000112473146052
184	0.000108808633341
185	0.000154432637227
186	0.000227682379329
187	0.000100936069126
188	9.49596090676e-05
189	0.000168628345108
190	9.44050865178e-05
191	0.00013154394384
192	0.000176567952241
193	7.92639173542e-05
194	0.000162008990371
195	0.000161682867071
196	0.0001534510976
197	0.000147890577908
198	8.88224327235e-05
199	0.0001334188224
200	8.96386675388e-05
201	0.000120717671277
202	8.53536482462e-05
203	8.13846045876e-05
204	9.11139160917e-05
205	8.73844128531e-05
206	8.3506308522e-05
207	9.35185606352e-05
208	8.98368497254e-05
209	4.44683931851e-05
210	8.680591583e-05
211	4.39460091485e-05
212	4.32425391803e-05
213	4.23960852323e-05
214	7.51232964509e-05
215	4.16250699133e-05
216	6.84882390567e-05
217	3.73625012776e-05
218	3.52683382828e-05
219	6.81367083064e-05
220	3.38271832377e-05
221	6.23234926251e-05
222	3.45048546744e-05
223	3.37046197967e-05
224	6.32387764068e-05
225	3.269900975e-05
226	5.74052340213e-05
227	3.1674800605e-05
228	5.04592643239e-05
229	2.92681586527e-05
230	4.96364185752e-05
231	4.76263067569e-05
232	2.8280214359e-05
233	4.843240977e-05
234	2.76778293986e-05
235	2.76709195193e-05
236	2.58287035134e-05
237	2.55099809198e-05
238	2.52327008926e-05
239	2.49426440805e-05
240	2.46235702554e-05
241	2.42946133206e-05
242	2.39782794909e-05
243	2.36862983707e-05
244	2.34274968376e-05
245	2.31953437011e-05
246	2.29667801381e-05
247	2.27327554622e-05
248	2.24889021329e-05
249	2.22264168862e-05
250	2.19463843048e-05
251	2.16622897173e-05
252	2.13904595793e-05
253	2.11375869448e-05
254	2.0900011831e-05
255	2.06606962558e-05
256	2.04059060903e-05
257	2.01269416813e-05
258	1.97990166043e-05
259	1.95752465938e-05
260	1.93284665589e-05
261	1.90963103731e-05
262	1.88982600214e-05
263	1.86636886871e-05
264	1.83889931011e-05
265	1.80871937751e-05
266	1.77741118249e-05
267	1.74623982294e-05
268	1.71635929166e-05
269	1.70322978803e-05
270	1.68941419386e-05
271	1.66870600496e-05
272	1.64241534542e-05
273	1.6137267112e-05
274	1.58445023622e-05
275	1.55575823336e-05
276	1.52865748108e-05
277	1.50338960287e-05
278	1.47966853728e-05
279	1.45687867094e-05
280	1.74410689202e-05
281	2.61587262764e-05
282	2.61231414067e-05
283	1.39211558512e-05
284	1.3805171812e-05
285	1.64296620931e-05
286	1.81370017296e-05
287	2.39447710981e-05
288	2.42122388314e-05
289	1.30684496061e-05
290	1.29553076242e-05
291	1.55878144921e-05
292	1.72162357804e-05
293	2.21284457739e-05
294	2.22738463476e-05
295	1.20614291145e-05
296	1.54638705192e-05
297	2.12280863927e-05
298	2.11003519425e-05
299	2.10889930373e-05
300	2.08572272952e-05
301	2.06272469194e-05
302	2.03516203442e-05
303	2.0281843999e-05
304	2.00821405589e-05
305	1.98826456146e-05
306	1.96571955173e-05
307	1.94532033514e-05
308	1.92222399991e-05
309	1.89582015417e-05
310	1.87629210681e-05
311	1.85778935227e-05
312	1.84140640957e-05
313	1.01180237933e-05
314	2.34861919881e-05
315	1.66977269891e-05
316	1.72439289013e-05
317	1.0446113227e-05
318	2.2347798293e-05
319	1.64924354682e-05
320	1.69252202802e-05
321	1.00577137148e-05
322	2.15520095528e-05
323	1.6078358282e-05
324	1.65685579123e-05
325	9.80885598254e-06
326	2.07325092921e-05
327	1.57512656942e-05
328	2.13195589937e-05
329	1.50739664169e-05
330	1.60658041307e-05
331	9.66028262554e-06
332	1.93899044032e-05
333	1.28278417263e-05
334	2.0204792597e-05
335	7.78423390072e-06
336	1.95855327729e-05
337	2.00982730326e-05
338	1.43195617848e-05
339	1.91285977859e-05
340	1.97902074775e-05
341	1.2508395338e-05
342	1.90645847883e-05
343	1.9322096607e-05
344	1.39629441908e-05
345	1.82171451406e-05
346	1.89018654685e-05
347	1.91133556056e-05
348	1.90881084681e-05
349	1.87354080378e-05
350	1.86419682959e-05
351	1.83714546659e-05
352	1.1546211931e-05
353	1.68708512331e-05
354	1.76131845297e-05
355	1.1196587332e-05
356	1.69389477995e-05
357	1.77022310979e-05
358	1.11283945194e-05
359	1.64661865888e-05
360	1.71433199807e-05
361	1.07269943094e-05
362	1.60434962522e-05
363	1.66170420513e-05
364	1.037857908e-05
365	1.54645741561e-05
366	1.62251734765e-05
367	9.77126480899e-06
368	1.45371729251e-05
369	1.53445174488e-05
370	1.60929065444e-05
371	9.40103760195e-06
372	1.55443889423e-05
373	1.19106974498e-05
374	1.58474058315e-05
375	1.57892631587e-05
376	1.32591582431e-05
377	1.40216726001e-05
378	1.46151826288e-05
379	1.54674298686e-05
380	1.55880805604e-05
381	1.53884612144e-05
382	1.50557884776e-05
383	1.47657444798e-05
384	1.45774722307e-05
385	1.44770832508e-05
386	1.4387333366e-05
387	1.42200792182e-05
388	1.39222271584e-05
389	1.31984908454e-05
390	1.38087511114e-05
391	1.41693522523e-05
392	1.29657673362e-05
393	1.30389649669e-05
394	1.32326068815e-05
395	1.33041041411e-05
396	1.3648314607e-05
397	1.41077440715e-05
398	6.78889085068e-06
399	7.64978202627e-06
400	7.3919660763e-06
401	7.3201625515e-06
402	1.12047633242e-05
403	2.16684946548e-05
404	1.0985386373e-05
405	9.58329846906e-06
406	9.47372125465e-06
407	8.83451052067e-06
408	1.27074144018e-05
409	1.2281858927e-05
410	1.22805440232e-05
411	1.16710611981e-05
412	1.16600878959e-05
413	1.18274376534e-05
414	1.17324298659e-05
415	1.15839219854e-05
416	1.13003057951e-05
417	1.0960344745e-05
418	1.06456701949e-05
419	1.03155294625e-05
420	1.00052897505e-05
421	9.96009929141e-06
422	1.01454319658e-05
423	1.05238815117e-05
424	1.06684178032e-05
425	5.09345865611e-06
426	5.7746555994e-06
427	5.93386539286e-06
428	6.01610697791e-06
429	1.0278378564e-05
430	9.62824513592e-06
431	8.54550922305e-06
432	1.03158866755e-05
433	9.85353233981e-06
434	1.00985280584e-05
435	1.01796893709e-05
436	1.02712227667e-05
437	8.45423593415e-06
438	5.20409325197e-06
439	1.03240025162e-05
440	9.16341080763e-06
441	9.91809782992e-06
442	1.03279872412e-05
443	4.89044751288e-06
444	5.13189528543e-06
445	1.00055829492e-05
446	9.56148958451e-06
447	9.61688954903e-06
448	9.18321155408e-06
449	9.70072960129e-06
450	5.67219320677e-06
451	1.01615904815e-05
452	1.00695435299e-05
453	5.34863450661e-06
454	9.95908848119e-06
455	9.0941513179e-06
456	8.89647924749e-06
457	8.04940584746e-06
458	6.78859866583e-06
459	7.32561887621e-06
460	7.71045881087e-06
461	7.11446464196e-06
462	7.56903474808e-06
463	6.64042527092e-06
464	7.41695534974e-06
465	6.48589509296e-06
466	7.27458515944e-06
467	6.36706099293e-06
468	7.13133481165e-06
469	6.18900691865e-06
470	7.00200192743e-06
471	6.6652427615e-06
472	6.44911432769e-06
473	6.38754595174e-06
474	6.39209505499e-06
475	6.39219633677e-06
476	6.37080679707e-06
477	6.33039991683e-06
478	6.28126438768e-06
479	6.23103219681e-06
480	6.18327057485e-06
481	6.13835592637e-06
482	6.09490587091e-06
483	6.051727796e-06
484	6.00838555122e-06
485	5.96504393788e-06
486	5.92211701832e-06
487	5.87992508585e-06
488	5.83856269424e-06
489	5.7981138972e-06
490	5.75804595394e-06
491	5.71878662038e-06
492	5.67962589661e-06
493	5.64032692935e-06
494	5.60096682519e-06
495	5.56177942566e-06
496	5.52281426719e-06
497	5.48406290323e-06
498	5.44541777281e-06
499	5.40688665162e-06
500	5.36850445931e-06
501	5.33031166777e-06
502	5.29234281085e-06
503	5.25462882714e-06
504	5.21717880532e-06
505	5.17981663918e-06
506	5.13994262634e-06
507	5.10344684396e-06
508	5.06695344747e-06
509	5.03065233662e-06
510	4.99463517697e-06
511	4.95889430502e-06
512	4.92340915624e-06
513	4.88813394429e-06
514	4.85307469523e-06
515	7.37678768129e-06
516	4.70180966334e-06
517	4.69416076255e-06
518	7.13762748434e-06
519	4.62502882632e-06
520	7.05331419559e-06
521	4.54621086489e-06
522	6.92302392372e-06
523	4.49274882094e-06
524	8.46857009349e-06
525	5.08600656139e-06
526	8.77089183181e-06
527	8.86108405059e-06
528	7.54123071167e-06
529	6.24275608449e-06
530	6.18058656444e-06
531	5.42948229804e-06
532	9.40660725416e-06
533	9.81389195813e-06
534	3.8996605026e-06
535	8.96422811893e-06
536	9.4140315336e-06
537	3.85189801836e-06
538	8.6192140394e-06
539	8.98773626259e-06
540	9.34678238805e-06
541	9.35800858902e-06
542	9.03661493024e-06
543	8.56319859509e-06
544	9.65418158232e-06
545	9.84509019616e-06
546	7.62254712882e-06
547	5.10663119357e-06
548	7.2522513041e-06
549	8.07537226861e-06
550	8.80738907777e-06
551	9.22843290219e-06
552	8.11584408576e-06
553	9.66608158948e-06
554	7.87395525852e-06
555	8.69446254377e-06
556	8.83789117504e-06
557	9.3264724016e-06
558	7.07022117196e-06
559	9.63017479051e-06
560	9.29317865178e-06
561	7.4720922057e-06
562	8.84759300121e-06
563	7.65343531992e-06
564	8.91360613163e-06
565	8.48664007573e-06
566	9.79467575311e-06
567	8.39771883122e-06
568	6.79697104305e-06
569	9.08417608674e-06
570	9.05026771905e-06
571	7.20624261817e-06
572	8.49546990058e-06
573	7.25221887352e-06
574	8.43749365757e-06
575	7.98441207384e-06
576	9.11750184125e-06
577	7.95235950905e-06
578	6.44387202019e-06
579	8.60944043787e-06
580	8.58811284005e-06
581	6.84182864965e-06
582	8.04754354148e-06
583	6.87142405431e-06
584	8.03936541378e-06
585	9.52158162825e-06
586	5.93068311094e-06
587	9.63616688514e-06
588	7.65896845274e-06
589	6.35264895585e-06
590	7.85426554534e-06
591	6.79603120474e-06
592	7.9708614575e-06
593	9.35740553031e-06
594	9.79798162627e-06
595	5.47723339382e-06
596	6.68036367614e-06
597	7.29521081806e-06
598	6.54128097304e-06
599	7.84610602715e-06
600	9.77743034685e-06
601	9.5641825871e-06
602	5.47111410333e-06
603	6.74799855732e-06
604	6.24236389112e-06
605	7.49494042789e-06
606	9.34943758058e-06
607	9.1750454273e-06
608	8.96145834905e-06
609	6.47467291398e-06
610	9.11892926024e-06
611	8.92158531538e-06
612	8.7811001858e-06
613	8.55899813765e-06
614	8.53703786755e-06
615	8.53131647459e-06
616	8.57782500737e-06
617	8.57698109756e-06
618	8.54404923311e-06
619	8.48811227989e-06
620	8.43028905226e-06
621	8.37880478062e-06
622	8.33611660149e-06
623	8.30040055606e-06
624	8.26763153762e-06
625	8.23415568605e-06
626	8.19801316612e-06
627	8.15870763366e-06
628	8.11980886314e-06
629	8.08172679721e-06
630	8.04517698113e-06
631	8.0101428336e-06
632	7.97607282364e-06
633	7.94224982265e-06
634	7.91864529592e-06
635	7.88388109482e-06
636	7.85004005682e-06
637	7.81490778768e-06
638	7.7803137223e-06
639	7.74523650596e-06
640	7.71071580315e-06
641	7.67689956849e-06
642	7.64388102119e-06
643	7.61125956112e-06
644	7.57903458532e-06
645	7.54708353965e-06
646	7.51534977979e-06
647	7.48379349391e-06
648	7.45240413765e-06
649	7.42142191529e-06
650	7.39102282579e-06
651	7.36097040902e-06
652	7.33080923447e-06
653	7.30060697335e-06
654	7.27051743161e-06
655	7.24053754423e-06
656	7.21072610659e-06
657	7.18117002716e-06
658	7.15179082644e-06
659	7.12264507655e-06
660	7.0929658815e-06
661	7.06398768618e-06
662	7.03559941961e-06
663	7.00735908817e-06
664	6.97940622924e-06
665	6.95181831344e-06
666	6.92448066097e-06
667	6.89734732895e-06
668	6.87040552189e-06
669	6.84359835742e-06
670	6.81718746253e-06
671	6.79120742248e-06
672	6.76516328939e-06
673	6.73924240239e-06
674	6.7135705703e-06
675	6.68810081428e-06
676	6.66280857489e-06
677	6.63766138687e-06
678	6.61265050527e-06
679	6.58769869466e-06
680	6.56299928463e-06
681	6.53855911164e-06
682	6.51404808947e-06
683	6.4897639218e-06
684	6.46570109491e-06
685	6.44183063149e-06
686	6.41812404831e-06
687	6.39457600274e-06
688	6.37718339147e-06
689	6.35926938067e-06
690	6.33173337898e-06
691	6.30978682347e-06
692	1.030766205e-05
693	9.33124929554e-06
694	7.13421507852e-06
695	9.59417129146e-06
696	9.11847915138e-06
697	7.33425807035e-06
698	9.20654053553e-06
699	6.98297399821e-06
700	9.04437003564e-06
701	9.65508961847e-06
702	4.69288214799e-06
703	4.20220400541e-06
704	8.42639283742e-06
705	9.49678170588e-06
706	9.54574178799e-06
707	9.13717410949e-06
708	5.92671907293e-06
709	5.5926699409e-06
710	9.65377584385e-06
711	5.68335465527e-06
712	8.72175502194e-06
713	5.56446490536e-06
714	9.71667395634e-06
715	6.13610758073e-06
716	4.84224172877e-06
717	8.63370104764e-06
718	5.6277041327e-06
719	9.60814498327e-06
720	5.74298587393e-06
721	4.43692625765e-06
722	9.04401224784e-06
723	9.3272079743e-06
724	6.4025187973e-06
725	9.54733702266e-06
726	9.4909363875e-06
727	5.90711386534e-06
728	9.18015828484e-06
729	5.29161261838e-06
730	8.34339654234e-06
731	8.52775521205e-06
732	5.83735589288e-06
733	8.72889513387e-06
734	5.01013944083e-06
735	8.21804817752e-06
736	9.37724658068e-06
737	9.56109084673e-06
738	6.27224313674e-06
739	9.29589981067e-06
740	4.7931352215e-06
741	8.37815464111e-06
742	8.73092251156e-06
743	6.06436220724e-06
744	8.95496418165e-06
745	9.04265279075e-06
746	5.67560050793e-06
747	8.82336738942e-06
748	5.10580413711e-06
749	9.49974584671e-06
750	5.38143333675e-06
751	9.06163252389e-06
752	9.48869895091e-06
753	9.64343276395e-06
754	5.9190529824e-06
755	8.86652278816e-06
756	9.25798060466e-06
757	8.92761044157e-06
758	5.82288412414e-06
759	9.52025309024e-06
760	5.43525565072e-06
761	9.0931408117e-06
762	9.32487095977e-06
763	9.18010053409e-06
764	5.65017362773e-06
765	9.5614648359e-06
766	5.39779627358e-06
767	8.87313574658e-06
768	8.16543494216e-06
769	9.61039852218e-06
770	6.28667273693e-06
771	4.29994226812e-06
772	8.46315752732e-06
773	8.09718336035e-06
774	9.68245266783e-06
775	5.42655654566e-06
776	9.13515563074e-06
777	8.26763948946e-06
778	9.40083385785e-06
779	6.15750237535e-06
780	9.58551797626e-06
781	8.24420616841e-06
782	9.28210294316e-06
783	5.98828165245e-06
784	9.22198544724e-06
785	7.93585642074e-06
786	9.09575629925e-06
787	5.83430496501e-06
788	9.00482481978e-06
789	7.84016425086e-06
790	9.02633512877e-06
791	5.78558245943e-06
792	8.97849023601e-06
793	7.79394878552e-06
794	8.95429972033e-06
795	5.74261309832e-06
796	8.89953115951e-06
797	9.6745900539e-06
798	5.14960240218e-06
799	8.32224296941e-06
800	8.83850196316e-06
801	8.92713210004e-06
802	6.00704691499e-06
803	8.64908482225e-06
804	9.56285335263e-06
805	9.0510354376e-06
806	5.85998500754e-06
807	9.4264740362e-06
808	4.93072503052e-06
809	9.54483849261e-06
810	4.94714379486e-06
811	9.24256904821e-06
812	4.90228319868e-06
813	9.14470894304e-06
814	4.87425670719e-06
815	9.1459281706e-06
816	4.86709633501e-06
817	9.14330328807e-06
818	4.86687684692e-06
819	9.12549790844e-06
820	4.85391597931e-06
821	9.08457626779e-06
822	4.82821524347e-06
823	9.0278644719e-06
824	4.79763517832e-06
825	8.96572645642e-06
826	9.61529147083e-06
827	8.79844913931e-06
828	9.51264970286e-06
829	5.05792751307e-06
830	8.61944187219e-06
831	9.08468105689e-06
832	8.51795850905e-06
833	5.39314917449e-06
834	8.54611456652e-06
835	8.97832904706e-06
836	9.65585059148e-06
837	8.08321479e-06
838	4.99629871223e-06
839	9.09954287049e-06
840	9.39557502408e-06
841	8.24933471482e-06
842	8.95325317316e-06
843	4.72707237516e-06
844	9.26850155135e-06
845	9.26217362824e-06
846	8.17606925185e-06
847	8.97156988146e-06
848	4.70870328098e-06
849	9.24422426542e-06
850	9.15482199734e-06
851	8.02482658501e-06
852	8.85972275596e-06
853	4.6388831831e-06
854	9.10875343599e-06
855	9.0343738771e-06
856	9.62261338428e-06
857	7.79099498536e-06
858	9.21754852026e-06
859	5.03658177229e-06
860	9.63490835631e-06
861	9.55551142307e-06
862	8.04957222765e-06
863	8.69158761645e-06
864	9.35360879326e-06
865	9.14861266679e-06
866	7.74867185004e-06
867	9.23066182477e-06
868	4.7724085064e-06
869	9.41140632795e-06
870	9.21355764398e-06
871	9.57825405237e-06
872	7.47253260498e-06
873	8.71446602253e-06
874	4.66470129587e-06
875	8.78242432442e-06
876	8.79418477766e-06
877	9.28273937779e-06
878	7.40826129168e-06
879	8.63697971542e-06
880	9.56417651669e-06
881	9.56097908258e-06
882	7.74417653663e-06
883	8.89367140854e-06
884	4.77531460754e-06
885	9.14578727164e-06
886	8.87114827666e-06
887	9.09146928695e-06
888	7.07928162718e-06
889	8.31142903198e-06
890	8.92411553095e-06
891	8.94679853953e-06
892	7.42989262977e-06
893	8.67901630201e-06
894	9.38122509294e-06
895	9.51787126829e-06
896	8.77566740114e-06
897	9.10907126508e-06
898	7.26653517754e-06
899	8.58557806753e-06
900	8.84301677834e-06
901	8.78617762201e-06
902	7.27473992973e-06
903	8.34682366073e-06
904	9.05339970033e-06
905	9.11387223201e-06
906	7.29287716224e-06
907	8.27392067784e-06
908	9.08124493191e-06
909	8.94820122571e-06
910	7.17634762968e-06
911	8.18693415667e-06
912	8.81148055127e-06
913	8.75679080402e-06
914	7.09800476446e-06
915	8.11947684455e-06
916	8.59423039718e-06
917	8.64358320682e-06
918	7.04577365221e-06
919	8.07449880607e-06
920	8.52082684857e-06
921	8.59816918416e-06
922	6.9968326681e-06
923	8.00860741412e-06
924	8.48300585055e-06
925	8.53608431972e-06
926	6.93283324725e-06
927	7.92883374839e-06
928	8.39716787945e-06
929	8.44406233235e-06
930	6.86405236522e-06
931	7.85411393236e-06
932	8.27330209634e-06
933	8.34395070398e-06
934	6.79770813441e-06
935	7.79477240866e-06
936	8.15580787894e-06
937	8.26074009093e-06
938	6.74369230308e-06
939	7.73885913979e-06
940	8.06137342396e-06
941	8.18634254042e-06
942	6.68861150701e-06
943	7.6762776297e-06
944	7.97744623068e-06
945	8.11182108254e-06
946	6.63029320731e-06
947	7.61039711221e-06
948	7.88663071362e-06
949	8.03268767289e-06
950	6.57168419171e-06
951	7.54542131723e-06
952	7.78899802494e-06
953	7.95284608454e-06
954	6.51474305642e-06
955	7.48479303674e-06
956	7.69256701637e-06
957	7.87667670458e-06
958	6.46011817831e-06
959	7.42569731231e-06
960	7.60094843362e-06
961	7.80364912811e-06
962	6.40687908159e-06
963	7.36617580173e-06
964	7.51249126738e-06
965	7.73138653513e-06
966	6.3525623617e-06
967	7.30592420599e-06
968	7.42512628824e-06
969	7.65915140434e-06
970	6.29914445785e-06
971	7.61713668866e-06
972	9.59849682685e-06
