1	0.11
2	0.15
3	0.2
4	0.25
5	0.29
6	0.34
7	0.39
8	0.44
9	0.48
10	0.53
11	0.58
12	0.63
13	0.67
14	0.72
15	0.77
16	0.82
17	0.86
18	0.91
19	0.96
20	1
21	1.05
22	1.1
23	1.14
24	1.19
25	1.23
26	1.28
27	1.32
28	1.37
29	1.41
30	1.46
31	1.5
32	1.54
33	1.58
34	1.62
35	1.67
36	1.72
37	1.76
38	1.81
39	1.85
40	1.9
41	1.94
42	1.99
43	2.03
44	2.08
45	2.12
46	2.18
47	2.22
48	2.27
49	2.31
50	2.36
51	2.4
52	2.45
53	2.49
54	2.54
55	2.58
56	2.63
57	2.67
58	2.72
59	2.76
60	2.81
61	2.85
62	2.9
63	2.94
64	2.99
65	3.03
66	3.07
67	3.12
68	3.17
69	3.21
70	3.26
71	3.3
72	3.35
73	3.39
74	3.44
75	3.48
76	3.53
77	3.57
78	3.62
79	3.66
80	3.7
81	3.75
82	3.79
83	3.84
84	3.89
85	3.93
86	3.97
87	4.02
88	4.06
89	4.11
90	4.16
91	4.2
92	4.25
93	4.3
94	4.34
95	4.39
96	4.43
97	4.48
98	4.52
99	4.57
100	4.61
101	4.68
102	4.72
103	4.77
104	4.81
105	4.86
106	4.91
107	4.95
108	5
109	5.04
110	5.09
111	5.13
112	5.18
113	5.22
114	5.27
115	5.31
116	5.36
117	5.41
118	5.45
119	5.5
120	5.54
121	5.59
122	5.64
123	5.68
124	5.73
125	5.77
126	5.82
127	5.86
128	5.91
129	5.96
130	6
131	6.05
132	6.1
133	6.15
134	6.19
135	6.24
136	6.28
137	6.33
138	6.37
139	6.42
140	6.46
141	6.51
142	6.56
143	6.6
144	6.65
145	6.69
146	6.74
147	6.78
148	6.83
149	6.88
150	6.92
151	6.97
152	7.02
153	7.06
154	7.11
155	7.15
156	7.2
157	7.24
158	7.29
159	7.34
160	7.38
161	7.43
162	7.47
163	7.52
164	7.56
165	7.61
166	7.66
167	7.7
168	7.75
169	7.79
170	7.83
171	7.88
172	7.92
173	7.96
174	8.01
175	8.05
176	8.1
177	8.14
178	8.19
179	8.23
180	8.28
181	8.32
182	8.37
183	8.42
184	8.46
185	8.51
186	8.56
187	8.6
188	8.65
189	8.69
190	8.73
191	8.78
192	8.83
193	8.87
194	8.91
195	8.96
196	9
197	9.04
198	9.09
199	9.13
200	9.18
201	9.24
202	9.29
203	9.33
204	9.38
205	9.43
206	9.47
207	9.52
208	9.57
209	9.61
210	9.66
211	9.71
212	9.75
213	9.8
214	9.84
215	9.88
216	9.93
217	9.97
218	10.02
219	10.06
220	10.11
221	10.15
222	10.2
223	10.25
224	10.29
225	10.34
226	10.39
227	10.44
228	10.48
229	10.53
230	10.57
231	10.62
232	10.66
233	10.7
234	10.74
235	10.78
236	10.83
237	10.88
238	10.93
239	10.97
240	11.02
241	11.07
242	11.11
243	11.16
244	11.21
245	11.26
246	11.3
247	11.35
248	11.4
249	11.45
250	11.49
251	11.54
252	11.59
253	11.64
254	11.69
255	11.75
256	11.8
257	11.85
258	11.9
259	11.95
260	12
261	12.06
262	12.11
263	12.16
264	12.21
265	12.27
266	12.32
267	12.36
268	12.4
269	12.45
270	12.5
271	12.55
272	12.6
273	12.64
274	12.69
275	12.74
276	12.79
277	12.84
278	12.88
279	12.93
280	12.98
281	13.03
282	13.07
283	13.12
284	13.17
285	13.22
286	13.27
287	13.32
288	13.36
289	13.41
290	13.45
291	13.5
292	13.55
293	13.59
294	13.64
295	13.68
296	13.73
297	13.78
298	13.83
299	13.88
300	13.93
301	13.99
302	14.04
303	14.08
304	14.13
305	14.18
306	14.22
307	14.27
308	14.32
309	14.36
310	14.41
311	14.45
312	14.5
313	14.55
314	14.59
315	14.64
316	14.69
317	14.73
318	14.78
319	14.83
320	14.87
321	14.92
322	14.97
323	15.01
324	15.06
325	15.11
326	15.15
327	15.2
328	15.24
329	15.29
330	15.34
331	15.39
332	15.43
333	15.48
334	15.53
335	15.57
336	15.62
337	15.67
338	15.71
339	15.76
340	15.81
341	15.85
342	15.9
343	15.95
344	16
345	16.04
346	16.08
347	16.13
348	16.17
349	16.21
350	16.26
351	16.31
352	16.36
353	16.41
354	16.47
355	16.52
356	16.56
357	16.61
358	16.66
359	16.7
360	16.75
361	16.8
362	16.85
363	16.9
364	16.95
365	16.99
366	17.04
367	17.08
368	17.13
369	17.17
370	17.22
371	17.27
372	17.32
373	17.37
374	17.41
375	17.46
376	17.51
377	17.55
378	17.6
379	17.65
380	17.69
381	17.74
382	17.78
383	17.83
384	17.88
385	17.93
386	17.97
387	18.02
388	18.07
389	18.13
390	18.17
391	18.21
392	18.26
393	18.3
394	18.35
395	18.4
396	18.44
397	18.49
398	18.54
399	18.58
400	18.63
401	18.7
402	18.75
403	18.79
404	18.84
405	18.89
406	18.93
407	18.98
408	19.03
409	19.08
410	19.13
411	19.17
412	19.22
413	19.27
414	19.31
415	19.36
416	19.4
417	19.45
418	19.49
419	19.55
420	19.59
421	19.64
422	19.68
423	19.73
424	19.77
425	19.82
426	19.87
427	19.91
428	19.96
429	20.01
430	20.05
431	20.1
432	20.15
433	20.2
434	20.25
435	20.3
436	20.34
437	20.39
438	20.44
439	20.48
440	20.52
441	20.57
442	20.62
443	20.66
444	20.71
445	20.75
446	20.79
447	20.83
448	20.87
449	20.92
450	20.97
451	21.02
452	21.06
453	21.11
454	21.15
455	21.19
456	21.24
457	21.28
458	21.33
459	21.38
460	21.43
461	21.48
462	21.52
463	21.57
464	21.62
465	21.66
466	21.71
467	21.76
468	21.8
469	21.85
470	21.89
471	21.94
472	21.98
473	22.03
474	22.07
475	22.11
476	22.16
477	22.21
478	22.25
479	22.3
480	22.35
481	22.4
482	22.44
483	22.49
484	22.53
485	22.58
486	22.62
487	22.67
488	22.71
489	22.76
490	22.8
491	22.84
492	22.89
493	22.94
494	22.98
495	23.03
496	23.07
497	23.12
498	23.16
499	23.22
500	23.27
501	23.34
502	23.38
503	23.43
504	23.47
505	23.52
506	23.56
507	23.61
508	23.65
509	23.7
510	23.74
511	23.79
512	23.83
513	23.88
514	23.92
515	23.97
516	24.01
517	24.06
518	24.1
519	24.15
520	24.19
521	24.24
522	24.28
523	24.33
524	24.37
525	24.42
526	24.46
527	24.51
528	24.55
529	24.59
530	24.64
531	24.68
532	24.73
533	24.77
534	24.82
535	24.87
536	24.91
537	24.95
538	25
539	25.04
540	25.08
541	25.13
542	25.17
543	25.21
544	25.26
545	25.3
546	25.34
547	25.39
548	25.43
549	25.48
550	25.52
551	25.56
552	25.61
553	25.65
554	25.7
555	25.74
556	25.78
557	25.83
558	25.87
559	25.92
560	25.96
561	26.01
562	26.05
563	26.09
564	26.14
565	26.18
566	26.23
567	26.27
568	26.31
569	26.36
570	26.4
571	26.45
572	26.49
573	26.53
574	26.57
575	26.62
576	26.66
577	26.7
578	26.75
579	26.79
580	26.83
581	26.88
582	26.92
583	26.96
584	27.01
585	27.05
586	27.1
587	27.14
588	27.19
589	27.23
590	27.28
591	27.32
592	27.37
593	27.41
594	27.46
595	27.5
596	27.55
597	27.59
598	27.64
599	27.68
600	27.73
601	27.79
602	27.83
603	27.88
604	27.93
605	27.97
606	28.02
607	28.06
608	28.1
609	28.15
610	28.19
611	28.24
612	28.28
613	28.33
614	28.37
615	28.41
616	28.45
617	28.5
618	28.54
619	28.58
620	28.62
621	28.66
622	28.71
623	28.75
624	28.79
625	28.84
626	28.88
627	28.92
628	28.97
629	29.01
630	29.06
631	29.1
632	29.15
633	29.19
634	29.24
635	29.28
636	29.33
637	29.37
638	29.41
639	29.46
640	29.5
641	29.55
642	29.59
643	29.64
644	29.68
645	29.72
646	29.76
647	29.81
648	29.85
649	29.9
650	29.94
651	29.98
652	30.03
653	30.07
654	30.12
655	30.16
656	30.2
657	30.25
658	30.29
659	30.33
660	30.38
661	30.42
662	30.46
663	30.5
664	30.55
665	30.59
666	30.63
667	30.67
668	30.72
669	30.76
670	30.8
671	30.85
672	30.89
673	30.94
674	30.98
675	31.02
676	31.07
677	31.11
678	31.16
679	31.2
680	31.25
681	31.29
682	31.34
683	31.39
684	31.43
685	31.48
686	31.52
687	31.56
688	31.61
689	31.65
690	31.69
691	31.74
692	31.79
693	31.83
694	31.88
695	31.93
696	31.97
697	32.02
698	32.06
699	32.1
700	32.15
701	32.21
702	32.26
703	32.3
704	32.35
705	32.39
706	32.44
707	32.49
708	32.54
709	32.58
710	32.63
711	32.67
712	32.72
713	32.76
714	32.8
715	32.84
716	32.89
717	32.93
718	32.97
719	33.02
720	33.06
721	33.1
722	33.15
723	33.19
724	33.24
725	33.28
726	33.32
727	33.37
728	33.41
729	33.46
730	33.5
731	33.54
732	33.59
733	33.63
734	33.68
735	33.72
736	33.76
737	33.81
738	33.85
739	33.89
740	33.94
741	33.98
742	34.02
743	34.07
744	34.11
745	34.15
746	34.2
747	34.25
748	34.29
749	34.33
750	34.38
751	34.42
752	34.46
753	34.5
754	34.54
755	34.59
756	34.63
757	34.67
758	34.71
759	34.75
760	34.79
761	34.84
762	34.88
763	34.92
764	34.96
765	35.01
766	35.05
767	35.09
768	35.13
769	35.17
770	35.22
771	35.26
772	35.31
773	35.35
774	35.39
775	35.44
776	35.48
777	35.52
778	35.57
779	35.61
780	35.65
781	35.69
782	35.74
783	35.78
784	35.83
785	35.87
786	35.91
787	35.96
788	36
789	36.05
790	36.09
791	36.13
792	36.18
793	36.22
794	36.26
795	36.31
796	36.35
797	36.4
798	36.44
799	36.48
800	36.53
801	36.59
802	36.63
803	36.68
804	36.72
805	36.76
806	36.81
807	36.85
808	36.89
809	36.93
810	36.97
811	37.01
812	37.06
813	37.1
814	37.14
815	37.18
816	37.22
817	37.26
818	37.31
819	37.35
820	37.39
821	37.44
822	37.48
823	37.52
824	37.57
825	37.61
826	37.65
827	37.69
828	37.74
829	37.78
830	37.82
831	37.87
832	37.91
833	37.96
834	38
835	38.05
836	38.09
837	38.14
838	38.18
839	38.23
840	38.27
841	38.32
842	38.36
843	38.4
844	38.45
845	38.49
846	38.53
847	38.57
848	38.61
849	38.65
850	38.69
851	38.74
852	38.78
853	38.82
854	38.87
855	38.91
856	38.95
857	38.99
858	39.03
859	39.08
860	39.12
861	39.16
862	39.21
863	39.25
864	39.29
865	39.34
866	39.38
867	39.42
868	39.47
869	39.51
870	39.56
871	39.6
872	39.65
873	39.69
874	39.73
875	39.78
876	39.82
877	39.86
878	39.91
879	39.95
880	40
881	40.04
882	40.08
883	40.12
884	40.17
885	40.21
886	40.25
887	40.3
888	40.34
889	40.38
890	40.42
891	40.47
892	40.51
893	40.55
894	40.6
895	40.64
896	40.68
897	40.73
898	40.77
899	40.81
900	40.86
901	40.92
902	40.97
903	41.01
904	41.05
905	41.09
906	41.14
907	41.18
908	41.22
909	41.26
910	41.31
911	41.35
912	41.4
913	41.44
914	41.48
915	41.53
916	41.57
917	41.62
918	41.66
919	41.71
920	41.75
921	41.79
922	41.84
923	41.88
924	41.92
925	41.97
926	42.01
927	42.05
928	42.1
929	42.14
930	42.18
931	42.22
932	42.27
933	42.31
934	42.35
935	42.39
936	42.44
937	42.48
938	42.53
939	42.57
940	42.61
941	42.66
942	42.71
943	42.75
944	42.79
945	42.83
946	42.88
947	42.92
948	42.96
949	43
950	43.04
951	43.09
952	43.13
953	43.17
954	43.22
955	43.26
956	43.31
957	43.35
958	43.4
959	43.44
960	43.49
961	43.53
962	43.57
963	43.62
964	43.67
965	43.71
966	43.76
967	43.8
968	43.84
969	43.89
970	43.93
971	43.97
972	44.02
