1	0.865117505028
2	0.687556884862
3	0.606441368423
4	0.253450470618
5	0.0350983029534
6	0.0135741220163
7	0.0162518075003
8	0.0169106767049
9	0.0152570489158
10	0.0161600311047
11	0.013357921577
12	0.00794160938743
13	0.00419694592839
14	0.00322525411065
15	0.00339071204572
16	0.00350097979754
17	0.00337454599541
18	0.00321282063414
19	0.00302498547955
20	0.00276171056608
21	0.0025745282377
22	0.00246831761701
23	0.00241666337911
24	0.00240519681718
25	0.00240144683893
26	0.00238996154267
27	0.00237360170825
28	0.00235398434663
29	0.00233844001869
30	0.00232638210197
31	0.00231773361973
32	0.00230197045623
33	0.00227896266131
34	0.00226910273723
35	0.00224869865349
36	0.00223826305748
37	0.00225623954964
38	0.00227992123251
39	0.00232440426386
40	0.00236190253114
41	0.0023961933204
42	0.00243787148674
43	0.00245479274509
44	0.0024708457331
45	0.00246946176573
46	0.00250874466779
47	0.00257193648801
48	0.00259936505929
49	0.00261841318474
50	0.00262737451779
51	0.00258696551879
52	0.00259172794135
53	0.0025837490647
54	0.0025800986831
55	0.00258267728385
56	0.00260405269208
57	0.00262352525557
58	0.00263048121738
59	0.0026474265587
60	0.00268511980189
61	0.00269499672826
62	0.00273178441835
63	0.00278745345628
64	0.00283906740913
65	0.00281378594547
66	0.00287733785949
67	0.00293975000071
68	0.00292480676454
69	0.00292581142348
70	0.00288520670486
71	0.00287411186298
72	0.00287464069829
73	0.00286174029166
74	0.00290471891154
75	0.00296457095093
76	0.00296404703221
77	0.00301110570016
78	0.00309001580566
79	0.00311813636019
80	0.0031847194718
81	0.00317949311529
82	0.00327860997792
83	0.00338233920315
84	0.0034577011299
85	0.00354397094416
86	0.00352315167521
87	0.00353132379918
88	0.00354645416118
89	0.00352862365849
90	0.00357738193599
91	0.00366035172726
92	0.00376660157203
93	0.00385712332125
94	0.00389334588314
95	0.00392258033339
96	0.0040490395619
97	0.00424204269941
98	0.00427327331882
99	0.00439556871259
100	0.00447067134169
101	0.00442411923053
102	0.00450419005501
103	0.0044689768209
104	0.00451752522395
105	0.00467363617615
106	0.0047965642597
107	0.00472745484317
108	0.00477022720358
109	0.00477007032107
110	0.00488648748498
111	0.00486844786207
112	0.00480345256139
113	0.00459640574332
114	0.00446616954284
115	0.00456402422602
116	0.00443860453793
117	0.00437373911009
118	0.00423993588121
119	0.00418287414994
120	0.00417022979262
121	0.00430323761838
122	0.00419183308108
123	0.00412237107512
124	0.0040233251083
125	0.0037687325109
126	0.00377166054595
127	0.00386194815759
128	0.00369871565128
129	0.00350570603643
130	0.00349283448458
131	0.00354613022221
132	0.00355410833024
133	0.00345485050544
134	0.00347111054874
135	0.00332998702281
136	0.00318842170648
137	0.00327004946129
138	0.00321461719583
139	0.00308411633484
140	0.00305164280453
141	0.00301379594747
142	0.00302417533714
143	0.00298890036924
144	0.00306782872292
145	0.00289062044376
146	0.00294009460121
147	0.0028716975315
148	0.00286916121933
149	0.00277581824118
150	0.00273445337245
151	0.00273360207887
152	0.00279304916174
153	0.00292955807721
154	0.00271382335837
155	0.00267153840707
156	0.0027609777052
157	0.00270149138082
158	0.0026694828128
159	0.00262930642367
160	0.00283216422118
161	0.00266830870433
162	0.00249761324116
163	0.00252593213132
164	0.00253519241478
165	0.00262945245466
166	0.00276450773327
167	0.00275279986369
168	0.00243970427166
169	0.00245269332864
170	0.00271398086711
171	0.0027556145092
172	0.00262468954912
173	0.00289908359198
174	0.00256191429153
175	0.00265480001964
176	0.00295267025362
177	0.00280758332935
178	0.00293651734024
179	0.00287571025382
180	0.0028172380185
181	0.00309592994796
182	0.00316412263189
183	0.0027204438549
184	0.00281067600143
185	0.00294747210084
186	0.00324132631534
187	0.00287814246552
188	0.00247470461756
189	0.00233155121025
190	0.00246733987802
191	0.00250493220045
192	0.00307172787762
193	0.00311750727203
194	0.00205186831228
195	0.00205115903573
196	0.00200663283223
197	0.00168491140176
198	0.00153460223068
199	0.00108681499762
200	0.000994714491062
201	0.000963456937522
202	0.000938731581034
203	0.000923651926362
204	0.000908692174697
205	0.000912581628585
206	0.000876324938324
207	0.000865287439821
208	0.000847302848622
209	0.000832932813204
210	0.000828996747584
211	0.000824952033948
212	0.000822739112334
213	0.000803185773273
214	0.000778639589298
215	0.000772531170783
216	0.000768613466889
217	0.000763815935776
218	0.000758642176306
219	0.000752257072191
220	0.000745809621901
221	0.000739175015281
222	0.000732593460316
223	0.000725756591378
224	0.000719209198363
225	0.000712224278844
226	0.000705922765907
227	0.000699485648092
228	0.000693324715446
229	0.000687185266125
230	0.000680869730942
231	0.000674890830632
232	0.000668794369268
233	0.000662452533594
234	0.000656546345062
235	0.000650759030583
236	0.000645314935862
237	0.00063981609369
238	0.000634375773152
239	0.000628319886377
240	0.000623584352914
241	0.000618125267874
242	0.000612741246476
243	0.000607539592072
244	0.000602468433728
245	0.00059781943219
246	0.00059283088149
247	0.000587951056993
248	0.000582988940827
249	0.000578447804436
250	0.000574022364854
251	0.000569519899799
252	0.000565217345218
253	0.000560709090237
254	0.000556065826127
255	0.000552060252172
256	0.00054787181089
257	0.00054359909899
258	0.000539244273786
259	0.000535425342255
260	0.000531448490493
261	0.000527680597156
262	0.000523810783602
263	0.000519435005669
264	0.00051565428907
265	0.000511929296824
266	0.000508373636866
267	0.000504439052129
268	0.000500580822586
269	0.000497138197397
270	0.000493215029662
271	0.000489518766441
272	0.000486105737996
273	0.000482821636076
274	0.000479208168525
275	0.000475878286124
276	0.000472330656292
277	0.000468765419669
278	0.000466089610146
279	0.000462479931743
280	0.00045962546851
281	0.000456706037693
282	0.000452948721996
283	0.000450247585116
284	0.000447029869638
285	0.000444162936547
286	0.000441143471854
287	0.00043836827734
288	0.000435415800795
289	0.000432484491901
290	0.000429368357845
291	0.000426650868141
292	0.00042394542515
293	0.000420977931026
294	0.000418243046877
295	0.000415609481759
296	0.000413086592681
297	0.000410264068452
298	0.000407516401711
299	0.000404774274872
300	0.000402496007408
301	0.000399765919436
302	0.000397192413537
303	0.000394907939828
304	0.000392565748802
305	0.000390151736724
306	0.000387302167887
307	0.000385039328667
308	0.000382662789226
309	0.000380127710441
310	0.000377841266657
311	0.00037562843443
312	0.000373374745076
313	0.000370605025576
314	0.000368305083878
315	0.000366311071227
316	0.000363998796969
317	0.000362082907949
318	0.000359854067514
319	0.000357552209367
320	0.000354951652581
321	0.000353033120348
322	0.00035092586366
323	0.00034853129933
324	0.00034672216411
325	0.00034421420755
326	0.000342375420959
327	0.000340378228514
328	0.000338445529636
329	0.000336358874056
330	0.000334313137177
331	0.000332216966135
332	0.000330167056166
333	0.000327780163062
334	0.000326372413112
335	0.000324368973287
336	0.000322500741731
337	0.000320517319652
338	0.000318752159674
339	0.000316561457043
340	0.000314857689473
341	0.000312776395718
342	0.000311022174463
343	0.000309108175736
344	0.000306955348383
345	0.000305628736635
346	0.000303218364218
347	0.000301903982184
348	0.000299930921666
349	0.000298091742763
350	0.00029620495232
351	0.000294562949504
352	0.000292572730967
353	0.000291221944209
354	0.000289288483441
355	0.000287503929613
356	0.000285774005176
357	0.000284044527763
358	0.000282762505099
359	0.000280916863219
360	0.000279047244649
361	0.000277634541587
362	0.000275852584767
363	0.000273960457337
364	0.000272262682182
365	0.0002710241105
366	0.000269063821828
367	0.000267674950975
368	0.000265818271431
369	0.000264177114715
370	0.000262690515336
371	0.000261207243659
372	0.000259411778731
373	0.000257662550658
374	0.000256492945744
375	0.000254832902188
376	0.000252968087631
377	0.000251376383016
378	0.000250027481912
379	0.000248391699481
380	0.000246783080829
381	0.000245396965819
382	0.000243638905335
383	0.000242415009999
384	0.000240761914366
385	0.000238920647116
386	0.000237652536278
387	0.000235981940705
388	0.000234649922636
389	0.00023351356603
390	0.000231897175214
391	0.000230470876734
392	0.000229147408317
393	0.000227359091809
394	0.000225900318258
395	0.000224454025459
396	0.000222900129242
397	0.000221484625116
398	0.000220162031359
399	0.000218534860465
400	0.000217145987953
401	0.000215750758456
402	0.000213889253694
403	0.000212486239746
404	0.000211164443163
405	0.000210081273369
406	0.000208612160759
407	0.000207041995589
408	0.000205406199156
409	0.000204119862208
410	0.00020264092051
411	0.000201014509189
412	0.000199548660907
413	0.000198086738667
414	0.000196459181268
415	0.000195010919213
416	0.000193623028141
417	0.00019180969721
418	0.000190274410188
419	0.000188546021668
420	0.000187391804461
421	0.000185638959747
422	0.000183926366754
423	0.000182487260853
424	0.000180741331936
425	0.000179020121615
426	0.000177367890799
427	0.000175848794068
428	0.000173987894658
429	0.000172242128619
430	0.000170545538622
431	0.000168965689093
432	0.000167380391708
433	0.000165629926153
434	0.000164182198649
435	0.000162704617415
436	0.000161452629344
437	0.000160150914672
438	0.000158877613932
439	0.000157723360526
440	0.000156592608428
441	0.000155693299661
442	0.000154341802735
443	0.000153159905697
444	0.000152448231621
445	0.000151545381501
446	0.00015197341553
447	0.00015216570153
448	0.000152198732084
449	0.000152734307424
450	0.000153599537885
451	0.000154872435976
452	0.000157081272566
453	0.000158691819457
454	0.000160323881251
455	0.000161399152076
456	0.00016208393304
457	0.000162750767878
458	0.000163429841925
459	0.000163932325442
460	0.00016451865182
461	0.000164832821827
462	0.000164870052118
463	0.000165158054964
464	0.000165372716769
465	0.00016548873753
466	0.000165582934511
467	0.000165792360384
468	0.000166046833685
469	0.000166141066985
470	0.000165834184775
471	0.0001660992856
472	0.000165978004695
473	0.000165916283011
474	0.000165824048139
475	0.000165668611217
476	0.000165518167743
477	0.000165460743922
478	0.000165361787892
479	0.000164984327029
480	0.000164758269781
481	0.00016479864686
482	0.000164709497524
483	0.000164398871626
484	0.000164251122225
485	0.000163997520421
486	0.000164123816969
487	0.000163632372327
488	0.000163169986194
489	0.000163060418136
490	0.000162829635155
491	0.000162491141502
492	0.000162426787798
493	0.000162114560144
494	0.000161850498548
495	0.000161674013953
496	0.000160957432231
497	0.000160850051205
498	0.00016076584228
499	0.000160304447551
500	0.000160167400072
501	0.000159904383637
502	0.00015941560519
503	0.000159128797241
504	0.000159115245194
505	0.000158491705151
506	0.000158105918804
507	0.000157944933472
508	0.000157670509397
509	0.000157211294668
510	0.0001570050134
511	0.000156748127199
512	0.000156436996135
513	0.00015600449266
514	0.000155854346944
515	0.00015575575081
516	0.000155186194788
517	0.000154957885428
518	0.000154863148771
519	0.000154232839866
520	0.000153899811915
521	0.000153744283015
522	0.000153524521784
523	0.000152878649535
524	0.000152476185371
525	0.000152202207359
526	0.000152212578777
527	0.000151627209105
528	0.000151238965984
529	0.000151155623305
530	0.00015080992347
531	0.000150432636245
532	0.000149975660156
533	0.000149754132343
534	0.000149136679585
535	0.00014865673879
536	0.000148379612605
537	0.00014784289345
538	0.000147678455102
539	0.000146904435074
540	0.000146760180045
541	0.000146478468303
542	0.000146306235986
543	0.000145576017134
544	0.000145123388157
545	0.000144832645303
546	0.000144554767741
547	0.000144102769242
548	0.000143563657963
549	0.000143442757168
550	0.00014275047072
551	0.000142433795167
552	0.000142464980258
553	0.000141555893453
554	0.000141026981765
555	0.000140845977805
556	0.000140502088001
557	0.000140335264617
558	0.000139950334103
559	0.00013929816378
560	0.000138991986819
561	0.000138614243821
562	0.000138404097175
563	0.000137946681561
564	0.000137582342627
565	0.00013752602514
566	0.00013691685155
567	0.000136751959814
568	0.000136110766536
569	0.000135818388609
570	0.000135822680389
571	0.000135278377247
572	0.00013500211724
573	0.000134945725419
574	0.000134118009907
575	0.000134018248239
576	0.000133504695372
577	0.000133588385332
578	0.000132819958465
579	0.000132629234751
580	0.000132217062692
581	0.000132084031602
582	0.000131682434006
583	0.000131386844932
584	0.000130946132034
585	0.000130566804275
586	0.000130261978843
587	0.000129727493853
588	0.000129912365645
589	0.00012935950183
590	0.000128980920566
591	0.000129020367289
592	0.000128390922831
593	0.000128267849139
594	0.00012791858844
595	0.000127845407181
596	0.000127618328962
597	0.000126885744715
598	0.000126869423295
599	0.00012632026406
600	0.000125937166147
601	0.000125755039925
602	0.000125610351612
603	0.000125095993966
604	0.000125064015632
605	0.00012468628993
606	0.000124405213444
607	0.000124010752194
608	0.000123694542336
609	0.000123684499557
610	0.000123234151194
611	0.000123044033047
612	0.000122562509968
613	0.000122444143906
614	0.000122125700511
615	0.000121608968195
616	0.000121378690477
617	0.000121524867229
618	0.000121039728682
619	0.000120698018078
620	0.000120596022239
621	0.000120137776208
622	0.000120083396893
623	0.000119634038769
624	0.000119439066908
625	0.000119326174593
626	0.000118907622584
627	0.000118563662421
628	0.000118289811883
629	0.000118328290761
630	0.0001179637689
631	0.000117796694088
632	0.000117518982775
633	0.000117031171425
634	0.000117259467703
635	0.000116453686953
636	0.000116216240511
637	0.000116331084047
638	0.000115539670674
639	0.000115689901828
640	0.000115332253835
641	0.000114846349805
642	0.000114597743193
643	0.00011449678532
644	0.000114279370412
645	0.000113775707352
646	0.000113846231244
647	0.000113511463229
648	0.000113402233762
649	0.000113277265004
650	0.000112813051573
651	0.000112695889548
652	0.000112084855627
653	0.000112054158463
654	0.000111818542667
655	0.000111713267077
656	0.00011132133927
657	0.000110945640431
658	0.000110746175714
659	0.000110708718298
660	0.000110414654154
661	0.000110276727619
662	0.000109775905029
663	0.000109607463682
664	0.000109568935649
665	0.000108875519044
666	0.000108976247183
667	0.000108982154622
668	0.000108323671837
669	0.00010833155596
670	0.000108301680781
671	0.000107738132456
672	0.000107829440161
673	0.000107453146013
674	0.000107258128236
675	0.000107094103657
676	0.000106873886035
677	0.000106593532253
678	0.000106567548984
679	0.000106020069946
680	0.0001059405794
681	0.000105911406759
682	0.000105360873841
683	0.000105282924065
684	0.000105266952099
685	0.000104949979237
686	0.000104408079465
687	0.000104394870388
688	0.000104238203278
689	0.000104204238434
690	0.000103863450296
691	0.000103549518769
692	0.000103357307678
693	0.000103370024723
694	0.000102929027115
695	0.000102887219812
696	0.000102420435766
697	0.000102139053894
698	0.000101834364591
699	0.000101543107172
700	0.000101355689324
701	0.000100989782978
702	0.000100904237946
703	0.000100470603011
704	0.000100088424929
705	9.99076025258e-05
706	9.974203093e-05
707	9.96425102597e-05
708	9.9264226817e-05
709	9.88234445847e-05
710	9.83783093863e-05
711	9.82504772038e-05
712	9.79792544564e-05
713	9.76688050657e-05
714	9.75454227582e-05
715	9.71876006712e-05
716	9.69278380378e-05
717	9.65823323863e-05
718	9.60672828314e-05
719	9.60740502553e-05
720	9.61817182589e-05
721	9.5739978394e-05
722	9.57407715164e-05
723	9.52792507396e-05
724	9.48250801869e-05
725	9.46188989878e-05
726	9.46322645002e-05
727	9.41584749092e-05
728	9.39295359244e-05
729	9.34185494134e-05
730	9.33674342978e-05
731	9.32929436794e-05
732	9.29997687039e-05
733	9.26169406395e-05
734	9.24935788255e-05
735	9.22486074455e-05
736	9.22705623028e-05
737	9.18412910683e-05
738	9.14306651955e-05
739	9.14846021546e-05
740	9.09875766407e-05
741	9.08746937128e-05
742	9.06146371124e-05
743	9.04413019537e-05
744	9.03386144991e-05
745	9.01862024202e-05
746	8.96803841642e-05
747	8.9715505443e-05
748	8.94261148926e-05
749	8.90957438275e-05
750	8.85898508576e-05
751	8.86038727256e-05
752	8.85949059236e-05
753	8.84785940863e-05
754	8.80314281892e-05
755	8.76850053924e-05
756	8.75055034599e-05
757	8.73251765034e-05
758	8.71558013247e-05
759	8.72214410667e-05
760	8.69024927729e-05
761	8.67190824467e-05
762	8.64968961206e-05
763	8.65235050862e-05
764	8.59987306276e-05
765	8.56996943874e-05
766	8.5375881214e-05
767	8.55014642919e-05
768	8.5385600647e-05
769	8.51619498587e-05
770	8.47840985775e-05
771	8.46364338884e-05
772	8.44268791642e-05
773	8.42975584964e-05
774	8.39204650783e-05
775	8.38915072729e-05
776	8.37207755555e-05
777	8.36446620276e-05
778	8.32159661917e-05
779	8.33798966574e-05
780	8.27808645509e-05
781	8.24196391697e-05
782	8.26254339361e-05
783	8.23865313967e-05
784	8.23215049332e-05
785	8.19005692084e-05
786	8.17808172667e-05
787	8.15875506592e-05
788	8.16533183907e-05
789	8.12573945465e-05
790	8.13644702494e-05
791	8.097437171e-05
792	8.06409111426e-05
793	8.03916926843e-05
794	8.02650848178e-05
795	8.01841567856e-05
796	8.00842059651e-05
797	7.98366174554e-05
798	7.97277247036e-05
799	7.95510062532e-05
800	7.91415558293e-05
801	7.90307169884e-05
802	7.91570045123e-05
803	7.86994396305e-05
804	7.87738615484e-05
805	7.84991044827e-05
806	7.84994273424e-05
807	7.81039312766e-05
808	7.78559413817e-05
809	7.82109328643e-05
810	7.78706803581e-05
811	7.7596044113e-05
812	7.71702611596e-05
813	7.68689603834e-05
814	7.69503529805e-05
815	7.67531106529e-05
816	7.67669637143e-05
817	7.64651842063e-05
818	7.61750365804e-05
819	7.60401628424e-05
820	7.64418895836e-05
821	7.57662130896e-05
822	7.56144360749e-05
823	7.57285410201e-05
824	7.53886785812e-05
825	7.52495439337e-05
826	7.49688146033e-05
827	7.48355491859e-05
828	7.48680956783e-05
829	7.50066147445e-05
830	7.48539480076e-05
831	7.43513060825e-05
832	7.42955999378e-05
833	7.41035096031e-05
834	7.43228564245e-05
835	7.42420436052e-05
836	7.36875469492e-05
837	7.3495850515e-05
838	7.33608258617e-05
839	7.34498698845e-05
840	7.29321539523e-05
841	7.30092521154e-05
842	7.26139966621e-05
843	7.28292468072e-05
844	7.2579830074e-05
845	7.27249429696e-05
846	7.23820751911e-05
847	7.20316360642e-05
848	7.20381898591e-05
849	7.18531823386e-05
850	7.19013603661e-05
851	7.17077677251e-05
852	7.15766955988e-05
853	7.13749020341e-05
854	7.09126437645e-05
855	7.09197832902e-05
856	7.0760611828e-05
857	7.08157856696e-05
858	7.05918792456e-05
859	7.05406625092e-05
860	7.07603421747e-05
861	7.01331033429e-05
862	7.00079352714e-05
863	7.01082394604e-05
864	6.99661404919e-05
865	6.97423639627e-05
866	6.95740629321e-05
867	6.95721903632e-05
868	6.91746567689e-05
869	6.93480629902e-05
870	6.92283564711e-05
871	6.92151109809e-05
872	6.90412259721e-05
873	6.90098145699e-05
874	6.87345811819e-05
875	6.88892246527e-05
876	6.8770226067e-05
877	6.86569589577e-05
878	6.83089529584e-05
879	6.81704046396e-05
880	6.84771660558e-05
881	6.8251609053e-05
882	6.82167948724e-05
883	6.79510579419e-05
884	6.79849790102e-05
885	6.80333279314e-05
886	6.74206006871e-05
887	6.73254305414e-05
888	6.7484046178e-05
889	6.72243266049e-05
890	6.71872678522e-05
891	6.6984420468e-05
892	6.67852502781e-05
893	6.69901453299e-05
894	6.66294074075e-05
895	6.66563589114e-05
896	6.66528983184e-05
897	6.65567646732e-05
898	6.63740014613e-05
899	6.65539936204e-05
900	6.59838132704e-05
901	6.61030918454e-05
902	6.59263255634e-05
903	6.57041676387e-05
904	6.55266171574e-05
905	6.55164909864e-05
906	6.54388407575e-05
907	6.52406250005e-05
908	6.52752100936e-05
909	6.50567685935e-05
910	6.51873983896e-05
911	6.51365719393e-05
912	6.50470380559e-05
913	6.54648339229e-05
914	6.48301128921e-05
915	6.47669370068e-05
916	6.49258289669e-05
917	6.45836559003e-05
918	6.48087413886e-05
919	6.45457341862e-05
920	6.42560475329e-05
921	6.41920322956e-05
922	6.4066197735e-05
923	6.38933387771e-05
924	6.39955108672e-05
925	6.35835020576e-05
926	6.36337987963e-05
927	6.39463030278e-05
928	6.34616264527e-05
929	6.34186443216e-05
930	6.31574304272e-05
931	6.31228442123e-05
932	6.32308514759e-05
933	6.32556152344e-05
934	6.29507920921e-05
935	6.27953123317e-05
936	6.26032573742e-05
937	6.28477211995e-05
938	6.28855030188e-05
939	6.25940055493e-05
940	6.23674189538e-05
941	6.24810607173e-05
942	6.22522068777e-05
943	6.21863974113e-05
944	6.20735951201e-05
945	6.23826937295e-05
946	6.17429555971e-05
947	6.1841370924e-05
948	6.17680014973e-05
949	6.18485714521e-05
950	6.18061784432e-05
951	6.15041354366e-05
952	6.12161364187e-05
953	6.14033599078e-05
954	6.12682432468e-05
955	6.11192187691e-05
956	6.10906310026e-05
957	6.13999098777e-05
958	6.07525346675e-05
959	6.08551223813e-05
960	6.05576855902e-05
961	6.05621708351e-05
962	6.05974984505e-05
963	6.03130084273e-05
964	6.01982135335e-05
965	6.03509070249e-05
966	6.04109163364e-05
967	6.00253999091e-05
968	6.01409165735e-05
969	6.00427790022e-05
970	5.97944840217e-05
971	5.96838912056e-05
972	5.98503186594e-05
