1	0.0549453940828
2	0.0840440399206
3	0.00846632466476
4	0.00745324250546
5	0.00161274587318
6	0.0193711233744
7	0.0212876438375
8	0.0055277290961
9	0.00389133713825
10	0.0181484183593
11	0.0204292910983
12	0.00514227055097
13	0.00339165040406
14	0.00884905352602
15	0.0236493475622
16	0.0104958610191
17	0.0077543892066
18	0.0109137333019
19	0.0080044302293
20	0.00418836202771
21	0.00265809074492
22	0.00232574160105
23	0.0027499377498
24	0.00275747355533
25	0.00235432456737
26	0.00174996981755
27	0.00125443459279
28	0.000992780518082
29	0.00101332590334
30	0.00116848727854
31	0.00116012479648
32	0.00108711101864
33	0.000969440503011
34	0.000795682427602
35	0.000638179974362
36	0.000573818392525
37	0.000611168912763
38	0.000636592260921
39	0.000608327734002
40	0.000552352417099
41	0.00049452476702
42	0.000468607966969
43	0.000490946591323
44	0.000532798682254
45	0.000554936885336
46	0.000547833450009
47	0.000526464985683
48	0.000498164486064
49	0.000478265208433
50	0.000462685972395
51	0.000461223133712
52	0.000462144633803
53	0.00046003888275
54	0.00045332043521
55	0.000448562394558
56	0.00044810141353
57	0.000454281193889
58	0.000462850051313
59	0.000469311101063
60	0.000466734159463
61	0.000464407676667
62	0.000460140369933
63	0.000455401386332
64	0.000450917055692
65	0.000449992080567
66	0.000450930301694
67	0.000454566943524
68	0.000457814148545
69	0.000461865900759
70	0.000461866689147
71	0.000462752011764
72	0.000466086985856
73	0.000467992516677
74	0.000466390117633
75	0.000464899799694
76	0.000464953987041
77	0.000463084948686
78	0.000461257442556
79	0.000458484125391
80	0.000457420625273
81	0.000459296473281
82	0.000461834818587
83	0.000462707504624
84	0.000465462591472
85	0.00047027304393
86	0.00047444419244
87	0.000476509238766
88	0.000477130550558
89	0.000477899439231
90	0.000477523715292
91	0.000475997211506
92	0.00047454069233
93	0.000472916691297
94	0.000473012321953
95	0.00047362354685
96	0.000473536855247
97	0.000474087011245
98	0.000475831274364
99	0.000477588749098
100	0.000477787653992
101	0.000478767613144
102	0.00047851023671
103	0.000479192204834
104	0.000477117723833
105	0.000473785399813
106	0.000470632373476
107	0.000468077774847
108	0.000465839303205
109	0.000463689696973
110	0.000461200757698
111	0.000461577616882
112	0.000463253754036
113	0.000463582384271
114	0.00046232855074
115	0.000460503259948
116	0.000460197419762
117	0.000457999269332
118	0.000456117764356
119	0.000455559297797
120	0.000453623276935
121	0.000449225025824
122	0.000446529957656
123	0.000445268549601
124	0.00044352688518
125	0.000442731924814
126	0.000440424101673
127	0.00043753038877
128	0.000437380888684
129	0.000436452002584
130	0.000435325384058
131	0.000432918986104
132	0.000428936934565
133	0.00042679922785
134	0.000423699933712
135	0.000420805352494
136	0.000416640303462
137	0.000413043412972
138	0.000410683773662
139	0.000409173891473
140	0.000407493753596
141	0.000404694494654
142	0.000401358122438
143	0.00039799058296
144	0.000394562754677
145	0.000391526407484
146	0.000387036216288
147	0.000382255848543
148	0.000378395845266
149	0.000376626527317
150	0.000374386947648
151	0.00037128442629
152	0.000368226953756
153	0.000364229316938
154	0.000361584556121
155	0.000358439038406
156	0.000353434276749
157	0.000349267332726
158	0.000346439787368
159	0.000343992924858
160	0.000340578924195
161	0.000337645971834
162	0.000335633061559
163	0.000331780721613
164	0.000327063449612
165	0.00032292685821
166	0.000321054046074
167	0.000317952270621
168	0.000316594522097
169	0.000312840800725
170	0.000306968481311
171	0.000303853811375
172	0.000302086118069
173	0.00029937477917
174	0.000298072354098
175	0.00029420332751
176	0.000287390611548
177	0.000284827143202
178	0.000282586361727
179	0.000280650346177
180	0.000276933906725
181	0.000270643445899
182	0.00026671037193
183	0.000265867662305
184	0.00026286123635
185	0.000258440200387
186	0.000253035853083
187	0.000249489205572
188	0.000249707404803
189	0.000247057298644
190	0.000243215297495
191	0.000239503849635
192	0.000233213881854
193	0.000224304608614
194	0.000228914804394
195	0.000229015349878
196	0.000225554273154
197	0.000222290049884
198	0.000214154220714
199	0.000225261937993
200	0.000229030861372
201	0.000230569533798
202	0.000231316837437
203	0.000230945855798
204	0.000230431890852
205	0.000228801059045
206	0.000228580426056
207	0.000226992960596
208	0.000224436465797
209	0.000222369681509
210	0.000220908554899
211	0.000218902183434
212	0.000218001887558
213	0.000217755244971
214	0.000221575981017
215	0.000222456913427
216	0.000222429137294
217	0.000221981871941
218	0.000221203991021
219	0.000220314326748
220	0.000219274609104
221	0.00021832838472
222	0.000217327752188
223	0.000216184202217
224	0.000215034463231
225	0.000213807204124
226	0.000212718833144
227	0.000211610732072
228	0.000210388226521
229	0.000209230404755
230	0.000207975436791
231	0.000206818621377
232	0.000205633191681
233	0.000204396992783
234	0.000203250394633
235	0.000202030157771
236	0.000200856151004
237	0.000199695160266
238	0.000198540172203
239	0.000197385923263
240	0.000196233307678
241	0.00019508498299
242	0.000193943263238
243	0.000192807358939
244	0.000191676521997
245	0.00019055154281
246	0.000189433186538
247	0.000188323030681
248	0.000187222356901
249	0.000186128540197
250	0.000185041491193
251	0.000183962297383
252	0.00018289112055
253	0.000181827840625
254	0.000180772956473
255	0.000179725751627
256	0.000178686139107
257	0.000177653471476
258	0.000176627796582
259	0.00017560930746
260	0.000174598271882
261	0.000173594518881
262	0.00017259748806
263	0.000171607752277
264	0.000170625824554
265	0.000169652299229
266	0.000168686487888
267	0.000167728163108
268	0.000166776492413
269	0.000165831656738
270	0.000164893902848
271	0.000163963572361
272	0.000163039910617
273	0.000162122333721
274	0.000161210916494
275	0.000160305285677
276	0.000159405289623
277	0.000158510945536
278	0.0001576222537
279	0.000156738926018
280	0.000155860905805
281	0.000154994184708
282	0.000154127125052
283	0.000153274594753
284	0.000152402244112
285	0.000151538757884
286	0.00015069523569
287	0.000149858546774
288	0.000149020727041
289	0.00014820103516
290	0.000147363518322
291	0.000146530614575
292	0.000145715018526
293	0.000144904003303
294	0.000144091437889
295	0.00014329595686
296	0.000142484660288
297	0.000141679509302
298	0.000140883816724
299	0.000140102811638
300	0.000139323075428
301	0.000138536697751
302	0.000137750727631
303	0.000136970570508
304	0.000136196883876
305	0.000135428325165
306	0.000134663421692
307	0.000133901471483
308	0.000133142438162
309	0.000132387501431
310	0.000131634696103
311	0.000130885033028
312	0.000130138288141
313	0.000129394624347
314	0.000128643840988
315	0.000127885525175
316	0.0001271845377
317	0.000126465649117
318	0.00012572915465
319	0.000124978099245
320	0.000124280989157
321	0.000123570883801
322	0.000122842560121
323	0.000122100503603
324	0.000121413498647
325	0.000120714703433
326	0.000119997177562
327	0.000119267029871
328	0.000118591057623
329	0.000117877058549
330	0.00011720735866
331	0.000116516673595
332	0.000115809785442
333	0.00011509592814
334	0.000114434281972
335	0.000113736086685
336	0.000113075315814
337	0.000112371643239
338	0.00011169023215
339	0.000111028004703
340	0.000110326962011
341	0.0001096526561
342	0.000109005812781
343	0.000108315359125
344	0.000107644308251
345	0.000106993902135
346	0.000106306612148
347	0.00010564110816
348	0.0001049839994
349	0.000104329022064
350	0.000103672003368
351	0.000103010300633
352	0.000102350067215
353	0.000101706017382
354	0.000101032456405
355	0.000100376981078
356	9.97465376616e-05
357	9.90848470773e-05
358	9.84351784398e-05
359	9.78082659684e-05
360	9.714787572e-05
361	9.65000352098e-05
362	9.58762127473e-05
363	9.52232531642e-05
364	9.45818792907e-05
365	9.3959137401e-05
366	9.33099941439e-05
367	9.26698810428e-05
368	9.20494450675e-05
369	9.14038999212e-05
370	9.07666571189e-05
371	9.01350187723e-05
372	8.95157711235e-05
373	8.88767374804e-05
374	8.82448959322e-05
375	8.76202683996e-05
376	8.69800181028e-05
377	8.63296425576e-05
378	8.57048238439e-05
379	8.50795969186e-05
380	8.44529800161e-05
381	8.38288926527e-05
382	8.32032732974e-05
383	8.25781181642e-05
384	8.1954726469e-05
385	8.13338845763e-05
386	8.07149870599e-05
387	8.00962709404e-05
388	7.94775259961e-05
389	7.88591055639e-05
390	7.82435119657e-05
391	7.7633940718e-05
392	7.70208360874e-05
393	7.64113173039e-05
394	7.58106359606e-05
395	7.5217329427e-05
396	7.46237545224e-05
397	7.40261076337e-05
398	7.34260439621e-05
399	7.28358063148e-05
400	7.22291695774e-05
401	7.16189373904e-05
402	7.10096948186e-05
403	6.82861077155e-05
404	6.650360998e-05
405	6.53672281131e-05
406	6.470499828e-05
407	6.4215275038e-05
408	6.37656634086e-05
409	6.32776104318e-05
410	6.27651139902e-05
411	6.22258733649e-05
412	6.16875134255e-05
413	6.10886370843e-05
414	6.04882889289e-05
415	5.98857871525e-05
416	5.92793455518e-05
417	5.86707166699e-05
418	5.8060466464e-05
419	5.74533735966e-05
420	5.68497509224e-05
421	5.62434386821e-05
422	5.56304108185e-05
423	5.50115858041e-05
424	5.43845642484e-05
425	5.37668521297e-05
426	5.31201492702e-05
427	5.24634109876e-05
428	5.18107900977e-05
429	5.11651480778e-05
430	5.05341343217e-05
431	4.99370803686e-05
432	4.9351613698e-05
433	4.87956744151e-05
434	4.82658140243e-05
435	4.77473677527e-05
436	4.72709042579e-05
437	4.68104473054e-05
438	4.63350936725e-05
439	4.58604446127e-05
440	4.54150142737e-05
441	4.49239519271e-05
442	4.43733704664e-05
443	4.38896107771e-05
444	4.34536532714e-05
445	4.31462106628e-05
446	4.29663295047e-05
447	4.27843146505e-05
448	4.28102609412e-05
449	4.30898383707e-05
450	4.36190790439e-05
451	4.43750968032e-05
452	4.52020792539e-05
453	4.5895922664e-05
454	4.64791932264e-05
455	4.69224181927e-05
456	4.7306374983e-05
457	4.76158700864e-05
458	4.78613467476e-05
459	4.80514163286e-05
460	4.82187383264e-05
461	4.83694310329e-05
462	4.84761622007e-05
463	4.85815659707e-05
464	4.86459119529e-05
465	4.87142101958e-05
466	4.87446907084e-05
467	4.87821806278e-05
468	4.87844271076e-05
469	4.87959804571e-05
470	4.87746637453e-05
471	4.87650563882e-05
472	4.87326898733e-05
473	4.86937146632e-05
474	4.86487041612e-05
475	4.85978557249e-05
476	4.85412754494e-05
477	4.84793161012e-05
478	4.84122856743e-05
479	4.83405172493e-05
480	4.8264276693e-05
481	4.81837882269e-05
482	4.80993245758e-05
483	4.80111937906e-05
484	4.79196779692e-05
485	4.78250313395e-05
486	4.7727472882e-05
487	4.76272583569e-05
488	4.75245654948e-05
489	4.74195507267e-05
490	4.73123536273e-05
491	4.72031344045e-05
492	4.709203065e-05
493	4.69791679791e-05
494	4.68646369476e-05
495	4.67485413092e-05
496	4.66309698201e-05
497	4.65120092871e-05
498	4.63917799776e-05
499	4.6270357175e-05
500	4.61478007128e-05
501	4.60241943029e-05
502	4.58996570028e-05
503	4.57742445151e-05
504	4.56479778679e-05
505	4.552093277e-05
506	4.53931894272e-05
507	4.52647996436e-05
508	4.51357602363e-05
509	4.50061656222e-05
510	4.48760726095e-05
511	4.47455027182e-05
512	4.46144648321e-05
513	4.44830206129e-05
514	4.4351233893e-05
515	4.42190910742e-05
516	4.40934071713e-05
517	4.39563800366e-05
518	4.38184050402e-05
519	4.36896372938e-05
520	4.35533795764e-05
521	4.34236521183e-05
522	4.32851824676e-05
523	4.31546593997e-05
524	4.30164825322e-05
525	4.01845269215e-05
526	4.12112546467e-05
527	3.92100352785e-05
528	3.80832853557e-05
529	3.74790547217e-05
530	3.72755798442e-05
531	3.72425574594e-05
532	3.72516800427e-05
533	3.72446268214e-05
534	3.7177782051e-05
535	3.70870451402e-05
536	3.69926384996e-05
537	3.68889022474e-05
538	3.67840731174e-05
539	3.66707371392e-05
540	3.65570301074e-05
541	3.64408112454e-05
542	3.63233680295e-05
543	3.62058820888e-05
544	3.60895072339e-05
545	3.5972801287e-05
546	3.58705538734e-05
547	3.5750941963e-05
548	3.56555259966e-05
549	3.55485972054e-05
550	3.54449922278e-05
551	3.53405142177e-05
552	3.52358410147e-05
553	3.51286728453e-05
554	3.50267901842e-05
555	3.49181955137e-05
556	3.48148399694e-05
557	3.47078813676e-05
558	3.46051917372e-05
559	3.44870707079e-05
560	3.43964271054e-05
561	3.42928835256e-05
562	3.41712232408e-05
563	3.40753848329e-05
564	3.39757395152e-05
565	3.38791123212e-05
566	3.37746475652e-05
567	3.36680856867e-05
568	3.35724851206e-05
569	3.34555379586e-05
570	3.33679112529e-05
571	3.3266327388e-05
572	3.31477969107e-05
573	3.30539614854e-05
574	3.2957412721e-05
575	3.28631439842e-05
576	3.27612923837e-05
577	3.26572828004e-05
578	3.25637256086e-05
579	3.24497944301e-05
580	3.23645835996e-05
581	3.22655226909e-05
582	3.2150289417e-05
583	3.20595375835e-05
584	3.19653761918e-05
585	3.18733607047e-05
586	3.17705014967e-05
587	3.16703231832e-05
588	3.15786319519e-05
589	3.14902575256e-05
590	3.13736404857e-05
591	3.12819054468e-05
592	3.11893180031e-05
593	3.10998924591e-05
594	3.10010655904e-05
595	3.091363919e-05
596	3.08066976079e-05
597	3.07116577081e-05
598	3.06210096592e-05
599	3.05263658487e-05
600	3.04378804285e-05
601	3.03396706132e-05
602	3.02547548551e-05
603	3.01489369964e-05
604	3.00569383732e-05
605	2.9966675936e-05
606	2.98805075088e-05
607	2.97840924178e-05
608	2.9700849901e-05
609	2.9612033516e-05
610	2.95149252002e-05
611	2.94195631597e-05
612	2.93294398994e-05
613	2.92380664151e-05
614	2.91477283881e-05
615	2.90583818298e-05
616	2.8970167234e-05
617	2.88822212128e-05
618	2.87940868497e-05
619	2.87055316133e-05
620	2.86168240146e-05
621	2.85282904864e-05
622	2.84401993242e-05
623	2.83526119342e-05
624	2.8265473008e-05
625	2.81786800725e-05
626	2.80921346605e-05
627	2.80057829408e-05
628	2.79196301109e-05
629	2.78336993652e-05
630	2.77480345557e-05
631	2.7662652275e-05
632	2.75775520304e-05
633	2.74927357842e-05
634	2.74081958368e-05
635	2.73239315876e-05
636	2.72399084065e-05
637	2.71561313821e-05
638	2.70726301498e-05
639	2.69894018471e-05
640	2.69064417036e-05
641	2.68237404021e-05
642	2.67412982191e-05
643	2.66591160424e-05
644	2.65772009825e-05
645	2.64955539635e-05
646	2.64141649416e-05
647	2.63330397738e-05
648	2.6252176676e-05
649	2.61715660742e-05
650	2.60912092846e-05
651	2.60111101138e-05
652	2.59312671473e-05
653	2.58516770643e-05
654	2.57723456503e-05
655	2.56932720475e-05
656	2.56144552932e-05
657	2.55358929892e-05
658	2.54575836738e-05
659	2.53795255897e-05
660	2.53017245972e-05
661	2.52241795559e-05
662	2.51468837383e-05
663	2.50698377466e-05
664	2.49930406565e-05
665	2.49164940543e-05
666	2.48401975078e-05
667	2.47641499966e-05
668	2.4688343362e-05
669	2.46127803799e-05
670	2.45374735474e-05
671	2.44624158887e-05
672	2.43876065268e-05
673	2.43130455316e-05
674	2.42387240068e-05
675	2.41646448867e-05
676	2.40908166382e-05
677	2.40172367326e-05
678	2.39438937715e-05
679	2.38707808136e-05
680	2.37979029223e-05
681	2.37252604009e-05
682	2.36528579746e-05
683	2.35806978042e-05
684	2.35087767269e-05
685	2.34370950178e-05
686	2.33656547585e-05
687	2.32944553996e-05
688	2.32234928331e-05
689	2.31527548216e-05
690	2.30822455481e-05
691	2.30119806445e-05
692	2.29419679889e-05
693	1.98725184427e-05
694	2.10201816677e-05
695	1.88670314336e-05
696	2.07491581421e-05
697	1.88899609529e-05
698	1.76977562425e-05
699	1.70122084097e-05
700	1.67467140095e-05
701	1.67230496962e-05
702	1.67943620062e-05
703	1.68666071471e-05
704	1.68817895236e-05
705	1.68524636162e-05
706	1.68367350191e-05
707	1.67710086539e-05
708	1.67371036946e-05
709	1.66876848813e-05
710	1.66522693106e-05
711	1.66107479206e-05
712	1.6556838592e-05
713	1.65214172572e-05
714	1.64686646867e-05
715	1.64175227283e-05
716	1.63903783146e-05
717	1.63478071644e-05
718	1.63031374321e-05
719	1.62477611018e-05
720	1.62049925069e-05
721	1.61758792844e-05
722	1.61404387086e-05
723	1.60981094587e-05
724	1.60542042678e-05
725	1.601299337e-05
726	1.5983365431e-05
727	1.59405106534e-05
728	1.59003685894e-05
729	1.58678618777e-05
730	1.58242649524e-05
731	1.57893322559e-05
732	1.57449655664e-05
733	1.57047571687e-05
734	1.56742454301e-05
735	1.5631028138e-05
736	1.5597684484e-05
737	1.55559969162e-05
738	1.55149265759e-05
739	1.54795962869e-05
740	1.54487033833e-05
741	1.54080972648e-05
742	1.53743218892e-05
743	1.53324646059e-05
744	1.52953753853e-05
745	1.5265469479e-05
746	1.52244738601e-05
747	1.51868526782e-05
748	1.51566674033e-05
749	1.51168356014e-05
750	1.50803290374e-05
751	1.50461255736e-05
752	1.50081890754e-05
753	1.49752172108e-05
754	1.49370925601e-05
755	1.4903073282e-05
756	1.48739484548e-05
757	1.48377807171e-05
758	1.47985516348e-05
759	1.47633523237e-05
760	1.47305252202e-05
761	1.47002564468e-05
762	1.46610945667e-05
763	1.46272758793e-05
764	1.45899978756e-05
765	1.45564554506e-05
766	1.45264613564e-05
767	1.44963851901e-05
768	1.44585586723e-05
769	1.44235747853e-05
770	1.43856527269e-05
771	1.43569689624e-05
772	1.43330371479e-05
773	1.42936744968e-05
774	1.42570507589e-05
775	1.42191566484e-05
776	1.41897290497e-05
777	1.4160009481e-05
778	1.41295128072e-05
779	1.40930335348e-05
780	1.40628928298e-05
781	1.40297648912e-05
782	1.39997043645e-05
783	1.39639196164e-05
784	1.39332124506e-05
785	1.39018556809e-05
786	1.38719905323e-05
787	1.3836072071e-05
788	1.3805497531e-05
789	1.37748805124e-05
790	1.37453568111e-05
791	1.37099184225e-05
792	1.36799495814e-05
793	1.36494263291e-05
794	1.36202695796e-05
795	1.35852870524e-05
796	1.35554593626e-05
797	1.35253790203e-05
798	1.34966599973e-05
799	1.34632671779e-05
800	1.34310473264e-05
801	1.34021048428e-05
802	1.33618019307e-05
803	1.33447520934e-05
804	1.3320648667e-05
805	1.3286152596e-05
806	1.32407699217e-05
807	1.32224058897e-05
808	1.31975987877e-05
809	1.3166685589e-05
810	1.31373908189e-05
811	1.30995083858e-05
812	1.30724582665e-05
813	1.30398609815e-05
814	1.30140490743e-05
815	1.29821128688e-05
816	1.29566370012e-05
817	1.29240381591e-05
818	1.28986769411e-05
819	1.28657925926e-05
820	1.28405878032e-05
821	1.28078925844e-05
822	1.27828291326e-05
823	1.27503736908e-05
824	1.27254344669e-05
825	1.26931738744e-05
826	1.26683625794e-05
827	1.26273625674e-05
828	1.26066432487e-05
829	1.25812540399e-05
830	1.25573840503e-05
831	1.25285650867e-05
832	1.2502007633e-05
833	1.24601188213e-05
834	1.24413746031e-05
835	1.24190619963e-05
836	1.23807788788e-05
837	1.23598441697e-05
838	1.23216341287e-05
839	1.23075744208e-05
840	1.22861937213e-05
841	1.22438542536e-05
842	1.22199296907e-05
843	1.21946020355e-05
844	1.21686456669e-05
845	1.21476419796e-05
846	1.21047140704e-05
847	1.20832311783e-05
848	1.20587515075e-05
849	1.20339821329e-05
850	1.20137859191e-05
851	1.1970951344e-05
852	1.19499139567e-05
853	1.19259021365e-05
854	1.19008727285e-05
855	1.18811345142e-05
856	1.18389364057e-05
857	1.18206531223e-05
858	1.17850857309e-05
859	1.17686619937e-05
860	1.17479880002e-05
861	1.17285348718e-05
862	1.16824423728e-05
863	1.16617750725e-05
864	1.16385074853e-05
865	1.16059604431e-05
866	1.15889865889e-05
867	1.15553384537e-05
868	1.15418358695e-05
869	1.15188247648e-05
870	1.14979318121e-05
871	1.14519927286e-05
872	1.14338696867e-05
873	1.14008023968e-05
874	1.13841445427e-05
875	1.13644987144e-05
876	1.13459461203e-05
877	1.13032964477e-05
878	1.12853694166e-05
879	1.12518011315e-05
880	1.1235637808e-05
881	1.12044584941e-05
882	1.1192811656e-05
883	1.11565059181e-05
884	1.11436898557e-05
885	1.11202056294e-05
886	1.11006173493e-05
887	1.10567289793e-05
888	1.10388507454e-05
889	1.10078702536e-05
890	1.09911136657e-05
891	1.09618032552e-05
892	1.09494053207e-05
893	1.09152837632e-05
894	1.0902381689e-05
895	1.08679410165e-05
896	1.08564919571e-05
897	1.08197029255e-05
898	1.08071895722e-05
899	1.07715019999e-05
900	1.07586894362e-05
901	1.07264195578e-05
902	1.07144005162e-05
903	1.06797405564e-05
904	1.06663741299e-05
905	1.06337059218e-05
906	1.06214089738e-05
907	1.05866534045e-05
908	1.05733204045e-05
909	1.05413326245e-05
910	1.05292963542e-05
911	1.04951201508e-05
912	1.04818785621e-05
913	1.04499283e-05
914	1.04380816425e-05
915	1.0404395869e-05
916	1.03915317542e-05
917	1.0359563639e-05
918	1.03480275243e-05
919	1.03146123389e-05
920	1.03021450186e-05
921	1.02702976234e-05
922	1.02590176616e-05
923	1.02257771847e-05
924	1.02134813674e-05
925	1.01819225128e-05
926	1.01707435093e-05
927	1.01378372595e-05
928	1.01255752981e-05
929	1.00943777153e-05
930	1.00832396805e-05
931	1.00507489794e-05
932	1.00385693905e-05
933	1.00076474773e-05
934	9.99663228101e-06
935	9.96445796217e-06
936	9.95251589927e-06
937	9.92180623149e-06
938	9.91098148695e-06
939	9.87906337559e-06
940	9.86736136868e-06
941	9.83682713198e-06
942	9.82619544825e-06
943	9.79453663829e-06
944	9.78301625483e-06
945	9.75270693354e-06
946	9.74221039227e-06
947	9.71084485539e-06
948	9.69945666712e-06
949	9.66940225123e-06
950	9.6590163677e-06
951	9.62796113593e-06
952	9.61671094236e-06
953	9.58689939455e-06
954	9.57664062429e-06
955	9.54588285711e-06
956	9.53479703348e-06
957	9.50520794948e-06
958	9.49509723548e-06
959	9.46461005518e-06
960	9.45370079325e-06
961	9.42432470505e-06
962	9.41435854229e-06
963	9.38413572287e-06
964	9.37339046624e-06
965	9.34423904289e-06
966	9.3344027999e-06
967	9.30444663626e-06
968	9.29385275114e-06
969	9.26492929595e-06
970	9.25521812427e-06
971	9.2255329131e-06
972	6.23105870874e-06
