1	1
2	0.952767615266
3	0.0698182942213
4	0.0182902028741
5	0.0748932625983
6	0.232081284086
7	0.123893913968
8	0.0452568530156
9	0.0836583535915
10	0.21049327706
11	0.0609136732515
12	0.0295257854534
13	0.0196259006568
14	0.0201571953767
15	0.0235416371268
16	0.0261843085614
17	0.025544748915
18	0.022576458496
19	0.0177174853507
20	0.0129738865286
21	0.00988121251141
22	0.00900501859884
23	0.00946399421868
24	0.00957026210271
25	0.00927969129027
26	0.00846726470794
27	0.00737874261809
28	0.00642936498
29	0.00617536210081
30	0.00650209129761
31	0.00658929198258
32	0.00634281368447
33	0.00588121118354
34	0.00539028808407
35	0.00500070663453
36	0.00487291225944
37	0.00489520639994
38	0.00488884661972
39	0.00481627483434
40	0.00464527647768
41	0.00442589085551
42	0.00423061989804
43	0.00411608789162
44	0.00405963849876
45	0.00397300098027
46	0.00387950001739
47	0.00377216447574
48	0.0036679607732
49	0.00359259730819
50	0.00352594389355
51	0.00347723096305
52	0.00343630318545
53	0.00338987631034
54	0.00332389364148
55	0.00325261426672
56	0.00318245019885
57	0.0031165535241
58	0.00305685579358
59	0.00299954909833
60	0.00293500885975
61	0.00287016073922
62	0.00280532768708
63	0.0027427931853
64	0.00267825016458
65	0.00261930547102
66	0.0025635448289
67	0.00250605848029
68	0.00246452624703
69	0.00241901973047
70	0.0023752149288
71	0.00234298298407
72	0.00231370601604
73	0.00227724702361
74	0.00224068198624
75	0.00220341118558
76	0.00216651484042
77	0.00212909982128
78	0.00209375604428
79	0.0020579175507
80	0.00202052133427
81	0.00198767678272
82	0.00195248842254
83	0.00191331962308
84	0.00187324853573
85	0.00183305813193
86	0.00179630403611
87	0.00176215128372
88	0.00173830435876
89	0.00172310856721
90	0.00170278329322
91	0.00167958785934
92	0.00165391285647
93	0.00162592277424
94	0.00159802416856
95	0.00157442804066
96	0.00154693107473
97	0.00151677731696
98	0.00148857499032
99	0.00146142310298
100	0.00143405458149
101	0.00141247956941
102	0.00138962200605
103	0.00137098457581
104	0.00136201884405
105	0.00135029939799
106	0.00133618058617
107	0.00132199161993
108	0.00130639309624
109	0.00128910285447
110	0.00127001023429
111	0.00125155978537
112	0.00122956155562
113	0.0012101856004
114	0.00119605154055
115	0.00117809533859
116	0.00116023969176
117	0.00115307472032
118	0.00114805516797
119	0.00114106056363
120	0.00113165712802
121	0.00112142885204
122	0.00110649171699
123	0.00109123887183
124	0.00107461696607
125	0.00106227403946
126	0.00104881496485
127	0.00103186182576
128	0.00101646415468
129	0.00101085352409
130	0.00100347602284
131	0.000997446475482
132	0.000991362899819
133	0.000978667624516
134	0.000967257833285
135	0.000953202512242
136	0.000944310831809
137	0.000931644209762
138	0.000919069965801
139	0.000907136832487
140	0.000899321785029
141	0.000892436609556
142	0.00088332748643
143	0.000874761097035
144	0.000865064995467
145	0.000856434557592
146	0.000849508529754
147	0.000837946356772
148	0.000828442756508
149	0.000818102119913
150	0.000810965332653
151	0.000804126171803
152	0.000795122733672
153	0.000782401101987
154	0.000775258813114
155	0.000770034557271
156	0.000760969832899
157	0.000750544603243
158	0.000741355045404
159	0.000734288665129
160	0.000724445876639
161	0.000715430735602
162	0.000709495882037
163	0.000701398125476
164	0.00069219340319
165	0.000681985218894
166	0.000673831683989
167	0.000667458282118
168	0.00065992024552
169	0.000653301277819
170	0.000647519647028
171	0.00063133830018
172	0.000621333389007
173	0.000617260966949
174	0.000608472131512
175	0.000601330527071
176	0.000594019795681
177	0.000578361858507
178	0.000567509217122
179	0.000559643442917
180	0.000552559893183
181	0.000541529166954
182	0.000526283168632
183	0.000521310705358
184	0.000514996319426
185	0.000504178730957
186	0.000488392617364
187	0.000478746598174
188	0.000477717110949
189	0.000470498561919
190	0.000459930320218
191	0.000445486916054
192	0.00042869105705
193	0.000404705326434
194	0.000411268641025
195	0.000410447991025
196	0.000400420664365
197	0.000388719981812
198	0.00036672476522
199	0.000389869265944
200	0.000396058513887
201	0.000396817909196
202	0.000395741390306
203	0.000392474773167
204	0.000388445981893
205	0.000384978197046
206	0.000378588823598
207	0.000373045783537
208	0.000366010004887
209	0.000359617758193
210	0.000354288583645
211	0.000347759875377
212	0.000343825427284
213	0.000341095658097
214	0.000347056586046
215	0.000347311010352
216	0.000345431115739
217	0.000342733719754
218	0.000339651251063
219	0.000336379328076
220	0.000333022351992
221	0.000329608211552
222	0.0003262010777
223	0.00032280349408
224	0.000319426805756
225	0.000316084443343
226	0.000312758200492
227	0.000309481610468
228	0.000306241653599
229	0.000303042409254
230	0.000299879506559
231	0.000296758358578
232	0.000293676923068
233	0.000290631063061
234	0.000287627706512
235	0.000284661286456
236	0.00028173629218
237	0.000278852487604
238	0.000276006916999
239	0.000273197844538
240	0.000270425666515
241	0.000267690850167
242	0.000264991653867
243	0.000262326372545
244	0.000259694588694
245	0.000257096257069
246	0.00025453144814
247	0.000252000595423
248	0.000249502602507
249	0.00024703549565
250	0.000244599055037
251	0.000242193221825
252	0.000239817937564
253	0.000237473318318
254	0.000235157563594
255	0.000232869498128
256	0.000230608738076
257	0.000228375250171
258	0.000226169838217
259	0.000223991414387
260	0.000221839242222
261	0.000219712316095
262	0.000217610831732
263	0.000215535635261
264	0.000213486113757
265	0.000211461901327
266	0.00020946175537
267	0.00020748498463
268	0.000205530854869
269	0.000203599638864
270	0.000201691440244
271	0.000199805478877
272	0.000197941222267
273	0.000196097195008
274	0.000194274009345
275	0.000192471268351
276	0.000190689382882
277	0.00018892798401
278	0.000187186498763
279	0.000185463969187
280	0.000183759759207
281	0.00018207551572
282	0.000180409110437
283	0.000178761066723
284	0.000177128861625
285	0.000175514708257
286	0.000173919838178
287	0.000172341240761
288	0.000170779841307
289	0.000169235887276
290	0.000167706739252
291	0.000166194208094
292	0.000164699170713
293	0.000163218568239
294	0.000161753337119
295	0.000160304092633
296	0.000158868712579
297	0.000157450166309
298	0.000156045592796
299	0.000154655225599
300	0.000153279051719
301	0.000151917194337
302	0.000150569418782
303	0.000149235522778
304	0.000147915089004
305	0.000146607808425
306	0.000145313081421
307	0.000144031961851
308	0.00014276441283
309	0.000141510197478
310	0.000140268636889
311	0.00013903904052
312	0.000137821294499
313	0.000136615489107
314	0.000135420415992
315	0.000134240509904
316	0.00013306915798
317	0.000131911841901
318	0.000130764992499
319	0.000129631551922
320	0.000128505692063
321	0.000127392819544
322	0.000126290268272
323	0.000125200597757
324	0.000124117528072
325	0.000123046386952
326	0.000121985033419
327	0.000120936456953
328	0.000119894354433
329	0.000118865011689
330	0.00011784262677
331	0.000116832037255
332	0.000115830052863
333	0.000114839239762
334	0.000113854787651
335	0.000112881439648
336	0.000111915465089
337	0.000110959852733
338	0.00011001167834
339	0.000109071151079
340	0.000108142173592
341	0.000107220223445
342	0.000106305054496
343	0.0001053996844
344	0.000104501186727
345	0.000103609579997
346	0.000102728297109
347	0.000101853515127
348	0.000100985595258
349	0.000100125183042
350	9.92722243735e-05
351	9.8427049689e-05
352	9.75891539084e-05
353	9.67581444086e-05
354	9.59356687581e-05
355	9.51189699332e-05
356	9.43085547633e-05
357	9.35067835982e-05
358	9.27116996042e-05
359	9.19231717693e-05
360	9.11427144295e-05
361	9.03683967794e-05
362	8.96004738669e-05
363	8.8840634174e-05
364	8.80864739926e-05
365	8.73378508115e-05
366	8.65957879558e-05
367	8.58589635505e-05
368	8.51274545799e-05
369	8.44028138626e-05
370	8.36829262061e-05
371	8.29675237876e-05
372	8.22568611103e-05
373	8.15513700512e-05
374	8.08532494739e-05
375	8.01582504296e-05
376	7.94676596999e-05
377	7.87816165681e-05
378	7.80984240193e-05
379	7.74203931727e-05
380	7.67478328385e-05
381	7.60798980249e-05
382	7.5416704144e-05
383	7.47586863856e-05
384	7.41062254674e-05
385	7.34594230973e-05
386	7.28177225857e-05
387	7.21805523556e-05
388	7.15476192747e-05
389	7.09186685828e-05
390	7.02929229093e-05
391	6.966872964e-05
392	6.90493183519e-05
393	6.84330146446e-05
394	6.78182856137e-05
395	6.72051318912e-05
396	6.65939383849e-05
397	6.5985120242e-05
398	6.53788499146e-05
399	6.47748127899e-05
400	6.41729013637e-05
401	6.35728354093e-05
402	6.29755326861e-05
403	6.25572638643e-05
404	6.20822509077e-05
405	6.15503258379e-05
406	6.09867867552e-05
407	6.04188630843e-05
408	5.98563309642e-05
409	5.92990216456e-05
410	5.87435280573e-05
411	5.81871494903e-05
412	5.76294834247e-05
413	5.70688594031e-05
414	5.65050598499e-05
415	5.59386799776e-05
416	5.53696525232e-05
417	5.47988413225e-05
418	5.42280590361e-05
419	5.36598944599e-05
420	5.30952642631e-05
421	5.25294207864e-05
422	5.19573795543e-05
423	5.13770761735e-05
424	5.07869292805e-05
425	5.01869436941e-05
426	4.95803823093e-05
427	4.89690540971e-05
428	4.83569231628e-05
429	4.77464435552e-05
430	4.71398795505e-05
431	4.65626739368e-05
432	4.60068719795e-05
433	4.5466055339e-05
434	4.49421684516e-05
435	4.44173205978e-05
436	4.39232615241e-05
437	4.34402380389e-05
438	4.29428279862e-05
439	4.24415561165e-05
440	4.19990084638e-05
441	4.15216416073e-05
442	4.09973731141e-05
443	4.05191809826e-05
444	4.00546992605e-05
445	3.97022221056e-05
446	3.94895826584e-05
447	3.92962912533e-05
448	3.92911171996e-05
449	3.94988948719e-05
450	3.99047664074e-05
451	4.04652750692e-05
452	4.10831801497e-05
453	4.15413161103e-05
454	4.18798067974e-05
455	4.21365932755e-05
456	4.23292382185e-05
457	4.24739788455e-05
458	4.25804249987e-05
459	4.26549310635e-05
460	4.27005600762e-05
461	4.27209715577e-05
462	4.27226621171e-05
463	4.27044976349e-05
464	4.26722594528e-05
465	4.262414483e-05
466	4.25655713901e-05
467	4.24943460639e-05
468	4.24154683663e-05
469	4.23262969278e-05
470	4.22314045314e-05
471	4.21278116898e-05
472	4.20190373153e-05
473	4.19048264136e-05
474	4.17854848235e-05
475	4.1661417488e-05
476	4.15331076589e-05
477	4.14010880279e-05
478	4.12657721853e-05
479	4.11275055174e-05
480	4.09865831365e-05
481	4.08432524352e-05
482	4.06977377144e-05
483	4.05502434021e-05
484	4.04009563866e-05
485	4.02500536805e-05
486	4.00976996285e-05
487	3.99440496246e-05
488	3.97892475963e-05
489	3.96334306572e-05
490	3.94766810064e-05
491	3.931917524e-05
492	3.91609992731e-05
493	3.90022448276e-05
494	3.88430067677e-05
495	3.86833639008e-05
496	3.85233922141e-05
497	3.83631606032e-05
498	3.82027321226e-05
499	3.80421656462e-05
500	3.78815174069e-05
501	3.77208398617e-05
502	3.7560182268e-05
503	3.73995932097e-05
504	3.7239115917e-05
505	3.70787739529e-05
506	3.69186403624e-05
507	3.67587235567e-05
508	3.65990614676e-05
509	3.64396891521e-05
510	3.62806330507e-05
511	3.61219208985e-05
512	3.59635773252e-05
513	3.58056063516e-05
514	3.56480481212e-05
515	3.54909300965e-05
516	3.53348214438e-05
517	3.51785362036e-05
518	3.50224599094e-05
519	3.48674434684e-05
520	3.47124826834e-05
521	3.45585019062e-05
522	3.44046091973e-05
523	3.42516999238e-05
524	3.40989438974e-05
525	3.41286993484e-05
526	3.39060953796e-05
527	3.38725034103e-05
528	3.37997706027e-05
529	3.36899578705e-05
530	3.35575438424e-05
531	3.34191254411e-05
532	3.32839824076e-05
533	3.31535358402e-05
534	3.30269730072e-05
535	3.29012607031e-05
536	3.27750988864e-05
537	3.26485135486e-05
538	3.25219016835e-05
539	3.23960893428e-05
540	3.22705014809e-05
541	3.21452624063e-05
542	3.2020367203e-05
543	3.18957459405e-05
544	3.17714004385e-05
545	3.16472488167e-05
546	3.1523357561e-05
547	3.14015594346e-05
548	3.12789244631e-05
549	3.11578079981e-05
550	3.10370960515e-05
551	3.09168292643e-05
552	3.0796920087e-05
553	3.06776677183e-05
554	3.05580959126e-05
555	3.04395631715e-05
556	3.03210433629e-05
557	3.02030704603e-05
558	3.00858653614e-05
559	2.99705935254e-05
560	2.98538764046e-05
561	2.97381577049e-05
562	2.9624247897e-05
563	2.95089968136e-05
564	2.93949384096e-05
565	2.9281098846e-05
566	2.91681544363e-05
567	2.90553990198e-05
568	2.89429198978e-05
569	2.88324425756e-05
570	2.87204887598e-05
571	2.86097927801e-05
572	2.85009238e-05
573	2.83908754008e-05
574	2.82819168648e-05
575	2.8173183648e-05
576	2.80652571934e-05
577	2.79574487635e-05
578	2.7849933726e-05
579	2.77444023225e-05
580	2.76374368841e-05
581	2.75316987556e-05
582	2.74277576678e-05
583	2.73227136858e-05
584	2.72186842437e-05
585	2.71148652126e-05
586	2.70115514671e-05
587	2.69093571564e-05
588	2.68067697342e-05
589	2.67044794843e-05
590	2.6604335376e-05
591	2.65031525285e-05
592	2.64028815801e-05
593	2.6302868957e-05
594	2.62033084124e-05
595	2.61046054422e-05
596	2.60069865241e-05
597	2.59087435474e-05
598	2.58109170423e-05
599	2.57141218225e-05
600	2.56174158766e-05
601	2.55210353623e-05
602	2.54253582414e-05
603	2.53308494444e-05
604	2.52357724227e-05
605	2.51414573062e-05
606	2.5047360041e-05
607	2.49537245352e-05
608	2.48608476699e-05
609	2.47688010888e-05
610	2.46767378548e-05
611	2.45853154591e-05
612	2.44942144387e-05
613	2.44034059015e-05
614	2.4312918887e-05
615	2.42227642024e-05
616	2.41330737812e-05
617	2.40438977411e-05
618	2.39552600223e-05
619	2.38671229071e-05
620	2.37794301564e-05
621	2.36921340388e-05
622	2.36052060896e-05
623	2.3518648115e-05
624	2.34324781823e-05
625	2.33467059989e-05
626	2.32613436239e-05
627	2.31763837924e-05
628	2.30918423447e-05
629	2.30077043395e-05
630	2.29239640617e-05
631	2.28406192385e-05
632	2.27576702175e-05
633	2.2675113138e-05
634	2.25929461866e-05
635	2.25111699113e-05
636	2.24297792293e-05
637	2.23487710676e-05
638	2.22681408113e-05
639	2.21878871076e-05
640	2.2108012141e-05
641	2.20285117481e-05
642	2.19493864855e-05
643	2.18706322461e-05
644	2.17922478212e-05
645	2.1714233914e-05
646	2.16365854363e-05
647	2.15593005216e-05
648	2.14823799463e-05
649	2.14058153014e-05
650	2.13296168538e-05
651	2.12537727054e-05
652	2.1178282683e-05
653	2.11031444041e-05
654	2.1028356952e-05
655	2.09539128004e-05
656	2.08798157458e-05
657	2.08060671229e-05
658	2.07326616426e-05
659	2.06595964165e-05
660	2.05868636271e-05
661	2.05144769149e-05
662	2.04424219079e-05
663	2.03706997131e-05
664	2.02993086317e-05
665	2.02282505433e-05
666	2.01575217648e-05
667	2.00871189021e-05
668	2.00170404718e-05
669	1.99472869668e-05
670	1.98778482573e-05
671	1.98087345426e-05
672	1.97399355798e-05
673	1.96714512127e-05
674	1.96032830702e-05
675	1.95354286395e-05
676	1.94678853374e-05
677	1.94006504679e-05
678	1.93337216455e-05
679	1.92670957437e-05
680	1.92007746332e-05
681	1.91347564663e-05
682	1.90690377839e-05
683	1.90036171238e-05
684	1.89384946924e-05
685	1.88736691372e-05
686	1.88091396297e-05
687	1.87449014518e-05
688	1.86809406384e-05
689	1.86172788589e-05
690	1.8553907022e-05
691	1.84908164152e-05
692	1.84280080647e-05
693	1.85524311245e-05
694	1.84109361747e-05
695	1.84687654968e-05
696	1.82913991248e-05
697	1.83424559251e-05
698	1.83633931183e-05
699	1.83486646635e-05
700	1.83077139365e-05
701	1.82552412962e-05
702	1.82020534022e-05
703	1.81536013718e-05
704	1.81103586499e-05
705	1.80689179683e-05
706	1.80263938342e-05
707	1.79859126063e-05
708	1.79432578239e-05
709	1.79010826686e-05
710	1.78586941099e-05
711	1.78157531939e-05
712	1.77729697454e-05
713	1.77293394871e-05
714	1.7686418371e-05
715	1.76424132248e-05
716	1.75982166464e-05
717	1.75556984885e-05
718	1.75132832553e-05
719	1.74711148942e-05
720	1.74277775632e-05
721	1.7384756652e-05
722	1.73432453082e-05
723	1.73018048833e-05
724	1.72603426718e-05
725	1.72189433539e-05
726	1.71772034364e-05
727	1.71360642701e-05
728	1.7095094613e-05
729	1.70538533109e-05
730	1.70130635473e-05
731	1.6971974926e-05
732	1.69311608726e-05
733	1.68905325156e-05
734	1.68496870524e-05
735	1.68094725102e-05
736	1.67689988085e-05
737	1.6728621625e-05
738	1.66885948597e-05
739	1.66488371662e-05
740	1.66090195842e-05
741	1.65697793227e-05
742	1.65302843154e-05
743	1.64909441704e-05
744	1.64516816613e-05
745	1.64122940427e-05
746	1.63734172968e-05
747	1.63346887641e-05
748	1.62957787792e-05
749	1.6257322458e-05
750	1.62179500236e-05
751	1.61793887489e-05
752	1.61414263809e-05
753	1.61034968916e-05
754	1.60656515248e-05
755	1.60280851604e-05
756	1.59903535028e-05
757	1.59527062746e-05
758	1.59151922768e-05
759	1.58778694277e-05
760	1.58397666037e-05
761	1.5802368722e-05
762	1.57655492255e-05
763	1.57287038315e-05
764	1.56918428034e-05
765	1.56553224268e-05
766	1.56178877168e-05
767	1.55814916163e-05
768	1.55455404248e-05
769	1.55096565112e-05
770	1.54723101667e-05
771	1.54362052816e-05
772	1.54011384584e-05
773	1.53661032606e-05
774	1.53304963908e-05
775	1.52934561745e-05
776	1.52576934022e-05
777	1.52226457536e-05
778	1.51879951203e-05
779	1.5151782865e-05
780	1.51169257687e-05
781	1.50825220099e-05
782	1.5048342471e-05
783	1.50124730091e-05
784	1.49779477183e-05
785	1.49438651886e-05
786	1.4909990049e-05
787	1.48745222963e-05
788	1.48403958252e-05
789	1.48067207333e-05
790	1.47732482176e-05
791	1.47382031061e-05
792	1.47045154263e-05
793	1.46712731953e-05
794	1.46382206955e-05
795	1.46035814233e-05
796	1.45703112234e-05
797	1.45374708524e-05
798	1.45035274848e-05
799	1.44708954464e-05
800	1.44384430681e-05
801	1.44046255756e-05
802	1.43723608325e-05
803	1.43398397716e-05
804	1.43075826521e-05
805	1.42741862395e-05
806	1.42423667732e-05
807	1.42101441392e-05
808	1.41773639247e-05
809	1.41458004352e-05
810	1.41134132956e-05
811	1.40819999373e-05
812	1.4049627572e-05
813	1.40182093593e-05
814	1.39859575723e-05
815	1.39548367021e-05
816	1.39228548022e-05
817	1.38920487435e-05
818	1.38602987413e-05
819	1.38297170074e-05
820	1.37981456061e-05
821	1.37677343449e-05
822	1.37363261729e-05
823	1.37060703281e-05
824	1.36748230581e-05
825	1.36447275757e-05
826	1.36136508392e-05
827	1.3583638812e-05
828	1.35535166928e-05
829	1.35218616959e-05
830	1.34921419693e-05
831	1.3462760335e-05
832	1.34321436507e-05
833	1.34029219884e-05
834	1.33733074506e-05
835	1.3342834373e-05
836	1.33135846794e-05
837	1.32828220316e-05
838	1.32540833943e-05
839	1.32251604816e-05
840	1.31954033413e-05
841	1.31668873517e-05
842	1.31381491864e-05
843	1.31077270897e-05
844	1.30791236538e-05
845	1.30499373627e-05
846	1.30218724697e-05
847	1.29935426004e-05
848	1.29635056791e-05
849	1.29353156342e-05
850	1.29065541444e-05
851	1.28789832165e-05
852	1.28511096433e-05
853	1.28215068856e-05
854	1.27937847606e-05
855	1.27654159687e-05
856	1.27382461715e-05
857	1.27092307068e-05
858	1.2682121456e-05
859	1.26532978211e-05
860	1.26266000953e-05
861	1.25990300545e-05
862	1.25725710873e-05
863	1.25455254204e-05
864	1.25167195875e-05
865	1.24895396922e-05
866	1.24611540383e-05
867	1.243487963e-05
868	1.24069798343e-05
869	1.2381236368e-05
870	1.23543970911e-05
871	1.23285547876e-05
872	1.23006008775e-05
873	1.22744047548e-05
874	1.2246595794e-05
875	1.22208371611e-05
876	1.21942396915e-05
877	1.21687763445e-05
878	1.21413371716e-05
879	1.21156910745e-05
880	1.20883885176e-05
881	1.20629792911e-05
882	1.20360742909e-05
883	1.20113427327e-05
884	1.1984728214e-05
885	1.19602318794e-05
886	1.19344669808e-05
887	1.19096731303e-05
888	1.18827974752e-05
889	1.18575883866e-05
890	1.18308818034e-05
891	1.18060061336e-05
892	1.17797383526e-05
893	1.17555741026e-05
894	1.17296522903e-05
895	1.1705621704e-05
896	1.16798440624e-05
897	1.16559159223e-05
898	1.16301370965e-05
899	1.16063892452e-05
900	1.1580690695e-05
901	1.15568669432e-05
902	1.15313317729e-05
903	1.15077803082e-05
904	1.14823824039e-05
905	1.14587687613e-05
906	1.14335127066e-05
907	1.14101942418e-05
908	1.13850510208e-05
909	1.13616639957e-05
910	1.13366550978e-05
911	1.13135626119e-05
912	1.12886709644e-05
913	1.12655656116e-05
914	1.12408195997e-05
915	1.12179998949e-05
916	1.11933771451e-05
917	1.11705773555e-05
918	1.11461090165e-05
919	1.11235858086e-05
920	1.10992357177e-05
921	1.10767183867e-05
922	1.10525010418e-05
923	1.10302220842e-05
924	1.10061159952e-05
925	1.09838370859e-05
926	1.09598617816e-05
927	1.09378012337e-05
928	1.09139344667e-05
929	1.08918787225e-05
930	1.08681399936e-05
931	1.08463012926e-05
932	1.08226774902e-05
933	1.08008644208e-05
934	1.07773711161e-05
935	1.07557746588e-05
936	1.07323988045e-05
937	1.07108411776e-05
938	1.06875921558e-05
939	1.06662430058e-05
940	1.06431134886e-05
941	1.06218040318e-05
942	1.05987976405e-05
943	1.05776820761e-05
944	1.05547907448e-05
945	1.05337132043e-05
946	1.05109372214e-05
947	1.04900426985e-05
948	1.0467381155e-05
949	1.04465280387e-05
950	1.0423979523e-05
951	1.04033039067e-05
952	1.03808701281e-05
953	1.03602432646e-05
954	1.03379204237e-05
955	1.03174658103e-05
956	1.02952597552e-05
957	1.02748590653e-05
958	1.02527623003e-05
959	1.02325283467e-05
960	1.02105485918e-05
961	1.01903713606e-05
962	1.01684989347e-05
963	1.01484816208e-05
964	1.01267259025e-05
965	1.01067663132e-05
966	1.00851144074e-05
967	1.0065308254e-05
968	1.00437719094e-05
969	1.00240255706e-05
970	1.00025892253e-05
971	9.98299166141e-06
972	1.01508351762e-05
