1	0.0756372885922
2	0.0802997609677
3	0.00575555276077
4	0.00169427555762
5	0.00584645848697
6	0.0194029014532
7	0.00997178130637
8	0.00329305159468
9	0.00667583248594
10	0.0177436572039
11	0.00510735610698
12	0.00238505786539
13	0.00152231465215
14	0.00154492514714
15	0.00183318779427
16	0.00208221494484
17	0.00209728983663
18	0.00190292379697
19	0.0015012444659
20	0.00108248089646
21	0.000795589564511
22	0.000727176654218
23	0.000789778653282
24	0.000813278755289
25	0.00079642269111
26	0.000730326762271
27	0.00063651677986
28	0.000552520730745
29	0.000530667307223
30	0.00056679582941
31	0.000575971402984
32	0.000554672678734
33	0.000512874078112
34	0.000467401619128
35	0.000430145354201
36	0.00041857735986
37	0.000422031363527
38	0.000423372182048
39	0.00041805637294
40	0.000403898514975
41	0.000385230648585
42	0.000368633428549
43	0.000360315515513
44	0.00035704379921
45	0.000351020077265
46	0.000344576090782
47	0.000336531415055
48	0.000328901747395
49	0.000323036261193
50	0.000317793602555
51	0.000313095298193
52	0.000308238857173
53	0.000302514089898
54	0.000295726359172
55	0.00028885444012
56	0.000282455512541
57	0.000276823310185
58	0.000271709826523
59	0.000266785107546
60	0.000261780358015
61	0.000256840761371
62	0.000252086590331
63	0.000247551434393
64	0.00024320088954
65	0.000239154379477
66	0.000235116508225
67	0.000231355629623
68	0.00022828870795
69	0.000225080490762
70	0.000221527320384
71	0.000217860994215
72	0.000213863510861
73	0.000209587558437
74	0.000205360101341
75	0.000201230170479
76	0.000197215860806
77	0.000193263279867
78	0.000189534462359
79	0.00018603783869
80	0.00018264964373
81	0.000179405763909
82	0.000176358848698
83	0.00017358781343
84	0.000171142065059
85	0.000168970551586
86	0.000166790052462
87	0.00016431629398
88	0.000161766664531
89	0.00015903947846
90	0.00015602220678
91	0.000152962218701
92	0.00015000819777
93	0.00014725452622
94	0.000144618543823
95	0.000142174888507
96	0.000139929729631
97	0.000137944806488
98	0.000136238988885
99	0.000134767828437
100	0.000133396770594
101	0.000131956745784
102	0.000130461690633
103	0.000128619262953
104	0.000126548150704
105	0.000124374225831
106	0.00012221889203
107	0.000120047180033
108	0.000118064648917
109	0.000116329065426
110	0.000114922126006
111	0.000113729782305
112	0.000112840685202
113	0.000111954174238
114	0.000110963253983
115	0.000110127848206
116	0.000109159073581
117	0.000107934114426
118	0.00010638536456
119	0.000104652677067
120	0.000102939746847
121	0.000101471245819
122	0.000100213821771
123	9.92042831547e-05
124	9.83777120546e-05
125	9.73783804349e-05
126	9.64878523551e-05
127	9.58622898083e-05
128	9.51577608131e-05
129	9.40760196279e-05
130	9.28129466651e-05
131	9.14700933919e-05
132	9.01869292215e-05
133	8.90108790021e-05
134	8.80404470954e-05
135	8.71385241509e-05
136	8.61379999803e-05
137	8.54058172197e-05
138	8.47660524902e-05
139	8.3993468703e-05
140	8.3035341472e-05
141	8.19939811859e-05
142	8.09728846629e-05
143	7.9972325558e-05
144	7.91654332333e-05
145	7.82767868494e-05
146	7.73562868074e-05
147	7.65240773327e-05
148	7.57606828031e-05
149	7.49747478287e-05
150	7.40506263888e-05
151	7.31043850873e-05
152	7.22941780331e-05
153	7.17503634184e-05
154	7.09002633228e-05
155	6.98645118271e-05
156	6.89596472719e-05
157	6.80848703114e-05
158	6.72390005458e-05
159	6.63668371736e-05
160	6.57067350855e-05
161	6.50167241345e-05
162	6.40604119106e-05
163	6.31819811208e-05
164	6.23783910042e-05
165	6.16878214223e-05
166	6.09540933601e-05
167	6.01684854418e-05
168	5.92079561338e-05
169	5.81845595552e-05
170	5.7362289627e-05
171	5.68085524712e-05
172	5.61627992425e-05
173	5.52983477773e-05
174	5.41953489698e-05
175	5.31349235908e-05
176	5.22408528263e-05
177	5.14311826561e-05
178	5.06072885364e-05
179	4.96134710326e-05
180	4.84767797643e-05
181	4.72063770178e-05
182	4.62567254541e-05
183	4.55420597003e-05
184	4.46084374204e-05
185	4.36175832903e-05
186	4.23461416902e-05
187	4.11626776871e-05
188	4.0828639183e-05
189	4.0209037862e-05
190	3.92212793741e-05
191	3.77584537651e-05
192	3.61926004462e-05
193	3.38562280377e-05
194	3.42418121039e-05
195	3.41984602429e-05
196	3.30942042961e-05
197	3.20650130627e-05
198	3.0088869966e-05
199	3.20904167536e-05
200	3.27150678426e-05
201	3.28957680193e-05
202	3.28515978829e-05
203	3.26053321018e-05
204	3.23248191887e-05
205	3.19088123626e-05
206	3.15269213961e-05
207	3.10352152359e-05
208	3.04287939138e-05
209	2.98491419659e-05
210	2.93823286313e-05
211	2.88083474577e-05
212	2.84772376565e-05
213	2.82798422641e-05
214	2.88549574382e-05
215	2.89406993557e-05
216	2.88378143485e-05
217	2.86584935595e-05
218	2.84400746402e-05
219	2.8200197876e-05
220	2.79485865895e-05
221	2.76879658526e-05
222	2.74247599518e-05
223	2.71595141068e-05
224	2.68938135112e-05
225	2.66291566925e-05
226	2.63639215551e-05
227	2.61015523182e-05
228	2.58409207573e-05
229	2.55827193226e-05
230	2.5326550141e-05
231	2.50731337871e-05
232	2.48222072762e-05
233	2.45735235389e-05
234	2.4327952638e-05
235	2.40848438647e-05
236	2.38447742113e-05
237	2.36076813368e-05
238	2.33733872208e-05
239	2.31417886323e-05
240	2.29129650069e-05
241	2.26869415099e-05
242	2.24636211579e-05
243	2.22428867351e-05
244	2.20247201138e-05
245	2.18091362878e-05
246	2.15961700195e-05
247	2.13858532342e-05
248	2.1178098385e-05
249	2.09727652306e-05
250	2.07698474366e-05
251	2.05693598266e-05
252	2.03713178016e-05
253	2.01757094471e-05
254	1.99824058795e-05
255	1.97913087802e-05
256	1.9602407223e-05
257	1.94157001325e-05
258	1.92312376149e-05
259	1.90489494554e-05
260	1.88687743409e-05
261	1.86906328731e-05
262	1.85145605067e-05
263	1.83406352098e-05
264	1.8168810654e-05
265	1.79990462418e-05
266	1.78312479383e-05
267	1.76653644907e-05
268	1.75013445322e-05
269	1.7339176159e-05
270	1.71788603405e-05
271	1.70203978082e-05
272	1.68637165343e-05
273	1.67087275551e-05
274	1.655540657e-05
275	1.64037597382e-05
276	1.62538225624e-05
277	1.61055764879e-05
278	1.59589742238e-05
279	1.58139270113e-05
280	1.56703720555e-05
281	1.55284864073e-05
282	1.53881058229e-05
283	1.52491951171e-05
284	1.51115489376e-05
285	1.49754412949e-05
286	1.48409518232e-05
287	1.47077944963e-05
288	1.45760762597e-05
289	1.44457734902e-05
290	1.43166540565e-05
291	1.41889638049e-05
292	1.40627382543e-05
293	1.39377147155e-05
294	1.38139748897e-05
295	1.36915355771e-05
296	1.357021461e-05
297	1.34503459099e-05
298	1.33316688363e-05
299	1.32141364685e-05
300	1.30977728227e-05
301	1.298260805e-05
302	1.28686310378e-05
303	1.27558031218e-05
304	1.26440943097e-05
305	1.25334796157e-05
306	1.24239563355e-05
307	1.23155495665e-05
308	1.22082737575e-05
309	1.21021090328e-05
310	1.19969919543e-05
311	1.18928820348e-05
312	1.17897665337e-05
313	1.16876513889e-05
314	1.15864047185e-05
315	1.14865438042e-05
316	1.1387252904e-05
317	1.128916072e-05
318	1.11919367482e-05
319	1.10959304702e-05
320	1.10004214393e-05
321	1.09060168624e-05
322	1.0812468363e-05
323	1.07200949802e-05
324	1.06281390701e-05
325	1.05371994887e-05
326	1.04470730048e-05
327	1.03581113243e-05
328	1.02696125003e-05
329	1.01822135442e-05
330	1.00953014572e-05
331	1.00094212965e-05
332	9.9242554837e-06
333	9.84012208674e-06
334	9.75640505892e-06
335	9.67369416403e-06
336	9.59149117153e-06
337	9.51022324213e-06
338	9.42957263281e-06
339	9.34948718967e-06
340	9.27048162052e-06
341	9.19206880629e-06
342	9.11412800018e-06
343	9.03712441131e-06
344	8.96067772371e-06
345	8.8847209848e-06
346	8.8097344453e-06
347	8.73530171126e-06
348	8.66143156653e-06
349	8.58817656437e-06
350	8.51555061321e-06
351	8.44358811366e-06
352	8.37225391295e-06
353	8.30144925985e-06
354	8.23147296724e-06
355	8.16197643868e-06
356	8.09293464431e-06
357	8.02469763165e-06
358	7.95699624892e-06
359	7.88976420057e-06
360	7.82328666091e-06
361	7.75728794705e-06
362	7.69174483914e-06
363	7.62694378965e-06
364	7.56258874515e-06
365	7.49861761657e-06
366	7.43526784725e-06
367	7.37234067738e-06
368	7.3097963167e-06
369	7.24789492647e-06
370	7.18637848693e-06
371	7.12522571434e-06
372	7.06442871354e-06
373	7.00416006024e-06
374	6.94445454465e-06
375	6.88506749748e-06
376	6.82604088911e-06
377	6.76739403056e-06
378	6.70902958119e-06
379	6.65111568969e-06
380	6.59367421258e-06
381	6.53663843922e-06
382	6.48002147742e-06
383	6.4238618729e-06
384	6.36817582401e-06
385	6.31293151044e-06
386	6.25805953198e-06
387	6.20351296976e-06
388	6.14928674482e-06
389	6.09537544921e-06
390	6.04172962842e-06
391	5.98823189529e-06
392	5.93513211044e-06
393	5.88232117418e-06
394	5.82968866511e-06
395	5.77720943275e-06
396	5.7249059228e-06
397	5.67282821666e-06
398	5.6209910965e-06
399	5.56934072891e-06
400	5.51793629709e-06
401	5.46673306452e-06
402	9.95633790098e-06
403	9.89244904469e-06
404	9.81915848211e-06
405	9.73643119713e-06
406	9.6483123429e-06
407	9.55921592624e-06
408	9.47078243302e-06
409	9.38309596532e-06
410	9.29561912668e-06
411	9.20797942951e-06
412	9.12013536813e-06
413	9.03184309528e-06
414	8.9430728735e-06
415	8.85390477685e-06
416	8.76434771741e-06
417	8.67455546281e-06
418	8.58481663684e-06
419	8.49544703141e-06
420	8.4064660719e-06
421	8.31711766309e-06
422	8.22670935886e-06
423	8.13500677033e-06
424	8.0417816512e-06
425	7.94702458437e-06
426	7.85129472172e-06
427	7.75482487545e-06
428	7.65827286795e-06
429	7.56196779869e-06
430	7.46647218063e-06
431	7.37553927722e-06
432	7.28765493362e-06
433	7.20224607616e-06
434	7.11948878739e-06
435	7.03655128236e-06
436	6.95848561513e-06
437	6.88219961956e-06
438	6.80368022015e-06
439	6.7246632362e-06
440	6.65469740295e-06
441	6.57905807852e-06
442	6.49600203414e-06
443	6.42034794694e-06
444	6.34694658066e-06
445	6.29148471726e-06
446	6.25838877113e-06
447	6.22799379702e-06
448	6.22719078674e-06
449	6.26004693011e-06
450	6.32434942021e-06
451	6.41331134965e-06
452	6.51196597597e-06
453	6.58535466763e-06
454	6.63973532053e-06
455	6.68116872853e-06
456	6.71238393052e-06
457	6.73595586814e-06
458	6.75342884884e-06
459	6.76582080547e-06
460	6.77367365044e-06
461	6.77752295619e-06
462	6.77841155646e-06
463	6.77616087297e-06
464	6.77168239803e-06
465	6.76469045361e-06
466	6.75603184817e-06
467	6.74536122001e-06
468	6.73346576611e-06
469	6.71992893725e-06
470	6.70547526032e-06
471	6.68963543477e-06
472	6.67296169307e-06
473	6.65541866247e-06
474	6.63705401173e-06
475	6.61793267218e-06
476	6.59813324977e-06
477	6.57773255418e-06
478	6.5567998714e-06
479	6.53539069205e-06
480	6.51355133221e-06
481	6.49132169055e-06
482	6.4687372751e-06
483	6.44583080538e-06
484	6.42263244184e-06
485	6.39917023631e-06
486	6.37547106434e-06
487	6.35155891872e-06
488	6.32745692412e-06
489	6.30318638246e-06
490	6.27876618101e-06
491	6.2542151484e-06
492	6.2295514573e-06
493	6.20478973704e-06
494	6.1799446235e-06
495	6.1550296894e-06
496	6.13005633949e-06
497	6.1050354908e-06
498	6.07997769666e-06
499	6.05489265472e-06
500	6.02978892669e-06
501	6.00467502081e-06
502	5.97955984006e-06
503	5.95445005952e-06
504	5.9293523045e-06
505	5.90427260957e-06
506	5.87921747542e-06
507	5.85419252544e-06
508	5.82920383151e-06
509	5.80425587398e-06
510	5.77935328758e-06
511	5.75450089342e-06
512	5.72970303412e-06
513	5.70496223246e-06
514	5.68028321339e-06
515	5.65566834011e-06
516	5.63121926782e-06
517	5.60671290294e-06
518	5.58225114207e-06
519	5.55796603693e-06
520	5.53365917807e-06
521	5.50952768069e-06
522	5.48538168475e-06
523	5.46141152496e-06
524	9.98956088182e-06
525	5.44359972083e-06
526	9.93531483485e-06
527	9.92712663065e-06
528	9.90740802939e-06
529	9.87667862648e-06
530	9.83915882119e-06
531	9.79968302679e-06
532	9.76100495918e-06
533	9.72356546523e-06
534	9.68716101726e-06
535	9.65096779196e-06
536	9.61460998438e-06
537	9.57812325871e-06
538	9.5416147753e-06
539	9.50531108402e-06
540	9.46906322619e-06
541	9.43289881365e-06
542	9.39681461536e-06
543	9.36079050766e-06
544	9.32482691189e-06
545	9.28893539412e-06
546	9.25308716269e-06
547	9.21778192789e-06
548	9.18222230786e-06
549	9.14712386405e-06
550	9.11216484823e-06
551	9.07733509092e-06
552	9.04260231411e-06
553	9.00806627691e-06
554	8.97339728878e-06
555	8.93904171379e-06
556	8.90465847779e-06
557	8.87047133164e-06
558	8.83648272292e-06
559	8.8030037125e-06
560	8.76915964311e-06
561	8.73557298927e-06
562	8.70248446065e-06
563	8.66901413128e-06
564	8.63592862963e-06
565	8.60288317103e-06
566	8.57010138831e-06
567	8.53740411558e-06
568	8.50476015359e-06
569	8.47264600834e-06
570	8.44014992365e-06
571	8.40798678969e-06
572	8.37632437048e-06
573	8.34432762488e-06
574	8.31268760212e-06
575	8.28109328832e-06
576	8.24974062566e-06
577	8.21844697918e-06
578	8.18721351979e-06
579	8.15650940125e-06
580	8.12543132398e-06
581	8.09468256412e-06
582	8.06442977143e-06
583	8.03386358829e-06
584	8.00363298899e-06
585	7.97344584196e-06
586	7.94343692253e-06
587	7.91370247096e-06
588	7.88388370918e-06
589	7.8541358841e-06
590	7.82498001647e-06
591	7.79551840746e-06
592	7.76635588724e-06
593	7.73725128072e-06
594	7.70831270549e-06
595	7.6795922391e-06
596	7.65116582276e-06
597	7.62255018285e-06
598	7.59407452546e-06
599	7.56591845199e-06
600	7.5377642041e-06
601	7.50973321965e-06
602	7.48187894412e-06
603	7.45434226148e-06
604	7.42663268366e-06
605	7.39917720039e-06
606	7.37176929204e-06
607	7.34452909295e-06
608	7.31748013107e-06
609	7.29065773813e-06
610	7.26384359667e-06
611	7.23720569049e-06
612	7.21066266322e-06
613	7.18420505598e-06
614	7.15784311637e-06
615	7.13157819737e-06
616	7.10544216158e-06
617	7.07945269324e-06
618	7.05361688207e-06
619	7.02792498363e-06
620	7.00236184906e-06
621	6.97691402409e-06
622	6.95157409135e-06
623	6.92634180382e-06
624	6.90122024785e-06
625	6.87621310804e-06
626	6.85132310674e-06
627	6.82655037975e-06
628	6.80189517278e-06
629	6.77735714536e-06
630	6.75293419247e-06
631	6.72862505898e-06
632	6.7044292432e-06
633	6.68034650203e-06
634	6.65637607435e-06
635	6.63251794145e-06
636	6.60877253057e-06
637	6.58513739366e-06
638	6.5616117191e-06
639	6.53819544343e-06
640	6.51488801057e-06
641	6.4916884596e-06
642	6.46859694884e-06
643	6.44561352475e-06
644	6.42273650361e-06
645	6.39996530899e-06
646	6.37729978918e-06
647	6.35473955803e-06
648	6.33228357328e-06
649	6.3099310422e-06
650	6.28768181548e-06
651	6.26553625411e-06
652	6.24349270669e-06
653	6.22155059368e-06
654	6.19970935025e-06
655	6.17796876541e-06
656	6.15632828643e-06
657	6.13478698948e-06
658	6.11334455915e-06
659	6.09200115609e-06
660	6.07075530626e-06
661	6.04960691117e-06
662	6.02855560676e-06
663	6.00760054223e-06
664	5.98674233441e-06
665	5.96597926187e-06
666	5.94531090435e-06
667	5.92473647548e-06
668	5.90425582855e-06
669	5.88386892525e-06
670	5.86357368442e-06
671	5.84337080623e-06
672	5.82325944762e-06
673	5.80323926724e-06
674	5.78331028623e-06
675	5.7634716526e-06
676	5.74372272092e-06
677	5.72406286581e-06
678	5.70449162408e-06
679	5.6850094719e-06
680	5.66561487399e-06
681	5.64630745176e-06
682	5.62708714692e-06
683	5.6079533316e-06
684	5.58890509154e-06
685	5.56994237837e-06
686	5.55106485163e-06
687	5.53227156523e-06
688	5.51356127756e-06
689	5.49493380812e-06
690	5.47639080785e-06
691	5.45793043249e-06
692	9.98925404858e-06
693	5.47606042061e-06
694	9.98081493303e-06
695	5.45224590015e-06
696	9.91709869431e-06
697	9.94475015877e-06
698	9.9565209974e-06
699	9.94908625469e-06
700	9.92752361812e-06
701	9.89973221482e-06
702	9.87149728131e-06
703	9.84569350522e-06
704	9.82258246829e-06
705	9.80038925315e-06
706	9.77764463048e-06
707	9.75589331895e-06
708	9.73306272882e-06
709	9.71041625775e-06
710	9.68767147918e-06
711	9.66464246804e-06
712	9.64167079581e-06
713	9.61826890653e-06
714	9.59520570211e-06
715	9.57162422711e-06
716	9.54783034656e-06
717	9.52493629668e-06
718	9.50211389928e-06
719	9.47939975176e-06
720	9.45613772283e-06
721	9.43293351997e-06
722	9.41055114067e-06
723	9.38822765374e-06
724	9.36591487249e-06
725	9.34359272568e-06
726	9.32110880106e-06
727	9.29895936674e-06
728	9.27686157401e-06
729	9.25463382504e-06
730	9.23263759114e-06
731	9.21049905977e-06
732	9.1885176758e-06
733	9.16659870843e-06
734	9.14457588234e-06
735	9.12287645543e-06
736	9.10105321029e-06
737	9.07927850282e-06
738	9.05770428051e-06
739	9.0362383514e-06
740	9.01475005051e-06
741	8.99356239522e-06
742	8.97225428854e-06
743	8.95104571788e-06
744	8.92984418239e-06
745	8.90858785044e-06
746	8.8876196645e-06
747	8.8666961953e-06
748	8.84568892591e-06
749	8.82491835096e-06
750	8.80372482895e-06
751	8.78286077188e-06
752	8.76234903555e-06
753	8.74186762557e-06
754	8.72144768033e-06
755	8.7011454043e-06
756	8.68076447238e-06
757	8.66043312328e-06
758	8.6401900411e-06
759	8.62001852648e-06
760	8.59949525926e-06
761	8.57924194852e-06
762	8.55933335845e-06
763	8.53942735158e-06
764	8.51953093599e-06
765	8.4997858841e-06
766	8.47961589623e-06
767	8.45989665715e-06
768	8.44045392912e-06
769	8.42108110281e-06
770	8.40097215188e-06
771	8.38138914357e-06
772	8.36240082559e-06
773	8.34345857847e-06
774	8.324239091e-06
775	8.30429617495e-06
776	8.28490958627e-06
777	8.26594565122e-06
778	8.24722864287e-06
779	8.22772443252e-06
780	8.2088080008e-06
781	8.19018207468e-06
782	8.17171780694e-06
783	8.15239644545e-06
784	8.13366151936e-06
785	8.11521057404e-06
786	8.09690949239e-06
787	8.07780277696e-06
788	8.05928558422e-06
789	8.04105567822e-06
790	8.02297059412e-06
791	8.00408649922e-06
792	7.98580343192e-06
793	7.96780312659e-06
794	7.94994163664e-06
795	7.93127583113e-06
796	7.91321749095e-06
797	7.89543309056e-06
798	7.87713378824e-06
799	7.85943516239e-06
800	7.84186640265e-06
801	7.82363721928e-06
802	7.80616107722e-06
803	7.78853890574e-06
804	7.77107711841e-06
805	7.75307160948e-06
806	7.73583164204e-06
807	7.7183698236e-06
808	7.70068870526e-06
809	7.68355417295e-06
810	7.66607715662e-06
811	7.64902769384e-06
812	7.63156196116e-06
813	7.61451414364e-06
814	7.59711187756e-06
815	7.58022163203e-06
816	7.56296108375e-06
817	7.54623919952e-06
818	7.52910374361e-06
819	7.51250319023e-06
820	7.49546435038e-06
821	7.47895445966e-06
822	7.4620033012e-06
823	7.44557744118e-06
824	7.42871372864e-06
825	7.4123744187e-06
826	7.39560272264e-06
827	7.37931447727e-06
828	7.36302164965e-06
829	7.34595677098e-06
830	7.32979601895e-06
831	7.31386337672e-06
832	7.29734299561e-06
833	7.28150090074e-06
834	7.26544379506e-06
835	7.24900009146e-06
836	7.2331209152e-06
837	7.21652796135e-06
838	7.20093559317e-06
839	7.18523916841e-06
840	7.16917526095e-06
841	7.15368566616e-06
842	7.13813619404e-06
843	7.12173118516e-06
844	7.10617886326e-06
845	7.09041475074e-06
846	7.07516604279e-06
847	7.05983775168e-06
848	7.04363941169e-06
849	7.02830855771e-06
850	7.01277020202e-06
851	6.99778700072e-06
852	6.98270389287e-06
853	6.96673689733e-06
854	6.95165904074e-06
855	6.93633425908e-06
856	6.92156885991e-06
857	6.90591665573e-06
858	6.89120372588e-06
859	6.87564767927e-06
860	6.86110146392e-06
861	6.84620342237e-06
862	6.83181425242e-06
863	6.817181177e-06
864	6.80164430982e-06
865	6.78687156785e-06
866	6.77155067924e-06
867	6.75728032765e-06
868	6.742216145e-06
869	6.72818377239e-06
870	6.71367885323e-06
871	6.69962633709e-06
872	6.68454538555e-06
873	6.67033053812e-06
874	6.65532096951e-06
875	6.64129143012e-06
876	6.62691812998e-06
877	6.61307230869e-06
878	6.59826574119e-06
879	6.58434435611e-06
880	6.56960479791e-06
881	6.55576844448e-06
882	6.54124242779e-06
883	6.52779973702e-06
884	6.51342943061e-06
885	6.50006495654e-06
886	6.48614535626e-06
887	6.47266373768e-06
888	6.458166706e-06
889	6.44448731211e-06
890	6.43006999254e-06
891	6.41653068237e-06
892	6.40234588875e-06
893	6.38921014428e-06
894	6.37520920972e-06
895	6.3621092828e-06
896	6.3481911498e-06
897	6.33516219344e-06
898	6.32124424977e-06
899	6.30833641686e-06
900	6.29446263363e-06
901	6.28148639546e-06
902	6.2677022871e-06
903	6.25490293379e-06
904	6.24118907377e-06
905	6.22832046749e-06
906	6.2146847741e-06
907	6.20201068853e-06
908	6.18843318052e-06
909	6.17568486265e-06
910	6.1621837264e-06
911	6.14963115802e-06
912	6.13618869706e-06
913	6.12359542033e-06
914	6.1102329434e-06
915	6.09782737128e-06
916	6.08452904258e-06
917	6.07210582167e-06
918	6.05889309434e-06
919	6.04664666955e-06
920	6.03349730086e-06
921	6.02122654096e-06
922	6.00815350276e-06
923	5.99604106617e-06
924	5.98302308498e-06
925	5.97087624338e-06
926	5.95793206284e-06
927	5.94593733603e-06
928	5.93304613858e-06
929	5.92101867099e-06
930	5.9082019183e-06
931	5.89632725047e-06
932	5.88356563174e-06
933	5.87166951364e-06
934	5.85898540076e-06
935	5.84724201387e-06
936	5.83461578517e-06
937	5.8228572339e-06
938	5.81030725782e-06
939	5.79869699296e-06
940	5.78620257591e-06
941	5.7745780023e-06
942	5.76215637338e-06
943	5.75067232235e-06
944	5.73830408078e-06
945	5.7268045776e-06
946	5.71450704396e-06
947	5.70314268236e-06
948	5.69089796091e-06
949	5.67951941247e-06
950	5.66734532349e-06
951	5.65609892891e-06
952	5.64397815306e-06
953	5.63272124172e-06
954	5.62067028346e-06
955	5.60954320931e-06
956	5.59754541196e-06
957	5.58641116733e-06
958	5.5744825521e-06
959	5.56347485264e-06
960	5.55159908337e-06
961	5.540585547e-06
962	5.52877779478e-06
963	5.51788702855e-06
964	5.50613061572e-06
965	5.49523485156e-06
966	5.48354490566e-06
967	5.47276835992e-06
968	5.46112934251e-06
969	5.45034902815e-06
970	5.43877563782e-06
971	9.98299166141e-06
972	5.51644517777e-06
