# Residuals         
# Time              	Ux                  	Uy                  	Uz                  	p                   
0                   	N/A	N/A
1                   	3.155940489267e-01	9.999999999893e-01	1.000000000000e+00	9.999999999856e-01
2                   	4.528241726599e-01	7.280538176932e-01	5.840151477569e-01	6.168338581694e-03
3                   	6.328785065324e-01	9.630981243640e-02	5.460323478944e-02	6.422051099110e-03
4                   	2.416554403346e-01	4.678935754236e-02	9.841990670482e-03	3.949492887261e-01
5                   	2.062897829609e-02	1.504493058783e-02	3.917005807773e-02	1.889968888322e-02
6                   	6.741550330636e-03	1.330500469543e-01	7.785416338788e-02	1.093269599376e-02
7                   	9.648651525800e-03	1.194930667919e-01	1.020642403522e-01	5.511888589169e-02
8                   	1.026847697154e-02	3.540006512248e-02	4.492907085482e-02	2.382641598638e-01
9                   	1.001984970194e-02	3.321386169455e-02	2.641082193127e-02	2.530480476373e-02
10                  	1.051985411863e-02	1.516560190105e-01	1.539902258605e-02	2.065408808284e-02
11                  	8.794813947090e-03	1.318419210700e-01	8.256659446132e-03	5.425101119622e-02
12                  	5.264774673608e-03	3.923531390479e-02	4.274750519517e-03	1.915907382739e-01
13                  	2.891084097447e-03	4.611059737043e-02	2.887138844729e-03	8.776697316650e-02
14                  	2.719509646262e-03	1.838767015150e-01	3.146269725060e-03	5.807109880163e-02
15                  	3.195890739045e-03	8.312194537342e-02	3.010968145915e-03	1.654460268945e-01
16                  	3.472392427267e-03	4.219605724462e-02	2.682042512940e-03	7.046800109628e-02
17                  	3.550913622608e-03	3.024959423993e-02	2.366633142770e-03	3.324629314369e-02
18                  	3.578457102723e-03	3.146668135381e-02	1.972284255532e-03	2.308744437381e-02
19                  	3.532677368109e-03	2.920083445186e-02	1.671654010787e-03	2.286191621701e-02
20                  	3.472033798453e-03	2.449561626357e-02	1.650203764047e-03	2.290458498813e-02
21                  	3.512023592339e-03	2.357336933985e-02	1.624459316043e-03	2.013483997517e-02
22                  	3.698756685528e-03	2.062208480584e-02	1.512518712814e-03	1.674411718587e-02
23                  	3.953309623382e-03	1.580945570829e-02	1.365320364498e-03	1.489711308328e-02
24                  	4.244398184619e-03	1.146250461734e-02	1.215587131874e-03	1.409889563522e-02
25                  	4.546211346150e-03	8.230249555840e-03	1.109560355331e-03	1.247724804701e-02
26                  	4.873585741705e-03	7.096358898296e-03	1.087980348804e-03	1.047373156701e-02
27                  	5.231447337969e-03	8.414107457883e-03	1.134186747868e-03	8.645045826519e-03
28                  	5.641428297377e-03	8.120103576727e-03	1.139332966720e-03	7.292221696239e-03
29                  	6.142394921465e-03	7.202492228107e-03	1.102286740715e-03	6.452325965515e-03
30                  	6.722715822816e-03	6.258072603774e-03	1.026165134905e-03	6.292113796601e-03
31                  	7.450608131378e-03	4.870408541326e-03	9.608807786936e-04	5.940890556247e-03
32                  	8.372621852630e-03	4.052962835899e-03	9.168189127657e-04	5.351097431238e-03
33                  	9.579346756852e-03	4.051165969351e-03	9.124239329454e-04	4.614620193813e-03
34                  	1.117938875566e-02	4.116555624913e-03	9.110637754892e-04	3.868677815579e-03
35                  	1.336660444775e-02	3.728161367703e-03	8.951290356993e-04	3.321126414446e-03
36                  	1.623119059991e-02	3.308366248694e-03	8.717809040535e-04	3.052106455479e-03
37                  	1.640241964944e-02	2.823933005256e-03	8.432574486670e-04	2.940044497189e-03
38                  	1.371650996534e-02	2.416634932073e-03	8.186023331641e-04	2.722176175271e-03
39                  	1.144280627338e-02	2.292815062914e-03	8.028611220006e-04	2.420723376139e-03
40                  	9.707163273533e-03	2.358144253773e-03	7.973240987172e-04	2.100273552507e-03
41                  	8.368302955545e-03	2.347314104044e-03	7.864419797513e-04	1.811954151817e-03
42                  	7.342067667542e-03	2.244396559850e-03	7.694927692115e-04	1.616031766786e-03
43                  	6.570580274109e-03	2.059392725932e-03	7.504806459519e-04	1.529815410134e-03
44                  	5.848822889663e-03	1.842470928808e-03	7.340069549435e-04	1.445884490012e-03
45                  	5.315947059488e-03	1.680706476274e-03	7.182799156829e-04	1.328138787523e-03
46                  	4.847958796582e-03	1.614600699710e-03	7.085853685079e-04	1.191044463860e-03
47                  	4.461923261875e-03	1.585032342032e-03	6.994463904033e-04	1.054527331635e-03
48                  	4.137230715103e-03	1.544610396370e-03	6.891609576978e-04	9.335107802051e-04
49                  	3.868871131723e-03	1.473999023910e-03	6.777035002112e-04	8.625835996038e-04
50                  	3.646157854641e-03	1.407397509425e-03	6.656198537734e-04	8.259216678320e-04
51                  	3.421390609514e-03	1.354425878222e-03	6.596095068867e-04	7.728666611590e-04
52                  	3.235324197568e-03	1.321995366849e-03	6.556152857511e-04	7.100532072832e-04
53                  	3.069785165808e-03	1.301799347794e-03	6.498720050564e-04	6.448126225798e-04
54                  	2.910878372026e-03	1.272038430831e-03	6.412561319576e-04	5.861292307230e-04
55                  	2.770112601439e-03	1.237937279691e-03	6.265071090424e-04	5.389496384202e-04
56                  	2.648475197379e-03	1.188744259166e-03	6.159539806207e-04	5.082457791180e-04
57                  	2.519059331466e-03	1.151138067655e-03	6.100407827990e-04	4.748156132151e-04
58                  	2.440863440660e-03	1.131907234594e-03	6.104095810061e-04	4.450319949404e-04
59                  	2.357737200893e-03	1.113336782940e-03	6.083183172667e-04	4.187663023511e-04
60                  	2.284625989342e-03	1.089415295100e-03	5.982014663104e-04	3.899553912214e-04
61                  	2.214090870535e-03	1.071171998389e-03	5.931411553601e-04	3.571414140104e-04
62                  	2.130123545239e-03	1.052392424063e-03	5.916195810968e-04	3.295861230338e-04
63                  	2.067113569044e-03	1.030484289191e-03	5.879503816293e-04	3.157648769438e-04
64                  	2.004608953173e-03	1.002848701236e-03	5.781461704144e-04	3.058594590661e-04
65                  	1.937746854515e-03	9.708956912444e-04	5.635112933669e-04	2.908450751552e-04
66                  	1.847473334720e-03	9.369774404847e-04	5.463038227389e-04	2.675698021809e-04
67                  	1.818370536753e-03	9.347746891357e-04	5.498162153627e-04	2.493593980885e-04
68                  	1.793664484609e-03	9.301804168487e-04	5.526327595769e-04	2.406869300778e-04
69                  	1.766631192207e-03	9.214120184314e-04	5.516712580385e-04	2.332961000720e-04
70                  	1.715388699628e-03	9.137467222401e-04	5.498033156518e-04	2.185456871354e-04
71                  	1.684078910089e-03	8.991399021728e-04	5.460964969475e-04	2.081808538349e-04
72                  	1.660831006877e-03	8.828320818364e-04	5.393658379578e-04	2.024338733675e-04
73                  	1.625332369554e-03	8.682169034789e-04	5.335583071103e-04	1.917826287846e-04
74                  	1.580033749602e-03	8.556860065199e-04	5.294090872402e-04	1.817179540911e-04
75                  	1.561437053585e-03	8.418755808886e-04	5.230935749424e-04	1.765351848220e-04
76                  	1.529952377649e-03	8.248954537503e-04	5.162450769557e-04	1.705064368597e-04
77                  	1.498850618573e-03	8.166439935802e-04	5.135370588630e-04	1.610047075299e-04
78                  	1.473073524545e-03	8.012809170514e-04	5.069179142324e-04	1.562542162249e-04
79                  	1.457109205133e-03	7.837049126939e-04	4.988918425954e-04	1.501105816730e-04
80                  	1.424423069941e-03	7.728473661510e-04	4.915827849189e-04	1.438511571203e-04
81                  	1.414359834356e-03	7.507685094920e-04	4.798769301062e-04	1.390592853430e-04
82                  	1.407262044326e-03	7.325630760330e-04	4.698068766066e-04	1.326900284540e-04
83                  	1.387126724095e-03	7.076857633179e-04	4.556112338838e-04	1.275813569912e-04
84                  	1.405901898226e-03	6.889584740921e-04	4.462970625394e-04	1.221179753199e-04
85                  	1.402126874803e-03	6.932389486998e-04	4.534743592660e-04	1.181500202547e-04
86                  	1.314039179644e-03	7.032290317074e-04	4.631896130705e-04	1.138678567588e-04
87                  	1.256554905574e-03	7.047101888389e-04	4.676973661784e-04	1.103375775705e-04
88                  	1.226620736614e-03	7.020619778997e-04	4.694942077240e-04	1.075902239990e-04
89                  	1.205278806488e-03	6.961129239973e-04	4.688293903936e-04	1.024759298713e-04
90                  	1.195046213105e-03	6.893129299250e-04	4.664777889750e-04	9.824914594626e-05
91                  	1.183833693369e-03	6.821980749894e-04	4.633442650486e-04	9.288735489873e-05
92                  	1.177245904633e-03	6.750243220163e-04	4.597944165708e-04	8.843902953219e-05
93                  	1.165181892431e-03	6.673517410518e-04	4.559870793464e-04	8.632095699521e-05
94                  	1.152671250154e-03	6.599074116114e-04	4.520485111435e-04	8.445473753049e-05
95                  	1.141297256269e-03	6.532005077309e-04	4.480737062022e-04	8.308905295072e-05
96                  	1.128662064982e-03	6.456109397681e-04	4.440459446087e-04	8.196010399471e-05
97                  	1.117117296048e-03	6.388970973659e-04	4.400292307843e-04	7.887283012364e-05
98                  	1.102294615980e-03	6.314243432920e-04	4.359810725041e-04	7.727677903036e-05
99                  	1.090844179554e-03	6.252276303328e-04	4.319327574085e-04	7.589071534598e-05
100                 	1.080136902851e-03	6.173663329409e-04	4.278921159418e-04	7.470529990422e-05
101                 	1.069003353683e-03	6.106388448011e-04	4.238795790728e-04	7.384332241209e-05
102                 	1.055917139453e-03	6.042230346003e-04	4.199246851665e-04	7.148347140294e-05
103                 	1.046153407470e-03	5.971822243736e-04	4.159957312791e-04	7.025761436285e-05
104                 	1.035372787433e-03	5.908844546428e-04	4.120902548979e-04	6.931017128613e-05
105                 	1.025684576417e-03	5.847217584344e-04	4.082085064685e-04	6.907893045441e-05
106                 	1.013400271766e-03	5.774460181458e-04	4.043623442771e-04	6.719414106449e-05
107                 	1.003469992725e-03	5.702373203595e-04	4.005682154348e-04	6.538589812725e-05
108                 	9.920373237898e-04	5.642246027425e-04	3.968085843849e-04	6.474346860098e-05
109                 	9.805736384449e-04	5.581166766913e-04	3.930836119302e-04	6.395736516646e-05
110                 	9.729575534037e-04	5.518748434267e-04	3.893938373362e-04	6.296876960158e-05
111                 	9.645589373405e-04	5.456230378159e-04	3.857355998353e-04	6.205852571139e-05
112                 	9.527517352199e-04	5.398687463736e-04	3.821250353557e-04	6.038448083197e-05
113                 	9.424279270502e-04	5.339899116638e-04	3.785614246360e-04	5.902606766675e-05
114                 	9.376170423083e-04	5.275062956368e-04	3.750215545912e-04	5.883120117956e-05
115                 	9.287016522300e-04	5.216453127774e-04	3.715234477910e-04	5.823074047727e-05
116                 	9.207914068967e-04	5.159544526492e-04	3.680645847298e-04	5.742136155785e-05
117                 	9.119688044655e-04	5.105896049476e-04	3.646462548029e-04	5.661544019162e-05
118                 	9.031259437970e-04	5.046080505639e-04	3.612587092983e-04	5.590161057676e-05
119                 	8.967979141053e-04	4.992436313941e-04	3.579095360446e-04	5.492742676439e-05
120                 	8.864285857572e-04	4.938788639776e-04	3.545994250911e-04	5.385751920182e-05
121                 	8.787117830824e-04	4.887810062258e-04	3.513370624629e-04	5.238177367682e-05
122                 	8.739477101334e-04	4.832156322506e-04	3.480990003829e-04	5.219758866466e-05
123                 	8.672639801787e-04	4.779260821733e-04	3.448993205907e-04	5.171741174995e-05
124                 	8.606011701839e-04	4.730768664551e-04	3.417418890775e-04	5.096933897005e-05
125                 	8.525000013227e-04	4.675128717813e-04	3.386099707366e-04	5.048677602313e-05
126                 	8.463137731606e-04	4.625907335554e-04	3.355153067154e-04	4.955097448079e-05
127                 	8.420164618942e-04	4.578022030727e-04	3.324586804997e-04	4.824563304332e-05
128                 	8.345927809918e-04	4.532328067398e-04	3.294442500045e-04	4.683179144439e-05
129                 	8.277751699204e-04	4.476629102519e-04	3.264541876146e-04	4.659866636863e-05
130                 	8.227499084950e-04	4.429971360049e-04	3.234978222353e-04	4.684010283537e-05
131                 	8.173238305808e-04	4.390424229513e-04	3.205707321007e-04	4.630745956169e-05
132                 	8.097698286069e-04	4.342983378820e-04	3.176731467335e-04	4.588258016374e-05
133                 	8.052264358767e-04	4.294489006354e-04	3.148105406186e-04	4.479747761846e-05
134                 	7.982648151599e-04	4.248645630577e-04	3.119755449128e-04	4.442797447488e-05
135                 	7.934533532039e-04	4.205146034700e-04	3.091729919979e-04	4.378496459874e-05
136                 	7.887613871949e-04	4.164084794575e-04	3.064037172859e-04	4.320150650345e-05
137                 	7.825241613426e-04	4.113641168203e-04	3.036541588328e-04	4.330593450317e-05
138                 	7.777552489511e-04	4.071978638987e-04	3.009353768196e-04	4.362178149437e-05
139                 	7.742876217624e-04	4.035477497704e-04	2.982422039958e-04	4.287477476817e-05
140                 	7.675792795377e-04	3.996452553920e-04	2.955797440631e-04	4.256878263925e-05
141                 	7.637101054148e-04	3.951648689026e-04	2.929411281402e-04	4.183625994038e-05
142                 	7.556797947023e-04	3.912749201345e-04	2.903348435803e-04	4.123918904790e-05
143                 	7.513875643780e-04	3.866388877550e-04	2.877501944642e-04	4.100841851860e-05
144                 	7.448556775973e-04	3.829295975305e-04	2.851916283241e-04	4.094950979879e-05
145                 	7.406129503869e-04	3.797318056117e-04	2.826623745983e-04	4.032100912185e-05
146                 	7.365224260834e-04	3.753368340816e-04	2.801547216278e-04	3.972895464767e-05
147                 	7.318027062743e-04	3.715199993928e-04	2.776700791614e-04	3.980947879565e-05
148                 	7.262249486032e-04	3.677706198559e-04	2.752143399515e-04	3.926304801754e-05
149                 	7.221115553499e-04	3.646685012835e-04	2.727800669788e-04	3.907441661232e-05
150                 	7.184348576463e-04	3.604952642242e-04	2.703682694088e-04	3.852879811811e-05
151                 	7.125504104895e-04	3.569615236116e-04	2.679791384416e-04	3.843552792319e-05
152                 	7.085035261742e-04	3.536009189989e-04	2.656190508390e-04	3.784773905336e-05
153                 	7.044410710510e-04	3.496276225400e-04	2.632768076981e-04	3.750049660516e-05
154                 	6.995763297472e-04	3.461109890793e-04	2.609589949474e-04	3.772062338062e-05
155                 	6.938495008290e-04	3.431526708163e-04	2.586630672811e-04	3.708765545477e-05
156                 	6.890053541608e-04	3.397440172142e-04	2.563870018413e-04	3.705705418502e-05
157                 	6.861079700210e-04	3.365038977397e-04	2.541378503413e-04	3.623055142499e-05
158                 	6.810017905449e-04	3.328458961242e-04	2.519106902219e-04	3.559097022487e-05
159                 	6.785405932460e-04	3.295337084506e-04	2.497013494704e-04	3.594127923829e-05
160                 	6.714385015598e-04	3.263238567831e-04	2.475170266960e-04	3.557246985112e-05
161                 	6.682404893551e-04	3.236447490185e-04	2.453502814721e-04	3.543297592875e-05
162                 	6.637593314462e-04	3.200357612916e-04	2.432034367869e-04	3.489856100410e-05
163                 	6.596952581914e-04	3.170500194329e-04	2.410773076639e-04	3.477884499317e-05
164                 	6.569097110002e-04	3.141894664149e-04	2.389766449171e-04	3.424566219084e-05
165                 	6.515154466053e-04	3.108013537165e-04	2.368909516015e-04	3.388719871110e-05
166                 	6.495014753444e-04	3.077926595368e-04	2.348234255128e-04	3.403071919982e-05
167                 	6.444319661388e-04	3.049342172449e-04	2.327807929636e-04	3.334932171850e-05
168                 	6.396889738861e-04	3.019703625504e-04	2.307582637954e-04	3.291117837747e-05
169                 	6.370752140165e-04	2.990730396931e-04	2.287496152793e-04	3.302646948473e-05
170                 	6.328919596812e-04	2.963419242181e-04	2.267612270295e-04	3.279386948791e-05
171                 	6.285600269312e-04	2.934805607802e-04	2.247942525472e-04	3.237839805653e-05
172                 	6.249634064607e-04	2.907885497966e-04	2.228416697583e-04	3.220635003359e-05
173                 	6.215808207368e-04	2.880147765323e-04	2.209100693856e-04	3.182634038183e-05
174                 	6.172605246936e-04	2.853103535737e-04	2.189963171148e-04	3.147511923964e-05
175                 	6.135440409726e-04	2.826577309547e-04	2.171014898330e-04	3.114319547874e-05
176                 	6.097289792892e-04	2.799623829321e-04	2.152240801349e-04	3.095076531860e-05
177                 	6.052003799291e-04	2.770289443093e-04	2.133646685793e-04	3.063732362119e-05
178                 	6.017662479571e-04	2.744831732984e-04	2.115200701081e-04	3.095109283708e-05
179                 	5.975482073739e-04	2.719626197915e-04	2.096960862343e-04	3.045696830628e-05
180                 	5.952491752413e-04	2.694999309743e-04	2.078851067228e-04	3.022082646729e-05
181                 	5.927349681509e-04	2.670820032684e-04	2.060923710957e-04	2.983503780075e-05
182                 	5.886529762719e-04	2.645753220149e-04	2.043176950368e-04	2.946442888445e-05
183                 	5.847508797711e-04	2.621288933038e-04	2.025588624018e-04	2.926659303965e-05
184                 	5.817949879252e-04	2.597381815723e-04	2.008173995253e-04	2.894975237336e-05
185                 	5.789914242191e-04	2.570752125812e-04	1.990921354562e-04	2.857393073387e-05
186                 	5.744329570947e-04	2.547248184511e-04	1.973805007401e-04	2.888695385368e-05
187                 	5.707952643575e-04	2.523955771437e-04	1.956873019601e-04	2.857780637691e-05
188                 	5.680480590954e-04	2.501702225152e-04	1.940064113638e-04	2.836422458668e-05
189                 	5.661191599340e-04	2.478804678331e-04	1.923444380398e-04	2.792797501620e-05
190                 	5.619047524961e-04	2.456765312536e-04	1.906944587727e-04	2.775616284142e-05
191                 	5.587338719508e-04	2.434575362363e-04	1.890612098241e-04	2.749309360998e-05
192                 	5.546879808754e-04	2.412664221674e-04	1.874441351770e-04	2.710116804742e-05
193                 	5.518741301957e-04	2.391424618723e-04	1.858426520459e-04	2.686885524735e-05
194                 	5.493131989627e-04	2.367320768637e-04	1.842543665405e-04	2.661871917602e-05
195                 	5.464321654805e-04	2.345449704322e-04	1.826792297106e-04	2.662276564005e-05
196                 	5.438503110832e-04	2.324637385117e-04	1.811198036117e-04	2.636620191534e-05
197                 	5.405487294309e-04	2.304308379430e-04	1.795751537014e-04	2.603239147246e-05
198                 	5.362813819708e-04	2.284184847452e-04	1.780446444979e-04	2.579849715794e-05
199                 	5.357331735560e-04	2.261499019692e-04	1.765281045896e-04	2.554322574104e-05
200                 	5.329200127598e-04	2.241982358430e-04	1.750236503324e-04	2.574142592277e-05
201                 	5.269626089451e-04	2.222787307060e-04	1.735339515077e-04	2.539220421394e-05
202                 	5.254949594109e-04	2.203383292569e-04	1.720580528506e-04	2.492443537853e-05
203                 	5.222282532607e-04	2.184014361982e-04	1.705953834202e-04	2.471575274206e-05
204                 	5.190403852920e-04	2.164870334804e-04	1.691462158034e-04	2.458811179754e-05
205                 	5.163677695887e-04	2.144162524642e-04	1.677105672929e-04	2.424985372885e-05
206                 	5.129910034308e-04	2.125717655575e-04	1.662860401008e-04	2.437401353285e-05
207                 	5.109967154937e-04	2.107206481778e-04	1.648755071737e-04	2.407602713530e-05
208                 	5.084918897917e-04	2.088705584738e-04	1.634781828750e-04	2.376189212416e-05
209                 	5.051885810286e-04	2.071462758040e-04	1.620937768984e-04	2.366247031679e-05
210                 	5.020203138659e-04	2.051273492036e-04	1.607208305466e-04	2.338065058399e-05
211                 	4.993539848892e-04	2.033324563316e-04	1.593598860845e-04	2.322560959681e-05
212                 	4.963750174273e-04	2.013956610399e-04	1.580126156230e-04	2.304364549891e-05
213                 	4.927590026479e-04	1.998426185573e-04	1.566764276533e-04	2.292807828265e-05
214                 	4.907989495727e-04	1.981805868636e-04	1.553521884994e-04	2.265036343298e-05
215                 	4.874899688925e-04	1.964903058966e-04	1.540392590501e-04	2.252768421361e-05
216                 	4.872115182657e-04	1.948874511174e-04	1.527400098637e-04	2.226935413276e-05
217                 	4.841645982402e-04	1.930362225084e-04	1.514509840930e-04	2.199082992798e-05
218                 	4.806869149147e-04	1.913855843493e-04	1.501734760932e-04	2.192756153248e-05
219                 	4.795533234279e-04	1.895717846451e-04	1.489079986481e-04	2.169752620878e-05
220                 	4.756307281888e-04	1.880103020619e-04	1.476527305685e-04	2.176623741491e-05
221                 	4.725598470871e-04	1.864842007106e-04	1.464092066596e-04	2.150708989976e-05
222                 	4.713381101119e-04	1.849561269422e-04	1.451763994922e-04	2.115302542709e-05
223                 	4.701576887858e-04	1.834258880289e-04	1.439551545992e-04	2.088625800517e-05
224                 	4.663843387518e-04	1.816857767934e-04	1.427456766741e-04	2.054550655286e-05
225                 	4.644290697281e-04	1.801989409056e-04	1.415451800999e-04	2.076485253625e-05
226                 	4.613967885482e-04	1.787146070352e-04	1.403555663095e-04	2.064738552452e-05
227                 	4.593368307117e-04	1.772637735043e-04	1.391766203836e-04	2.039451658762e-05
228                 	4.552173839291e-04	1.758479846038e-04	1.380087065477e-04	2.019477766102e-05
229                 	4.541006918095e-04	1.742563205632e-04	1.368508123770e-04	1.987272172504e-05
230                 	4.503920994965e-04	1.728058052567e-04	1.357028850839e-04	1.980124612220e-05
231                 	4.493274785832e-04	1.712056337196e-04	1.345659128876e-04	1.959016379605e-05
232                 	4.455795057471e-04	1.698465469012e-04	1.334379063802e-04	1.965178989624e-05
233                 	4.459455564048e-04	1.685018061903e-04	1.323203253324e-04	1.941560892075e-05
234                 	4.440927438043e-04	1.671800704085e-04	1.312120913901e-04	1.919485338517e-05
235                 	4.408034819184e-04	1.658540536489e-04	1.301151835844e-04	1.888517296900e-05
236                 	4.380382275301e-04	1.643838791015e-04	1.290273158274e-04	1.864439104010e-05
237                 	4.364351106533e-04	1.630173582581e-04	1.279479164952e-04	1.871208557799e-05
238                 	4.339503265803e-04	1.615194000757e-04	1.268790266304e-04	1.856432475987e-05
239                 	4.325950825458e-04	1.603321428958e-04	1.258185702290e-04	1.859191007711e-05
240                 	4.292726480468e-04	1.590889614854e-04	1.247682493355e-04	1.821550245474e-05
241                 	4.279017734140e-04	1.578505116943e-04	1.237268450843e-04	1.799067185075e-05
242                 	4.255533902957e-04	1.566279902388e-04	1.226949104347e-04	1.792796959672e-05
243                 	4.228063100966e-04	1.552497450195e-04	1.216716156241e-04	1.771330078603e-05
244                 	4.205729440964e-04	1.540252661282e-04	1.206573806053e-04	1.764870909072e-05
245                 	4.189458144492e-04	1.526657484032e-04	1.196524608109e-04	1.741259623916e-05
246                 	4.173086504421e-04	1.515196084066e-04	1.186554273840e-04	1.739446382795e-05
247                 	4.141329057936e-04	1.504071046242e-04	1.176689198631e-04	1.727305181721e-05
248                 	4.119753644940e-04	1.491152402170e-04	1.166886179821e-04	1.707326995072e-05
249                 	4.089075970331e-04	1.480104820533e-04	1.157186337205e-04	1.699210117803e-05
250                 	4.076938305476e-04	1.467417905155e-04	1.147554469770e-04	1.680143525740e-05
251                 	4.067425330351e-04	1.456612358682e-04	1.138023171766e-04	1.667963684981e-05
252                 	4.049630859975e-04	1.443968878123e-04	1.128563391871e-04	1.647662625046e-05
253                 	4.038147433997e-04	1.433576197320e-04	1.119186738078e-04	1.640458176307e-05
254                 	3.996795036051e-04	1.423342700268e-04	1.109911357960e-04	1.626045006821e-05
255                 	3.992629174123e-04	1.411154004983e-04	1.100690532227e-04	1.610304174186e-05
256                 	3.961910142453e-04	1.401054184629e-04	1.091569912101e-04	1.604383123326e-05
257                 	3.941363153760e-04	1.389031231398e-04	1.082507920507e-04	1.588539438984e-05
258                 	3.923212154561e-04	1.379165595104e-04	1.073544156817e-04	1.575584524017e-05
259                 	3.911057420162e-04	1.367433284578e-04	1.064643401194e-04	1.555443614433e-05
260                 	3.890094089086e-04	1.357673146557e-04	1.055820958427e-04	1.548189309459e-05
261                 	3.861239556640e-04	1.348007229903e-04	1.047095179603e-04	1.528457476015e-05
262                 	3.839836221414e-04	1.336781451853e-04	1.038422834797e-04	1.510506914215e-05
263                 	3.828954151788e-04	1.326839759485e-04	1.029823799723e-04	1.513174791333e-05
264                 	3.812341790562e-04	1.317624239723e-04	1.021325338434e-04	1.490735857918e-05
265                 	3.792761315776e-04	1.306725772984e-04	1.012875489589e-04	1.475169388955e-05
266                 	3.773826289840e-04	1.296965033264e-04	1.004498752125e-04	1.476344932538e-05
267                 	3.762673727269e-04	1.288032037004e-04	9.962187490019e-05	1.453655553854e-05
268                 	3.758205830716e-04	1.277531169869e-04	9.879867091137e-05	1.437107186195e-05
269                 	3.722977041598e-04	1.268197099781e-04	9.798243175575e-05	1.439887724254e-05
270                 	3.708596085718e-04	1.259506649804e-04	9.717567647200e-05	1.417221290118e-05
271                 	3.691202260684e-04	1.249355725272e-04	9.637371092867e-05	1.398751136901e-05
272                 	3.669545699802e-04	1.240351952819e-04	9.557844569282e-05	1.401563709397e-05
273                 	3.646229099347e-04	1.231898441633e-04	9.479234066586e-05	1.380859980810e-05
274                 	3.630179809092e-04	1.222043403264e-04	9.401096684741e-05	1.362896492321e-05
275                 	3.621541050963e-04	1.213317062235e-04	9.323613311862e-05	1.366035261142e-05
276                 	3.596287031529e-04	1.205094384927e-04	9.247019223723e-05	1.346242834573e-05
277                 	3.567844744550e-04	1.195529296370e-04	9.170888162811e-05	1.328186228705e-05
278                 	3.566901797023e-04	1.187101290950e-04	9.095393597826e-05	1.331143388191e-05
279                 	3.541122952324e-04	1.179112563523e-04	9.020760317873e-05	1.312354411790e-05
280                 	3.543840043250e-04	1.169845825285e-04	8.946582080817e-05	1.294065067778e-05
281                 	3.511459115513e-04	1.161717018247e-04	8.873023867760e-05	1.296947029038e-05
282                 	3.489234764828e-04	1.153935058181e-04	8.800296844844e-05	1.279431756371e-05
283                 	3.477397021560e-04	1.144958374256e-04	8.728017647309e-05	1.260594403642e-05
284                 	3.468152371042e-04	1.137109515505e-04	8.656343340037e-05	1.262802902285e-05
285                 	3.446321835038e-04	1.129059196899e-04	8.585359482753e-05	1.247827377769e-05
286                 	3.439132312576e-04	1.121685480210e-04	8.515118193672e-05	1.228659276545e-05
287                 	3.418811684645e-04	1.112134998944e-04	8.445397004741e-05	1.218959367922e-05
288                 	3.399994791210e-04	1.105239465799e-04	8.375993754286e-05	1.250388598325e-05
289                 	3.388375667369e-04	1.097882649189e-04	8.307397633428e-05	1.217422613056e-05
290                 	3.363698655837e-04	1.089939628670e-04	8.239507415924e-05	1.182997019451e-05
291                 	3.347910562843e-04	1.084217606707e-04	8.172067143801e-05	1.206945320184e-05
292                 	3.338996845191e-04	1.074761758171e-04	8.105322534375e-05	1.161091877264e-05
293                 	3.328209110030e-04	1.067570187269e-04	8.038838370108e-05	1.185003714486e-05
294                 	3.303147297992e-04	1.060334513049e-04	7.973128061568e-05	1.166149272813e-05
295                 	3.286020100205e-04	1.053580394933e-04	7.908134751582e-05	1.137631706362e-05
296                 	3.271607043649e-04	1.044896577164e-04	7.843610845825e-05	1.125411558294e-05
297                 	3.263239960777e-04	1.038416041749e-04	7.779458907067e-05	1.151271338852e-05
298                 	3.239903115006e-04	1.031403059883e-04	7.715938466845e-05	1.142272356884e-05
299                 	3.227722862991e-04	1.026668738104e-04	7.653071408808e-05	1.133349766443e-05
300                 	3.211841783978e-04	1.018021187597e-04	7.590618365847e-05	1.101628316124e-05
301                 	3.197526445190e-04	1.011323818787e-04	7.528550050637e-05	1.110148695029e-05
302                 	3.179143277091e-04	1.004602567096e-04	7.467332916220e-05	1.075402228529e-05
303                 	3.159486542751e-04	9.964309458116e-05	7.406604867672e-05	1.059659113809e-05
304                 	3.157422908826e-04	9.921665817296e-05	7.346330572536e-05	1.071107924907e-05
305                 	3.152149693282e-04	9.837159262030e-05	7.286461683201e-05	1.068740234070e-05
306                 	3.134995257357e-04	9.781249356713e-05	7.227084111440e-05	1.079207410356e-05
307                 	3.113066124767e-04	9.718759670689e-05	7.168301389503e-05	1.057147913766e-05
308                 	3.106071472582e-04	9.654104958840e-05	7.110032991471e-05	1.033332677740e-05
309                 	3.076056489160e-04	9.589576493117e-05	7.052261378516e-05	1.019603293433e-05
310                 	3.080204673222e-04	9.527519589328e-05	6.994986471290e-05	1.012892560047e-05
311                 	3.069352802683e-04	9.464818378772e-05	6.938182016496e-05	1.009131088261e-05
312                 	3.061123753992e-04	9.404440172016e-05	6.881859950528e-05	1.003491569940e-05
313                 	3.038351284748e-04	9.343135417237e-05	6.826002241012e-05	9.962902419826e-06
314                 	3.029165787416e-04	9.283948579022e-05	6.770626698421e-05	9.869925130416e-06
315                 	3.001707906818e-04	9.223547711261e-05	6.715713603334e-05	9.780565334883e-06
316                 	3.003470860787e-04	9.165297227543e-05	6.661276928390e-05	9.689870827064e-06
317                 	2.984719188788e-04	9.105956427245e-05	6.607294195981e-05	9.609124747250e-06
318                 	2.960285346242e-04	9.048798608452e-05	6.553777474946e-05	9.526963924935e-06
319                 	2.951515325865e-04	8.990651373035e-05	6.500705314989e-05	9.451052177187e-06
320                 	2.945646990837e-04	8.934548476301e-05	6.448089337235e-05	9.372187129253e-06
321                 	2.929173747223e-04	8.877585979772e-05	6.395908856161e-05	9.298632484781e-06
322                 	2.910879333045e-04	8.822503616950e-05	6.344173970527e-05	9.221062449652e-06
323                 	2.878513143472e-04	8.766718048068e-05	6.292870414732e-05	1.301093075642e-05
324                 	2.865306406104e-04	8.551072511280e-05	6.250922680693e-05	1.030917399843e-05
325                 	2.860817250046e-04	8.382216963844e-05	6.207555987566e-05	8.135199414982e-06
326                 	2.855140280027e-04	8.272439712278e-05	6.162212412335e-05	8.615532366150e-06
327                 	2.836274767358e-04	8.211065655324e-05	6.115740275157e-05	9.266513346253e-06
328                 	2.824232512465e-04	8.191894308352e-05	6.069188095914e-05	9.580717909427e-06
329                 	2.808338278769e-04	8.151578823263e-05	6.023238816836e-05	9.128013142091e-06
330                 	2.788068871138e-04	8.128022984593e-05	5.977763223040e-05	8.513061637261e-06
331                 	2.792852018760e-04	8.080071575222e-05	5.932752896681e-05	8.381611471895e-06
332                 	2.782182432175e-04	8.025296675046e-05	5.888210897079e-05	7.865376472141e-06
333                 	2.771005539385e-04	7.978894172232e-05	5.843944878142e-05	7.954934558093e-06
334                 	2.765982678727e-04	7.937408604102e-05	5.800130866619e-05	8.118536393775e-06
335                 	2.753113504476e-04	7.871480002318e-05	5.756475766923e-05	7.842955265028e-06
336                 	2.746737236929e-04	7.824105936490e-05	5.713142227649e-05	7.950591521328e-06
337                 	2.739035026000e-04	7.779678945452e-05	5.670232251476e-05	7.860839423643e-06
338                 	2.725670337561e-04	7.744385221268e-05	5.627735705990e-05	7.796128657080e-06
339                 	2.711845026823e-04	7.686129528245e-05	5.585401872687e-05	7.559526401490e-06
340                 	2.701843936097e-04	7.638844814263e-05	5.543409697169e-05	7.590537086503e-06
341                 	2.694810495882e-04	7.594405612034e-05	5.501799960547e-05	7.554977204427e-06
342                 	2.656996654387e-04	7.560583477168e-05	5.460595545717e-05	7.557526129065e-06
343                 	2.661746446961e-04	7.504263960654e-05	5.419544815854e-05	7.355113849898e-06
344                 	2.665416009788e-04	7.459118395271e-05	5.378831313287e-05	7.384714760068e-06
345                 	2.638767144989e-04	7.416420577226e-05	5.338497303519e-05	7.328702364531e-06
346                 	2.627960630371e-04	7.384029830990e-05	5.298555276738e-05	7.311804485399e-06
347                 	2.623284687281e-04	7.330039073317e-05	5.258765791171e-05	7.109638264605e-06
348                 	2.606881308066e-04	7.286305537966e-05	5.219303314684e-05	7.137935904420e-06
349                 	2.599514453543e-04	7.244942983718e-05	5.180205951584e-05	7.088550108915e-06
350                 	2.589548269102e-04	7.213297525054e-05	5.141488885698e-05	7.074698495992e-06
351                 	2.585553261236e-04	7.160848952269e-05	5.102919341351e-05	6.882510072412e-06
352                 	2.580693372268e-04	7.118613133064e-05	5.064666724544e-05	6.910470861577e-06
353                 	2.554107173658e-04	7.078593008863e-05	5.026768908686e-05	6.861534222648e-06
354                 	2.544751291259e-04	7.047959622777e-05	4.989240140916e-05	6.846478872222e-06
355                 	2.535433865713e-04	6.997381916000e-05	4.951854899334e-05	6.660712876402e-06
356                 	2.520421654743e-04	6.956727716207e-05	4.914775808026e-05	6.688328267519e-06
357                 	2.505484566476e-04	6.918044188799e-05	4.878040577339e-05	6.641155995188e-06
358                 	2.494633878536e-04	6.888515452380e-05	4.841662266371e-05	6.626192180032e-06
359                 	2.480776537600e-04	6.839789238241e-05	4.805424930183e-05	6.447204446122e-06
360                 	2.471289022853e-04	6.800533202270e-05	4.769485349447e-05	6.473573368057e-06
361                 	2.459129109162e-04	6.763132251087e-05	4.733878704651e-05	6.427911300935e-06
362                 	2.444909489863e-04	6.734503225962e-05	4.698618106389e-05	6.413272737790e-06
363                 	2.439470825541e-04	6.687453122207e-05	4.663490157924e-05	6.240409140253e-06
364                 	2.434070922547e-04	6.649570814849e-05	4.628654621495e-05	6.261164255012e-06
365                 	2.420998791691e-04	6.613607378398e-05	4.594133427088e-05	6.229085143354e-06
366                 	2.406778199891e-04	6.578953581752e-05	4.559884677963e-05	6.168340352549e-06
367                 	2.391759757201e-04	6.530424892869e-05	4.525986671885e-05	6.169493283082e-06
368                 	2.396906969229e-04	6.511743800549e-05	4.492171482565e-05	6.112168950799e-06
369                 	2.366364564396e-04	6.474303762558e-05	4.458650134621e-05	6.079729861046e-06
370                 	2.369726544950e-04	6.438106921872e-05	4.425446778959e-05	5.928754474275e-06
371                 	2.362270254671e-04	6.399159684692e-05	4.392691049413e-05	5.741435419909e-06
372                 	2.345881242946e-04	6.368994494656e-05	4.359793802533e-05	6.049719718771e-06
373                 	2.344907868575e-04	6.334772370902e-05	4.327321852046e-05	5.945755428867e-06
374                 	2.326976004708e-04	6.290700909463e-05	4.295338886083e-05	5.705617693325e-06
375                 	2.325912926923e-04	6.261945521977e-05	4.263249328228e-05	5.940457355603e-06
376                 	2.310420461432e-04	6.233584631195e-05	4.231468651464e-05	8.216766082878e-06
377                 	2.303439180256e-04	6.398032470958e-05	4.198431980273e-05	5.903987271348e-06
378                 	2.300052800556e-04	6.296764634874e-05	4.167626204398e-05	6.325868664976e-06
379                 	2.286879773582e-04	6.172414182937e-05	4.137546609485e-05	6.924963785500e-06
380                 	2.287326434955e-04	6.294268044660e-05	4.105603749006e-05	5.817964521559e-06
381                 	2.275110342774e-04	6.180442472937e-05	4.075666225742e-05	6.953135220806e-06
382                 	2.255025292503e-04	6.244291321393e-05	4.044474223557e-05	6.080366189449e-06
383                 	2.255697412376e-04	6.120882291994e-05	4.015360064807e-05	6.454658632141e-06
384                 	2.253585357924e-04	6.196743914348e-05	3.984847916056e-05	6.447867521133e-06
385                 	2.245157344795e-04	6.239696775283e-05	3.954482487386e-05	6.341320641055e-06
386                 	2.215310960810e-04	6.061968858608e-05	3.926364775740e-05	5.987346160959e-06
387                 	2.226451309040e-04	6.108169229314e-05	3.896808995688e-05	6.225659068989e-06
388                 	2.215705634546e-04	6.133304287782e-05	3.867339231520e-05	5.618441858106e-06
389                 	2.212418423010e-04	6.144105340101e-05	3.838356709630e-05	5.430555199929e-06
390                 	2.218181222378e-04	6.135190902056e-05	3.809623230572e-05	5.518408295119e-06
391                 	2.192478407666e-04	6.109428237497e-05	3.781595421765e-05	5.331127079646e-06
392                 	2.203506930981e-04	6.053252284621e-05	3.753737828156e-05	4.954343529301e-06
393                 	2.189403815953e-04	6.036596926908e-05	3.725991353368e-05	5.240599967753e-06
394                 	2.191785834559e-04	5.985677339199e-05	3.698499567302e-05	5.001843780191e-06
395                 	2.179846327950e-04	5.969753541957e-05	3.671144775788e-05	5.179273716020e-06
396                 	2.165761723721e-04	5.923394084511e-05	3.644055157120e-05	4.927156803895e-06
397                 	2.159484096320e-04	5.909636263661e-05	3.617131515450e-05	5.058660256552e-06
398                 	2.152474121814e-04	5.864467356465e-05	3.590454042959e-05	4.838924581173e-06
399                 	2.146970681744e-04	5.851697373860e-05	3.563942986497e-05	4.985617795102e-06
400                 	2.139047887450e-04	5.806958542870e-05	3.537669161203e-05	4.777719594854e-06
401                 	2.127063710774e-04	5.794189973102e-05	3.511561835448e-05	4.916578313021e-06
402                 	2.116384289638e-04	5.749946802801e-05	3.485691757173e-05	4.699864554679e-06
403                 	2.097331926513e-04	5.737126025367e-05	3.459984961773e-05	4.832636222832e-06
404                 	2.095472151389e-04	5.693564364073e-05	3.434513752266e-05	4.616662620733e-06
405                 	2.094716680658e-04	5.680782972472e-05	3.409201751297e-05	9.727206611772e-06
406                 	2.076142765039e-04	5.449889008991e-05	3.393796888798e-05	7.704656515755e-06
407                 	2.058430495682e-04	5.255877543318e-05	3.376743289194e-05	5.245027110067e-06
408                 	2.048556154967e-04	5.169552815699e-05	3.357310269502e-05	4.362116623010e-06
409                 	2.058836274423e-04	5.122531114643e-05	3.336244681705e-05	4.899081896523e-06
410                 	2.046103970642e-04	5.131712627900e-05	3.314674402431e-05	5.228242213412e-06
411                 	2.031650086671e-04	5.132351639242e-05	3.293137779177e-05	5.048627242330e-06
412                 	2.022105267001e-04	5.127273278111e-05	3.271807944881e-05	4.689854251709e-06
413                 	2.002605438477e-04	5.096614792366e-05	3.250893718965e-05	4.458261284117e-06
414                 	1.997371552226e-04	5.071289981216e-05	3.230176028008e-05	4.283607512919e-06
415                 	1.978513616808e-04	5.047760636647e-05	3.209554914541e-05	3.983250739098e-06
416                 	1.961013443176e-04	5.021573921321e-05	3.189130729655e-05	4.034149219040e-06
417                 	1.959872466204e-04	5.004783565303e-05	3.168783494063e-05	3.858175944494e-06
418                 	1.940996619508e-04	4.987454132166e-05	3.148605134507e-05	4.130555337879e-06
419                 	1.924400951061e-04	4.949742191324e-05	3.128449267439e-05	3.991771343421e-06
420                 	1.914784604877e-04	4.919878273973e-05	3.108521823967e-05	3.954774031854e-06
421                 	1.903846753575e-04	4.892940097596e-05	3.088707356097e-05	3.935179064441e-06
422                 	1.897431880236e-04	4.884834494042e-05	3.068980673952e-05	4.061293374023e-06
423                 	1.868462907542e-04	4.847535170911e-05	3.049376276151e-05	3.976266880737e-06
424                 	1.859325108193e-04	4.818426529266e-05	3.029916254327e-05	3.864035521886e-06
425                 	1.852353645309e-04	4.810354292582e-05	3.010572597354e-05	3.969194329748e-06
426                 	1.842809254829e-04	4.774564930917e-05	2.991344175930e-05	3.876842118035e-06
427                 	1.811957303838e-04	4.746043346181e-05	2.972267904833e-05	3.770404583512e-06
428                 	1.816320353558e-04	4.739536876426e-05	2.953309883812e-05	3.873737482606e-06
429                 	1.806903479508e-04	4.705087099538e-05	2.934462713943e-05	3.798301437298e-06
430                 	1.795769940975e-04	4.677771363265e-05	2.915759352628e-05	3.706684604729e-06
431                 	1.781393409221e-04	4.670622947295e-05	2.897170465798e-05	3.804206875128e-06
432                 	1.773880777409e-04	4.636566559814e-05	2.878691582740e-05	3.722791142561e-06
433                 	1.759267438860e-04	4.609790081428e-05	2.860353299143e-05	3.631310739939e-06
434                 	1.734042153727e-04	4.602510779957e-05	2.842125276772e-05	3.725489904015e-06
435                 	1.725644393722e-04	4.569124162823e-05	2.824006780997e-05	3.645488074470e-06
436                 	1.712438864415e-04	4.542974760107e-05	2.806030422912e-05	3.558173362388e-06
437                 	1.711078495750e-04	4.535828709006e-05	2.788155614691e-05	3.651113101820e-06
438                 	1.710076370947e-04	4.503139855132e-05	2.770392814019e-05	3.572307824472e-06
439                 	1.716062465580e-04	4.477651376339e-05	2.752770833511e-05	3.487056917160e-06
440                 	1.706559999767e-04	4.470725824341e-05	2.735245872361e-05	3.577543439714e-06
441                 	1.719855811995e-04	4.438801502039e-05	2.717829670076e-05	3.499871474601e-06
442                 	1.729511496747e-04	4.413736726389e-05	2.700553975108e-05	3.416147402077e-06
443                 	1.734780803262e-04	4.407303164848e-05	2.683373520887e-05	3.504671728136e-06
444                 	1.738875101490e-04	4.376465824534e-05	2.666299310236e-05	3.432137909019e-06
445                 	1.743866539119e-04	4.351200217624e-05	2.649365851061e-05	3.346129004440e-06
446                 	1.725974953185e-04	4.345078067217e-05	2.632521656144e-05	3.432215205976e-06
447                 	1.736271545523e-04	4.315077974604e-05	2.615789103888e-05	3.361593026253e-06
448                 	1.736269691340e-04	4.290808249720e-05	2.599186072693e-05	3.281653321916e-06
449                 	1.733580817818e-04	4.284688357786e-05	2.582674598912e-05	3.366323057749e-06
450                 	1.729482167235e-04	4.254837234747e-05	2.566277760069e-05	3.294101788150e-06
451                 	1.737634553059e-04	4.231667694587e-05	2.549995599353e-05	3.219141269003e-06
452                 	1.729879882862e-04	4.225393094672e-05	2.533811330293e-05	3.298628962019e-06
453                 	1.720786172677e-04	4.195943567728e-05	2.517732737741e-05	3.227209250266e-06
454                 	1.720288193255e-04	4.173004403160e-05	2.501777979968e-05	3.148810724836e-06
455                 	1.724342778605e-04	4.167133877705e-05	2.485911322644e-05	3.225202575206e-06
456                 	1.717772393082e-04	4.138594404850e-05	2.470149738430e-05	3.158034650543e-06
457                 	1.715476012569e-04	4.116325458593e-05	2.454509477821e-05	3.084081423632e-06
458                 	1.708717590104e-04	4.110575536626e-05	2.438956131813e-05	3.161452014970e-06
459                 	1.699172451487e-04	4.082563965651e-05	2.423506005238e-05	3.094951587130e-06
460                 	1.699712608464e-04	4.060700861518e-05	2.408174571186e-05	3.021360244571e-06
461                 	1.685562015949e-04	4.055029569725e-05	2.392928331680e-05	3.095135712977e-06
462                 	1.681447308281e-04	4.027626252597e-05	2.377782714131e-05	3.031615916494e-06
463                 	1.686064038338e-04	4.006276554266e-05	2.362751026405e-05	2.960255187742e-06
464                 	1.676321097889e-04	4.000716599141e-05	2.347805047916e-05	3.031873229168e-06
465                 	1.666106011613e-04	3.973888838960e-05	2.332958841727e-05	2.968912287817e-06
466                 	1.661071927441e-04	3.953013693707e-05	2.318225674765e-05	2.898704696286e-06
467                 	1.656653272810e-04	3.930713553017e-05	2.303592844435e-05	3.048797181525e-06
468                 	1.655738984066e-04	3.913027075288e-05	2.289043811591e-05	3.212938649832e-06
469                 	1.641405012158e-04	3.910428781615e-05	2.274617734525e-05	3.047830260241e-06
470                 	1.639199696601e-04	3.896955390537e-05	2.260206164527e-05	2.956685439647e-06
471                 	1.642408155480e-04	3.869611624026e-05	2.245911467131e-05	2.835602094523e-06
472                 	1.635811658710e-04	3.858734633225e-05	2.231769583404e-05	2.671561443189e-06
473                 	1.624309985421e-04	3.842312684964e-05	2.217712855879e-05	2.816600894974e-06
474                 	1.621336589085e-04	3.819077603545e-05	2.203770335557e-05	2.714430165914e-06
475                 	1.616265850404e-04	3.800000528475e-05	2.189801131763e-05	2.892929664694e-06
476                 	1.610982778803e-04	3.789288952530e-05	2.176023588573e-05	2.775127762574e-06
477                 	1.605384429981e-04	3.774220175405e-05	2.162345216980e-05	2.642390333119e-06
478                 	1.593730045028e-04	3.762828055586e-05	2.148745361513e-05	2.805227106429e-06
479                 	1.579702636836e-04	3.750263223424e-05	2.135217333174e-05	2.985254458822e-06
480                 	1.578915133888e-04	3.720150040535e-05	2.121767454721e-05	2.834884433525e-06
481                 	1.584024553928e-04	3.703192895716e-05	2.108355931098e-05	2.780928999130e-06
482                 	1.574623600399e-04	3.684695715295e-05	2.095119048453e-05	2.626096686569e-06
483                 	1.569752046355e-04	3.670044870007e-05	2.081964533106e-05	2.639877190773e-06
484                 	1.568346266933e-04	3.661711535369e-05	2.068918142682e-05	2.610643546569e-06
485                 	1.566227026935e-04	3.637938746823e-05	2.055901834531e-05	2.699990994432e-06
486                 	1.556607490865e-04	3.639521524809e-05	2.043031531866e-05	2.710903191563e-06
487                 	1.559599075241e-04	3.615063215268e-05	2.030114734826e-05	2.752383154993e-06
488                 	1.538939146887e-04	3.597365349586e-05	2.017338362716e-05	2.642653946952e-06
489                 	1.536456539482e-04	3.575857444929e-05	2.004712934973e-05	2.604859778098e-06
490                 	1.528534739734e-04	3.570129828005e-05	1.992119997113e-05	2.576142145930e-06
491                 	1.525886216302e-04	3.555117261876e-05	1.979639680075e-05	2.465915166663e-06
492                 	1.508877072740e-04	3.545325685743e-05	1.967251772229e-05	2.558146280268e-06
493                 	1.519029704155e-04	3.531843442010e-05	1.954930664238e-05	2.681072145217e-06
494                 	1.514551381685e-04	3.507079430640e-05	1.942660360302e-05	2.589632982015e-06
495                 	1.512021257996e-04	3.491098694189e-05	1.930429812888e-05	2.546268614753e-06
496                 	1.500354530485e-04	3.474102318882e-05	1.918360949638e-05	2.399971611905e-06
497                 	1.507925400868e-04	3.460102329840e-05	1.906360287689e-05	2.421232427204e-06
498                 	1.496593345611e-04	3.452185282120e-05	1.894478133973e-05	2.365501846000e-06
499                 	1.483529839787e-04	3.431391364288e-05	1.882597566987e-05	2.469237915855e-06
500                 	1.489084889062e-04	3.431778871320e-05	1.870866616913e-05	2.473398488662e-06
501                 	1.492899424459e-04	3.411786419061e-05	1.859086855940e-05	2.532346041755e-06
502                 	1.473113270268e-04	3.394137897809e-05	1.847435396976e-05	8.868352708092e-06
503                 	1.460071167417e-04	3.147406349224e-05	1.847017459354e-05	5.232315872474e-06
504                 	1.441338045248e-04	3.071998006740e-05	1.842952402715e-05	3.407461156823e-06
505                 	1.454188101278e-04	3.088155988908e-05	1.836740622103e-05	2.743267683510e-06
506                 	1.446369152359e-04	3.131119050326e-05	1.829224485227e-05	2.498027391956e-06
507                 	1.445328839627e-04	3.155198092262e-05	1.821136494964e-05	2.643957699928e-06
508                 	1.450317233196e-04	3.161352034053e-05	1.812747526148e-05	2.459444498083e-06
509                 	1.448946862463e-04	3.158080714351e-05	1.804549211679e-05	2.422560861946e-06
510                 	1.448108457007e-04	3.151068294476e-05	1.796211677478e-05	2.346800312995e-06
511                 	1.433566341290e-04	3.129707243609e-05	1.788054843795e-05	2.329314860252e-06
512                 	1.440580606234e-04	3.135464545693e-05	1.780073711853e-05	2.075783231963e-06
513                 	1.425585243204e-04	3.118826578158e-05	1.772149459963e-05	2.124777163286e-06
514                 	1.422434223624e-04	3.093931904168e-05	1.764042712134e-05	1.945856096130e-06
515                 	1.407768554231e-04	3.076795526890e-05	1.756146008436e-05	1.906243857383e-06
516                 	1.420027264787e-04	3.068659803934e-05	1.748192087846e-05	2.018599401267e-06
517                 	1.416972409478e-04	3.056361257633e-05	1.740079762567e-05	2.030905565032e-06
518                 	1.401068090920e-04	3.040752625756e-05	1.732275375500e-05	1.966159285118e-06
519                 	1.400903977734e-04	3.024463219887e-05	1.724437790225e-05	2.006398643726e-06
520                 	1.398945546618e-04	3.009953073671e-05	1.716592257074e-05	2.087051668549e-06
521                 	1.394187288748e-04	2.996296086227e-05	1.708603050180e-05	2.022111921584e-06
522                 	1.378623744297e-04	2.980112296841e-05	1.700935526759e-05	1.909613810755e-06
523                 	1.370652421181e-04	2.964975484850e-05	1.693241556442e-05	1.921225627209e-06
524                 	1.374944415174e-04	2.952016259539e-05	1.685547252169e-05	1.996911008115e-06
525                 	1.376341455075e-04	2.939749574649e-05	1.677868736595e-05	2.085971129741e-06
526                 	1.366331137178e-04	2.926576710879e-05	1.670065454644e-05	2.005195202021e-06
527                 	1.353933098293e-04	2.911013816672e-05	1.662583173009e-05	1.871864207842e-06
528                 	1.347812438097e-04	2.896462236372e-05	1.655077963030e-05	1.868699663825e-06
529                 	1.358149453149e-04	2.884219429604e-05	1.647565582420e-05	1.936548264152e-06
530                 	1.346032402274e-04	2.872677155891e-05	1.640072702608e-05	2.023910727911e-06
531                 	1.350217929172e-04	2.860252324280e-05	1.632454220301e-05	1.955481504245e-06
532                 	1.329996325137e-04	2.845530117743e-05	1.625150159514e-05	1.827829584106e-06
533                 	1.333068341809e-04	2.831735858813e-05	1.617821292158e-05	1.824522795971e-06
534                 	1.332980279732e-04	2.819977756290e-05	1.610490796362e-05	1.890517445432e-06
535                 	1.335142787460e-04	2.809021311215e-05	1.603173868954e-05	1.975669241571e-06
536                 	1.331127674768e-04	2.797468930524e-05	1.595885267070e-05	2.040406766278e-06
537                 	1.318867117077e-04	2.785043085711e-05	1.588632514090e-05	2.065972803366e-06
538                 	1.315799766437e-04	2.771335300888e-05	1.581274770876e-05	1.906308703964e-06
539                 	1.308584910557e-04	2.757213053688e-05	1.574218746890e-05	1.731255985008e-06
540                 	1.307022965424e-04	2.744662558577e-05	1.567140226808e-05	1.712298832464e-06
541                 	1.307115263463e-04	2.734335732606e-05	1.560057590477e-05	1.781193271372e-06
542                 	1.297103603916e-04	2.724861005945e-05	1.552986969180e-05	1.878750560622e-06
543                 	1.291087507175e-04	2.714675508464e-05	1.545945553623e-05	1.958736649044e-06
544                 	1.282182656956e-04	2.703423017222e-05	1.538936178905e-05	1.996951142104e-06
545                 	1.281124154296e-04	2.691464140371e-05	1.531963764857e-05	1.993902120051e-06
546                 	1.283223202842e-04	2.679378445367e-05	1.525029547274e-05	1.964023275149e-06
547                 	1.273325063589e-04	2.667561811151e-05	1.518132972978e-05	1.924674832125e-06
548                 	1.273279879729e-04	2.656201839533e-05	1.511272521323e-05	1.889214134909e-06
549                 	1.274902755742e-04	2.645314821096e-05	1.504444722313e-05	1.863902437604e-06
550                 	1.263585618148e-04	2.634809137841e-05	1.497651456001e-05	1.849495491399e-06
551                 	1.258349633351e-04	2.624553409820e-05	1.490891120540e-05	1.842980325431e-06
552                 	1.261326085725e-04	2.614414362085e-05	1.484163211853e-05	1.840408548012e-06
553                 	1.248292781402e-04	2.604303805491e-05	1.477467656541e-05	1.838317119963e-06
554                 	1.249702930526e-04	2.594187454688e-05	1.470804434773e-05	1.834514148713e-06
555                 	1.248135927852e-04	2.584075215797e-05	1.464173576286e-05	1.828238028759e-06
556                 	1.253642221799e-04	2.573999720861e-05	1.457575044741e-05	1.819724139572e-06
557                 	1.246464286620e-04	2.563998797529e-05	1.451008738419e-05	1.809704725273e-06
558                 	1.243230106242e-04	2.554103542348e-05	1.444474500622e-05	1.799011370908e-06
559                 	1.243834349808e-04	2.544328856692e-05	1.437972176343e-05	1.788310788924e-06
560                 	1.242836698676e-04	2.534677631789e-05	1.431501524944e-05	1.777971458695e-06
561                 	1.228365468469e-04	2.525144004043e-05	1.425062373206e-05	1.768131326447e-06
562                 	1.221135482291e-04	2.515717987438e-05	1.418654582437e-05	1.758700691996e-06
563                 	1.222391650573e-04	2.506387631942e-05	1.412277866381e-05	1.749282246228e-06
564                 	1.218873985388e-04	2.497144044044e-05	1.405932054068e-05	1.740073927623e-06
565                 	1.216345793764e-04	2.487979517895e-05	1.399616991933e-05	1.730955444809e-06
566                 	1.207599441776e-04	2.478892334327e-05	1.393332511326e-05	1.721855984148e-06
567                 	1.217735134205e-04	2.469882336324e-05	1.387078476614e-05	1.712730688191e-06
568                 	1.196977327145e-04	2.460949988144e-05	1.380854718273e-05	1.703640329880e-06
569                 	1.202013092264e-04	2.452096312063e-05	1.374661044003e-05	1.694582840471e-06
570                 	1.207176674431e-04	2.443322006251e-05	1.368497306921e-05	1.685553479293e-06
571                 	1.192792620918e-04	2.434627334799e-05	1.362363335947e-05	1.676574756079e-06
572                 	1.189603359665e-04	2.426010231712e-05	1.356258964175e-05	1.667668968438e-06
573                 	1.182795605787e-04	2.417468834130e-05	1.350184052176e-05	1.658835723687e-06
574                 	1.183666035316e-04	2.409001185905e-05	1.344138439387e-05	1.650074134240e-06
575                 	1.179400269446e-04	2.400604633100e-05	1.338121961825e-05	1.641388518963e-06
576                 	1.174800710391e-04	2.392278683295e-05	1.332134463443e-05	1.632763253729e-06
577                 	1.176413705643e-04	2.384020547287e-05	1.326175747602e-05	1.624184101852e-06
578                 	1.170219717113e-04	2.375828945860e-05	1.320245683354e-05	1.615635850141e-06
579                 	1.165100189494e-04	2.367701179569e-05	1.314344074682e-05	1.607119158418e-06
580                 	1.165580534494e-04	2.359635940740e-05	1.308470733127e-05	1.598640041431e-06
581                 	1.152047465479e-04	2.351634205090e-05	1.302625526181e-05	1.590212502810e-06
582                 	1.147717296649e-04	2.343696676472e-05	1.296808310112e-05	1.581850699356e-06
583                 	1.170426049307e-04	2.335822418696e-05	1.291018986931e-05	1.573586473502e-06
584                 	1.156067006143e-04	2.328009441733e-05	1.285257378928e-05	1.565411269553e-06
585                 	1.151192992871e-04	2.320256627491e-05	1.279523343197e-05	1.557317441995e-06
586                 	1.153723964419e-04	2.312561251729e-05	1.273816725879e-05	1.549291689340e-06
587                 	1.141312395218e-04	2.304922046581e-05	1.268136293615e-05	1.541350082243e-06
588                 	1.136427116575e-04	2.297337742480e-05	1.262483200674e-05	1.533428920793e-06
589                 	1.132532939000e-04	2.289808221601e-05	1.256857573915e-05	1.525685835383e-06
590                 	1.140144753489e-04	2.282331918598e-05	1.251258932214e-05	1.517976483624e-06
591                 	1.139755549823e-04	2.274909767570e-05	1.245687047614e-05	1.510331390321e-06
592                 	1.127363714954e-04	2.267539033993e-05	1.240141732074e-05	1.502678729411e-06
593                 	1.126066686961e-04	2.260219463520e-05	1.234622872950e-05	1.495030482399e-06
594                 	1.121157089328e-04	2.252950418928e-05	1.229130287387e-05	1.487397529943e-06
595                 	1.111949266273e-04	2.245730832303e-05	1.223663842721e-05	1.479783225147e-06
596                 	1.112694905941e-04	2.238559892914e-05	1.218223362801e-05	1.472192482022e-06
597                 	1.116386197653e-04	2.231436048316e-05	1.212808716867e-05	1.464629530556e-06
598                 	1.115785157633e-04	2.224358864415e-05	1.207419773129e-05	1.457108313698e-06
599                 	1.111538236669e-04	2.217328265368e-05	1.202056392705e-05	1.449639293372e-06
600                 	1.095104750014e-04	2.210342572658e-05	1.196718430179e-05	1.442223853870e-06
601                 	1.095499760564e-04	2.203401456637e-05	1.191405745576e-05	1.434866880005e-06
602                 	1.104712497947e-04	2.196504463213e-05	1.186118210192e-05	1.427556948965e-06
603                 	1.096639858949e-04	2.189650555873e-05	1.180855703560e-05	1.420300511410e-06
604                 	1.097403620312e-04	2.182839020898e-05	1.175618126860e-05	1.413002806729e-06
605                 	1.099760969530e-04	2.176069142223e-05	1.170405341162e-05	1.405717893716e-06
606                 	1.086164297730e-04	2.169339272216e-05	1.165216637563e-05	1.398501668377e-06
607                 	1.085926271692e-04	2.162649023158e-05	1.160051869135e-05	1.391355997738e-06
608                 	1.071012818658e-04	2.155998799475e-05	1.154912113092e-05	1.384414012019e-06
609                 	1.068313138803e-04	2.149388280296e-05	1.149796738449e-05	1.377486188331e-06
610                 	1.072901492984e-04	2.142817727893e-05	1.144705515964e-05	1.370572073076e-06
611                 	1.069693924255e-04	2.136284632770e-05	1.139638368764e-05	1.363666487008e-06
612                 	1.071882622775e-04	2.129790449567e-05	1.134595109200e-05	1.356668874055e-06
613                 	1.067807776302e-04	2.123330199820e-05	1.129575418042e-05	1.349715961708e-06
614                 	1.063169490477e-04	2.116906794841e-05	1.124579347037e-05	1.342952315421e-06
615                 	1.053378152285e-04	2.110519560770e-05	1.119606784192e-05	1.336288243549e-06
616                 	1.046318771802e-04	2.104167834997e-05	1.114657599723e-05	1.329716338619e-06
617                 	1.043743539076e-04	2.097850258698e-05	1.109731720999e-05	1.323190942021e-06
618                 	1.052632028960e-04	2.091566834830e-05	1.104828986197e-05	1.316682151585e-06
619                 	1.044642882077e-04	2.085316404987e-05	1.099949271654e-05	1.310192500589e-06
620                 	1.039868089881e-04	2.079098662216e-05	1.095092433819e-05	1.303724974254e-06
621                 	1.052371671235e-04	2.072913521014e-05	1.090258345153e-05	1.297291315812e-06
622                 	1.047436907424e-04	2.066760470626e-05	1.085446905840e-05	1.290891976415e-06
623                 	1.044125528188e-04	2.060639421584e-05	1.080657998256e-05	1.284525066385e-06
624                 	1.035112262883e-04	2.054550171279e-05	1.075891500311e-05	1.278200286706e-06
625                 	1.034248647188e-04	2.048491697943e-05	1.071147301663e-05	1.271904233482e-06
626                 	1.043755095615e-04	2.042463474999e-05	1.066425286155e-05	1.265637299800e-06
627                 	1.034771236088e-04	2.036464794211e-05	1.061725349612e-05	1.259399319404e-06
628                 	1.019766944634e-04	2.030495603187e-05	1.057047384961e-05	1.253189216364e-06
629                 	1.020309069554e-04	2.024555645424e-05	1.052391268938e-05	1.247007694013e-06
630                 	1.005467488844e-04	2.018644041583e-05	1.047756918567e-05	1.240856587669e-06
631                 	1.007362757531e-04	2.012760771100e-05	1.043144233499e-05	1.234720302898e-06
632                 	1.022567014762e-04	2.006907338111e-05	1.038553045914e-05	1.228451064580e-06
633                 	1.015324601523e-04	2.001077898884e-05	1.033983114757e-05	1.222210038441e-06
634                 	1.008938767440e-04	1.995276446070e-05	1.029434529340e-05	1.216073881981e-06
635                 	1.002528585302e-04	1.989503198150e-05	1.024906318727e-05	1.210189541141e-06
636                 	1.013305028053e-04	1.983757046717e-05	1.020399242367e-05	1.204576862451e-06
637                 	1.006612043579e-04	1.978037222679e-05	1.015913483795e-05	1.199064768388e-06
638                 	1.002805393658e-04	1.972345339551e-05	1.011448706944e-05	1.193551962467e-06
639                 	1.001865198404e-04	1.966680473585e-05	1.007004770475e-05	1.188045754472e-06
640                 	9.915087713921e-05	1.961040213479e-05	1.002581560280e-05	1.182525444461e-06
