1	0
2	0
3	0
4	0
5	0
6	0
7	0
8	0
9	0
10	0
11	0
12	0
13	1
14	1
15	1
16	1
17	1
18	1
19	1
20	1
21	1
22	1
23	1
24	1
25	1
26	1
27	2
28	2
29	2
30	2
31	2
32	2
33	2
34	2
35	2
36	2
37	2
38	2
39	2
40	2
41	2
42	3
43	3
44	3
45	3
46	3
47	3
48	3
49	3
50	3
51	3
52	3
53	3
54	3
55	3
56	3
57	4
58	4
59	4
60	4
61	4
62	4
63	4
64	4
65	4
66	4
67	4
68	4
69	4
70	4
71	4
72	5
73	5
74	5
75	5
76	5
77	5
78	5
79	5
80	5
81	5
82	5
83	5
84	5
85	5
86	5
87	6
88	6
89	6
90	6
91	6
92	6
93	6
94	6
95	6
96	6
97	6
98	6
99	6
100	6
101	7
102	7
103	7
104	7
105	7
106	7
107	7
108	7
109	7
110	7
111	7
112	7
113	7
114	7
115	7
116	8
117	8
118	8
119	8
120	8
121	8
122	8
123	8
124	8
125	8
126	8
127	8
128	8
129	8
130	8
131	9
132	9
133	9
134	9
135	9
136	9
137	9
138	9
139	9
140	9
141	9
142	9
143	9
144	9
145	9
146	10
147	10
148	10
149	10
150	10
151	10
152	10
153	10
154	10
155	10
156	10
157	10
158	10
159	10
160	10
161	11
162	11
163	11
164	11
165	11
166	11
167	11
168	11
169	11
170	11
171	11
172	11
173	11
174	11
175	12
176	12
177	12
178	12
179	12
180	12
181	12
182	12
183	12
184	12
185	12
186	12
187	12
188	12
189	12
190	13
191	13
192	13
193	13
194	13
195	13
196	13
197	13
198	13
199	13
200	13
201	13
202	13
203	14
204	14
205	14
206	14
207	14
208	14
209	14
210	14
211	14
212	14
213	14
214	14
215	14
216	14
217	14
218	15
219	15
220	15
221	15
222	15
223	15
224	15
225	15
226	15
227	15
228	15
229	15
230	16
231	16
232	16
233	16
234	16
235	16
236	16
237	16
238	16
239	16
240	16
241	16
242	16
243	17
244	17
245	17
246	17
247	17
248	17
249	17
250	17
251	17
252	17
253	17
254	17
255	17
256	17
257	17
258	18
259	18
260	18
261	18
262	18
263	18
264	18
265	18
266	18
267	18
268	18
269	18
270	18
271	18
272	19
273	19
274	19
275	19
276	19
277	19
278	19
279	19
280	19
281	19
282	19
283	19
284	19
285	19
286	20
287	20
288	20
289	20
290	20
291	20
292	20
293	20
294	20
295	20
296	20
297	20
298	20
299	20
300	21
301	21
302	21
303	21
304	21
305	21
306	21
307	21
308	21
309	21
310	21
311	21
312	21
313	21
314	21
315	22
316	22
317	22
318	22
319	22
320	22
321	22
322	22
323	22
324	22
325	22
326	22
327	22
328	22
329	23
330	23
331	23
332	23
333	23
334	23
335	23
336	23
337	23
338	23
339	23
340	23
341	23
342	23
343	23
344	24
345	24
346	24
347	24
348	24
349	24
350	24
351	24
352	24
353	24
354	24
355	24
356	24
357	24
358	24
359	25
360	25
361	25
362	25
363	25
364	25
365	25
366	25
367	25
368	25
369	25
370	25
371	25
372	25
373	26
374	26
375	26
376	26
377	26
378	26
379	26
380	26
381	26
382	26
383	26
384	26
385	26
386	26
387	26
388	27
389	27
390	27
391	27
392	27
393	27
394	27
395	27
396	27
397	27
398	27
399	27
400	27
401	27
402	28
403	28
404	28
405	28
406	28
407	28
408	28
409	28
410	28
411	28
412	28
413	28
414	28
415	28
416	28
417	29
418	29
419	29
420	29
421	29
422	29
423	29
424	29
425	29
426	29
427	29
428	29
429	29
430	30
431	30
432	30
433	30
434	30
435	30
436	30
437	30
438	30
439	30
440	30
441	30
442	30
443	30
444	31
445	31
446	31
447	31
448	31
449	31
450	31
451	31
452	31
453	31
454	31
455	31
456	31
457	31
458	32
459	32
460	32
461	32
462	32
463	32
464	32
465	32
466	32
467	32
468	32
469	32
470	32
471	32
472	32
473	33
474	33
475	33
476	33
477	33
478	33
479	33
480	33
481	33
482	33
483	33
484	33
485	33
486	33
487	34
488	34
489	34
490	34
491	34
492	34
493	34
494	34
495	34
496	34
497	34
498	34
499	34
500	34
501	35
502	35
503	35
504	35
505	35
506	35
507	35
508	35
509	35
510	35
511	35
512	35
513	35
514	35
515	36
516	36
517	36
518	36
519	36
520	36
521	36
522	36
523	36
524	36
525	36
526	36
527	36
528	36
529	37
530	37
531	37
532	37
533	37
534	37
535	37
536	37
537	37
538	37
539	37
540	37
541	37
542	37
543	37
544	38
545	38
546	38
547	38
548	38
549	38
550	38
551	38
552	38
553	38
554	38
555	38
556	38
557	38
558	39
559	39
560	39
561	39
562	39
563	39
564	39
565	39
566	39
567	39
568	39
569	39
570	39
571	39
572	39
573	40
574	40
575	40
576	40
577	40
578	40
579	40
580	40
581	40
582	40
583	40
584	40
585	40
586	40
587	41
588	41
589	41
590	41
591	41
592	41
593	41
594	41
595	41
596	41
597	41
598	41
599	41
600	41
601	41
602	42
603	42
604	42
605	42
606	42
607	42
608	42
609	42
610	42
611	42
612	42
613	42
614	42
615	42
616	43
617	43
618	43
619	43
620	43
621	43
622	43
623	43
624	43
625	43
626	43
627	43
628	43
629	43
630	43
631	44
632	44
633	44
634	44
635	44
636	44
637	44
638	44
639	44
640	44
641	44
642	44
643	44
644	44
645	44
646	45
647	45
648	45
649	45
650	45
651	45
652	45
653	45
654	45
655	45
656	45
657	45
658	45
659	45
660	46
661	46
662	46
663	46
664	46
665	46
666	46
667	46
668	46
669	46
670	46
671	46
672	46
673	46
674	46
675	47
676	47
677	47
678	47
679	47
680	47
681	47
682	47
683	47
684	47
685	47
686	47
687	47
688	47
689	48
690	48
691	48
692	48
693	48
694	48
695	48
696	48
697	48
698	48
699	48
700	48
701	48
702	49
703	49
704	49
705	49
706	49
707	49
708	49
709	49
710	49
711	49
712	49
713	49
714	49
715	49
716	49
717	50
718	50
719	50
720	50
721	50
722	50
723	50
724	50
725	50
726	50
727	50
728	50
729	50
730	50
731	50
732	51
733	51
734	51
735	51
736	51
737	51
738	51
739	51
740	51
741	51
742	51
743	51
744	51
745	51
746	51
747	52
748	52
749	52
750	52
751	52
752	52
753	52
754	52
755	52
756	52
757	52
758	52
759	52
760	52
761	53
762	53
763	53
764	53
765	53
766	53
767	53
768	53
769	53
770	53
771	53
772	53
773	54
774	54
775	54
776	54
777	54
778	54
779	54
780	54
781	54
782	54
783	54
784	54
785	54
786	54
787	54
788	55
789	55
790	55
791	55
792	55
793	55
794	55
795	55
796	55
797	55
798	55
799	55
800	55
801	55
802	56
803	56
804	56
805	56
806	56
807	56
808	56
809	56
810	56
811	56
812	56
813	56
814	56
815	56
816	57
817	57
818	57
819	57
820	57
821	57
822	57
823	57
824	57
825	57
826	57
827	57
828	57
829	57
830	57
831	58
832	58
833	58
834	58
835	58
836	58
837	58
838	58
839	58
840	58
841	58
842	58
843	58
844	58
845	58
846	59
847	59
848	59
849	59
850	59
851	59
852	59
853	59
854	59
855	59
856	59
857	59
858	59
859	59
860	60
861	60
862	60
863	60
864	60
865	60
866	60
867	60
868	60
869	60
870	60
871	60
872	60
873	60
874	61
875	61
876	61
877	61
878	61
879	61
880	61
881	61
882	61
883	61
884	61
885	61
886	61
887	61
888	62
889	62
890	62
891	62
892	62
893	62
894	62
895	62
896	62
897	62
898	62
899	62
900	62
901	62
902	63
903	63
904	63
905	63
906	63
907	63
908	63
909	63
910	63
911	63
912	63
913	63
914	63
915	64
916	64
917	64
918	64
919	64
920	64
921	64
922	64
923	64
924	64
925	64
926	64
927	64
928	64
929	65
930	65
931	65
932	65
933	65
934	65
935	65
936	65
937	65
938	65
939	65
940	65
941	65
942	65
943	65
944	66
945	66
946	66
947	66
948	66
949	66
950	66
951	66
952	66
953	66
954	66
955	66
956	66
957	67
958	67
959	67
960	67
961	67
962	67
963	67
964	67
965	67
966	67
967	67
968	67
969	67
970	67
971	68
972	68
973	68
974	68
975	68
976	68
977	68
978	68
979	68
980	68
981	68
982	68
983	68
984	68
985	69
986	69
987	69
988	69
989	69
990	69
991	69
992	69
993	69
994	69
995	69
996	69
997	69
998	69
999	70
1000	70
1001	70
1002	70
1003	70
1004	70
1005	70
1006	70
1007	70
1008	70
1009	70
1010	70
1011	70
1012	71
1013	71
1014	71
1015	71
1016	71
1017	71
1018	71
1019	71
1020	71
1021	71
1022	71
1023	71
1024	71
1025	71
1026	72
1027	72
1028	72
1029	72
1030	72
1031	72
1032	72
1033	72
1034	72
1035	72
1036	72
1037	72
1038	72
1039	72
1040	73
1041	73
1042	73
1043	73
1044	73
1045	73
1046	73
1047	73
1048	73
1049	73
1050	73
1051	73
1052	73
1053	74
1054	74
1055	74
1056	74
1057	74
1058	74
1059	74
1060	74
1061	74
1062	74
1063	74
1064	74
1065	74
1066	75
1067	75
1068	75
1069	75
1070	75
1071	75
1072	75
1073	75
1074	75
1075	75
1076	75
1077	75
1078	75
1079	76
1080	76
1081	76
1082	76
1083	76
1084	76
1085	76
1086	76
1087	76
1088	76
1089	76
1090	76
1091	77
1092	77
1093	77
1094	77
1095	77
1096	77
1097	77
1098	77
1099	77
1100	77
1101	77
1102	77
1103	78
1104	78
1105	78
1106	78
1107	78
1108	78
1109	78
1110	78
1111	78
1112	78
1113	78
1114	79
1115	79
1116	79
1117	79
1118	79
1119	79
1120	79
1121	79
1122	79
1123	79
1124	79
1125	79
1126	79
1127	80
1128	80
1129	80
1130	80
1131	80
1132	80
1133	80
1134	80
1135	80
1136	80
1137	80
1138	80
1139	80
1140	81
1141	81
1142	81
1143	81
1144	81
1145	81
1146	81
1147	81
1148	81
1149	81
1150	81
1151	81
1152	81
1153	82
1154	82
1155	82
1156	82
1157	82
1158	82
1159	82
1160	82
1161	82
1162	82
1163	82
1164	82
1165	82
1166	83
1167	83
1168	83
1169	83
1170	83
1171	83
1172	83
1173	83
1174	83
1175	83
1176	83
1177	83
1178	84
1179	84
1180	84
1181	84
1182	84
1183	84
1184	84
1185	84
1186	84
1187	84
1188	84
1189	84
1190	84
1191	84
1192	85
1193	85
1194	85
1195	85
1196	85
1197	85
1198	85
1199	85
1200	85
1201	85
1202	85
1203	85
1204	86
1205	86
1206	86
1207	86
1208	86
1209	86
1210	86
1211	86
1212	86
1213	86
1214	86
1215	86
1216	86
1217	87
1218	87
1219	87
1220	87
1221	87
1222	87
1223	87
1224	87
1225	87
1226	87
1227	87
1228	87
1229	87
1230	87
1231	88
1232	88
1233	88
1234	88
1235	88
1236	88
1237	88
1238	88
1239	88
1240	88
1241	88
1242	88
1243	88
1244	89
1245	89
1246	89
1247	89
1248	89
1249	89
1250	89
1251	89
1252	89
1253	89
1254	89
1255	89
1256	89
1257	89
1258	90
1259	90
1260	90
1261	90
1262	90
1263	90
1264	90
1265	90
1266	90
1267	90
1268	90
1269	90
1270	91
1271	91
1272	91
1273	91
1274	91
1275	91
1276	91
1277	91
1278	91
1279	91
1280	91
1281	91
1282	91
1283	91
1284	92
1285	92
1286	92
1287	92
1288	92
1289	92
1290	92
1291	92
1292	92
1293	92
1294	92
1295	92
1296	92
1297	92
1298	93
1299	93
1300	93
1301	93
1302	93
1303	93
1304	93
1305	93
1306	93
1307	93
1308	93
1309	93
1310	93
1311	94
1312	94
1313	94
1314	94
1315	94
1316	94
1317	94
1318	94
1319	94
1320	94
1321	94
1322	94
1323	94
1324	95
1325	95
1326	95
1327	95
1328	95
1329	95
1330	95
1331	95
1332	95
1333	95
1334	95
1335	95
1336	95
1337	95
1338	96
1339	96
1340	96
1341	96
1342	96
1343	96
1344	96
1345	96
1346	96
1347	96
1348	96
1349	96
1350	96
1351	96
1352	97
1353	97
1354	97
1355	97
1356	97
1357	97
1358	97
1359	97
1360	97
1361	97
1362	97
1363	97
1364	97
1365	97
1366	98
1367	98
1368	98
1369	98
1370	98
1371	98
1372	98
1373	98
1374	98
1375	98
1376	98
1377	98
1378	98
1379	98
1380	99
1381	99
1382	99
1383	99
1384	99
1385	99
1386	99
1387	99
1388	99
1389	99
1390	99
1391	99
1392	99
1393	100
1394	100
1395	100
1396	100
1397	100
1398	100
1399	100
1400	100
1401	100
1402	100
1403	100
1404	100
1405	100
1406	101
1407	101
1408	101
1409	101
1410	101
1411	101
1412	101
1413	101
1414	101
1415	101
1416	101
1417	101
1418	101
1419	101
1420	102
1421	102
1422	102
1423	102
1424	102
1425	102
1426	102
1427	102
1428	102
1429	102
1430	102
1431	102
1432	102
1433	103
1434	103
1435	103
1436	103
1437	103
1438	103
1439	103
1440	103
1441	103
1442	103
1443	103
1444	103
1445	103
1446	103
1447	103
1448	104
1449	104
1450	104
1451	104
1452	104
1453	104
1454	104
1455	104
1456	104
1457	104
1458	104
1459	104
1460	104
1461	104
1462	105
1463	105
1464	105
1465	105
1466	105
1467	105
1468	105
1469	105
1470	105
1471	105
1472	105
1473	105
1474	105
1475	105
1476	106
1477	106
1478	106
1479	106
1480	106
1481	106
1482	106
1483	106
1484	106
1485	106
1486	106
1487	106
1488	106
1489	106
1490	107
1491	107
1492	107
1493	107
1494	107
1495	107
1496	107
1497	107
1498	107
1499	107
1500	107
1501	107
1502	107
1503	107
1504	108
1505	108
1506	108
1507	108
1508	108
1509	108
1510	108
1511	108
1512	108
1513	108
1514	108
1515	108
1516	108
1517	108
1518	109
1519	109
1520	109
1521	109
1522	109
1523	109
1524	109
1525	109
1526	109
1527	109
1528	109
1529	109
1530	109
1531	109
1532	110
1533	110
1534	110
1535	110
1536	110
1537	110
1538	110
1539	110
1540	110
1541	110
1542	110
1543	110
1544	110
1545	110
1546	111
1547	111
1548	111
1549	111
1550	111
1551	111
1552	111
1553	111
1554	111
1555	111
1556	111
1557	111
1558	111
1559	111
1560	112
1561	112
1562	112
1563	112
1564	112
1565	112
1566	112
1567	112
1568	112
1569	112
1570	112
1571	112
1572	112
1573	112
1574	113
1575	113
1576	113
1577	113
1578	113
1579	113
1580	113
1581	113
1582	113
1583	113
1584	113
1585	113
1586	113
1587	113
1588	114
1589	114
1590	114
1591	114
1592	114
1593	114
1594	114
1595	114
1596	114
1597	114
1598	114
1599	114
1600	114
1601	114
1602	115
1603	115
1604	115
1605	115
1606	115
1607	115
1608	115
1609	115
1610	115
1611	115
1612	115
1613	115
1614	115
1615	115
1616	116
1617	116
1618	116
1619	116
1620	116
1621	116
1622	116
1623	116
1624	116
1625	116
1626	116
1627	116
1628	116
1629	116
1630	117
1631	117
1632	117
1633	117
1634	117
1635	117
1636	117
1637	117
1638	117
1639	117
1640	117
1641	117
1642	117
1643	117
1644	117
1645	118
1646	118
1647	118
1648	118
1649	118
1650	118
1651	118
1652	118
1653	118
1654	118
1655	118
1656	118
1657	118
1658	118
1659	119
1660	119
1661	119
1662	119
1663	119
1664	119
1665	119
1666	119
1667	119
1668	119
1669	119
1670	119
1671	119
1672	119
1673	119
1674	120
1675	120
1676	120
1677	120
1678	120
1679	120
1680	120
1681	120
1682	120
1683	120
1684	120
1685	120
1686	120
1687	120
1688	121
1689	121
1690	121
1691	121
1692	121
1693	121
1694	121
1695	121
1696	121
1697	121
1698	121
1699	121
1700	121
1701	121
1702	122
1703	122
1704	122
1705	122
1706	122
1707	122
1708	122
1709	122
1710	122
1711	122
1712	122
1713	122
1714	122
1715	122
1716	122
1717	123
1718	123
1719	123
1720	123
1721	123
1722	123
1723	123
1724	123
1725	123
1726	123
1727	123
1728	123
1729	123
1730	123
1731	124
1732	124
1733	124
1734	124
1735	124
1736	124
1737	124
1738	124
1739	124
1740	124
1741	124
1742	124
1743	124
1744	124
1745	124
1746	125
1747	125
1748	125
1749	125
1750	125
1751	125
1752	125
1753	125
1754	125
1755	125
1756	125
1757	125
1758	125
1759	125
1760	126
1761	126
1762	126
1763	126
1764	126
1765	126
1766	126
1767	126
1768	126
1769	126
1770	126
1771	126
1772	126
1773	126
1774	126
1775	127
1776	127
1777	127
1778	127
1779	127
1780	127
1781	127
1782	127
1783	127
1784	127
1785	127
1786	127
1787	127
1788	127
1789	128
1790	128
1791	128
1792	128
1793	128
1794	128
1795	128
1796	128
1797	128
1798	128
1799	128
1800	128
1801	128
1802	128
1803	129
1804	129
1805	129
1806	129
1807	129
1808	129
1809	129
1810	129
1811	129
1812	129
1813	129
1814	129
1815	129
1816	129
1817	129
1818	130
1819	130
1820	130
1821	130
1822	130
1823	130
1824	130
1825	130
1826	130
1827	130
1828	130
1829	130
1830	130
1831	130
1832	130
1833	131
1834	131
1835	131
1836	131
1837	131
1838	131
1839	131
1840	131
1841	131
1842	131
1843	131
1844	131
1845	131
1846	131
1847	131
1848	132
1849	132
1850	132
1851	132
1852	132
1853	132
1854	132
1855	132
1856	132
1857	132
1858	132
1859	132
1860	132
1861	132
1862	133
1863	133
1864	133
1865	133
1866	133
1867	133
1868	133
1869	133
1870	133
1871	133
1872	133
1873	133
1874	133
1875	133
1876	134
1877	134
1878	134
1879	134
1880	134
1881	134
1882	134
1883	134
1884	134
1885	134
1886	134
1887	134
1888	134
1889	134
1890	134
1891	135
1892	135
1893	135
1894	135
1895	135
1896	135
1897	135
1898	135
1899	135
1900	135
1901	135
1902	135
1903	135
1904	135
1905	136
1906	136
1907	136
1908	136
1909	136
1910	136
1911	136
1912	136
1913	136
1914	136
1915	136
1916	136
1917	136
1918	136
1919	136
1920	137
1921	137
1922	137
1923	137
1924	137
1925	137
1926	137
1927	137
1928	137
1929	137
1930	137
1931	137
1932	137
1933	137
1934	138
1935	138
1936	138
1937	138
1938	138
1939	138
1940	138
1941	138
1942	138
1943	138
1944	138
1945	138
1946	138
1947	138
1948	139
1949	139
1950	139
1951	139
1952	139
1953	139
1954	139
1955	139
1956	139
1957	139
1958	139
1959	139
1960	139
1961	139
1962	139
1963	140
1964	140
1965	140
1966	140
1967	140
1968	140
1969	140
1970	140
1971	140
1972	140
1973	140
1974	140
1975	140
1976	140
1977	140
1978	141
1979	141
1980	141
1981	141
1982	141
1983	141
1984	141
1985	141
1986	141
1987	141
1988	141
1989	141
1990	141
1991	141
1992	141
1993	142
1994	142
1995	142
1996	142
1997	142
1998	142
1999	142
2000	142
2001	142
2002	142
2003	142
2004	142
2005	142
2006	142
2007	143
2008	143
2009	143
2010	143
2011	143
2012	143
2013	143
2014	143
2015	143
2016	143
2017	143
2018	143
2019	143
2020	143
2021	143
2022	144
2023	144
2024	144
2025	144
2026	144
2027	144
2028	144
2029	144
2030	144
2031	144
2032	144
2033	144
2034	144
2035	144
2036	144
2037	145
2038	145
2039	145
2040	145
2041	145
2042	145
2043	145
2044	145
2045	145
2046	145
2047	145
2048	145
2049	145
2050	145
2051	145
2052	146
2053	146
2054	146
2055	146
2056	146
2057	146
2058	146
2059	146
2060	146
2061	146
2062	146
2063	146
2064	146
2065	146
2066	147
2067	147
2068	147
2069	147
2070	147
2071	147
2072	147
2073	147
2074	147
2075	147
2076	147
2077	147
2078	147
2079	147
2080	147
2081	148
2082	148
2083	148
2084	148
2085	148
2086	148
2087	148
2088	148
2089	148
2090	148
2091	148
2092	148
2093	148
2094	148
2095	148
2096	149
2097	149
2098	149
2099	149
2100	149
2101	149
2102	149
2103	149
2104	149
2105	149
2106	149
2107	149
2108	149
2109	149
2110	150
2111	150
2112	150
2113	150
2114	150
2115	150
2116	150
2117	150
2118	150
2119	150
2120	150
2121	150
2122	150
2123	150
2124	150
2125	151
2126	151
2127	151
2128	151
2129	151
2130	151
2131	151
2132	151
2133	151
2134	151
2135	151
2136	151
2137	151
2138	151
2139	151
2140	152
2141	152
2142	152
2143	152
2144	152
2145	152
2146	152
2147	152
2148	152
2149	152
2150	152
2151	152
2152	152
2153	152
2154	152
2155	152
2156	153
2157	153
2158	153
2159	153
2160	153
2161	153
2162	153
2163	153
2164	153
2165	153
2166	153
2167	153
2168	153
2169	153
2170	153
2171	154
2172	154
2173	154
2174	154
2175	154
2176	154
2177	154
2178	154
2179	154
2180	154
2181	154
2182	154
2183	154
2184	154
2185	154
2186	155
2187	155
2188	155
2189	155
2190	155
2191	155
2192	155
2193	155
2194	155
2195	155
2196	155
2197	155
2198	155
2199	155
2200	155
2201	156
2202	156
2203	156
2204	156
2205	156
2206	156
2207	156
2208	156
2209	156
2210	156
2211	156
2212	156
2213	156
2214	156
2215	157
2216	157
2217	157
2218	157
2219	157
2220	157
2221	157
2222	157
2223	157
2224	157
2225	157
2226	157
2227	157
2228	158
