1	-0.000279621393094
2	1.67497905305
3	3.4385617082
4	3.63725546214
5	3.02484163802
6	9.17437174524
7	8.65632243661
8	16.0659465265
9	16.2450504739
10	16.7060297215
11	17.1199191382
12	17.0203918479
13	17.1240232649
14	17.1391128097
15	17.0956879127
16	17.1228186754
17	16.9340030839
18	16.806282492
19	16.7879516373
20	16.7848284706
21	16.8006086229
22	16.819321586
23	16.8511185722
24	16.8892224151
25	16.9332542119
26	16.9370076858
27	16.9312999981
28	16.9139612164
29	16.9017042408
30	16.9095521307
31	16.9052651167
32	16.903315112
33	16.9095298585
34	16.9189494799
35	16.9398559461
36	16.9443577278
37	16.9492956582
38	16.9473899812
39	16.9387241869
40	16.9333496639
41	16.9205978486
42	16.9142047136
43	16.9086459781
44	16.9100302472
45	16.9141065075
46	16.9191584608
47	16.9233555408
48	16.9281177998
49	16.9369753771
50	16.9356022034
51	16.9377065705
52	16.93856155
53	16.9397028488
54	16.9420874079
55	16.9430242133
56	16.9443113108
57	16.9458831186
58	16.9470661947
59	16.9481168923
60	16.9499071514
61	16.9512350447
62	16.951803941
63	16.9533725755
64	16.954279963
65	16.9550087635
66	16.9555880235
67	16.9560821433
68	16.9566557171
69	16.9575156156
70	16.9586069802
71	16.95888219
72	16.9595864569
73	16.9599567734
74	16.9606324983
75	16.9609742984
76	16.9612778709
77	16.9619142425
78	16.962094884
79	16.9628089819
80	16.9628633506
81	16.9636589524
82	16.9639493949
83	16.9642306761
84	16.9646379323
85	16.9649231174
86	16.9651806684
87	16.9653285465
88	16.9655364684
89	16.9655311136
90	16.9655413646
91	16.9657411808
92	16.9656817818
93	16.9657512263
94	16.9656824307
95	16.9658228866
96	16.9658050659
97	16.9659303249
98	16.9660177639
99	16.9661189968
100	16.9662118464
101	16.9662938801
102	16.9663159202
103	16.9663350968
104	16.9663677273
105	16.9663892924
106	16.966568279
107	16.9665452864
108	16.9666475455
109	16.9668487173
110	16.9670325381
111	16.9670485944
112	16.9670778737
113	16.9673291041
114	16.9673244519
115	16.9673724873
116	16.9674592386
117	16.9674457451
118	16.9674480369
119	16.967441332
120	16.9674721296
121	16.9676328595
122	16.9677535723
123	16.9678862124
124	16.9680430122
125	16.9680879963
126	16.9681255647
127	16.9681617178
128	16.968196197
129	16.9682233991
130	16.968259441
131	16.9682936474
132	16.9683543705
133	16.9684125535
134	16.9684265922
135	16.9684216122
136	16.9684226497
137	16.9683714224
138	16.9684948195
139	16.9685099988
140	16.9685452309
141	16.9685533622
142	16.968582268
143	16.9686133111
144	16.9686197276
145	16.9685929734
146	16.9686065595
147	16.9686141724
148	16.9686138856
149	16.9686411683
150	16.9686389433
151	16.9686402574
152	16.9686530916
153	16.9686706173
154	16.9686807262
155	16.9686901691
156	16.9686988646
157	16.968708344
158	16.968704587
159	16.9687071498
160	16.968738121
161	16.9687547252
162	16.9687473435
163	16.9687450278
164	16.9687434366
165	16.9687481725
166	16.9687394019
167	16.9687313008
168	16.9687617648
169	16.968765405
170	16.9688124062
171	16.968809892
172	16.9688098252
173	16.9688593188
174	16.9688765421
175	16.9688799561
176	16.9689154132
177	16.968915809
178	16.9689604295
179	16.9689724086
180	16.9690019827
181	16.9690103974
182	16.9690391174
183	16.9690411942
184	16.9690705507
185	16.9690758067
186	16.9690772018
187	16.9691110882
188	16.96911694
189	16.9691200804
190	16.9691224497
191	16.9691321484
192	16.9691388339
193	16.9691728597
194	16.9691772706
195	16.9691785507
196	16.9691766733
197	16.9692039237
198	16.9692013767
199	16.9692301736
200	16.9692331933
201	16.9692220329
202	16.969256922
203	16.9692639921
204	16.9692900881
205	16.9692920261
206	16.9693130827
207	16.9693158751
208	16.9693319112
209	16.9693368219
210	16.9693598869
211	16.9693606366
212	16.9693818138
213	16.9693890581
214	16.9694188956
215	16.9694211707
216	16.9694242672
217	16.9694262699
218	16.9694304593
219	16.9694349029
220	16.9694360329
221	16.9694619977
222	16.9694636213
223	16.9694898924
224	16.969490611
225	16.9695103747
226	16.9695346858
227	16.969528772
228	16.9695508913
229	16.9695667797
230	16.9695707494
231	16.9695936773
232	16.9696088904
233	16.9696152768
234	16.9696187067
235	16.9696437759
236	16.9696601277
237	16.9696631953
238	16.9696815807
239	16.9696831974
240	16.9697031654
241	16.9697220229
242	16.9697278109
243	16.9697467655
244	16.9697667365
245	16.96977171
246	16.9697883553
247	16.9697977013
248	16.9698153028
249	16.9698240693
250	16.969841544
251	16.9698467023
252	16.9698641668
253	16.9698678786
254	16.969872892
255	16.9698832525
256	16.9698874773
257	16.9698975364
258	16.9699103789
259	16.9699171258
260	16.9699357665
261	16.9699417337
262	16.9699570672
263	16.9699621981
264	16.969966532
265	16.9699801155
266	16.9699855519
267	16.9699857965
268	16.9699872409
269	16.9699937803
270	16.9699996618
271	16.9700036484
272	16.9700089504
273	16.9700126938
274	16.9700254154
275	16.9700279806
276	16.970022575
277	16.9700272787
278	16.9700397526
279	16.9700424258
280	16.9700463901
281	16.9700435511
282	16.9700487691
283	16.9700474609
284	16.9700530007
285	16.970066511
286	16.9700693771
287	16.9700811246
288	16.9700833853
289	16.970082061
290	16.9700881546
291	16.9700857509
292	16.9700918455
293	16.970088564
294	16.9700848
295	16.9700812749
296	16.9700770482
297	16.9700729395
298	16.9700686725
299	16.9700642801
300	16.9700608699
301	16.9700579086
302	16.9700562227
303	16.9700548704
304	16.9700607504
305	16.9700599666
306	16.9700578901
307	16.9700551246
308	16.9700525091
309	16.9700489207
310	16.9700454998
311	16.9700420866
312	16.970038973
313	16.9700362171
314	16.9700329304
315	16.9700291871
316	16.9700232029
317	16.9700250162
318	16.9700226504
319	16.9700201774
320	16.97001816
321	16.97001683
322	16.9700160217
323	16.9700150147
324	16.9700141264
325	16.9700129407
326	16.9700108355
327	16.9700085667
328	16.9700064902
329	16.9700043385
330	16.9700018343
331	16.9699990596
332	16.969996494
333	16.9699940688
334	16.969991359
335	16.9699933201
336	16.9699911721
337	16.9699945628
338	16.969997892
339	16.969997145
340	16.9699964483
341	16.9699951162
342	16.9699931257
343	16.9699918085
344	16.9699906696
345	16.9699889853
346	16.9699868811
347	16.9699845138
348	16.9699822548
349	16.9699804285
350	16.9699835911
351	16.9699819709
352	16.9699847357
353	16.9699871533
354	16.9699870178
355	16.9699867406
356	16.9699866668
357	16.9699859362
358	16.9699848549
359	16.969983308
360	16.9699818712
361	16.9699802668
362	16.9699789987
363	16.9699778761
364	16.969979541
365	16.9699806066
366	16.9699822164
367	16.9699833843
368	16.969984657
369	16.9699859782
370	16.9699849774
371	16.9699831959
372	16.9699818702
373	16.969980487
374	16.9699792595
375	16.9699783606
376	16.9699796884
377	16.9699826431
378	16.9699845094
379	16.9699864762
380	16.9699883564
381	16.9699901319
382	16.9699915943
383	16.9699909555
384	16.9699911188
385	16.9699911901
386	16.9699918752
387	16.9699917009
388	16.9699929866
389	16.9699951521
390	16.9699975244
391	16.9700000501
392	16.970001026
393	16.9700020156
394	16.9700025034
395	16.9700041988
396	16.970004725
397	16.9700054509
398	16.9700062592
399	16.9700077466
400	16.9700083035
401	16.970009979
402	16.9700117235
403	16.9700112509
404	16.9700114771
405	16.9700116562
406	16.9700118916
407	16.9700128078
408	16.9700125679
409	16.9700141638
410	16.9700145706
411	16.9700159959
412	16.9700177064
413	16.9700173558
414	16.9700171477
415	16.9700172493
416	16.9700184494
417	16.9700180975
418	16.9700182614
419	16.9700185119
420	16.970018243
421	16.9700183582
422	16.970018407
423	16.9700183552
424	16.9700182843
425	16.9700182795
426	16.9700183327
427	16.9700184644
428	16.9700183638
429	16.9700186925
430	16.9700185448
431	16.9700186208
432	16.9700191997
433	16.9700192146
434	16.9700191955
435	16.9700195321
436	16.9700199588
437	16.9700202778
438	16.9700207035
439	16.9700209934
440	16.9700212666
441	16.9700215096
442	16.9700216596
443	16.9700218305
444	16.9700220039
445	16.9700221966
446	16.9700223828
447	16.9700225219
448	16.9700228826
449	16.9700236406
450	16.9700234584
451	16.9700233895
452	16.9700234242
453	16.9700235451
454	16.9700236779
455	16.970023758
456	16.9700238792
457	16.9700240076
458	16.9700239996
459	16.9700239766
460	16.9700239807
461	16.9700240164
462	16.9700240417
463	16.9700241701
464	16.9700242302
465	16.9700245448
466	16.97002486
467	16.9700258204
468	16.9700267487
469	16.9700269996
470	16.9700272633
471	16.9700275659
472	16.9700278584
473	16.9700281281
474	16.9700284941
475	16.9700285643
476	16.9700284806
477	16.9700288479
478	16.9700286853
479	16.9700291137
480	16.9700291343
481	16.9700293062
482	16.970029256
483	16.9700295522
484	16.9700297883
485	16.9700300114
486	16.9700302196
487	16.9700304261
488	16.970030649
489	16.9700308337
490	16.970031013
491	16.9700312332
492	16.9700313327
493	16.9700315296
494	16.9700316422
495	16.9700318299
496	16.9700319535
497	16.970032138
498	16.9700322679
499	16.9700324507
500	16.9700325851
501	16.97003274
502	16.9700323364
503	16.9700321861
504	16.9700319132
505	16.9700315754
506	16.970031231
507	16.9700311106
508	16.9700307855
509	16.9700304538
510	16.9700301381
511	16.9700300148
512	16.9700297046
513	16.9700293797
514	16.9700290797
515	16.9700288868
516	16.9700287811
517	16.9700289996
518	16.9700291387
519	16.970028915
520	16.9700286698
521	16.9700285402
522	16.9700284038
523	16.9700282036
524	16.9700279632
525	16.9700277225
526	16.9700274879
527	16.9700272628
528	16.9700270469
529	16.9700268369
530	16.9700266309
531	16.9700264274
532	16.9700262256
533	16.9700260258
534	16.9700258283
535	16.9700256323
536	16.9700254382
537	16.9700252461
538	16.9700250557
539	16.9700248676
540	16.9700246825
541	16.9700245006
542	16.9700243217
543	16.9700241456
544	16.9700239719
545	16.9700237999
546	16.9700236291
547	16.9700234479
548	16.9700232709
549	16.9700231102
550	16.9700229553
551	16.9700227976
552	16.9700226392
553	16.9700224798
554	16.970022319
555	16.9700221586
556	16.9700219989
557	16.9700218401
558	16.9700216829
559	16.9700215276
560	16.9700213741
561	16.9700212213
562	16.970021069
563	16.9700209174
564	16.9700207665
565	16.9700206163
566	16.9700204666
567	16.9700203175
568	16.9700201689
569	16.9700200206
570	16.9700198726
571	16.9700197247
572	16.9700195765
573	16.9700194274
574	16.9700192774
575	16.9700191264
576	16.9700189742
577	16.9700188206
578	16.9700186658
579	16.9700185101
580	16.9700183539
581	16.9700181971
582	16.9700180395
583	16.970017881
584	16.9700177215
585	16.9700175606
586	16.9700173984
587	16.9700172349
588	16.9700170698
589	16.9700169034
590	16.9700167358
591	16.9700165673
592	16.9700163972
593	16.9700162262
594	16.9700160541
595	16.9700158809
596	16.9700157065
597	16.9700155312
598	16.9700153551
599	16.970015178
600	16.9700149998
601	16.9700148205
602	16.9700146399
603	16.9700144577
604	16.9700142739
605	16.9700140888
606	16.9700139023
607	16.9700137144
608	16.9700135248
609	16.970013334
610	16.9700131421
611	16.9700129494
612	16.9700127559
613	16.9700125617
614	16.9700123671
615	16.9700121723
616	16.9700119773
617	16.9700117823
618	16.9700115884
619	16.9700113897
620	16.9700111869
621	16.9700109797
622	16.9700107689
623	16.9700105548
624	16.9700103474
625	16.9700101393
626	16.9700099308
627	16.9700097219
628	16.9700095127
629	16.9700093002
630	16.9700090863
631	16.970008872
632	16.9700086575
633	16.9700084428
634	16.9700082279
635	16.9700080126
636	16.970007797
637	16.9700075812
638	16.9700073654
639	16.9700071494
640	16.9700069337
641	16.9700067177
642	16.9700065018
643	16.9700062861
644	16.9700061082
645	16.9700059334
646	16.9700057578
647	16.9700055827
648	16.9700054083
649	16.9700052347
650	16.9700050618
651	16.9700048896
652	16.9700047181
653	16.9700045474
654	16.9700043777
655	16.9700042087
656	16.97000404
657	16.9700038718
658	16.9700037042
659	16.9700035373
660	16.9700033726
661	16.9700032083
662	16.9700030447
663	16.970002882
664	16.9700027203
665	16.9700025582
666	16.9700023978
667	16.9700022389
668	16.9700020814
669	16.9700019255
670	16.9700017713
671	16.9700016192
672	16.9700014692
673	16.9700013216
674	16.9700011762
675	16.9700010403
676	16.9700009061
677	16.9700007744
678	16.9700006452
679	16.9700005187
680	16.9700003948
681	16.9700002732
682	16.970000154
683	16.9700000371
684	16.9699999223
685	16.9699998096
686	16.9699997151
687	16.9699996057
688	16.9699994977
689	16.9699993963
690	16.969999295
691	16.9699991861
692	16.9699990859
693	16.969998988
694	16.9699993672
695	16.9699998874
696	16.9699997331
697	16.9699996147
698	16.9699998471
699	16.9700001922
700	16.9700005163
701	16.9700007627
702	16.9700010433
703	16.9700013691
704	16.9700017149
705	16.970002045
706	16.9700025665
707	16.9700029177
708	16.9700032613
709	16.9700037807
710	16.9700041533
711	16.9700044524
712	16.9700047122
713	16.970005052
714	16.9700051349
715	16.9700053881
716	16.9700058941
717	16.970006489
718	16.9700067562
719	16.9700069908
720	16.9700074677
721	16.9700079459
722	16.970008552
723	16.9700089121
724	16.9700091533
725	16.9700096294
726	16.9700099763
727	16.9700102391
728	16.9700107186
729	16.9700110587
730	16.9700113124
731	16.9700118012
732	16.9700121371
733	16.9700123837
734	16.970012482
735	16.9700127401
736	16.9700129954
737	16.9700133007
738	16.9700135312
739	16.9700140238
740	16.9700145522
741	16.9700149065
742	16.9700151409
743	16.9700153627
744	16.97001559
745	16.9700156995
746	16.9700159676
747	16.9700162119
748	16.9700164353
749	16.9700166585
750	16.9700168842
751	16.9700173757
752	16.9700179035
753	16.9700184457
754	16.970018728
755	16.9700189526
756	16.9700191507
757	16.9700193451
758	16.9700195698
759	16.9700197907
760	16.9700199995
761	16.9700202005
762	16.9700204007
763	16.9700206033
764	16.9700208092
765	16.9700210176
766	16.9700212266
767	16.9700214348
768	16.9700216322
769	16.9700218126
770	16.9700219923
771	16.9700221722
772	16.9700223525
773	16.9700225332
774	16.9700227143
775	16.9700228955
776	16.9700230767
777	16.9700232578
778	16.9700234388
779	16.9700236197
780	16.9700238005
781	16.9700239814
782	16.9700241624
783	16.9700243437
784	16.9700245251
785	16.9700247069
786	16.9700248889
787	16.9700250712
788	16.9700252539
789	16.9700254389
790	16.9700256245
791	16.9700258103
792	16.9700259965
793	16.970026183
794	16.9700263699
795	16.970026557
796	16.9700267446
797	16.9700269327
798	16.9700271212
799	16.9700273104
800	16.9700275002
801	16.9700276907
802	16.9700278821
803	16.9700280742
804	16.9700282669
805	16.9700284604
806	16.9700286549
807	16.9700288502
808	16.9700290464
809	16.9700292437
810	16.9700294421
811	16.9700296419
812	16.9700298437
813	16.9700300523
814	16.9700302534
815	16.9700304528
816	16.9700306622
817	16.9700308659
818	16.9700310686
819	16.9700312573
820	16.9700314593
821	16.970031666
822	16.9700318735
823	16.970032083
824	16.9700322938
825	16.9700325058
826	16.9700327203
827	16.9700329375
828	16.9700331569
829	16.9700333779
830	16.9700336003
831	16.9700338237
832	16.9700340478
833	16.9700342726
834	16.9700344979
835	16.9700347238
836	16.9700349502
837	16.9700351772
838	16.9700354048
839	16.970035633
840	16.9700358619
841	16.9700360915
842	16.970036322
843	16.9700365532
844	16.9700367852
845	16.970037018
846	16.9700372516
847	16.9700374861
848	16.9700377213
849	16.9700379574
850	16.9700381942
851	16.9700384319
852	16.9700386705
853	16.9700389099
854	16.9700391502
855	16.9700393914
856	16.9700396334
857	16.9700398764
858	16.9700401202
859	16.9700403653
860	16.9700406113
861	16.9700408584
862	16.9700411065
863	16.9700413553
864	16.9700416048
865	16.9700418549
866	16.9700421054
867	16.9700423564
868	16.970042608
869	16.9700428603
870	16.9700431133
871	16.9700433671
872	16.9700436216
873	16.970043877
874	16.970044133
875	16.9700443896
876	16.9700446467
877	16.9700449042
878	16.9700451623
879	16.9700454207
880	16.9700456796
881	16.970045939
882	16.9700461987
883	16.9700464589
884	16.9700467195
885	16.9700469804
886	16.9700472416
887	16.9700475031
888	16.9700477649
889	16.9700480269
890	16.970048289
891	16.9700485515
892	16.9700488141
893	16.9700490771
894	16.9700493403
895	16.970049604
896	16.9700498672
897	16.970050131
898	16.9700503952
899	16.9700506597
900	16.9700509245
901	16.9700511896
902	16.9700514549
903	16.9700517204
904	16.9700519861
905	16.9700522521
906	16.9700525183
907	16.9700527853
908	16.9700530525
909	16.97005332
910	16.9700535877
911	16.9700538556
912	16.9700541237
913	16.970054392
914	16.9700546604
915	16.9700549288
916	16.9700551974
917	16.970055466
918	16.9700557346
919	16.9700560034
920	16.9700562723
921	16.9700565414
922	16.9700568106
923	16.97005708
924	16.9700573495
925	16.9700576191
926	16.9700578887
927	16.9700581582
928	16.9700584277
929	16.9700586972
930	16.9700589665
931	16.9700592357
932	16.9700595048
933	16.9700597737
934	16.9700600424
935	16.9700603108
936	16.9700605789
937	16.9700608467
938	16.9700611141
939	16.970061381
940	16.9700616476
941	16.9700619137
942	16.9700621798
943	16.9700624452
944	16.9700627161
945	16.9700629851
946	16.9700632525
947	16.9700635211
948	16.9700637908
949	16.9700640613
950	16.9700643334
951	16.9700646066
952	16.9700648802
953	16.9700651538
954	16.9700654269
955	16.9700656996
956	16.9700659717
957	16.9700662435
958	16.9700665148
959	16.9700667858
960	16.9700670564
961	16.9700673267
962	16.9700675966
963	16.9700678659
964	16.9700681346
965	16.9700684027
966	16.97006867
967	16.9700689367
968	16.9700692026
969	16.9700694678
970	16.9700697323
971	16.9700699962
972	16.9700702594
973	16.970070522
974	16.9700707838
975	16.970071045
976	16.9700713054
977	16.970071565
978	16.9700718239
979	16.970072082
980	16.9700723394
981	16.970072596
982	16.9700728518
983	16.9700731012
984	16.9700733507
985	16.9700735999
986	16.9700738485
987	16.9700740964
988	16.9700743432
989	16.9700745891
990	16.9700748339
991	16.9700750777
992	16.9700753207
993	16.9700755628
994	16.9700758042
995	16.9700760449
996	16.9700762849
997	16.9700765242
998	16.9700767628
999	16.9700770008
1000	16.9700772379
1001	16.9700774743
1002	16.9700777099
1003	16.9700778951
1004	16.9700780434
1005	16.9700781736
1006	16.9700782991
1007	16.9700784832
1008	16.9700786177
1009	16.970078753
1010	16.970078884
1011	16.9700790107
1012	16.9700791465
1013	16.9700792679
1014	16.9700794039
1015	16.9700795249
1016	16.970079645
1017	16.9700797678
1018	16.9700799482
1019	16.9700800783
1020	16.9700802115
1021	16.9700803377
1022	16.9700804578
1023	16.9700805897
1024	16.9700807894
1025	16.9700809182
1026	16.9700810437
1027	16.9700811664
1028	16.9700813673
1029	16.9700814948
1030	16.9700816167
1031	16.9700817361
1032	16.9700819294
1033	16.970082051
1034	16.9700822469
1035	16.9700823759
1036	16.9700825001
1037	16.9700826183
1038	16.9700828056
1039	16.9700829201
1040	16.9700831204
1041	16.9700832436
1042	16.9700833585
1043	16.9700835414
1044	16.9700836534
1045	16.9700838507
1046	16.9700839714
1047	16.9700840852
1048	16.9700842646
1049	16.9700843728
1050	16.9700845631
1051	16.9700846775
1052	16.9700848786
1053	16.9700849979
1054	16.9700851858
1055	16.9700853006
1056	16.9700854835
1057	16.970085598
1058	16.9700857771
1059	16.970085888
1060	16.9700860747
1061	16.9700861823
1062	16.9700863651
1063	16.9700864697
1064	16.9700866492
1065	16.9700867052
1066	16.9700868833
1067	16.9700869978
1068	16.9700871537
1069	16.9700872543
1070	16.9700874263
1071	16.9700874816
1072	16.9700876586
1073	16.9700877711
1074	16.970087924
1075	16.9700879753
1076	16.97008814
1077	16.9700881863
1078	16.9700883572
1079	16.9700884087
1080	16.9700885783
1081	16.970088627
1082	16.9700887921
1083	16.9700888343
1084	16.970088997
1085	16.9700890407
1086	16.9700892016
1087	16.9700892469
1088	16.9700894055
1089	16.9700895372
1090	16.9700895911
1091	16.970089722
1092	16.9700898337
1093	16.9700899696
1094	16.9700901608
1095	16.9700903386
1096	16.9700904961
1097	16.9700906414
1098	16.9700907372
1099	16.9700907891
1100	16.9700908145
1101	16.9700908589
1102	16.9700909041
1103	16.970090952
1104	16.9700910036
1105	16.9700910351
1106	16.9700910598
1107	16.9700911026
1108	16.9700911799
1109	16.9700912643
1110	16.9700913682
1111	16.9700914831
1112	16.9700916054
1113	16.9700916916
1114	16.9700918213
1115	16.9700919041
1116	16.9700920278
1117	16.9700921512
1118	16.9700922796
1119	16.9700924041
1120	16.9700925196
1121	16.9700926279
1122	16.9700927287
1123	16.9700928222
1124	16.9700929091
1125	16.97009299
1126	16.9700930659
1127	16.9700931381
1128	16.970093208
1129	16.9700932771
1130	16.970093347
1131	16.970093419
1132	16.9700934943
1133	16.9700935738
1134	16.9700936579
1135	16.9700937467
1136	16.9700938399
1137	16.9700939399
1138	16.9700940431
1139	16.9700941486
1140	16.9700942553
1141	16.9700943621
1142	16.9700944676
1143	16.9700945708
1144	16.9700946707
1145	16.9700947664
1146	16.9700948571
1147	16.9700949395
1148	16.970095016
1149	16.9700950861
1150	16.9700951498
1151	16.9700952075
1152	16.9700952596
1153	16.9700953062
1154	16.9700953479
1155	16.9700953824
1156	16.9700954134
1157	16.9700954421
1158	16.9700954692
1159	16.9700954955
1160	16.9700955218
1161	16.9700955484
1162	16.9700955759
1163	16.9700956044
1164	16.9700956341
1165	16.9700956649
1166	16.9700956967
1167	16.9700957293
1168	16.9700957625
1169	16.9700957958
1170	16.9700958288
1171	16.9700958612
1172	16.9700958924
1173	16.9700959219
1174	16.9700959495
1175	16.9700959746
1176	16.9700959862
1177	16.9700959935
1178	16.9700959964
1179	16.9700959956
1180	16.9700960293
1181	16.970096035
1182	16.9700960407
1183	16.970096046
1184	16.9700960505
1185	16.9700960535
1186	16.9700960542
1187	16.9700960521
1188	16.9700960842
1189	16.9700960881
1190	16.9700960909
1191	16.970096092
1192	16.9700960907
1193	16.9700961224
1194	16.9700961277
1195	16.9700961301
1196	16.9700961309
1197	16.9700961634
1198	16.9700961684
1199	16.9700961708
1200	16.9700961694
1201	16.9700961999
1202	16.9700962004
1203	16.9700962319
1204	16.9700962362
1205	16.9700962376
1206	16.9700962344
1207	16.970096263
1208	16.9700962598
1209	16.9700962884
1210	16.9700962868
1211	16.970096316
1212	16.9700963171
1213	16.9700963143
1214	16.9700963419
1215	16.9700963386
1216	16.9700963658
1217	16.9700963621
1218	16.970096389
1219	16.9700963852
1220	16.9700964117
1221	16.9700964402
1222	16.9700964419
1223	16.9700964386
1224	16.970096464
1225	16.9700964906
1226	16.9700964876
1227	16.970096513
1228	16.9700965396
1229	16.9700965376
1230	16.9700965629
1231	16.9700965897
1232	16.9700965878
1233	16.9700966126
1234	16.9700966384
1235	16.9700966342
1236	16.9700966574
1237	16.9700966814
1238	16.9700967065
1239	16.970096702
1240	16.9700967248
1241	16.9700967482
1242	16.9700967727
1243	16.9700967982
1244	16.9700967951
1245	16.9700968176
1246	16.9700968406
1247	16.9700968642
1248	16.9700968881
1249	16.9700969126
1250	16.9700969074
1251	16.9700969281
1252	16.9700969492
1253	16.9700969706
1254	16.9700969923
1255	16.9700970149
1256	16.9700970379
1257	16.9700970615
1258	16.9700970854
1259	16.9700971095
1260	16.9700971036
1261	16.9700971228
1262	16.9700971418
1263	16.9700971607
1264	16.9700971797
1265	16.970097199
1266	16.9700972188
1267	16.9700972391
1268	16.97009726
1269	16.9700972811
1270	16.9700973025
1271	16.9700973239
1272	16.970097345
1273	16.9700973656
1274	16.9700973857
1275	16.9700974049
1276	16.9700974234
1277	16.9700974412
1278	16.9700974585
1279	16.9700974754
1280	16.9700974919
1281	16.9700975081
1282	16.9700975241
1283	16.9700975399
1284	16.9700975555
1285	16.970097571
1286	16.9700975862
1287	16.9700976014
1288	16.9700976162
1289	16.9700976308
1290	16.9700976453
1291	16.9700976595
1292	16.9700976591
1293	16.9700976771
1294	16.9700976951
1295	16.9700977123
1296	16.9700977281
1297	16.9700977424
1298	16.9700977553
1299	16.9700977532
1300	16.9700977683
1301	16.9700977831
1302	16.970097797
1303	16.9700977964
1304	16.9700978121
1305	16.9700978273
1306	16.9700978411
1307	16.9700978535
1308	16.9700978506
1309	16.9700978645
1310	16.9700978665
1311	16.9700978832
1312	16.9700978988
1313	16.9700979013
1314	16.9700979173
1315	16.9700979209
1316	16.9700979374
1317	16.970097952
1318	16.9700979518
1319	16.9700979658
1320	16.9700979657
1321	16.9700979801
1322	16.9700979805
1323	16.9700979952
1324	16.9700980084
1325	16.9700980056
1326	16.9700980183
1327	16.9700980164
1328	16.97009803
1329	16.9700980423
1330	16.9700980382
1331	16.9700980504
1332	16.9700980476
1333	16.9700980608
1334	16.9700980728
1335	16.9700980677
1336	16.9700980796
1337	16.9700980755
1338	16.9700980882
1339	16.9700980849
1340	16.9700980982
1341	16.9700981101
1342	16.9700981034
1343	16.9700981147
1344	16.9700981084
1345	16.9700981203
1346	16.9700981148
1347	16.9700981272
1348	16.9700981222
1349	16.9700981346
1350	16.9700981298
1351	16.970098142
1352	16.9700981367
1353	16.9700981485
1354	16.9700981426
1355	16.9700981538
1356	16.9700981472
1357	16.9700981579
1358	16.9700981508
1359	16.9700981611
1360	16.9700981538
1361	16.9700981637
1362	16.9700982241
1363	16.9700982279
1364	16.9700981947
1365	16.9700982181
1366	16.9700982571
1367	16.9700982439
1368	16.9700982861
1369	16.97009833
1370	16.9700983771
1371	16.9700984503
1372	16.9700985362
1373	16.9700986181
1374	16.9700986757
1375	16.9700986695
1376	16.9700986456
1377	16.9700986503
1378	16.9700986534
1379	16.9700986609
1380	16.9700986731
1381	16.9700986694
1382	16.9700986563
1383	16.9700986477
1384	16.9700986417
1385	16.9700986468
1386	16.9700986366
1387	16.9700986387
1388	16.970098639
1389	16.9700986227
1390	16.97009861
1391	16.9700986136
1392	16.9700986004
1393	16.9700985905
1394	16.9700985827
1395	16.9700985763
1396	16.9700985809
1397	16.9700985697
1398	16.9700985582
1399	16.9700985459
1400	16.970098533
1401	16.9700985198
1402	16.9700985066
1403	16.9700984936
1404	16.9700984812
1405	16.9700984696
1406	16.9700984591
1407	16.9700984491
1408	16.9700984403
1409	16.970098444
1410	16.9700984317
1411	16.9700984207
1412	16.9700984105
1413	16.9700984012
1414	16.9700983925
1415	16.9700983764
1416	16.9700983781
1417	16.9700983649
1418	16.9700983505
1419	16.9700983359
1420	16.9700983224
1421	16.9700983102
1422	16.9700982993
1423	16.9700982896
1424	16.9700982808
1425	16.9700982654
1426	16.9700982668
1427	16.9700982538
1428	16.9700982398
1429	16.9700982263
1430	16.9700982137
1431	16.970098202
1432	16.9700981915
1433	16.9700981819
1434	16.9700981661
1435	16.9700981503
1436	16.9700981335
1437	16.9700981162
1438	16.9700980996
1439	16.9700980844
1440	16.9700980708
1441	16.9700980587
1442	16.9700980915
1443	16.9700980775
1444	16.9700981031
1445	16.970098125
1446	16.9700981465
1447	16.9700981675
1448	16.9700981879
1449	16.9700982077
1450	16.9700982068
1451	16.9700981838
1452	16.9700981625
1453	16.9700981918
1454	16.9700981756
1455	16.9700982008
1456	16.9700982272
1457	16.970098255
1458	16.970098284
1459	16.9700983132
1460	16.9700983417
1461	16.9700983693
1462	16.9700983959
1463	16.9700984218
1464	16.9700984474
1465	16.970098473
1466	16.9700984989
1467	16.9700985253
1468	16.9700985523
1469	16.9700985798
1470	16.9700986079
1471	16.9700986365
1472	16.9700986654
1473	16.9700986946
1474	16.9700987239
1475	16.9700987532
1476	16.9700987825
1477	16.9700988118
1478	16.9700988409
1479	16.9700988702
1480	16.9700988996
1481	16.9700989291
1482	16.9700989567
1483	16.9700989842
1484	16.9700990136
1485	16.9700990402
1486	16.9700990669
1487	16.9700990937
1488	16.9700991206
1489	16.9700991478
1490	16.9700991752
1491	16.970099203
1492	16.9700992311
1493	16.9700992595
1494	16.9700992881
1495	16.970099317
1496	16.9700993461
1497	16.9700993755
1498	16.9700994079
1499	16.9700994401
1500	16.9700994734
1501	16.9700995071
1502	16.9700995409
1503	16.9700995751
1504	16.9700996094
1505	16.9700996438
1506	16.9700996785
1507	16.9700997134
1508	16.9700997484
1509	16.9700997829
1510	16.9700998183
1511	16.9700998531
1512	16.9700998402
1513	16.9700998741
1514	16.970099909
1515	16.9700999429
1516	16.9700999771
1517	16.9701000117
1518	16.9700999961
1519	16.9701000332
1520	16.9701000678
1521	16.9701001023
1522	16.970100137
1523	16.9701001236
1524	16.9701001608
1525	16.9701001953
1526	16.9701002294
1527	16.9701002637
1528	16.9701002508
1529	16.9701002864
1530	16.9701003201
1531	16.9701003534
1532	16.9701003867
1533	16.9701003728
1534	16.9701004073
1535	16.9701004399
1536	16.9701004721
1537	16.9701005045
1538	16.9701004903
1539	16.9701005236
1540	16.9701005552
1541	16.9701005865
1542	16.9701006181
1543	16.9701006045
1544	16.9701006368
1545	16.9701006674
1546	16.970100698
1547	16.9701007286
1548	16.9701007152
1549	16.9701007464
1550	16.9701007762
1551	16.9701008058
1552	16.9701008357
1553	16.9701008221
1554	16.9701008524
1555	16.9701008814
1556	16.9701009103
1557	16.9701009395
1558	16.9701009258
1559	16.9701009552
1560	16.9701009833
1561	16.9701010113
1562	16.9701010396
1563	16.9701010257
1564	16.9701010538
1565	16.9701010804
1566	16.970101107
1567	16.9701011338
1568	16.9701011195
1569	16.9701011454
1570	16.97010117
1571	16.9701011947
1572	16.9701012506
1573	16.9701011835
1574	16.9701011463
1575	16.9701011705
1576	16.9701012154
1577	16.97010119
1578	16.9701012087
1579	16.9701012421
1580	16.9701012022
1581	16.9701012156
1582	16.9701012396
1583	16.9701012735
1584	16.9701013169
1585	16.9701013792
1586	16.9701014332
1587	16.9701014946
1588	16.9701015321
1589	16.9701015285
1590	16.9701014924
1591	16.9701014377
1592	16.9701014158
1593	16.9701014015
1594	16.9701013909
1595	16.9701014126
1596	16.9701014279
1597	16.9701014408
1598	16.9701014535
1599	16.9701014662
1600	16.9701014791
1601	16.9701014928
1602	16.9701014711
1603	16.9701014856
1604	16.9701014994
1605	16.9701015144
1606	16.9701015303
1607	16.970101517
1608	16.9701015314
1609	16.9701015459
1610	16.970101536
1611	16.9701015549
1612	16.9701015337
1613	16.9701015551
1614	16.9701015176
1615	16.9701015376
1616	16.9701015413
1617	16.9701015615
1618	16.9701015276
1619	16.9701015506
1620	16.9701015145
1621	16.970101538
1622	16.9701015018
1623	16.9701015256
1624	16.9701014913
1625	16.9701015152
1626	16.9701014841
1627	16.9701015114
1628	16.9701014846
1629	16.9701015129
1630	16.97010149
1631	16.9701015193
1632	16.9701014996
1633	16.970101527
1634	16.9701015095
1635	16.9701015382
1636	16.9701015262
1637	16.9701015566
1638	16.9701015452
1639	16.9701015758
1640	16.9701015645
1641	16.970101595
1642	16.9701015836
1643	16.9701016141
1644	16.970101603
1645	16.9701016325
1646	16.9701016222
1647	16.9701016492
1648	16.9701016401
1649	16.9701016656
1650	16.9701016578
1651	16.9701016822
1652	16.9701016765
1653	16.9701016997
1654	16.9701016946
1655	16.9701017173
1656	16.9701017124
1657	16.9701017347
1658	16.9701017298
1659	16.970101752
1660	16.9701017498
1661	16.9701017727
1662	16.9701017706
1663	16.9701017942
1664	16.9701017922
1665	16.9701018131
1666	16.9701018118
1667	16.9701018328
1668	16.9701018325
1669	16.970101853
1670	16.9701018543
1671	16.9701018738
1672	16.9701018772
1673	16.9701018714
1674	16.9701018949
1675	16.970101895
1676	16.9701018882
1677	16.9701019099
1678	16.9701019096
1679	16.9701019024
1680	16.9701018887
1681	16.9701019195
1682	16.9701019159
1683	16.9701019046
1684	16.9701018859
1685	16.9701019174
1686	16.9701019129
1687	16.970101899
1688	16.9701019208
1689	16.9701019199
1690	16.9701019152
1691	16.9701019375
1692	16.9701019424
1693	16.9701019411
1694	16.9701019632
1695	16.9701019744
1696	16.9701019826
1697	16.9701019897
1698	16.9701019965
1699	16.9701020025
1700	16.9701020069
1701	16.9701020086
1702	16.9701020069
1703	16.9701020008
1704	16.9701019898
1705	16.970101973
1706	16.9701019499
1707	16.9701019196
1708	16.970101918
1709	16.9701019113
1710	16.9701019044
1711	16.9701018901
1712	16.9701018727
1713	16.9701018559
1714	16.9701018384
1715	16.9701018195
1716	16.9701017991
1717	16.9701017778
1718	16.9701017564
1719	16.9701017357
1720	16.9701017165
1721	16.9701017071
1722	16.970101693
1723	16.9701017065
1724	16.9701017128
1725	16.9701017219
1726	16.9701017344
1727	16.9701017498
1728	16.9701017678
1729	16.9701017902
1730	16.9701018207
1731	16.970101855
1732	16.9701018897
1733	16.9701019246
1734	16.9701019623
1735	16.9701020063
1736	16.9701020542
1737	16.9701021037
1738	16.9701021578
1739	16.9701022124
1740	16.9701022491
1741	16.9701022833
1742	16.9701023242
1743	16.9701023877
1744	16.9701024083
1745	16.9701024664
1746	16.9701024996
1747	16.9701025506
1748	16.9701025687
1749	16.9701026163
1750	16.9701026369
1751	16.970102686
1752	16.9701027352
1753	16.9701028005
1754	16.9701028648
1755	16.9701029413
1756	16.9701029803
1757	16.9701030708
1758	16.9701031162
1759	16.9701031905
1760	16.970103236
1761	16.9701033024
1762	16.9701033459
1763	16.9701034069
1764	16.9701034458
1765	16.9701035003
1766	16.970103545
1767	16.9701036161
1768	16.9701036483
1769	16.9701037201
1770	16.9701037751
1771	16.9701038416
1772	16.9701038794
1773	16.9701039542
1774	16.9701040046
1775	16.9701040838
1776	16.9701041241
1777	16.970104184
1778	16.970104237
1779	16.9701043152
1780	16.9701043555
1781	16.9701044112
1782	16.9701044705
1783	16.9701045252
1784	16.9701045852
1785	16.9701046468
1786	16.970104691
1787	16.9701047498
1788	16.9701048085
1789	16.9701048448
1790	16.9701049021
1791	16.9701049593
1792	16.9701049964
1793	16.9701050524
1794	16.9701051107
1795	16.9701051667
1796	16.9701052227
1797	16.9701052805
1798	16.9701053615
1799	16.9701054236
1800	16.9701054851
1801	16.9701055475
1802	16.9701056112
1803	16.9701056586
1804	16.9701057172
1805	16.9701057751
1806	16.9701058341
1807	16.970105895
1808	16.9701059582
1809	16.9701060237
1810	16.9701060745
1811	16.9701061374
1812	16.970106198
1813	16.9701062587
1814	16.9701063205
1815	16.9701063838
1816	16.9701064486
1817	16.9701065151
1818	16.970106583
1819	16.9701066522
1820	16.9701067225
1821	16.9701067939
1822	16.9701068661
1823	16.9701069391
1824	16.9701070127
1825	16.9701070871
1826	16.970107162
1827	16.9701072375
1828	16.9701073134
1829	16.9701073897
1830	16.9701074663
1831	16.9701075432
1832	16.9701076203
1833	16.9701076974
1834	16.970107747
1835	16.9701078179
1836	16.9701078777
1837	16.9701079541
1838	16.9701080306
1839	16.9701081069
1840	16.9701081825
1841	16.9701082571
1842	16.9701083303
1843	16.9701084022
1844	16.9701084725
1845	16.9701085414
1846	16.9701086087
1847	16.9701086745
1848	16.970108739
1849	16.9701088021
1850	16.9701088639
1851	16.9701089246
1852	16.9701089843
1853	16.970109043
1854	16.9701091009
1855	16.9701091581
1856	16.9701092146
1857	16.9701092704
1858	16.9701093255
1859	16.97010938
1860	16.9701094339
1861	16.9701094871
1862	16.9701095397
1863	16.9701095917
1864	16.9701096429
1865	16.9701096935
1866	16.9701097434
1867	16.9701097926
1868	16.9701098412
1869	16.9701098891
1870	16.9701099364
1871	16.9701099831
1872	16.9701100292
1873	16.9701100747
1874	16.9701101197
1875	16.9701101641
1876	16.970110208
1877	16.9701102514
1878	16.9701102942
1879	16.9701103366
1880	16.9701103785
1881	16.9701104198
1882	16.9701104606
1883	16.9701105009
1884	16.9701105406
1885	16.9701105797
1886	16.9701106182
1887	16.9701106561
1888	16.9701106933
1889	16.9701107298
1890	16.9701107656
1891	16.9701108006
1892	16.9701108348
1893	16.9701108683
1894	16.9701109009
1895	16.9701109326
1896	16.9701109634
1897	16.9701109934
1898	16.9701110224
1899	16.97011105
1900	16.9701110757
1901	16.9701111004
1902	16.970111124
1903	16.9701111468
1904	16.9701111687
1905	16.9701111896
1906	16.9701112097
1907	16.9701112289
1908	16.9701112466
1909	16.9701112624
1910	16.9701112771
1911	16.9701112907
1912	16.9701113031
1913	16.9701113139
1914	16.9701113228
1915	16.9701113305
1916	16.9701113371
1917	16.9701113426
1918	16.9701113464
1919	16.9701113484
1920	16.9701113492
1921	16.9701113491
1922	16.9701113485
1923	16.970111346
1924	16.9701113426
1925	16.9701113386
1926	16.970111334
1927	16.9701113285
1928	16.9701113222
1929	16.9701113149
1930	16.9701113069
1931	16.9701112984
1932	16.970111289
1933	16.9701112789
1934	16.9701112679
1935	16.9701112562
1936	16.9701112437
1937	16.9701112304
1938	16.9701112168
1939	16.9701112024
1940	16.9701111876
1941	16.9701111721
1942	16.9701111563
1943	16.9701111399
1944	16.9701111235
1945	16.9701111066
1946	16.9701110898
1947	16.970111073
1948	16.9701110561
1949	16.9701110395
1950	16.9701110231
1951	16.9701110071
1952	16.9701109915
1953	16.9701109762
1954	16.9701109612
1955	16.9701109464
1956	16.9701109319
1957	16.9701109177
1958	16.9701109038
1959	16.9701108901
1960	16.9701108767
1961	16.9701108636
1962	16.9701108508
1963	16.9701108491
1964	16.9701108363
1965	16.9701108145
1966	16.9701108128
1967	16.9701108017
1968	16.9701107815
1969	16.9701107749
1970	16.9701107619
1971	16.9701107388
1972	16.9701107332
1973	16.9701107075
1974	16.9701106826
1975	16.9701106751
1976	16.9701106476
1977	16.9701106269
1978	16.9701106204
1979	16.9701105947
1980	16.970110568
1981	16.9701105584
1982	16.9701105299
1983	16.9701105069
1984	16.9701104971
1985	16.9701104684
1986	16.9701104385
1987	16.9701104273
1988	16.9701103961
1989	16.9701103861
1990	16.9701103555
1991	16.9701103227
1992	16.970110308
1993	16.9701102745
1994	16.9701102601
1995	16.9701102252
1996	16.9701102112
1997	16.9701101747
1998	16.9701101606
1999	16.9701101237
2000	16.9701101081
2001	16.9701101086
2002	16.9701101067
2003	16.9701100848
2004	16.9701100863
2005	16.9701100736
2006	16.9701100789
2007	16.9701100635
2008	16.970110069
2009	16.9701100545
2010	16.9701100594
2011	16.9701100449
2012	16.970110049
2013	16.9701100337
2014	16.9701100368
2015	16.9701100205
2016	16.9701100223
2017	16.9701100045
2018	16.9701100047
2019	16.9701099848
2020	16.9701099829
2021	16.9701099603
2022	16.9701099557
2023	16.9701099297
2024	16.9701099217
2025	16.9701098904
2026	16.9701098794
2027	16.9701098441
2028	16.9701098285
2029	16.9701097877
2030	16.9701097668
2031	16.9701097633
2032	16.9701097554
2033	16.9701097245
2034	16.9701097171
2035	16.9701096855
2036	16.9701096771
2037	16.9701096443
2038	16.9701096348
2039	16.9701096022
2040	16.9701095902
2041	16.9701095559
2042	16.9701095414
2043	16.9701095034
2044	16.9701094832
2045	16.9701094424
2046	16.9701094231
2047	16.9701093798
2048	16.9701093588
2049	16.9701093125
2050	16.9701092855
2051	16.9701092808
2052	16.9701092731
2053	16.9701092437
2054	16.9701092379
2055	16.9701092088
2056	16.9701092034
2057	16.9701091749
2058	16.970109165
2059	16.9701091359
2060	16.9701091242
2061	16.9701090936
2062	16.9701090802
2063	16.9701090475
2064	16.9701090318
2065	16.9701089968
2066	16.9701089783
2067	16.9701089404
2068	16.9701089224
2069	16.9701088809
2070	16.9701088569
2071	16.9701088528
2072	16.9701088459
2073	16.9701088177
2074	16.9701088114
2075	16.9701087819
2076	16.9701087745
2077	16.9701087438
2078	16.970108731
2079	16.970108698
2080	16.9701086818
2081	16.9701086457
2082	16.9701086261
2083	16.9701085865
2084	16.9701085632
2085	16.970108545
2086	16.9701085436
2087	16.9701085371
2088	16.9701085382
2089	16.9701085159
2090	16.9701085112
2091	16.9701085137
2092	16.9701084894
2093	16.9701084817
2094	16.9701084736
2095	16.9701084427
2096	16.9701084292
2097	16.9701084149
2098	16.9701084165
2099	16.9701084183
2100	16.9701084162
2101	16.9701083936
2102	16.9701083897
2103	16.9701083917
2104	16.9701083686
2105	16.9701083607
2106	16.9701083524
2107	16.9701083219
2108	16.9701083081
2109	16.9701082936
2110	16.9701082943
2111	16.9701082943
2112	16.9701082916
2113	16.9701082676
2114	16.9701082624
2115	16.9701082572
2116	16.9701082294
2117	16.970108219
2118	16.9701082081
2119	16.9701081746
2120	16.9701081577
2121	16.9701081402
2122	16.97010814
2123	16.9701081376
2124	16.9701081323
2125	16.9701081055
2126	16.9701080975
2127	16.9701080893
2128	16.9701080584
2129	16.9701080448
2130	16.9701080307
2131	16.9701080318
2132	16.9701080325
2133	16.9701080304
2134	16.9701080077
2135	16.9701080035
2136	16.9701079994
2137	16.9701079732
2138	16.9701079641
2139	16.9701079546
2140	16.9701079587
2141	16.9701079616
2142	16.9701079615
2143	16.9701079694
2144	16.9701079518
2145	16.9701079503
2146	16.9701079479
2147	16.9701079448
2148	16.9701079202
2149	16.9701079097
2150	16.9701078972
2151	16.9701078831
2152	16.9701078845
2153	16.9701078842
2154	16.9701078796
2155	16.9701078755
2156	16.9701078793
2157	16.9701078886
2158	16.9701078933
2159	16.9701078991
2160	16.9701078816
2161	16.9701078825
2162	16.9701078823
2163	16.9701078812
2164	16.9701078595
2165	16.970107851
2166	16.9701078407
2167	16.970107829
2168	16.9701078326
2169	16.9701078326
2170	16.9701078285
2171	16.970107825
2172	16.9701077981
2173	16.9701077889
2174	16.9701077783
2175	16.9701077664
2176	16.9701077681
2177	16.9701077688
2178	16.9701077663
2179	16.9701077646
2180	16.9701077709
2181	16.9701077801
2182	16.9701077852
2183	16.9701077913
2184	16.9701077779
2185	16.9701077784
2186	16.9701077778
2187	16.9701077762
2188	16.9701077741
2189	16.9701077519
2190	16.9701077429
2191	16.970107732
2192	16.9701077193
2193	16.9701077051
2194	16.9701077086
2195	16.9701077067
2196	16.9701077001
2197	16.9701076935
2198	16.9701076863
2199	16.9701076907
2200	16.9701076936
2201	16.9701076918
2202	16.9701076899
2203	16.9701076948
2204	16.9701077026
2205	16.9701077096
2206	16.9701077141
2207	16.970107719
2208	16.970107724
2209	16.9701077289
2210	16.9701077334
2211	16.9701077372
2212	16.9701077398
2213	16.9701077409
2214	16.9701077399
2215	16.9701077893
2216	16.9701077337
2217	16.9701077048
2218	16.9701076725
2219	16.9701076393
2220	16.9701076749
2221	16.9701076585
2222	16.9701075381
2223	16.9701075065
2224	16.9701075478
2225	16.970107539
2226	16.9701075095
2227	16.9701075583
2228	16.9701075404
