1	-0.000279621393094
2	1.67525867445
3	1.76358265515
4	0.198693753942
5	-0.612413824125
6	6.14953010722
7	-0.518049308624
8	7.40962408984
9	0.179103947401
10	0.460979247627
11	0.413889416728
12	-0.099527290279
13	0.103631416993
14	0.0150895447392
15	-0.0434248969466
16	0.0271307626978
17	-0.188815591565
18	-0.127720591869
19	-0.0183308546917
20	-0.00312316669313
21	0.0157801523128
22	0.0187129631369
23	0.0317969861229
24	0.0381038429605
25	0.0440317967761
26	0.00375347391256
27	-0.00570768772608
28	-0.0173387816554
29	-0.0122569756034
30	0.00784788982039
31	-0.004287013996
32	-0.0019500046811
33	0.00621474655375
34	0.00941962134294
35	0.0209064662707
36	0.00450178162131
37	0.00493793041872
38	-0.00190567696083
39	-0.0086657943279
40	-0.00537452303453
41	-0.0127518152231
42	-0.00639313507322
43	-0.00555873547867
44	0.00138426911855
45	0.00407626030245
46	0.00505195326032
47	0.0041970800333
48	0.00476225896918
49	0.00885757733965
50	-0.00137317366019
51	0.00210436708517
52	0.000854979466633
53	0.00114129884099
54	0.0023845590828
55	0.000936805376091
56	0.00128709751159
57	0.00157180774104
58	0.00118307611968
59	0.00105069767263
60	0.00179025904961
61	0.0013278932802
62	0.00056889636749
63	0.0015686344529
64	0.000907387497005
65	0.000728800523583
66	0.000579260023833
67	0.000494119785838
68	0.00057357379848
69	0.000859898525325
70	0.00109136451472
71	0.000275209880315
72	0.000704266813748
73	0.000370316508788
74	0.000675724890292
75	0.000341800165987
76	0.000303572458916
77	0.000636371620634
78	0.000180641485228
79	0.000714097876733
80	5.4368728341e-05
81	0.000795601794842
82	0.000290442557068
83	0.000281281131528
84	0.000407256244916
85	0.000285185032843
86	0.000257551085172
87	0.000147878082786
88	0.000207921865526
89	-5.35478622618e-06
90	1.02510449878e-05
91	0.00019981619154
92	-5.93990297194e-05
93	6.94445216061e-05
94	-6.87956518995e-05
95	0.000140455925356
96	-1.7820710283e-05
97	0.00012525900042
98	8.74389911236e-05
99	0.000101232878831
100	9.2849615219e-05
101	8.20337234478e-05
102	2.20400863338e-05
103	1.91766094862e-05
104	3.26304997575e-05
105	2.15650836853e-05
106	0.000178986593527
107	-2.29925462138e-05
108	0.00010225902255
109	0.000201171834609
110	0.000183820841002
111	1.60562815528e-05
112	2.92792932696e-05
113	0.000251230408991
114	-4.65219876344e-06
115	4.80354258114e-05
116	8.67512145906e-05
117	-1.34934850504e-05
118	2.29183214636e-06
119	-6.70493418797e-06
120	3.07976037292e-05
121	0.000160729941163
122	0.000120712818357
123	0.000132640082405
124	0.000156799787508
125	4.49840881139e-05
126	3.75683877322e-05
127	3.61531529324e-05
128	3.44792141436e-05
129	2.72020710866e-05
130	3.60418914046e-05
131	3.42064312082e-05
132	6.0723081586e-05
133	5.81829594994e-05
134	1.40387095048e-05
135	-4.98001077406e-06
136	1.03751024065e-06
137	-5.12272929581e-05
138	0.000123397114667
139	1.51792926891e-05
140	3.52320773988e-05
141	8.13135817568e-06
142	2.89057727446e-05
143	3.10430461756e-05
144	6.41653334568e-06
145	-2.67541996586e-05
146	1.35861473969e-05
147	7.61290825096e-06
148	-2.86884727578e-07
149	2.72827278505e-05
150	-2.22494068679e-06
151	1.31405689824e-06
152	1.28341914459e-05
153	1.75257560318e-05
154	1.01088937665e-05
155	9.44284353546e-06
156	8.69546638258e-06
157	9.47944161701e-06
158	-3.75700218216e-06
159	2.56278455812e-06
160	3.0971234714e-05
161	1.66042094578e-05
162	-7.38173944412e-06
163	-2.31565114014e-06
164	-1.59123684953e-06
165	4.73589470294e-06
166	-8.77061915531e-06
167	-8.10106399028e-06
168	3.04640291442e-05
169	3.64016357015e-06
170	4.7001243329e-05
171	-2.51420311299e-06
172	-6.68190103789e-08
173	4.9493600992e-05
174	1.72232428991e-05
175	3.41398775014e-06
176	3.54571580545e-05
177	3.95752053698e-07
178	4.46205670044e-05
179	1.19791079731e-05
180	2.95740890233e-05
181	8.4146598564e-06
182	2.87200435243e-05
183	2.07672662409e-06
184	2.93565571007e-05
185	5.25594941156e-06
186	1.39511037808e-06
187	3.38864232459e-05
188	5.85176906302e-06
189	3.14044420251e-06
190	2.36924126536e-06
191	9.69875725369e-06
192	6.68545697468e-06
193	3.40258275151e-05
194	4.4108868585e-06
195	1.2801360665e-06
196	-1.87744321498e-06
197	2.72504237856e-05
198	-2.54703577315e-06
199	2.87969210799e-05
200	3.01967631648e-06
201	-1.11603783101e-05
202	3.48890759098e-05
203	7.07015460702e-06
204	2.60959706384e-05
205	1.93801489843e-06
206	2.10565830894e-05
207	2.79239365437e-06
208	1.60361274354e-05
209	4.91067035296e-06
210	2.3065051493e-05
211	7.49722839826e-07
212	2.11771073736e-05
213	7.24432374755e-06
214	2.9837559507e-05
215	2.2750503775e-06
216	3.09654248309e-06
217	2.0026296704e-06
218	4.18947715341e-06
219	4.44352217198e-06
220	1.13004487915e-06
221	2.59647653741e-05
222	1.62363444381e-06
223	2.62710739622e-05
224	7.18592545199e-07
225	1.97636972508e-05
226	2.43111060789e-05
227	-5.91378636955e-06
228	2.2119331066e-05
229	1.58883767459e-05
230	3.96972082904e-06
231	2.29278517673e-05
232	1.52131743761e-05
233	6.38637340519e-06
234	3.42991063585e-06
235	2.50691370784e-05
236	1.63518329684e-05
237	3.06760814712e-06
238	1.83854266496e-05
239	1.61669124146e-06
240	1.99680161594e-05
241	1.88574691756e-05
242	5.78800093745e-06
243	1.89546075641e-05
244	1.99710141159e-05
245	4.97349427963e-06
246	1.66452702772e-05
247	9.34598811522e-06
248	1.76014925049e-05
249	8.76654365175e-06
250	1.74746811232e-05
251	5.15832834495e-06
252	1.74644979383e-05
253	3.71175118333e-06
254	5.01338156873e-06
255	1.03605389972e-05
256	4.2247881868e-06
257	1.00591076554e-05
258	1.28425024844e-05
259	6.74690563376e-06
260	1.86407395042e-05
261	5.96720076186e-06
262	1.53334195432e-05
263	5.13096814786e-06
264	4.33392170766e-06
265	1.35834292247e-05
266	5.43646925823e-06
267	2.44533330443e-07
268	1.44446843148e-06
269	6.53931005494e-06
270	5.88155674951e-06
271	3.98658736453e-06
272	5.30202183768e-06
273	3.74341488089e-06
274	1.27215922869e-05
275	2.56514924557e-06
276	-5.40559325538e-06
277	4.70373436234e-06
278	1.2473845807e-05
279	2.67322348425e-06
280	3.96427837855e-06
281	-2.83892355829e-06
282	5.21796935418e-06
283	-1.30817493354e-06
284	5.53980362049e-06
285	1.35102602933e-05
286	2.86610288673e-06
287	1.17475419267e-05
288	2.26064466705e-06
289	-1.32429180401e-06
290	6.09360780149e-06
291	-2.40366166034e-06
292	6.09453778528e-06
293	-3.28153330762e-06
294	-3.76398370422e-06
295	-3.52507501986e-06
296	-4.22665393109e-06
297	-4.10873264093e-06
298	-4.26702912495e-06
299	-4.39237040056e-06
300	-3.41017421622e-06
301	-2.96134565598e-06
302	-1.68587473771e-06
303	-1.35229259312e-06
304	5.87992871848e-06
305	-7.83750037926e-07
306	-2.07648524817e-06
307	-2.7654803601e-06
308	-2.61548973552e-06
309	-3.5884742148e-06
310	-3.42087223442e-06
311	-3.41323774052e-06
312	-3.11353517046e-06
313	-2.75593910913e-06
314	-3.28667370041e-06
315	-3.74335479175e-06
316	-5.98420518169e-06
317	1.81335723828e-06
318	-2.36584455183e-06
319	-2.47298285889e-06
320	-2.01734506454e-06
321	-1.33001027383e-06
322	-8.0834823344e-07
323	-1.00698875222e-06
324	-8.88307667577e-07
325	-1.18571013356e-06
326	-2.10516205758e-06
327	-2.26882760083e-06
328	-2.07647828018e-06
329	-2.15172808487e-06
330	-2.50421491857e-06
331	-2.7746665533e-06
332	-2.5656080679e-06
333	-2.42516792742e-06
334	-2.709777517e-06
335	1.9610564698e-06
336	-2.14801921445e-06
337	3.39073478545e-06
338	3.32920090786e-06
339	-7.46970624299e-07
340	-6.96764216945e-07
341	-1.3321284362e-06
342	-1.99045809014e-06
343	-1.31723259946e-06
344	-1.1388873567e-06
345	-1.68431144866e-06
346	-2.10412653618e-06
347	-2.36729554905e-06
348	-2.25902201629e-06
349	-1.82631228831e-06
350	3.1625725074e-06
351	-1.62021385906e-06
352	2.76483517152e-06
353	2.41758631324e-06
354	-1.35529878795e-07
355	-2.77160501032e-07
356	-7.383083855e-08
357	-7.30559558609e-07
358	-1.08128140275e-06
359	-1.54690299927e-06
360	-1.43680370025e-06
361	-1.60439897789e-06
362	-1.26807615521e-06
363	-1.12265711974e-06
364	1.6649648083e-06
365	1.06553220105e-06
366	1.609835623e-06
367	1.167933181e-06
368	1.27268597798e-06
369	1.32120983599e-06
370	-1.00088127666e-06
371	-1.78144709998e-06
372	-1.32572619169e-06
373	-1.38315765898e-06
374	-1.22754305158e-06
375	-8.98888916407e-07
376	1.32779564421e-06
377	2.95467507841e-06
378	1.86630699721e-06
379	1.96679596257e-06
380	1.88026360015e-06
381	1.77549099892e-06
382	1.46238531302e-06
383	-6.38774290191e-07
384	1.63213724673e-07
385	7.13709136057e-08
386	6.8512135981e-07
387	-1.74371158101e-07
388	1.28573882522e-06
389	2.1654758099e-06
390	2.37231717539e-06
391	2.52564801506e-06
392	9.75907404932e-07
393	9.89664780195e-07
394	4.87757686892e-07
395	1.69544899293e-06
396	5.26120473531e-07
397	7.25895749187e-07
398	8.0838116144e-07
399	1.48741233084e-06
400	5.56854265893e-07
401	1.67551930099e-06
402	1.74446900629e-06
403	-4.72584538117e-07
404	2.26207530909e-07
405	1.79074519909e-07
406	2.35462194192e-07
407	9.16178250028e-07
408	-2.39955970455e-07
409	1.59591285832e-06
410	4.06787816235e-07
411	1.42530674686e-06
412	1.71047642276e-06
413	-3.50519981541e-07
414	-2.08106901371e-07
415	1.01567928492e-07
416	1.2001208386e-06
417	-3.51917821908e-07
418	1.63860387543e-07
419	2.50520261037e-07
420	-2.68880949488e-07
421	1.15157804405e-07
422	4.88792006966e-08
423	-5.18781593586e-08
424	-7.08052705006e-08
425	-4.87581763304e-09
426	5.31834890692e-08
427	1.31768405996e-07
428	-1.00635078942e-07
429	3.28679837215e-07
430	-1.47654057424e-07
431	7.60327312441e-08
432	5.78861365036e-07
433	1.49176718331e-08
434	-1.91097006058e-08
435	3.36537003588e-07
436	4.26794043505e-07
437	3.18933634298e-07
438	4.25729559306e-07
439	2.89893332597e-07
440	2.73169691517e-07
441	2.42983617904e-07
442	1.50025015434e-07
443	1.70961058983e-07
444	1.73327226804e-07
445	1.92728931685e-07
446	1.86231566938e-07
447	1.39090471348e-07
448	3.6066004791e-07
449	7.58020283657e-07
450	-1.82189028755e-07
451	-6.89128134806e-08
452	3.46639450328e-08
453	1.20925770744e-07
454	1.32783498621e-07
455	8.01686214626e-08
456	1.21197471852e-07
457	1.28311920872e-07
458	-7.96598293733e-09
459	-2.30284901215e-08
460	4.16953489263e-09
461	3.57145281652e-08
462	2.52735490137e-08
463	1.28366273125e-07
464	6.00990120733e-08
465	3.14600766956e-07
466	3.15260481664e-07
467	9.60397903386e-07
468	9.28257085079e-07
469	2.5086619137e-07
470	2.63718001091e-07
471	3.02659161759e-07
472	2.92482566001e-07
473	2.69712385941e-07
474	3.65975306817e-07
475	7.02119181301e-08
476	-8.37517069099e-08
477	3.67343104023e-07
478	-1.62637605865e-07
479	4.28463429627e-07
480	2.05910270686e-08
481	1.71858685033e-07
482	-5.01445870961e-08
483	2.961953351e-07
484	2.36059147641e-07
485	2.23089611892e-07
486	2.08226292435e-07
487	2.06464287303e-07
488	2.22923799285e-07
489	1.84649333866e-07
490	1.79337896716e-07
491	2.20249836372e-07
492	9.9426996636e-08
493	1.96940502985e-07
494	1.12572031869e-07
495	1.87751861425e-07
496	1.23558315082e-07
497	1.84469460822e-07
498	1.29934315417e-07
499	1.82799423275e-07
500	1.34419986069e-07
501	1.54891935628e-07
502	-4.03596327192e-07
503	-1.50298351976e-07
504	-2.72918883818e-07
505	-3.37773129786e-07
506	-3.44402359453e-07
507	-1.20455497223e-07
508	-3.25095461302e-07
509	-3.31621809641e-07
510	-3.15718238621e-07
511	-1.23325584756e-07
512	-3.1015741795e-07
513	-3.24973401636e-07
514	-2.99971186038e-07
515	-1.92849786091e-07
516	-1.05798702017e-07
517	2.18578366143e-07
518	1.39025386164e-07
519	-2.23682202656e-07
520	-2.45187107417e-07
521	-1.29568559709e-07
522	-1.36465480546e-07
523	-2.00200024874e-07
524	-2.40329850326e-07
525	-2.40707479491e-07
526	-2.34582574889e-07
527	-2.25158218252e-07
528	-2.15912178606e-07
529	-2.09993720424e-07
530	-2.05930834604e-07
531	-2.03556207339e-07
532	-2.01817620438e-07
533	-1.99787070705e-07
534	-1.97505043359e-07
535	-1.96019297624e-07
536	-1.94047361611e-07
537	-1.92148499498e-07
538	-1.90381672105e-07
539	-1.88071592142e-07
540	-1.85106384084e-07
541	-1.81922367401e-07
542	-1.78870061957e-07
543	-1.76119239123e-07
544	-1.7372443187e-07
545	-1.7192804343e-07
546	-1.70809235869e-07
547	-1.81245502337e-07
548	-1.77005510908e-07
549	-1.60681524913e-07
550	-1.54891314174e-07
551	-1.57692426484e-07
552	-1.58383255162e-07
553	-1.59444710363e-07
554	-1.607654946e-07
555	-1.60444192749e-07
556	-1.5970039613e-07
557	-1.58766906298e-07
558	-1.57193406809e-07
559	-1.55318104117e-07
560	-1.53473302614e-07
561	-1.52848988177e-07
562	-1.52305929041e-07
563	-1.51551357672e-07
564	-1.50861427576e-07
565	-1.50239943695e-07
566	-1.49661707349e-07
567	-1.49126234562e-07
568	-1.48654435037e-07
569	-1.48273325774e-07
570	-1.4800117794e-07
571	-1.47843822946e-07
572	-1.48278438148e-07
573	-1.49096048201e-07
574	-1.49965342189e-07
575	-1.50973714283e-07
576	-1.52246365643e-07
577	-1.53550202875e-07
578	-1.54851954351e-07
579	-1.55653279765e-07
580	-1.56231655087e-07
581	-1.56847911646e-07
582	-1.57588366888e-07
583	-1.58459605681e-07
584	-1.59470962223e-07
585	-1.60925710539e-07
586	-1.62207704884e-07
587	-1.63497402144e-07
588	-1.65075970249e-07
589	-1.66447796075e-07
590	-1.67553052416e-07
591	-1.68547354e-07
592	-1.70028427164e-07
593	-1.710916531e-07
594	-1.72077509326e-07
595	-1.73175614182e-07
596	-1.74441865538e-07
597	-1.75277535568e-07
598	-1.76100483192e-07
599	-1.7706808969e-07
600	-1.78170323403e-07
601	-1.79361073253e-07
602	-1.80619473857e-07
603	-1.82136701901e-07
604	-1.83780550271e-07
605	-1.85183976159e-07
606	-1.86424998011e-07
607	-1.8793244282e-07
608	-1.89563678976e-07
609	-1.90843111448e-07
610	-1.91860453345e-07
611	-1.92721551566e-07
612	-1.93526132138e-07
613	-1.94151993878e-07
614	-1.94597018641e-07
615	-1.94888926786e-07
616	-1.94998234746e-07
617	-1.94911729973e-07
618	-1.93928894253e-07
619	-1.98688432754e-07
620	-2.02781963055e-07
621	-2.07264635358e-07
622	-2.10794089694e-07
623	-2.14073420388e-07
624	-2.07390212628e-07
625	-2.08136348476e-07
626	-2.08504560901e-07
627	-2.0884664601e-07
628	-2.09201453816e-07
629	-2.12545033156e-07
630	-2.13915926193e-07
631	-2.14316908248e-07
632	-2.1445770972e-07
633	-2.14658752369e-07
634	-2.14965793928e-07
635	-2.15310441502e-07
636	-2.15607855106e-07
637	-2.15742543205e-07
638	-2.15850150762e-07
639	-2.15932049043e-07
640	-2.1571251967e-07
641	-2.15989358268e-07
642	-2.15888778054e-07
643	-2.15699227637e-07
644	-1.77926627218e-07
645	-1.74822967296e-07
646	-1.75589446013e-07
647	-1.75131332676e-07
648	-1.74373299975e-07
649	-1.73601080981e-07
650	-1.72886824951e-07
651	-1.72192151065e-07
652	-1.71483245581e-07
653	-1.70715025793e-07
654	-1.69733006047e-07
655	-1.68937554191e-07
656	-1.68720355894e-07
657	-1.68215494763e-07
658	-1.67586017119e-07
659	-1.66932361846e-07
660	-1.64687989888e-07
661	-1.64355618617e-07
662	-1.63590799749e-07
663	-1.62665792235e-07
664	-1.61688974098e-07
665	-1.62108851456e-07
666	-1.60403902614e-07
667	-1.58914833863e-07
668	-1.57495445004e-07
669	-1.55922968226e-07
670	-1.54139024483e-07
671	-1.52121477037e-07
672	-1.4995342079e-07
673	-1.47677663443e-07
674	-1.45343084227e-07
675	-1.35908385286e-07
676	-1.34185427497e-07
677	-1.31761633678e-07
678	-1.2911905966e-07
679	-1.2650683183e-07
680	-1.23986146116e-07
681	-1.21555509526e-07
682	-1.19186986647e-07
683	-1.1694174859e-07
684	-1.14789973922e-07
685	-1.12675605879e-07
686	-9.44605480629e-08
687	-1.09461602251e-07
688	-1.07943644746e-07
689	-1.01397347613e-07
690	-1.01390037984e-07
691	-1.08859510413e-07
692	-1.00227367312e-07
693	-9.79046749007e-08
694	3.79212232962e-07
695	5.20266197586e-07
696	-1.54312231218e-07
697	-1.18456708281e-07
698	2.3239356777e-07
699	3.45108455371e-07
700	3.24142604157e-07
701	2.46381041884e-07
702	2.80605641358e-07
703	3.25773425197e-07
704	3.45799982587e-07
705	3.30100649058e-07
706	5.21507903184e-07
707	3.51251789911e-07
708	3.43584424084e-07
709	5.19381824056e-07
710	3.7254933143e-07
711	2.99111943904e-07
712	2.59863111501e-07
713	3.39732789681e-07
714	8.29854983295e-08
715	2.53130234034e-07
716	5.06024051633e-07
717	5.94860300585e-07
718	2.67257587265e-07
719	2.34562891344e-07
720	4.76895833174e-07
721	4.78227843968e-07
722	6.06080110541e-07
723	3.60164743548e-07
724	2.41197257965e-07
725	4.76026157988e-07
726	3.46903538189e-07
727	2.62843740495e-07
728	4.79444375988e-07
729	3.40100192176e-07
730	2.53761195575e-07
731	4.8880027091e-07
732	3.35898471024e-07
733	2.4654779152e-07
734	9.83091409214e-08
735	2.58097126051e-07
736	2.55300700899e-07
737	3.05319409217e-07
738	2.30525980365e-07
739	4.92616506647e-07
740	5.28380564355e-07
741	3.54255769368e-07
742	2.34442942141e-07
743	2.21749893997e-07
744	2.27281261946e-07
745	1.09591246749e-07
746	2.68063113194e-07
747	2.4426048412e-07
748	2.23452928681e-07
749	2.23175680696e-07
750	2.25695284183e-07
751	4.91502707365e-07
752	5.27758341716e-07
753	5.42251408436e-07
754	2.82319102958e-07
755	2.2453569522e-07
756	1.98169497006e-07
757	1.94327243868e-07
758	2.24746610213e-07
759	2.20868604822e-07
760	2.08842347657e-07
761	2.00951307779e-07
762	2.00204472518e-07
763	2.02615271831e-07
764	2.05934845512e-07
765	2.08358450276e-07
766	2.09029949629e-07
767	2.08238101443e-07
768	1.97336764329e-07
769	1.80400688482e-07
770	1.79736760068e-07
771	1.79908432792e-07
772	1.80276877699e-07
773	1.80718086209e-07
774	1.81044044113e-07
775	1.81217418582e-07
776	1.81219158584e-07
777	1.81115202655e-07
778	1.80983598034e-07
779	1.80885442206e-07
780	1.80852033004e-07
781	1.80895303118e-07
782	1.81014760619e-07
783	1.81209616991e-07
784	1.81461687169e-07
785	1.81730920906e-07
786	1.82028537401e-07
787	1.82356559026e-07
788	1.82707268088e-07
789	1.84988302142e-07
790	1.85527902853e-07
791	1.85870947164e-07
792	1.86198560415e-07
793	1.86505568508e-07
794	1.86833057728e-07
795	1.87178206277e-07
796	1.87575454869e-07
797	1.88034075403e-07
798	1.88557450005e-07
799	1.89148037106e-07
800	1.89820471732e-07
801	1.90559028641e-07
802	1.91341027544e-07
803	1.92147991624e-07
804	1.92688669363e-07
805	1.93530201167e-07
806	1.94405979348e-07
807	1.95299747087e-07
808	1.96243105027e-07
809	1.97262741399e-07
810	1.9842470779e-07
811	1.99839154797e-07
812	2.01753021644e-07
813	2.08660405717e-07
814	2.01086551932e-07
815	1.9938436891e-07
816	2.09394730706e-07
817	2.03713857344e-07
818	2.02677968134e-07
819	1.88660962605e-07
820	2.02016592595e-07
821	2.06739228289e-07
822	2.07530035707e-07
823	2.09419623662e-07
824	2.10866650776e-07
825	2.11956137624e-07
826	2.14525760766e-07
827	2.1718039502e-07
828	2.19377592405e-07
829	2.21081860588e-07
830	2.22359406069e-07
831	2.23344003455e-07
832	2.24131668738e-07
833	2.24789197187e-07
834	2.25362105806e-07
835	2.25890073172e-07
836	2.26405236198e-07
837	2.26965057362e-07
838	2.27572199501e-07
839	2.28221114103e-07
840	2.28911623953e-07
841	2.29642955294e-07
842	2.30409056439e-07
843	2.31197069768e-07
844	2.32007248713e-07
845	2.32823712121e-07
846	2.33636981657e-07
847	2.34444581066e-07
848	2.35247938558e-07
849	2.36051675199e-07
850	2.36863516637e-07
851	2.37691242724e-07
852	2.38539544426e-07
853	2.39410697435e-07
854	2.40299983375e-07
855	2.41191697991e-07
856	2.42075614845e-07
857	2.42948313233e-07
858	2.43796691343e-07
859	2.45092981964e-07
860	2.46037915866e-07
861	2.47103224485e-07
862	2.48048857316e-07
863	2.48867880983e-07
864	2.49517817994e-07
865	2.50044599053e-07
866	2.50515871538e-07
867	2.51012878288e-07
868	2.51589207016e-07
869	2.52258149246e-07
870	2.52994551892e-07
871	2.53790683236e-07
872	2.54594041963e-07
873	2.5534111039e-07
874	2.56002376958e-07
875	2.56576665048e-07
876	2.57094786779e-07
877	2.57573394904e-07
878	2.58024083773e-07
879	2.58461417229e-07
880	2.58897371945e-07
881	2.59334690803e-07
882	2.59768122714e-07
883	2.60186346166e-07
884	2.60575356996e-07
885	2.60926265697e-07
886	2.61235050085e-07
887	2.61504122036e-07
888	2.6174276487e-07
889	2.61964817362e-07
890	2.62184662977e-07
891	2.62415836846e-07
892	2.62669338508e-07
893	2.62952494685e-07
894	2.63266096477e-07
895	2.6360445663e-07
896	2.63276689693e-07
897	2.63773052483e-07
898	2.64178863925e-07
899	2.64511304052e-07
900	2.64815771766e-07
901	2.65076319472e-07
902	2.65311637104e-07
903	2.65522591896e-07
904	2.65728155445e-07
905	2.65944159364e-07
906	2.6618135429e-07
907	2.67059144513e-07
908	2.6720959172e-07
909	2.67439970474e-07
910	2.67698267572e-07
911	2.67920028625e-07
912	2.68113918105e-07
913	2.68266391104e-07
914	2.68382193984e-07
915	2.68467291452e-07
916	2.68535501301e-07
917	2.68601357007e-07
918	2.6868063014e-07
919	2.68784711144e-07
920	2.68916792665e-07
921	2.69070383201e-07
922	2.69230227643e-07
923	2.6937633477e-07
924	2.69490279459e-07
925	2.69560802767e-07
926	2.69585009565e-07
927	2.69566579033e-07
928	2.69513341261e-07
929	2.69433673691e-07
930	2.69333486983e-07
931	2.69214139698e-07
932	2.69071794421e-07
933	2.68898355098e-07
934	2.68684469756e-07
935	2.68423497653e-07
936	2.68114450041e-07
937	2.67762619534e-07
938	2.67377560527e-07
939	2.66970332391e-07
940	2.66551294199e-07
941	2.6613197735e-07
942	2.66092423461e-07
943	2.65416400143e-07
944	2.70915373507e-07
945	2.68997848308e-07
946	2.67340546575e-07
947	2.68678399712e-07
948	2.69666060549e-07
949	2.7053137311e-07
950	2.72032135964e-07
951	2.73201335932e-07
952	2.73610817622e-07
953	2.7356202429e-07
954	2.73169916019e-07
955	2.72668479316e-07
956	2.72156748144e-07
957	2.71709180054e-07
958	2.71328059297e-07
959	2.70991467754e-07
960	2.7065667193e-07
961	2.70283873097e-07
962	2.69843279625e-07
963	2.69321952878e-07
964	2.68722521204e-07
965	2.68060758101e-07
966	2.67358985669e-07
967	2.66640073267e-07
968	2.65923640365e-07
969	2.65222292168e-07
970	2.64540087678e-07
971	2.63872992955e-07
972	2.63210641155e-07
973	2.62540663788e-07
974	2.61852543869e-07
975	2.61140479834e-07
976	2.60404805183e-07
977	2.59650844489e-07
978	2.58886051451e-07
979	2.58118211425e-07
980	2.57352391264e-07
981	2.56589685578e-07
982	2.55827327052e-07
983	2.4943783334e-07
984	2.49457975694e-07
985	2.49205466856e-07
986	2.48623990874e-07
987	2.47829479206e-07
988	2.46872768484e-07
989	2.45845190509e-07
990	2.44814606886e-07
991	2.4383760829e-07
992	2.42941759399e-07
993	2.42130388342e-07
994	2.41385686166e-07
995	2.40689132024e-07
996	2.4001322998e-07
997	2.39332426443e-07
998	2.38632521819e-07
999	2.37908640494e-07
1000	2.37161600593e-07
1001	2.36394753368e-07
1002	2.35612295546e-07
1003	1.85179473048e-07
1004	1.48253376486e-07
1005	1.30196375087e-07
1006	1.2552593969e-07
1007	1.84090010607e-07
1008	1.34506206781e-07
1009	1.35294825085e-07
1010	1.30981871871e-07
1011	1.26779644604e-07
1012	1.35804800635e-07
1013	1.21411584172e-07
1014	1.35989192877e-07
1015	1.20925552267e-07
1016	1.20171882576e-07
1017	1.22760589061e-07
1018	1.80415023511e-07
1019	1.3009800829e-07
1020	1.33208137399e-07
1021	1.26201606576e-07
1022	1.20046826447e-07
1023	1.31979843134e-07
1024	1.99622836462e-07
1025	1.28815320645e-07
1026	1.25489485839e-07
1027	1.22706238383e-07
1028	2.00911231604e-07
1029	1.27556486627e-07
1030	1.21892506424e-07
1031	1.19392333416e-07
1032	1.93226309984e-07
1033	1.21625017251e-07
1034	1.95915277797e-07
1035	1.28982691756e-07
1036	1.24180744555e-07
1037	1.18252495857e-07
1038	1.87292280691e-07
1039	1.1453085819e-07
1040	2.0022093921e-07
1041	1.23206895041e-07
1042	1.14974563779e-07
1043	1.82901066687e-07
1044	1.11986325878e-07
1045	1.97273438549e-07
1046	1.2067650398e-07
1047	1.13786389545e-07
1048	1.79394056047e-07
1049	1.08272271481e-07
1050	1.90282130749e-07
1051	1.14437235683e-07
1052	2.0103020039e-07
1053	1.19319151949e-07
1054	1.87876723107e-07
1055	1.14806879836e-07
1056	1.82932173978e-07
1057	1.14458482473e-07
1058	1.79136837736e-07
1059	1.1090790183e-07
1060	1.86695168324e-07
1061	1.07569009649e-07
1062	1.82787246761e-07
1063	1.04611588079e-07
1064	1.79507455564e-07
1065	5.60582178233e-08
1066	1.7806731942e-07
1067	1.14492950468e-07
1068	1.55913475631e-07
1069	1.0060092898e-07
1070	1.72014743579e-07
1071	5.53064798964e-08
1072	1.76975294011e-07
1073	1.12482520191e-07
1074	1.52934770598e-07
1075	5.12796195842e-08
1076	1.64650098372e-07
1077	4.63524356668e-08
1078	1.7087416762e-07
1079	5.15179179713e-08
1080	1.69544032433e-07
1081	4.87935145802e-08
1082	1.65095353426e-07
1083	4.21470075696e-08
1084	1.62721741596e-07
1085	4.36543000711e-08
1086	1.60923948092e-07
1087	4.52939538216e-08
1088	1.58657366939e-07
1089	1.31622805506e-07
1090	5.39418601127e-08
1091	1.30903970288e-07
1092	1.11712618278e-07
1093	1.35877056319e-07
1094	1.91194553034e-07
1095	1.77820167305e-07
1096	1.57512789944e-07
1097	1.45267769315e-07
1098	9.57979205117e-08
1099	5.18802488153e-08
1100	2.54626497884e-08
1101	4.43614668307e-08
1102	4.51862004995e-08
1103	4.78792802736e-08
1104	5.1681509592e-08
1105	3.14369641429e-08
1106	2.47369553324e-08
1107	4.27929318483e-08
1108	7.72906871021e-08
1109	8.44059699939e-08
1110	1.03851734526e-07
1111	1.14964250209e-07
1112	1.2230702969e-07
1113	8.61428637637e-08
1114	1.29734253449e-07
1115	8.28416739843e-08
1116	1.23697802052e-07
1117	1.23327182171e-07
1118	1.28461563995e-07
1119	1.24513157442e-07
1120	1.1546553044e-07
1121	1.08258973916e-07
1122	1.00817344046e-07
1123	9.35510278487e-08
1124	8.68390267428e-08
1125	8.08887214676e-08
1126	7.59405376033e-08
1127	7.2214299593e-08
1128	6.99072378274e-08
1129	6.91181792673e-08
1130	6.98749759228e-08
1131	7.1947099245e-08
1132	7.53549381882e-08
1133	7.95082069069e-08
1134	8.40832208406e-08
1135	8.87560215306e-08
1136	9.31903552578e-08
1137	9.99986737834e-08
1138	1.03221808427e-07
1139	1.05526360388e-07
1140	1.06724557826e-07
1141	1.06724379698e-07
1142	1.05538088938e-07
1143	1.03230243394e-07
1144	9.99010737832e-08
1145	9.56738245738e-08
1146	9.06937243497e-08
1147	8.24327582389e-08
1148	7.64283180037e-08
1149	7.0121663603e-08
1150	6.37699767955e-08
1151	5.7605917289e-08
1152	5.2170685114e-08
1153	4.65596584516e-08
1154	4.16790766417e-08
1155	3.44904070546e-08
1156	3.10946401583e-08
1157	2.86375319849e-08
1158	2.70868452825e-08
1159	2.63391015389e-08
1160	2.62521693194e-08
1161	2.66783569835e-08
1162	2.74739479205e-08
1163	2.8504909185e-08
1164	2.96472496143e-08
1165	3.07855971458e-08
1166	3.18133846127e-08
1167	3.26329179034e-08
1168	3.31597774794e-08
1169	3.33201982606e-08
1170	3.30594616695e-08
1171	3.23460236188e-08
1172	3.11643606981e-08
1173	2.95167586967e-08
1174	2.76463734381e-08
1175	2.51283775513e-08
1176	1.15557043845e-08
1177	7.2628667222e-09
1178	2.96166384936e-09
1179	-8.62831371171e-10
1180	3.37689728374e-08
1181	5.7115408343e-09
1182	5.63235138773e-09
1183	5.29622111599e-09
1184	4.48231115415e-09
1185	3.00461246762e-09
1186	7.74963293482e-10
1187	-2.15801824705e-09
1188	3.21617065947e-08
1189	3.85336587969e-09
1190	2.78067956524e-09
1191	1.1096644793e-09
1192	-1.29990897813e-09
1193	3.17435625242e-08
1194	5.31806963797e-09
1195	2.36536643496e-09
1196	8.08065593394e-10
1197	3.24846717554e-08
1198	4.99412038596e-09
1199	2.44271910395e-09
1200	-1.44715758728e-09
1201	3.0506998794e-08
1202	4.90444386829e-10
1203	3.15187051663e-08
1204	4.32073543351e-09
1205	1.36930910204e-09
1206	-3.14586621511e-09
1207	2.8518659303e-08
1208	-3.18183172518e-09
1209	2.86054591359e-08
1210	-1.63521174064e-09
1211	2.92597143434e-08
1212	1.08178878876e-09
1213	-2.83964515133e-09
1214	2.76794930032e-08
1215	-3.3694657808e-09
1216	2.72067429569e-08
1217	-3.65657386289e-09
1218	2.68435546159e-08
1219	-3.78775507372e-09
1220	2.65019661996e-08
1221	2.85483415661e-08
1222	1.66936315125e-09
1223	-3.33470816858e-09
1224	2.54032360092e-08
1225	2.66550227657e-08
1226	-3.00968229418e-09
1227	2.53633902717e-08
1228	2.66755917562e-08
1229	-2.08221096092e-09
1230	2.53861379003e-08
1231	2.67631989569e-08
1232	-1.94164148665e-09
1233	2.4792875585e-08
1234	2.57938571923e-08
1235	-4.11043181497e-09
1236	2.31898326635e-08
1237	2.39246375725e-08
1238	2.50934027349e-08
1239	-4.43069528541e-09
1240	2.27269122001e-08
1241	2.3448971644e-08
1242	2.44885658564e-08
1243	2.55477150863e-08
1244	-3.13586484767e-09
1245	2.25332664134e-08
1246	2.3013895134e-08
1247	2.35400128965e-08
1248	2.39350290889e-08
1249	2.44700798359e-08
1250	-5.17511757026e-09
1251	2.07208660318e-08
1252	2.10449185415e-08
1253	2.13674837578e-08
1254	2.17863237366e-08
1255	2.25192890544e-08
1256	2.30207362402e-08
1257	2.35961594728e-08
1258	2.39623336785e-08
1259	2.40837765045e-08
1260	-5.96677790501e-09
1261	1.92320703116e-08
1262	1.90522562485e-08
1263	1.88548860559e-08
1264	1.89667338865e-08
1265	1.93010071235e-08
1266	1.97925501437e-08
1267	2.03485033115e-08
1268	2.08561847195e-08
1269	2.1102931724e-08
1270	2.14003935896e-08
1271	2.13965455372e-08
1272	2.11139794393e-08
1273	2.06160559191e-08
1274	2.00809844523e-08
1275	1.92500921926e-08
1276	1.84832919865e-08
1277	1.78239537064e-08
1278	1.72830479224e-08
1279	1.68477172327e-08
1280	1.64984390954e-08
1281	1.62169901337e-08
1282	1.59879835723e-08
1283	1.57968565852e-08
1284	1.56287686605e-08
1285	1.54676644573e-08
1286	1.52973991808e-08
1287	1.51039320671e-08
1288	1.48775536113e-08
1289	1.46144724816e-08
1290	1.44514443264e-08
1291	1.42185435669e-08
1292	-3.84407880001e-10
1293	1.7952551059e-08
1294	1.80490586197e-08
1295	1.71808277309e-08
1296	1.58084180938e-08
1297	1.43086910928e-08
1298	1.29128987981e-08
1299	-2.16771754302e-09
1300	1.51159261326e-08
1301	1.48564629487e-08
1302	1.38776624784e-08
1303	-6.70222887326e-10
1304	1.57556584417e-08
1305	1.51449573071e-08
1306	1.38737993598e-08
1307	1.23633095912e-08
1308	-2.93302363334e-09
1309	1.39201321942e-08
1310	2.04640146494e-09
1311	1.66760201172e-08
1312	1.56201369919e-08
1313	2.47737143405e-09
1314	1.59887127327e-08
1315	3.62128622342e-09
1316	1.64699436206e-08
1317	1.46236017221e-08
1318	-1.7011730419e-10
1319	1.40092470395e-08
1320	-1.27886322659e-10
1321	1.43877008683e-08
1322	3.63557336109e-10
1323	1.47624255802e-08
1324	1.3136530206e-08
1325	-2.8140708405e-09
1326	1.27722470897e-08
1327	-1.90585106413e-09
1328	1.35565342975e-08
1329	1.23009428294e-08
1330	-4.11868924133e-09
1331	1.2262891361e-08
1332	-2.84937182984e-09
1333	1.31917070238e-08
1334	1.2032106666e-08
1335	-5.1099640972e-09
1336	1.19198121177e-08
1337	-4.14059494426e-09
1338	1.27334911946e-08
1339	-3.27931158855e-09
1340	1.32431079429e-08
1341	1.19054895026e-08
1342	-6.68040238539e-09
1343	1.13369033435e-08
1344	-6.28511182706e-09
1345	1.1903874918e-08
1346	-5.51502705279e-09
1347	1.23447119622e-08
1348	-4.93463557653e-09
1349	1.24131841416e-08
1350	-4.84718850224e-09
1351	1.21814467369e-08
1352	-5.24407110092e-09
1353	1.17506008764e-08
1354	-5.92420369534e-09
1355	1.12307196944e-08
1356	-6.61391069183e-09
1357	1.07162962142e-08
1358	-7.08909652222e-09
1359	1.02568310178e-08
1360	-7.26114431367e-09
1361	9.85577437546e-09
1362	6.046428282e-08
1363	3.74421322582e-09
1364	-3.32157264272e-08
1365	2.34320334696e-08
1366	3.89903859602e-08
1367	-1.31696788485e-08
1368	4.21993868319e-08
1369	4.39008463319e-08
1370	4.71292284137e-08
1371	7.31240495435e-08
1372	8.59807442479e-08
1373	8.18197792272e-08
1374	5.76260493689e-08
1375	-6.18283794389e-09
1376	-2.39491112639e-08
1377	4.73230243727e-09
1378	3.09409490178e-09
1379	7.55624174814e-09
1380	1.21600717427e-08
1381	-3.73433382752e-09
1382	-1.30835849909e-08
1383	-8.59946342351e-09
1384	-5.97845376591e-09
1385	5.08158236779e-09
1386	-1.01615573535e-08
1387	2.12778631749e-09
1388	2.58701411171e-10
1389	-1.63509421802e-08
1390	-1.26311279997e-08
1391	3.56372286327e-09
1392	-1.317843399e-08
1393	-9.90852824139e-09
1394	-7.82325968654e-09
1395	-6.42282152457e-09
1396	4.63002503667e-09
1397	-1.11641631666e-08
1398	-1.1526397328e-08
1399	-1.2293140046e-08
1400	-1.28851540772e-08
1401	-1.3215596076e-08
1402	-1.32395374437e-08
1403	-1.29639531717e-08
1404	-1.24481098471e-08
1405	-1.15307429591e-08
1406	-1.05326420113e-08
1407	-9.94201489442e-09
1408	-8.83570468369e-09
1409	3.66570244365e-09
1410	-1.22883982315e-08
1411	-1.10309753422e-08
1412	-1.01307762176e-08
1413	-9.31578037273e-09
1414	-8.67125586905e-09
1415	-1.61447895735e-08
1416	1.66301482909e-09
1417	-1.32001163001e-08
1418	-1.43956267288e-08
1419	-1.45866076002e-08
1420	-1.34964322737e-08
1421	-1.21901155149e-08
1422	-1.08728397421e-08
1423	-9.70876753845e-09
1424	-8.80456483779e-09
1425	-1.53694234883e-08
1426	1.38295167917e-09
1427	-1.30456612436e-08
1428	-1.39380214132e-08
1429	-1.35404053359e-08
1430	-1.26410457643e-08
1431	-1.16151696706e-08
1432	-1.05639313897e-08
1433	-9.60066155185e-09
1434	-1.57859612099e-08
1435	-1.58086179922e-08
1436	-1.67817722495e-08
1437	-1.73288155378e-08
1438	-1.65546080881e-08
1439	-1.51818330659e-08
1440	-1.36494697616e-08
1441	-1.20888678588e-08
1442	3.27859659822e-08
1443	-1.39860713115e-08
1444	2.56302963304e-08
1445	2.18998619149e-08
1446	2.14753093198e-08
1447	2.10247100743e-08
1448	2.04037627237e-08
1449	1.97654207793e-08
1450	-8.50253970002e-10
1451	-2.30071749545e-08
1452	-2.137884322e-08
1453	2.92967154259e-08
1454	-1.61735334005e-08
1455	2.52720841865e-08
1456	2.63234119724e-08
1457	2.78474133737e-08
1458	2.89943941722e-08
1459	2.91540654975e-08
1460	2.85347459932e-08
1461	2.75531758262e-08
1462	2.65999777026e-08
1463	2.59228951865e-08
1464	2.56118568645e-08
1465	2.56284300437e-08
1466	2.5895861952e-08
1467	2.63846779296e-08
1468	2.69626664803e-08
1469	2.75458802754e-08
1470	2.80854905963e-08
1471	2.85590736054e-08
1472	2.89305525089e-08
1473	2.9178075342e-08
1474	2.93100692037e-08
1475	2.93467474026e-08
1476	2.93127546454e-08
1477	2.92342591309e-08
1478	2.91366981903e-08
1479	2.92699606743e-08
1480	2.93948313899e-08
1481	2.94988625634e-08
1482	2.76529058513e-08
1483	2.74572776383e-08
1484	2.93851720515e-08
1485	2.66871934205e-08
1486	2.66733549139e-08
1487	2.67460703725e-08
1488	2.69175007061e-08
1489	2.71652410523e-08
1490	2.7461385514e-08
1491	2.77783337359e-08
1492	2.80921952423e-08
1493	2.83855691432e-08
1494	2.86481699922e-08
1495	2.88765444599e-08
1496	2.91373840762e-08
1497	2.93328129495e-08
1498	3.24841861753e-08
1499	3.21514153745e-08
1500	3.33151077272e-08
1501	3.36377454828e-08
1502	3.38984982016e-08
1503	3.4110582171e-08
1504	3.42945484406e-08
1505	3.44727004513e-08
1506	3.46604982166e-08
1507	3.48639222893e-08
1508	3.50802462741e-08
1509	3.44191576827e-08
1510	3.54756712545e-08
1511	3.4793856697e-08
1512	-1.29634783699e-08
1513	3.39558424165e-08
1514	3.48503831713e-08
1515	3.38947204809e-08
1516	3.42108068965e-08
1517	3.46081301566e-08
1518	-1.56252786221e-08
1519	3.7133768701e-08
1520	3.46249515297e-08
1521	3.44774603961e-08
1522	3.47276189708e-08
1523	-1.3388602311e-08
1524	3.71433041896e-08
1525	3.44808461746e-08
1526	3.41694651009e-08
1527	3.42518523571e-08
1528	-1.28307668968e-08
1529	3.55952036994e-08
1530	3.36320798667e-08
1531	3.33012090095e-08
1532	3.33534226596e-08
1533	-1.38952542177e-08
1534	3.44930794994e-08
1535	3.25476672121e-08
1536	3.22562077919e-08
1537	3.23411407318e-08
1538	-1.4141034262e-08
1539	3.33183930905e-08
1540	3.15393362003e-08
1541	3.13635300338e-08
1542	3.15166367788e-08
1543	-1.35427880765e-08
1544	3.2263706596e-08
1545	3.06430120121e-08
1546	3.05259886743e-08
1547	3.06898596125e-08
1548	-1.33986736586e-08
1549	3.12002174256e-08
1550	2.97204054393e-08
1551	2.96750129554e-08
1552	2.98815543068e-08
1553	-1.35888491662e-08
1554	3.03157448607e-08
1555	2.89432787703e-08
1556	2.89518159359e-08
1557	2.91732052289e-08
1558	-1.37148882617e-08
1559	2.94370349025e-08
1560	2.80656389263e-08
1561	2.80423287485e-08
1562	2.82159422204e-08
1563	-1.38547336071e-08
1564	2.80443262106e-08
1565	2.66719410362e-08
1566	2.66048771903e-08
1567	2.67369222506e-08
1568	-1.42718685565e-08
1569	2.58931136137e-08
1570	2.4655780762e-08
1571	2.46775186681e-08
1572	5.58939812655e-08
1573	-6.70941544773e-08
1574	-3.71741411268e-08
1575	2.41367373095e-08
1576	4.49184316599e-08
1577	-2.53764098934e-08
1578	1.86936423208e-08
1579	3.340250559e-08
1580	-3.99171432408e-08
1581	1.33489876225e-08
1582	2.40301837051e-08
1583	3.38838088031e-08
1584	4.34578739183e-08
1585	6.23247466701e-08
1586	5.392751118e-08
1587	6.14235651653e-08
1588	3.74540904983e-08
1589	-3.57619426107e-09
1590	-3.60732567872e-08
1591	-5.46813461882e-08
1592	-2.18903497997e-08
1593	-1.43346215357e-08
1594	-1.05743436046e-08
1595	2.16251102459e-08
1596	1.53879959678e-08
1597	1.28244448427e-08
1598	1.27428989544e-08
1599	1.26641333408e-08
1600	1.2961343599e-08
1601	1.36461438948e-08
1602	-2.1726731561e-08
1603	1.45671222339e-08
1604	1.37344428014e-08
1605	1.50466346672e-08
1606	1.593029669e-08
1607	-1.32920333582e-08
1608	1.43539512006e-08
1609	1.44825787859e-08
1610	-9.90242883999e-09
1611	1.89483942905e-08
1612	-2.11968471837e-08
1613	2.13791650959e-08
1614	-3.75339920014e-08
1615	1.99905968898e-08
1616	3.75644352316e-09
1617	2.01965598307e-08
1618	-3.39497091145e-08
1619	2.30885408015e-08
1620	-3.61151019645e-08
1621	2.34316240163e-08
1622	-3.61519706345e-08
1623	2.37545932156e-08
1624	-3.42908064238e-08
1625	2.3887235051e-08
1626	-3.10291921425e-08
1627	2.72498363487e-08
1628	-2.68319506285e-08
1629	2.83252452595e-08
1630	-2.2841910396e-08
1631	2.92440390366e-08
1632	-1.97246554644e-08
1633	2.74510873501e-08
1634	-1.75045751515e-08
1635	2.87275864711e-08
1636	-1.20451473029e-08
1637	3.04012078498e-08
1638	-1.13628908338e-08
1639	3.05888939778e-08
1640	-1.1362929895e-08
1641	3.05779341401e-08
1642	-1.14156831377e-08
1643	3.0504328992e-08
1644	-1.10691097165e-08
1645	2.94269697072e-08
1646	-1.02419664186e-08
1647	2.70029568092e-08
1648	-9.14516404819e-09
1649	2.54596951698e-08
1650	-7.73262753339e-09
1651	2.44185543034e-08
1652	-5.776280585e-09
1653	2.32724818614e-08
1654	-5.16731384664e-09
1655	2.27014866006e-08
1656	-4.89511388511e-09
1657	2.23281328996e-08
1658	-4.8696017085e-09
1659	2.21524808419e-08
1660	-2.17957125199e-09
1661	2.29432570425e-08
1662	-2.09838761451e-09
1663	2.35147624617e-08
1664	-1.99129603512e-09
1665	2.09185140354e-08
1666	-1.26236799347e-09
1667	2.09342687082e-08
1668	-2.28518315955e-10
1669	2.04491732916e-08
1670	1.3629793277e-09
1671	1.94728715339e-08
1672	3.34484338932e-09
1673	-5.77616663359e-09
1674	2.34866842707e-08
1675	1.06152782793e-10
1676	-6.80283928722e-09
1677	2.16785625733e-08
1678	-2.10545804522e-10
1679	-7.25681407203e-09
1680	-1.37248392756e-08
1681	3.08861800202e-08
1682	-3.65401308659e-09
1683	-1.12742323044e-08
1684	-1.86982911714e-08
1685	3.14404577322e-08
1686	-4.4633071793e-09
1687	-1.39270474695e-08
1688	2.18180968803e-08
1689	-9.15378548842e-10
1690	-4.7049242999e-09
1691	2.23320191331e-08
1692	4.87323204024e-09
1693	-1.29464584487e-09
1694	2.21335610616e-08
1695	1.11853479146e-08
1696	8.22372701989e-09
1697	7.05172277081e-09
1698	6.7833307613e-09
1699	6.02453086789e-09
1700	4.38299720214e-09
1701	1.7807492477e-09
1702	-1.69992090217e-09
1703	-6.10842547904e-09
1704	-1.10632714915e-08
1705	-1.67332828223e-08
1706	-2.30938289639e-08
1707	-3.03649927496e-08
1708	-1.63305086553e-09
1709	-6.6534442979e-09
1710	-6.87254687616e-09
1711	-1.43713849102e-08
1712	-1.73262708995e-08
1713	-1.67866114564e-08
1714	-1.75714179893e-08
1715	-1.88966986338e-08
1716	-2.03506963236e-08
1717	-2.13128103231e-08
1718	-2.14171881163e-08
1719	-2.07246292768e-08
1720	-1.91693291774e-08
1721	-9.42671479369e-09
1722	-1.40634129103e-08
1723	1.35248819321e-08
1724	6.30155877566e-09
1725	9.03800997599e-09
1726	1.25164424189e-08
1727	1.54280060492e-08
1728	1.79650539316e-08
1729	2.2390915017e-08
1730	3.05721889476e-08
1731	3.42920383115e-08
1732	3.46574263506e-08
1733	3.48791216307e-08
1734	3.77492997364e-08
1735	4.39802147757e-08
1736	4.78910429981e-08
1737	4.95087134167e-08
1738	5.4114860968e-08
1739	5.45632797839e-08
1740	3.66875682613e-08
1741	3.42330863905e-08
1742	4.08987273401e-08
1743	6.35286692387e-08
1744	2.06120235077e-08
1745	5.80700779802e-08
1746	3.3148759082e-08
1747	5.10370036698e-08
1748	1.8080196195e-08
1749	4.7625755098e-08
1750	2.05479328388e-08
1751	4.91136960577e-08
1752	4.92478859315e-08
1753	6.53167088375e-08
1754	6.42416898337e-08
1755	7.65592235967e-08
1756	3.8985962915e-08
1757	9.05292838593e-08
1758	4.53231508881e-08
1759	7.43211137647e-08
1760	4.54677272639e-08
1761	6.64766688672e-08
1762	4.34717461663e-08
1763	6.09470490159e-08
1764	3.89110515691e-08
1765	5.45672137595e-08
1766	4.46199202444e-08
1767	7.11328495171e-08
1768	3.22197362926e-08
1769	7.18317814066e-08
1770	5.49680419795e-08
1771	6.64831482912e-08
1772	3.77828817625e-08
1773	7.48233953289e-08
1774	5.03989255064e-08
1775	7.92381630604e-08
1776	4.02593595002e-08
1777	5.98976609852e-08
1778	5.3034425772e-08
1779	7.81980168595e-08
1780	4.02376379294e-08
1781	5.57825558249e-08
1782	5.92462449795e-08
1783	5.47335555083e-08
1784	5.99343040942e-08
1785	6.16629920637e-08
1786	4.4173168755e-08
1787	5.88490549066e-08
1788	5.86601035082e-08
1789	3.63292424954e-08
1790	5.72512880302e-08
1791	5.72283244516e-08
1792	3.71233555282e-08
1793	5.59852419518e-08
1794	5.82857421249e-08
1795	5.60001881615e-08
1796	5.60365780656e-08
1797	5.77182266052e-08
1798	8.102892079e-08
1799	6.21055192628e-08
1800	6.15511258314e-08
1801	6.23180874265e-08
1802	6.37802980241e-08
1803	4.74039303873e-08
1804	5.85417313328e-08
1805	5.78999007868e-08
1806	5.90101232976e-08
1807	6.09242133962e-08
1808	6.31576586042e-08
1809	6.55316516999e-08
1810	5.08038613105e-08
1811	6.28627749812e-08
1812	6.06084501823e-08
1813	6.06702204547e-08
1814	6.18202169091e-08
1815	6.3303201963e-08
1816	6.48689577262e-08
1817	6.64200702992e-08
1818	6.78880814166e-08
1819	6.92122623373e-08
1820	7.0361890686e-08
1821	7.13476992033e-08
1822	7.22069069523e-08
1823	7.29781982325e-08
1824	7.36848835753e-08
1825	7.43336192862e-08
1826	7.49224998362e-08
1827	7.5448884739e-08
1828	7.59123874877e-08
1829	7.63131115329e-08
1830	7.66477921327e-08
1831	7.69067142898e-08
1832	7.70735363707e-08
1833	7.71281866225e-08
1834	4.95430894981e-08
1835	7.09077875941e-08
1836	5.9841035675e-08
1837	7.64101386341e-08
1838	7.64765807141e-08
1839	7.62548790894e-08
1840	7.56173831708e-08
1841	7.45805537917e-08
1842	7.32725986695e-08
1843	7.18325309573e-08
1844	7.03436666359e-08
1845	6.88391043593e-08
1846	6.73360775307e-08
1847	6.58564917693e-08
1848	6.44285551156e-08
1849	6.30802387434e-08
1850	6.18326884509e-08
1851	6.06967702041e-08
1852	5.96729047773e-08
1853	5.87528684441e-08
1854	5.79225589546e-08
1855	5.71647632184e-08
1856	5.64614284607e-08
1857	5.57952103474e-08
1858	5.51508160412e-08
1859	5.45157755449e-08
1860	5.38805920769e-08
1861	5.3239018422e-08
1862	5.25878306855e-08
1863	5.19265137512e-08
1864	5.12567963383e-08
1865	5.05820309436e-08
1866	4.99066126596e-08
1867	4.92354348677e-08
1868	4.85732751591e-08
1869	4.79244016744e-08
1870	4.72922474432e-08
1871	4.66790582756e-08
1872	4.60859524349e-08
1873	4.55128117649e-08
1874	4.49584371657e-08
1875	4.44206653181e-08
1876	4.38964802994e-08
1877	4.33824030859e-08
1878	4.28743924566e-08
1879	4.23679250365e-08
1880	4.18585342176e-08
1881	4.13415612672e-08
1882	4.08127211734e-08
1883	4.02680180298e-08
1884	3.97039042472e-08
1885	3.91173067473e-08
1886	3.85057010125e-08
1887	3.7867184087e-08
1888	3.7200473819e-08
1889	3.65048492598e-08
1890	3.5780089709e-08
1891	3.50263920224e-08
1892	3.42442424824e-08
1893	3.34343347254e-08
1894	3.25974371597e-08
1895	3.17342985258e-08
1896	3.08455940851e-08
1897	2.99317318649e-08
1898	2.89930566318e-08
1899	2.7634213486e-08
1900	2.57128819875e-08
1901	2.46473211602e-08
1902	2.36745655584e-08
1903	2.27533973537e-08
1904	2.18639261876e-08
1905	2.09871185312e-08
1906	2.00998427061e-08
1907	1.91779758744e-08
1908	1.76752344829e-08
1909	1.58338074151e-08
1910	1.46781902567e-08
1911	1.35636734124e-08
1912	1.24522343564e-08
1913	1.07782470077e-08
1914	8.89086919704e-09
1915	7.70093513761e-09
1916	6.58912033175e-09
1917	5.50407956198e-09
1918	3.81456699684e-09
1919	2.02540207433e-09
1920	8.10349349121e-10
1921	-9.96925078922e-11
1922	-6.71584106591e-10
1923	-2.45303278902e-09
1924	-3.39206766408e-09
1925	-4.05797878542e-09
1926	-4.59472966182e-09
1927	-5.51930960436e-09
1928	-6.26705753272e-09
1929	-7.2403412395e-09
1930	-8.01625333685e-09
1931	-8.55579744688e-09
1932	-9.41468677458e-09
1933	-1.00981094718e-08
1934	-1.09775121781e-08
1935	-1.16433307756e-08
1936	-1.25773052212e-08
1937	-1.32401981006e-08
1938	-1.36168120665e-08
1939	-1.43710093775e-08
1940	-1.48252708919e-08
1941	-1.54974773364e-08
1942	-1.58152810826e-08
1943	-1.63469974652e-08
1944	-1.64908980415e-08
1945	-1.68555091757e-08
1946	-1.6815547638e-08
1947	-1.67614003311e-08
1948	-1.6915309429e-08
1949	-1.66135047082e-08
1950	-1.64370904615e-08
1951	-1.59548246709e-08
1952	-1.55802467009e-08
1953	-1.52970191672e-08
1954	-1.50266429616e-08
1955	-1.47616911332e-08
1956	-1.44975361881e-08
1957	-1.42302065896e-08
1958	-1.39565176495e-08
1959	-1.36747543496e-08
1960	-1.33851807789e-08
1961	-1.30901502194e-08
1962	-1.27939815193e-08
1963	-1.74126325054e-09
1964	-1.27687063073e-08
1965	-2.18404058341e-08
1966	-1.69087826341e-09
1967	-1.10764305663e-08
1968	-2.0200084237e-08
1969	-6.61574344127e-09
1970	-1.3008165516e-08
1971	-2.30939158779e-08
1972	-5.62194834697e-09
1973	-2.56561724467e-08
1974	-2.49199783686e-08
1975	-7.50723638695e-09
1976	-2.74536894459e-08
1977	-2.06911841647e-08
1978	-6.50100635844e-09
1979	-2.57253874416e-08
1980	-2.6711250686e-08
1981	-9.59157238067e-09
1982	-2.85341321647e-08
1983	-2.29603277088e-08
1984	-9.79720027035e-09
1985	-2.86952141015e-08
1986	-2.98811011663e-08
1987	-1.12363201469e-08
1988	-3.11715252713e-08
1989	-1.00316400391e-08
1990	-3.06126503497e-08
1991	-3.27584453668e-08
1992	-1.46725190022e-08
1993	-3.35448779538e-08
1994	-1.44062951644e-08
1995	-3.49320919987e-08
1996	-1.39891054988e-08
1997	-3.64874792776e-08
1998	-1.41235987611e-08
1999	-3.68258131241e-08
2000	-1.56288144651e-08
2001	4.57606159871e-10
2002	-1.89866617472e-09
2003	-2.18468998153e-08
2004	1.44868152557e-09
2005	-1.26736194222e-08
2006	5.31926229304e-09
2007	-1.54069021386e-08
2008	5.45227361301e-09
2009	-1.44498619177e-08
2010	4.92809386011e-09
2011	-1.45566543437e-08
2012	4.12813038336e-09
2013	-1.52753015053e-08
2014	3.10031123077e-09
2015	-1.63528404408e-08
2016	1.82174219399e-09
2017	-1.78412386361e-08
2018	1.99907504398e-10
2019	-1.98837193491e-08
2020	-1.89784136721e-09
2021	-2.25952441095e-08
2022	-4.58708440387e-09
2023	-2.60389171448e-08
2024	-7.92822687355e-09
2025	-3.1316432532e-08
2026	-1.1010255972e-08
2027	-3.52681783113e-08
2028	-1.56286881256e-08
2029	-4.07562817173e-08
2030	-2.09569028322e-08
2031	-3.48648183426e-09
2032	-7.90442614839e-09
2033	-3.09102159452e-08
2034	-7.42233468833e-09
2035	-3.15812217136e-08
2036	-8.39631180654e-09
2037	-3.27941734069e-08
2038	-9.54389337027e-09
2039	-3.25925236014e-08
2040	-1.19462292511e-08
2041	-3.42641870889e-08
2042	-1.45800365989e-08
2043	-3.80056107416e-08
2044	-2.01471767206e-08
2045	-4.08279112639e-08
2046	-1.92731204623e-08
2047	-4.33469355502e-08
2048	-2.0938926174e-08
2049	-4.63482010952e-08
2050	-2.69482366773e-08
2051	-4.73046799934e-09
2052	-7.65842916097e-09
2053	-2.94609429807e-08
2054	-5.77124508874e-09
2055	-2.91255003987e-08
2056	-5.37268376594e-09
2057	-2.85322638315e-08
2058	-9.86857089034e-09
2059	-2.91338264424e-08
2060	-1.16387287392e-08
2061	-3.06092912191e-08
2062	-1.34644343735e-08
2063	-3.26308331043e-08
2064	-1.57225960481e-08
2065	-3.50625197247e-08
2066	-1.84371152668e-08
2067	-3.79419179265e-08
2068	-1.79988388201e-08
2069	-4.15196909773e-08
2070	-2.39140532269e-08
2071	-4.14905210999e-09
2072	-6.91251941132e-09
2073	-2.81833606079e-08
2074	-6.34007809932e-09
2075	-2.94913394368e-08
2076	-7.37000725013e-09
2077	-3.0720982984e-08
2078	-1.27989767306e-08
2079	-3.30203808128e-08
2080	-1.61035342448e-08
2081	-3.61039277767e-08
2082	-1.96520978069e-08
2083	-3.96000908756e-08
2084	-2.32828819137e-08
2085	-1.81752224674e-08
2086	-1.48340989651e-09
2087	-6.47717103756e-09
2088	1.10087351946e-09
2089	-2.22788886581e-08
2090	-4.67442578203e-09
2091	2.44630134709e-09
2092	-2.42959966107e-08
2093	-7.64613960696e-09
2094	-8.10663283346e-09
2095	-3.09497331139e-08
2096	-1.34635047451e-08
2097	-1.43045264667e-08
2098	1.59314011947e-09
2099	1.81218395677e-09
2100	-2.07850628482e-09
2101	-2.26367454787e-08
2102	-3.92400620972e-09
2103	2.06218537378e-09
2104	-2.3139786231e-08
2105	-7.8695143658e-09
2106	-8.3203280378e-09
2107	-3.05401068606e-08
2108	-1.3782923228e-08
2109	-1.44444568314e-08
2110	7.06253880018e-10
2111	5.03990911253e-12
2112	-2.73488444643e-09
2113	-2.39702097769e-08
2114	-5.22732268814e-09
2115	-5.24075854842e-09
2116	-2.77989653806e-08
2117	-1.04183703607e-08
2118	-1.08563773563e-08
2119	-3.35396999768e-08
2120	-1.68747728216e-08
2121	-1.74839309152e-08
2122	-2.19844999736e-10
2123	-2.37492589405e-09
2124	-5.31008370527e-09
2125	-2.68065180766e-08
2126	-7.9839381448e-09
2127	-8.16582903472e-09
2128	-3.09796844718e-08
2129	-1.35700353594e-08
2130	-1.40971539077e-08
2131	1.14534935433e-09
2132	6.85907310904e-10
2133	-2.1496584115e-09
2134	-2.26326810588e-08
2135	-4.1970314176e-09
2136	-4.1531292773e-09
2137	-2.62252352284e-08
2138	-9.06592837603e-09
2139	-9.45426238436e-09
2140	4.03351002725e-09
2141	2.95641102389e-09
2142	-1.59506806654e-10
2143	7.96194722784e-09
2144	-1.76834860439e-08
2145	-1.48503277938e-09
2146	-2.37100586286e-09
2147	-3.04670977897e-09
2148	-2.46111438692e-08
2149	-1.05677927872e-08
2150	-1.24497569861e-08
2151	-1.41641485735e-08
2152	1.39695504334e-09
2153	-2.5563362289e-10
2154	-4.63535132014e-09
2155	-4.05189226669e-09
2156	3.79845440665e-09
2157	9.25350841785e-09
2158	4.7849771652e-09
2159	5.78625554745e-09
2160	-1.75048437173e-08
2161	8.85270301833e-10
2162	-2.0374450178e-10
2163	-1.15023681746e-09
2164	-2.17078379196e-08
2165	-8.4780620704e-09
2166	-1.02436074878e-08
2167	-1.17584440736e-08
2168	3.65789224471e-09
2169	-7.91954113245e-11
2170	-4.06899276719e-09
2171	-3.4543334324e-09
2172	-2.68801584275e-08
2173	-9.21545585157e-09
2174	-1.060151099e-08
2175	-1.19248506073e-08
2176	1.68379897378e-09
2177	7.30984439076e-10
2178	-2.54788648881e-09
2179	-1.68017856214e-09
2180	6.25722290689e-09
2181	9.2075155186e-09
2182	5.16873109472e-09
2183	6.06186524878e-09
2184	-1.33445635053e-08
2185	4.95056263656e-10
2186	-6.83309539149e-10
2187	-1.55717869806e-09
2188	-2.06729811301e-09
2189	-2.22085728497e-08
2190	-9.03398020637e-09
2191	-1.09346241591e-08
2192	-1.26681610424e-08
2193	-1.42278639758e-08
2194	3.52626274604e-09
2195	-1.9119343606e-09
2196	-6.55692252249e-09
2197	-6.59167763886e-09
2198	-7.24798896234e-09
2199	4.42406147381e-09
2200	2.93624629344e-09
2201	-1.87591384044e-09
2202	-1.81386257094e-09
2203	4.83552486316e-09
2204	7.82035673447e-09
2205	6.99787898447e-09
2206	4.48428492258e-09
2207	4.89857238642e-09
2208	5.04219738164e-09
2209	4.92020287971e-09
2210	4.48929362167e-09
2211	3.73741302445e-09
2212	2.61814431052e-09
2213	1.07312489408e-09
2214	-9.52500224169e-10
2215	4.94002748884e-08
2216	-5.55841397658e-08
2217	-2.8942018596e-08
2218	-3.22779983581e-08
2219	-3.31746319438e-08
2220	3.55901529512e-08
2221	-1.64066548491e-08
2222	-1.20415615311e-07
2223	-3.16469891382e-08
2224	4.13462773268e-08
2225	-8.83623761052e-09
2226	-2.94481719506e-08
2227	4.88128032325e-08
2228	-1.79724391222e-08
