1	0.0219270102941
2	217.966206646
3	209.853579063
4	218.185468993
5	129.986459987
6	99.3095020482
7	166.711900942
8	108.032383832
9	73.4859234869
10	45.6056067511
11	29.369947958
12	31.0804969811
13	17.7125363065
14	17.7938272889
15	13.528262674
16	21.0506605205
17	20.0519095035
18	12.9570852975
19	9.37433887329
20	5.47110692136
21	8.74576296174
22	7.16996592339
23	8.60954887056
24	5.59550809369
25	5.78613716909
26	2.59117387969
27	4.01169178618
28	4.19511364793
29	2.96012935303
30	4.70412582664
31	1.6422593211
32	1.54055667765
33	1.93904257837
34	2.06131084563
35	2.08722156309
36	1.02680390435
37	2.5653540379
38	2.44070494259
39	1.83400723344
40	0.66711452531
41	1.64219639932
42	0.505424045321
43	0.939754592829
44	0.895045189224
45	0.619702668761
46	0.986240984591
47	0.548119030003
48	0.412886864551
49	0.449721840167
50	0.777745194386
51	0.529311430963
52	0.436130648099
53	0.408688677864
54	0.375292820415
55	0.254373542795
56	0.228792550502
57	0.280929348317
58	0.167726522071
59	0.192215427825
60	0.14832819511
61	0.119721381232
62	0.123680701991
63	0.141643633781
64	0.169871315234
65	0.144046282511
66	0.127849466341
67	0.110141961817
68	0.0858202007344
69	0.0815681126459
70	0.0772822258758
71	0.0697908596057
72	0.100195304552
73	0.0672021518358
74	0.0944781442532
75	0.059824237088
76	0.059318311567
77	0.0637762339678
78	0.0670780634327
79	0.0711313305345
80	0.0347634232546
81	0.0588183976158
82	0.0443536781365
83	0.0439174473945
84	0.0490587745045
85	0.0507036792624
86	0.0494233896501
87	0.0428850286995
88	0.0412553912971
89	0.0208889602322
90	0.0173542316248
91	0.033040940283
92	0.0185956296242
93	0.0278334204004
94	0.0175410850923
95	0.0252563921502
96	0.0161211621094
97	0.00989826462768
98	0.0122924049205
99	0.0119001931687
100	0.0128224749248
101	0.0132996195434
102	0.0109126615286
103	0.0091780096863
104	0.00963853333596
105	0.0114448676011
106	0.0125251384719
107	0.0118984843755
108	0.00879346511497
109	0.00820211607951
110	0.00724505260736
111	0.00909807867704
112	0.00771367139766
113	0.0107752871803
114	0.00989999801186
115	0.00754804477262
116	0.00727625156604
117	0.0079989490106
118	0.00839896903619
119	0.00835834668045
120	0.00853254943578
121	0.00769216829442
122	0.00706016287479
123	0.00685964269618
124	0.00709403644214
125	0.00471272739895
126	0.00454296802192
127	0.00703743584667
128	0.00548693417619
129	0.00476115755018
130	0.00483404755153
131	0.00567086228055
132	0.00735318040354
133	0.00637041471802
134	0.00364607288316
135	0.00440453676455
136	0.00469654576598
137	0.00695649699417
138	0.00635218465944
139	0.00520669790636
140	0.00610356925663
141	0.00440976344334
142	0.00427544012843
143	0.00536189230532
144	0.00398277272139
145	0.00380853618508
146	0.00360823953087
147	0.00488268546329
148	0.0038612739019
149	0.00439985868678
150	0.00255838840198
151	0.00370852453485
152	0.00414650197898
153	0.00382684956129
154	0.00367935424174
155	0.00352702227229
156	0.00327066579075
157	0.00307884896306
158	0.00233815857707
159	0.00231285561053
160	0.00472403599835
161	0.00369501992468
162	0.0025764022065
163	0.00268351709774
164	0.00274880798911
165	0.00274650483859
166	0.00239029346997
167	0.00243835611871
168	0.00481353745797
169	0.00244347309342
170	0.00531863315096
171	0.00233821908638
172	0.00202641536838
173	0.00518402149773
174	0.00245218473143
175	0.00186749106069
176	0.00465144869183
177	0.00188635842957
178	0.00457862319813
179	0.00217219426934
180	0.00442032877773
181	0.00217370454085
182	0.00444413417734
183	0.00215489438249
184	0.00437547016606
185	0.00202440043095
186	0.0016351426479
187	0.00423447159446
188	0.00163997360773
189	0.00152152035636
190	0.00157544107456
191	0.00211556364499
192	0.00177363628132
193	0.00374592629649
194	0.0018146064585
195	0.00174129494916
196	0.00156768794082
197	0.00317429144523
198	0.00206364458172
199	0.00340756297329
200	0.00185555683606
201	0.00166168374096
202	0.00321796347994
203	0.00151377993629
204	0.00343731735652
205	0.00152642659332
206	0.00297110419288
207	0.00151393704226
208	0.00262546861486
209	0.00139687233538
210	0.00304267512314
211	0.0012292242677
212	0.00258020562775
213	0.00133070790977
214	0.00262139777277
215	0.00139970675887
216	0.00132346852152
217	0.00135570294667
218	0.0012917465428
219	0.00113246414128
220	0.0012839812389
221	0.00257108301257
222	0.00157943622029
223	0.00283925049113
224	0.00156873105874
225	0.00257724866046
226	0.00278551249614
227	0.00144665887464
228	0.00245947449974
229	0.00262814677621
230	0.00103125589853
231	0.00237264252864
232	0.00238772058693
233	0.00100705863134
234	0.00105404656154
235	0.00206098157011
236	0.00251095418401
237	0.00108542750328
238	0.00220227000732
239	0.000982799299742
240	0.00197661413977
241	0.00204582824389
242	0.000901409488188
243	0.001959797901
244	0.00219548005706
245	0.000955581826089
246	0.00210054682799
247	0.00102542699373
248	0.00201896002917
249	0.00121405162951
250	0.00201266216927
251	0.00119912011324
252	0.00188532971139
253	0.00084164633401
254	0.000665138917556
255	0.00169828949899
256	0.00081359579714
257	0.00174599646769
258	0.00185032139057
259	0.000941932828413
260	0.00181013622282
261	0.000778310435121
262	0.0016416817878
263	0.00074599032911
264	0.000691395183179
265	0.00161544051371
266	0.000767035486802
267	0.000769345457509
268	0.00157288889577
269	0.000650411915398
270	0.000634335603748
271	0.000677466261471
272	0.000647336900021
273	0.000631296639005
274	0.00142693084497
275	0.000761766054592
276	0.0006975444065
277	0.000686300526165
278	0.00129270704541
279	0.000671183850184
280	0.00061288748618
281	0.000685211186971
282	0.000513185994153
283	0.000562726174854
284	0.000583267607358
285	0.00122304804207
286	0.00056301285469
287	0.00115283215494
288	0.000547849162135
289	0.000542781045215
290	0.000622146845962
291	0.000571398190228
292	0.000575445838376
293	0.000648125300912
294	0.000632409267554
295	0.000588821739139
296	0.000566454292528
297	0.00057234113101
298	0.000585188759808
299	0.000550274629601
300	0.000541481807449
301	0.000534586086131
302	0.000513415578984
303	0.000523973651108
304	0.000676329708172
305	0.000493924487156
306	0.000488411591323
307	0.00048458692429
308	0.000477831669372
309	0.00049893105181
310	0.000543938109746
311	0.000528522572007
312	0.000500998241464
313	0.000470068997897
314	0.000461878967365
315	0.00047771246417
316	0.00046681175682
317	0.000414544816632
318	0.000442445523427
319	0.000432163873113
320	0.000406071042211
321	0.000376992056868
322	0.000342543775297
323	0.000322904459201
324	0.000344138176588
325	0.000379555345835
326	0.00042290021265
327	0.000467339861172
328	0.000470856478187
329	0.000440910455889
330	0.000415259908582
331	0.00043471243819
332	0.000456065185709
333	0.000428767957641
334	0.000448236836901
335	0.000367500220831
336	0.000356342247149
337	0.000409383377281
338	0.000349534345141
339	0.000336904127247
340	0.000364204656045
341	0.000383667175326
342	0.000399782303312
343	0.000455272895106
344	0.000389640182563
345	0.000373321283257
346	0.000361995479062
347	0.0003482490173
348	0.000353082656057
349	0.000353689522783
350	0.000297950248044
351	0.000311279700765
352	0.000201249286472
353	0.00019588370161
354	0.000295250365018
355	0.000308532866014
356	0.000322457273462
357	0.000345081658015
358	0.000329275496272
359	0.000318591935732
360	0.000313278685767
361	0.000307956757259
362	0.000305005881688
363	0.000291622818675
364	0.000192179094823
365	0.000160297331348
366	0.000319406521625
367	0.000151532580328
368	0.000153177066931
369	0.00018567618015
370	0.000271576695537
371	0.000295918182416
372	0.000287848498424
373	0.000271345952541
374	0.000261112437889
375	0.000248737561921
376	0.000145596380303
377	0.000255242066217
378	0.000283251624359
379	0.000237289026394
380	0.000227337576244
381	0.00025300691305
382	0.000117741986044
383	0.000178052616998
384	0.000155093827073
385	0.000141858084073
386	0.000178243485344
387	0.00021372899029
388	0.000165706767927
389	0.000224757554402
390	0.000160078069486
391	0.000189113000386
392	0.000193639668203
393	0.000119582456032
394	0.000121821177853
395	0.000216152949093
396	0.000131859435122
397	0.000128897716907
398	0.000162491127113
399	0.000126907477511
400	0.000179644451688
401	0.000153734211109
402	0.000134021437746
403	0.000140338832289
404	0.0001278710082
405	0.000119312935671
406	0.000102214260191
407	0.000178102269036
408	0.000119279228127
409	0.000157029263126
410	0.000101510103625
411	8.73137857686e-05
412	8.85218224583e-05
413	0.000118490794725
414	0.000110295713831
415	0.000107939494226
416	0.000152445606111
417	0.000113905173878
418	9.49039970043e-05
419	8.16827125892e-05
420	8.7018773085e-05
421	0.000101158112715
422	8.75062218469e-05
423	9.30485790825e-05
424	8.92534764217e-05
425	9.57725194636e-05
426	8.42748030188e-05
427	7.95745866219e-05
428	8.36958905335e-05
429	7.22967940804e-05
430	8.13630038888e-05
431	9.58072367817e-05
432	5.73363585584e-05
433	9.59976671413e-05
434	9.21417715313e-05
435	6.4963110576e-05
436	9.19731273092e-05
437	8.13618129657e-05
438	4.321550374e-05
439	8.03070013422e-05
440	6.59430970659e-05
441	6.88654032211e-05
442	7.78926306449e-05
443	8.13416264643e-05
444	7.93740605697e-05
445	7.45044973057e-05
446	7.53289414189e-05
447	6.75988100407e-05
448	4.71920450738e-05
449	6.09902566372e-05
450	8.03314944675e-05
451	8.464621359e-05
452	8.15104733255e-05
453	7.39365359463e-05
454	7.04112460205e-05
455	6.72105446346e-05
456	6.74918587686e-05
457	7.32898117229e-05
458	7.93012931366e-05
459	7.9951612792e-05
460	7.87297339552e-05
461	7.49923920564e-05
462	7.30413612011e-05
463	6.87719562937e-05
464	7.88796745549e-05
465	4.00619130241e-05
466	3.97212839656e-05
467	4.46342136718e-05
468	4.3156317147e-05
469	4.54090541672e-05
470	3.50004128932e-05
471	4.04004022176e-05
472	4.12823762211e-05
473	3.88610003009e-05
474	2.76076892623e-05
475	6.26443128914e-05
476	6.99091796694e-05
477	4.58095553051e-05
478	6.54655995619e-05
479	5.4908871991e-05
480	3.85835384895e-05
481	6.05056141931e-05
482	6.54717384625e-05
483	5.57726518842e-05
484	5.3568036301e-05
485	5.06741759144e-05
486	4.83191989357e-05
487	4.73757173872e-05
488	4.70218019321e-05
489	4.70300759461e-05
490	4.74826785979e-05
491	3.69485000232e-05
492	4.81225969202e-05
493	3.71396008357e-05
494	4.73189033742e-05
495	3.61730820397e-05
496	4.62379773794e-05
497	3.53791205303e-05
498	4.55071296947e-05
499	3.48732246785e-05
500	4.49448113369e-05
501	2.95415508039e-05
502	5.40557933629e-05
503	4.95684110401e-05
504	5.19350904252e-05
505	5.288483217e-05
506	5.12459592385e-05
507	4.69637623599e-05
508	5.17455876584e-05
509	5.10956669931e-05
510	4.98375210008e-05
511	4.57770073428e-05
512	5.10703837132e-05
513	5.00651772421e-05
514	4.86544788765e-05
515	4.82259927475e-05
516	4.52399272204e-05
517	2.69773148166e-05
518	2.40587983273e-05
519	4.72152500516e-05
520	4.60574880671e-05
521	4.59011916539e-05
522	4.65307111926e-05
523	4.67931270259e-05
524	4.66309359269e-05
525	4.61168757583e-05
526	4.54605868126e-05
527	4.49423958943e-05
528	4.45705443297e-05
529	4.43234896739e-05
530	4.41114915831e-05
531	4.38879226628e-05
532	4.36364530446e-05
533	4.33524556419e-05
534	4.30541940082e-05
535	4.27735370209e-05
536	4.24969086266e-05
537	4.22378450766e-05
538	4.19876332985e-05
539	4.17299678041e-05
540	4.14629054583e-05
541	4.11935619247e-05
542	4.09275005544e-05
543	4.06663257964e-05
544	4.04091409235e-05
545	4.01578792045e-05
546	3.9907470064e-05
547	3.95418793893e-05
548	3.98264755625e-05
549	3.96966920982e-05
550	3.93329377414e-05
551	3.91309194445e-05
552	3.87200509036e-05
553	3.84781993988e-05
554	3.82764147433e-05
555	3.80651179935e-05
556	3.78522536265e-05
557	3.76339790941e-05
558	3.74050998917e-05
559	3.71725050927e-05
560	3.69438096317e-05
561	3.67412001729e-05
562	3.65449755284e-05
563	3.63489143796e-05
564	3.61556616399e-05
565	3.59651433552e-05
566	3.57770111251e-05
567	3.55918733914e-05
568	3.54105030762e-05
569	3.52334807926e-05
570	3.50611159407e-05
571	3.48933893012e-05
572	3.47353617558e-05
573	3.45857971745e-05
574	3.44403636824e-05
575	3.43015865614e-05
576	3.41735823495e-05
577	3.40489326722e-05
578	3.39256251187e-05
579	3.37960227344e-05
580	3.36648438092e-05
581	3.35370621742e-05
582	3.34147854112e-05
583	3.32984781144e-05
584	3.31884032469e-05
585	3.30916741063e-05
586	3.29949098294e-05
587	3.28998854622e-05
588	3.28147279926e-05
589	3.27273670504e-05
590	3.26340421663e-05
591	3.25358791614e-05
592	3.24658458716e-05
593	3.23851313543e-05
594	3.23015870899e-05
595	3.22208191289e-05
596	3.21470948707e-05
597	3.20662867833e-05
598	3.19878957037e-05
599	3.1916492746e-05
600	3.18510503501e-05
601	3.17919586655e-05
602	3.17394377324e-05
603	3.16993571028e-05
604	3.16687515043e-05
605	3.16335845688e-05
606	3.15954255718e-05
607	3.15711809713e-05
608	3.15653491477e-05
609	3.15576388179e-05
610	3.15458136191e-05
611	3.15273374946e-05
612	3.15094120522e-05
613	3.14847781664e-05
614	3.14529739215e-05
615	3.14158245197e-05
616	3.13742012483e-05
617	3.1327227e-05
618	3.12271825952e-05
619	3.12252258206e-05
620	3.12200044568e-05
621	3.12095473443e-05
622	3.11758006036e-05
623	3.11182174999e-05
624	3.10170310562e-05
625	3.09114212849e-05
626	3.07978751856e-05
627	3.06811586428e-05
628	3.05690232202e-05
629	3.04384354977e-05
630	3.03651588299e-05
631	3.02884934881e-05
632	3.02127079804e-05
633	3.01382872274e-05
634	3.00681900563e-05
635	3.00063183335e-05
636	2.99579028477e-05
637	2.99192671444e-05
638	2.98958974653e-05
639	2.98910367171e-05
640	2.987757692e-05
641	2.98368058102e-05
642	2.98072642304e-05
643	2.97758347069e-05
644	3.02370144371e-05
645	3.03040911554e-05
646	3.02717023886e-05
647	3.02526071109e-05
648	3.02267161706e-05
649	3.01958879394e-05
650	3.01595128454e-05
651	3.01199187402e-05
652	3.00750167898e-05
653	3.00226327692e-05
654	2.99588137945e-05
655	2.98856168987e-05
656	2.98094079033e-05
657	2.97220857415e-05
658	2.96280192654e-05
659	2.95281739152e-05
660	2.94425307143e-05
661	2.93461161981e-05
662	2.92474023833e-05
663	2.91475840229e-05
664	2.90499472519e-05
665	2.89511330548e-05
666	2.88618976623e-05
667	2.8786393701e-05
668	2.87202806351e-05
669	2.86624655259e-05
670	2.86145241766e-05
671	2.85770573924e-05
672	2.85445472944e-05
673	2.85137325187e-05
674	2.84828353637e-05
675	2.85139386224e-05
676	2.8482680208e-05
677	2.84417306268e-05
678	2.83963782852e-05
679	2.83472529793e-05
680	2.82934174055e-05
681	2.82347972828e-05
682	2.81744077217e-05
683	2.81063195236e-05
684	2.80291444058e-05
685	2.7943808899e-05
686	2.80373456706e-05
687	2.78707337167e-05
688	2.77758966178e-05
689	2.76913996624e-05
690	2.7576727921e-05
691	2.74382314262e-05
692	2.73247548543e-05
693	2.7190279734e-05
694	1.89009248986e-05
695	2.83693065134e-05
696	2.6771807988e-05
697	1.90899748759e-05
698	2.74102156316e-05
699	1.64446221552e-05
700	1.45401501874e-05
701	1.4135215615e-05
702	2.80352804719e-05
703	1.79964897779e-05
704	1.68247281341e-05
705	1.53483974332e-05
706	2.5013341648e-05
707	1.68597226821e-05
708	1.54564230645e-05
709	2.50553963839e-05
710	1.587591416e-05
711	1.48428614571e-05
712	2.74020480372e-05
713	1.53490326667e-05
714	1.34299598168e-05
715	2.40905558947e-05
716	2.65942970103e-05
717	2.22812994949e-05
718	1.29501748826e-05
719	2.65875995658e-05
720	2.63326815787e-05
721	2.79443632369e-05
722	2.26604252642e-05
723	1.64923725846e-05
724	2.75296956287e-05
725	2.59358096505e-05
726	1.49761868953e-05
727	2.64708655663e-05
728	2.48467298292e-05
729	1.48004626709e-05
730	2.63818123093e-05
731	2.4868661829e-05
732	1.46409660073e-05
733	2.57722147438e-05
734	1.2884424765e-05
735	2.1405538412e-05
736	2.65500440742e-05
737	1.40742041038e-05
738	2.48697734766e-05
739	2.34256433988e-05
740	2.46567519523e-05
741	1.46040729116e-05
742	2.48292892189e-05
743	2.56908830328e-05
744	2.64114114533e-05
745	1.25904470148e-05
746	1.99376523524e-05
747	2.38892700938e-05
748	1.27321117967e-05
749	2.18302936333e-05
750	2.49144206443e-05
751	2.24267231172e-05
752	2.3202871575e-05
753	2.33668881685e-05
754	1.32266028608e-05
755	2.08014250881e-05
756	2.21545357011e-05
757	2.36837125187e-05
758	2.46684652645e-05
759	2.47952667933e-05
760	2.45851710094e-05
761	2.41669224076e-05
762	2.3871603674e-05
763	2.35953395898e-05
764	2.34490466738e-05
765	2.33314308045e-05
766	2.32307216695e-05
767	2.31126012577e-05
768	2.30289862491e-05
769	2.28264331531e-05
770	2.27196701995e-05
771	2.25991155756e-05
772	2.24683979889e-05
773	2.23333726454e-05
774	2.22011825663e-05
775	2.20702979629e-05
776	2.19404015623e-05
777	2.18099763671e-05
778	2.16795808075e-05
779	2.15490323703e-05
780	2.14188203873e-05
781	2.12893131832e-05
782	2.11609958649e-05
783	2.10345792079e-05
784	2.09105571004e-05
785	2.07890656592e-05
786	2.06688927141e-05
787	2.05499249259e-05
788	2.043175322e-05
789	2.03309467069e-05
790	2.0209575405e-05
791	2.00896151066e-05
792	1.99699295062e-05
793	1.98525379703e-05
794	1.9735114019e-05
795	1.96174199672e-05
796	1.95010169936e-05
797	1.93872908853e-05
798	1.92768593715e-05
799	1.9169665925e-05
800	1.90662749687e-05
801	1.89655634146e-05
802	1.88664403497e-05
803	1.87682573381e-05
804	1.86976308837e-05
805	1.85968240381e-05
806	1.85011970458e-05
807	1.84062491391e-05
808	1.83122233423e-05
809	1.82203061482e-05
810	1.81312325135e-05
811	1.80454360125e-05
812	1.79640195867e-05
813	1.79288317382e-05
814	1.77623056626e-05
815	1.77280865338e-05
816	1.77455672781e-05
817	1.75662211408e-05
818	1.75246220065e-05
819	1.74748501905e-05
820	1.75107384752e-05
821	1.73925996929e-05
822	1.72586784566e-05
823	1.71814391539e-05
824	1.71208497667e-05
825	1.70643031476e-05
826	1.70144320975e-05
827	1.69682371035e-05
828	1.69212915579e-05
829	1.68670162212e-05
830	1.68040753579e-05
831	1.67333531391e-05
832	1.66573380884e-05
833	1.6578459042e-05
834	1.64986939014e-05
835	1.64193235772e-05
836	1.63408451928e-05
837	1.62637644031e-05
838	1.61882811165e-05
839	1.61146137789e-05
840	1.60428858788e-05
841	1.59729977584e-05
842	1.59047778187e-05
843	1.58382262837e-05
844	1.57749235894e-05
845	1.57138634199e-05
846	1.56544968246e-05
847	1.55966476345e-05
848	1.55403750323e-05
849	1.54858231053e-05
850	1.54330844287e-05
851	1.53821782629e-05
852	1.53330815896e-05
853	1.52857495793e-05
854	1.52399339289e-05
855	1.51952401659e-05
856	1.51516442861e-05
857	1.51091053692e-05
858	1.50673014126e-05
859	1.50617542035e-05
860	1.50138154884e-05
861	1.49675826784e-05
862	1.492154892e-05
863	1.48773546778e-05
864	1.48353098019e-05
865	1.47952266207e-05
866	1.47565687634e-05
867	1.47188670693e-05
868	1.46820018825e-05
869	1.46459070669e-05
870	1.46106154624e-05
871	1.45764644646e-05
872	1.45432540122e-05
873	1.45102744336e-05
874	1.44769493553e-05
875	1.44427724119e-05
876	1.4408212373e-05
877	1.43730754499e-05
878	1.43374276854e-05
879	1.43015752283e-05
880	1.4265977069e-05
881	1.42308738777e-05
882	1.41963275564e-05
883	1.41621712232e-05
884	1.4128152538e-05
885	1.40937313356e-05
886	1.40588480031e-05
887	1.40236871374e-05
888	1.39884994827e-05
889	1.395380187e-05
890	1.39202136946e-05
891	1.3888250014e-05
892	1.38586238043e-05
893	1.38318075605e-05
894	1.38081503258e-05
895	1.37877516112e-05
896	1.3780946697e-05
897	1.37644117525e-05
898	1.37502816584e-05
899	1.37373946945e-05
900	1.37250974549e-05
901	1.37134915923e-05
902	1.37024697871e-05
903	1.36915830994e-05
904	1.36812762213e-05
905	1.36720684384e-05
906	1.36642563095e-05
907	1.36495436537e-05
908	1.36432323704e-05
909	1.36370888272e-05
910	1.36295763173e-05
911	1.36198612011e-05
912	1.36068338391e-05
913	1.35905193198e-05
914	1.35716468367e-05
915	1.35514101936e-05
916	1.35310312344e-05
917	1.3511763064e-05
918	1.3494450709e-05
919	1.34796844461e-05
920	1.34676020937e-05
921	1.34579440381e-05
922	1.34501619745e-05
923	1.34438083385e-05
924	1.34385216646e-05
925	1.34339177761e-05
926	1.3429985784e-05
927	1.34268360966e-05
928	1.34246250006e-05
929	1.34236375267e-05
930	1.3424002138e-05
931	1.34255774103e-05
932	1.34279296139e-05
933	1.34304329741e-05
934	1.34325347883e-05
935	1.34336225279e-05
936	1.3433353322e-05
937	1.34317388779e-05
938	1.34291617459e-05
939	1.34262710882e-05
940	1.342386103e-05
941	1.34228765132e-05
942	1.34153831582e-05
943	1.34197517773e-05
944	1.3311719056e-05
945	1.32720823051e-05
946	1.33365617432e-05
947	1.33466335193e-05
948	1.33921560979e-05
949	1.34793126648e-05
950	1.35875942034e-05
951	1.36661923203e-05
952	1.37042607505e-05
953	1.3716078633e-05
954	1.37134969081e-05
955	1.37075569555e-05
956	1.37039449385e-05
957	1.37051684269e-05
958	1.37104078233e-05
959	1.37171498873e-05
960	1.37222932092e-05
961	1.37230718833e-05
962	1.37178064955e-05
963	1.37062124031e-05
964	1.36891966227e-05
965	1.36684577615e-05
966	1.36459818424e-05
967	1.36235052694e-05
968	1.36024275619e-05
969	1.3583598239e-05
970	1.35670327586e-05
971	1.35523968884e-05
972	1.35390295863e-05
973	1.35261611139e-05
974	1.35129827097e-05
975	1.34991776638e-05
976	1.34847462328e-05
977	1.34701036081e-05
978	1.34557126293e-05
979	1.34421588203e-05
980	1.34297454221e-05
981	1.34185497525e-05
982	1.34081181864e-05
983	1.34437201929e-05
984	1.34435269931e-05
985	1.34364033342e-05
986	1.34248019016e-05
987	1.34065281718e-05
988	1.33831948762e-05
989	1.33581937203e-05
990	1.3333801289e-05
991	1.33114494304e-05
992	1.32917643348e-05
993	1.32752221157e-05
994	1.32621743824e-05
995	1.32538789256e-05
996	1.32502158384e-05
997	1.32498922513e-05
998	1.32514098218e-05
999	1.32534732722e-05
1000	1.32552151858e-05
1001	1.32560382373e-05
1002	1.32558270808e-05
1003	7.42309443701e-06
1004	1.13862018616e-05
1005	7.48102559826e-06
1006	5.60774943049e-06
1007	1.46384451436e-05
1008	9.52219858552e-06
1009	1.13685309669e-05
1010	7.36088475355e-06
1011	1.07869604583e-05
1012	5.98781896998e-06
1013	1.04931809463e-05
1014	5.97874749012e-06
1015	1.04718576826e-05
1016	6.99133701095e-06
1017	5.36176850074e-06
1018	1.42404401053e-05
1019	9.26690340109e-06
1020	1.10607084666e-05
1021	7.14322072747e-06
1022	1.05604439997e-05
1023	5.90365194247e-06
1024	1.41555174425e-05
1025	9.26604808889e-06
1026	1.09225208825e-05
1027	7.09005883935e-06
1028	1.40639043649e-05
1029	9.15822487186e-06
1030	1.07746456634e-05
1031	7.02312128509e-06
1032	1.38738440235e-05
1033	9.17850209529e-06
1034	1.37643153837e-05
1035	9.56726991822e-06
1036	1.08997982931e-05
1037	6.97655491216e-06
1038	1.36449233436e-05
1039	9.11449697506e-06
1040	1.34870679138e-05
1041	9.7025420483e-06
1042	6.49809380531e-06
1043	1.34730902517e-05
1044	9.16507807747e-06
1045	1.33329298833e-05
1046	9.8085004728e-06
1047	6.43800528712e-06
1048	1.32979951169e-05
1049	9.08058041718e-06
1050	1.30885687959e-05
1051	9.75143283766e-06
1052	1.33073123236e-05
1053	9.54895034689e-06
1054	1.31440457409e-05
1055	9.34319775239e-06
1056	1.29729103762e-05
1057	9.25235198627e-06
1058	1.28352381819e-05
1059	9.26046496993e-06
1060	1.27070073896e-05
1061	9.28064907234e-06
1062	1.26077455671e-05
1063	9.28587714353e-06
1064	1.25245715923e-05
1065	1.25178857962e-05
1066	1.25032281936e-05
1067	5.02726729932e-06
1068	1.21113127387e-05
1069	8.43992742283e-06
1070	1.21897875965e-05
1071	1.25034401791e-05
1072	1.24258247575e-05
1073	5.05003285063e-06
1074	1.19137195952e-05
1075	1.16464961777e-05
1076	1.20960316313e-05
1077	1.21388682938e-05
1078	1.22435296258e-05
1079	1.21244840893e-05
1080	1.20880423749e-05
1081	1.19344703718e-05
1082	1.19477195196e-05
1083	1.16724552704e-05
1084	1.18237321033e-05
1085	1.14206268889e-05
1086	1.17016896799e-05
1087	1.11813364359e-05
1088	1.15842814532e-05
1089	1.95551985867e-05
1090	2.30236821418e-05
1091	1.9363817912e-05
1092	2.14891491414e-05
1093	2.0974270129e-05
1094	1.35372981336e-05
1095	1.56519016879e-05
1096	1.20682064772e-05
1097	1.16121181978e-05
1098	1.12186981261e-05
1099	1.14886203812e-05
1100	1.07747803194e-05
1101	1.19507726975e-05
1102	1.23345865805e-05
1103	1.25015527322e-05
1104	1.22835475723e-05
1105	1.11611521553e-05
1106	1.09599569954e-05
1107	1.05606121488e-05
1108	1.18128063818e-05
1109	1.12319340121e-05
1110	1.01674023782e-05
1111	1.00887264165e-05
1112	9.87069980108e-06
1113	6.44922916935e-06
1114	9.18229281152e-06
1115	7.49886282718e-06
1116	9.64906897489e-06
1117	1.0501102681e-05
1118	1.03262420725e-05
1119	1.03630804468e-05
1120	1.04318892268e-05
1121	1.05160478002e-05
1122	1.05378949731e-05
1123	1.05124445666e-05
1124	1.04348583454e-05
1125	1.03246006915e-05
1126	1.01947969785e-05
1127	1.0060691912e-05
1128	9.93379398626e-06
1129	9.82254087597e-06
1130	9.73211640163e-06
1131	9.70772478996e-06
1132	9.6680993471e-06
1133	9.64629819602e-06
1134	9.64288985076e-06
1135	9.65296034641e-06
1136	9.67227863214e-06
1137	9.63676886459e-06
1138	9.65180960107e-06
1139	9.66489510814e-06
1140	9.66792256884e-06
1141	9.65959613783e-06
1142	9.63825016261e-06
1143	9.6046142667e-06
1144	9.56034218611e-06
1145	9.50817126047e-06
1146	9.4513261915e-06
1147	9.4482559058e-06
1148	9.39507448691e-06
1149	9.34221181899e-06
1150	9.29471426726e-06
1151	9.25179974601e-06
1152	9.19862694606e-06
1153	9.16572398221e-06
1154	9.13736590791e-06
1155	9.12658695717e-06
1156	9.10331832673e-06
1157	9.08007466666e-06
1158	9.05640774346e-06
1159	9.03121736403e-06
1160	9.00423737265e-06
1161	8.97493190017e-06
1162	8.94325715109e-06
1163	8.90952672432e-06
1164	8.87425148882e-06
1165	8.83801984458e-06
1166	8.80137499482e-06
1167	8.76495982394e-06
1168	8.72904604572e-06
1169	8.69398972462e-06
1170	8.65983554947e-06
1171	8.62645970861e-06
1172	8.59403184238e-06
1173	8.56236210488e-06
1174	8.52852194216e-06
1175	8.49766640573e-06
1176	8.48235623265e-06
1177	8.45726864078e-06
1178	8.43068160802e-06
1179	8.4028691077e-06
1180	9.06643088948e-06
1181	8.33775669579e-06
1182	8.28612240044e-06
1183	8.25865619547e-06
1184	8.22848119481e-06
1185	8.19746522919e-06
1186	8.16641253047e-06
1187	8.13638481821e-06
1188	8.80560250935e-06
1189	8.07322367616e-06
1190	8.02081949611e-06
1191	7.99623558216e-06
1192	7.9713118816e-06
1193	8.61572978307e-06
1194	7.88617401955e-06
1195	7.86761586458e-06
1196	7.81623201646e-06
1197	8.46263860353e-06
1198	7.77220998449e-06
1199	7.72827172477e-06
1200	7.71473801709e-06
1201	8.4196196921e-06
1202	7.68679091944e-06
1203	8.30419191077e-06
1204	7.62867210763e-06
1205	7.58988951021e-06
1206	7.57704977336e-06
1207	8.31294464088e-06
1208	7.5448844113e-06
1209	8.22420711773e-06
1210	7.47953096347e-06
1211	8.11939312238e-06
1212	7.4147301716e-06
1213	7.36971552214e-06
1214	8.07549770332e-06
1215	7.33700391823e-06
1216	8.00807273188e-06
1217	7.27558030064e-06
1218	7.94633183602e-06
1219	7.22035032457e-06
1220	7.88786597593e-06
1221	7.78595190482e-06
1222	7.12261602859e-06
1223	7.08861327639e-06
1224	7.79916470645e-06
1225	7.7308404419e-06
1226	7.02576092499e-06
1227	7.6885892078e-06
1228	7.62016162526e-06
1229	6.94085786113e-06
1230	7.58711913898e-06
1231	7.51861042669e-06
1232	6.86305159243e-06
1233	7.51810149212e-06
1234	7.46822852708e-06
1235	6.79766266978e-06
1236	7.49589272095e-06
1237	7.46588075312e-06
1238	7.38114798976e-06
1239	6.71296542071e-06
1240	7.41152534594e-06
1241	7.38529130986e-06
1242	7.30764929136e-06
1243	7.23253615784e-06
1244	6.61172634658e-06
1245	7.29548698224e-06
1246	7.27954841171e-06
1247	7.22644975225e-06
1248	7.1685915019e-06
1249	7.11638845738e-06
1250	6.49616526449e-06
1251	7.21882146199e-06
1252	7.226473939e-06
1253	7.18508954823e-06
1254	7.14021915168e-06
1255	7.08883828082e-06
1256	7.03827463403e-06
1257	6.98990723884e-06
1258	6.95041946835e-06
1259	6.92156114262e-06
1260	6.3434172146e-06
1261	7.09771404398e-06
1262	7.13708036808e-06
1263	7.12764105323e-06
1264	7.09876909497e-06
1265	7.05183780641e-06
1266	6.99136584388e-06
1267	6.92561030487e-06
1268	6.86276855645e-06
1269	6.81643572472e-06
1270	6.77368380885e-06
1271	6.74408353267e-06
1272	6.72630440579e-06
1273	6.71895679889e-06
1274	6.71150070912e-06
1275	6.71647339199e-06
1276	6.722515501e-06
1277	6.72733185873e-06
1278	6.7280258785e-06
1279	6.72299432064e-06
1280	6.71150248553e-06
1281	6.69393698553e-06
1282	6.67131521101e-06
1283	6.64485056629e-06
1284	6.61617792256e-06
1285	6.58689650063e-06
1286	6.55841832733e-06
1287	6.53191331102e-06
1288	6.5081835327e-06
1289	6.48762279534e-06
1290	6.51586003984e-06
1291	6.53641740337e-06
1292	5.46664648941e-06
1293	6.24238674668e-06
1294	6.26222681071e-06
1295	6.24819799232e-06
1296	6.25480939896e-06
1297	6.28328557012e-06
1298	6.32849291416e-06
1299	5.27002760067e-06
1300	6.13338732618e-06
1301	6.20642118757e-06
1302	6.22978831714e-06
1303	5.22022427888e-06
1304	6.00994692689e-06
1305	6.07743406593e-06
1306	6.1119403526e-06
1307	6.15596804422e-06
1308	5.11654362874e-06
1309	5.97445269612e-06
1310	5.12658310954e-06
1311	5.84497820366e-06
1312	5.91944417951e-06
1313	5.10332873817e-06
1314	5.7952357178e-06
1315	5.09435050105e-06
1316	5.7521397624e-06
1317	5.86971583178e-06
1318	5.04012197607e-06
1319	5.81637183419e-06
1320	5.02146530888e-06
1321	5.79182889059e-06
1322	5.01127975189e-06
1323	5.7505362463e-06
1324	5.86919353786e-06
1325	4.96183935133e-06
1326	5.78455532784e-06
1327	4.94829661738e-06
1328	5.7357120402e-06
1329	5.85377622962e-06
1330	4.91086700972e-06
1331	5.7562826191e-06
1332	4.91011161666e-06
1333	5.70774657908e-06
1334	5.83098843454e-06
1335	4.8940027535e-06
1336	5.74673585676e-06
1337	4.9015694045e-06
1338	5.71281531672e-06
1339	4.91479884394e-06
1340	5.68255107894e-06
1341	5.81460323592e-06
1342	4.88796708859e-06
1343	5.75060182636e-06
1344	4.87691547098e-06
1345	5.72162111286e-06
1346	4.8701575536e-06
1347	5.67808927202e-06
1348	4.85836478523e-06
1349	5.6386365616e-06
1350	4.83821023967e-06
1351	5.61477511948e-06
1352	4.81061589311e-06
1353	5.6047263961e-06
1354	4.77792415506e-06
1355	5.59973895942e-06
1356	4.74186935407e-06
1357	5.58963031567e-06
1358	4.70279533389e-06
1359	5.56749498371e-06
1360	4.66011336416e-06
1361	5.53286169858e-06
1362	2.20701195666e-05
1363	1.61712645346e-05
1364	1.21124011966e-05
1365	1.18508088465e-05
1366	1.79911671523e-05
1367	1.44655621798e-05
1368	1.18631681432e-05
1369	1.09500622203e-05
1370	9.37948508848e-06
1371	8.66152553116e-06
1372	6.7248525489e-06
1373	7.39890680482e-06
1374	8.24611050833e-06
1375	7.64641766619e-06
1376	6.47131834739e-06
1377	4.9678444009e-06
1378	4.74689310232e-06
1379	5.63739292386e-06
1380	5.48941795592e-06
1381	4.83352497591e-06
1382	4.44393177639e-06
1383	4.3377184606e-06
1384	4.21725736696e-06
1385	4.96922988174e-06
1386	4.05372912793e-06
1387	5.0898500136e-06
1388	5.30361761335e-06
1389	3.94963007704e-06
1390	3.96263040998e-06
1391	5.26581679371e-06
1392	3.98024713806e-06
1393	3.97354027379e-06
1394	3.98920362459e-06
1395	3.99738243532e-06
1396	5.00289928892e-06
1397	3.92956973702e-06
1398	3.90214312101e-06
1399	3.89056650136e-06
1400	3.87299552854e-06
1401	3.8566288396e-06
1402	3.8436160755e-06
1403	3.83582155356e-06
1404	3.83794329126e-06
1405	3.84328855125e-06
1406	3.85407985111e-06
1407	3.88277277245e-06
1408	3.90177560157e-06
1409	5.0219697593e-06
1410	3.88520609763e-06
1411	3.8885787689e-06
1412	3.90121100622e-06
1413	3.91059053845e-06
1414	3.91784986149e-06
1415	9.43980832322e-06
1416	4.65041233885e-06
1417	3.89833951567e-06
1418	3.84575552499e-06
1419	3.8277523379e-06
1420	3.82240555287e-06
1421	3.83275116468e-06
1422	3.84672723606e-06
1423	3.8589348841e-06
1424	3.86692608555e-06
1425	9.18068674341e-06
1426	4.59334707864e-06
1427	3.87197079108e-06
1428	3.8135614631e-06
1429	3.78149314404e-06
1430	3.77643040235e-06
1431	3.78488010385e-06
1432	3.79650312353e-06
1433	3.80666808421e-06
1434	8.96430662698e-06
1435	4.03684320942e-06
1436	3.78777285897e-06
1437	3.71092008563e-06
1438	3.68317373192e-06
1439	3.68452294625e-06
1440	3.70184214886e-06
1441	3.72305754193e-06
1442	9.44349979321e-06
1443	8.42968401511e-06
1444	9.31919485485e-06
1445	9.21071469625e-06
1446	9.29431115518e-06
1447	9.37317390814e-06
1448	9.42835675106e-06
1449	9.44728555307e-06
1450	5.13006570171e-06
1451	3.79049350639e-06
1452	3.68207333565e-06
1453	9.21380588015e-06
1454	8.36262134522e-06
1455	9.07695535782e-06
1456	8.92407728699e-06
1457	8.98281457786e-06
1458	9.0689320526e-06
1459	9.14813815195e-06
1460	9.2039143304e-06
1461	9.23547157675e-06
1462	9.24638801287e-06
1463	9.24059414351e-06
1464	9.22110023804e-06
1465	9.19045418017e-06
1466	9.15143823039e-06
1467	9.10706746287e-06
1468	9.06115410774e-06
1469	9.01703265463e-06
1470	8.9772589712e-06
1471	8.94349943274e-06
1472	8.91667423075e-06
1473	8.89683342636e-06
1474	8.88334528758e-06
1475	8.87506500554e-06
1476	8.87056159605e-06
1477	8.86830401574e-06
1478	8.86670827978e-06
1479	8.88511473541e-06
1480	8.8772345056e-06
1481	8.86679944009e-06
1482	8.8129977043e-06
1483	8.79018061194e-06
1484	8.80733410234e-06
1485	8.75548133412e-06
1486	8.73320814491e-06
1487	8.71274229836e-06
1488	8.69589596427e-06
1489	8.68229052438e-06
1490	8.67160232337e-06
1491	8.66360086017e-06
1492	8.65773382533e-06
1493	8.65368384562e-06
1494	8.65055955101e-06
1495	8.64719601193e-06
1496	8.6514001187e-06
1497	8.64649417082e-06
1498	8.6737870317e-06
1499	8.67410456613e-06
1500	8.6694584291e-06
1501	8.66470497569e-06
1502	8.65855953221e-06
1503	8.6518798164e-06
1504	8.64495344091e-06
1505	8.63834146745e-06
1506	8.63337268537e-06
1507	8.63118808447e-06
1508	8.63101368936e-06
1509	8.6334464483e-06
1510	8.6344738414e-06
1511	8.63862733027e-06
1512	8.12174263764e-06
1513	8.99849447125e-06
1514	8.89901894415e-06
1515	8.86377548352e-06
1516	8.81193092884e-06
1517	8.75163111979e-06
1518	8.14201575603e-06
1519	9.04686402349e-06
1520	8.85881716993e-06
1521	8.78424162921e-06
1522	8.71172639345e-06
1523	8.14971309861e-06
1524	8.97130944398e-06
1525	8.79027559549e-06
1526	8.71541998315e-06
1527	8.64555608725e-06
1528	8.10669498518e-06
1529	8.89731432558e-06
1530	8.7175932861e-06
1531	8.63754167061e-06
1532	8.55861388446e-06
1533	7.99324101281e-06
1534	8.79084631428e-06
1535	8.59500462194e-06
1536	8.50296903358e-06
1537	8.41378612386e-06
1538	7.8407114807e-06
1539	8.62837472867e-06
1540	8.42942736282e-06
1541	8.33750696002e-06
1542	8.24904794131e-06
1543	7.69285337527e-06
1544	8.45273706525e-06
1545	8.25649701388e-06
1546	8.16597196685e-06
1547	8.07855139219e-06
1548	7.53191360232e-06
1549	8.278733404e-06
1550	8.08854721129e-06
1551	8.00571918536e-06
1552	7.92776082504e-06
1553	7.39592850894e-06
1554	8.14677064703e-06
1555	7.96944019622e-06
1556	7.89836078547e-06
1557	7.82915039893e-06
1558	7.30822617383e-06
1559	8.04894317696e-06
1560	7.87068769204e-06
1561	7.79361373454e-06
1562	7.71494837157e-06
1563	7.1837158598e-06
1564	7.90069720016e-06
1565	7.7106632002e-06
1566	7.61879884246e-06
1567	7.52547216784e-06
1568	6.96884995634e-06
1569	7.6804506549e-06
1570	7.49028706725e-06
1571	7.40176675311e-06
1572	1.679866298e-05
1573	1.04272961884e-05
1574	1.08540559288e-05
1575	1.24344446205e-05
1576	1.83385451899e-05
1577	1.40244345129e-05
1578	8.66124250774e-06
1579	1.02875855972e-05
1580	1.47503068813e-05
1581	9.87843247384e-06
1582	1.04439989095e-05
1583	1.15783904342e-05
1584	9.5994750912e-06
1585	7.50651222472e-06
1586	7.58234434455e-06
1587	8.37171194338e-06
1588	7.13491004078e-06
1589	9.29244756978e-06
1590	7.89260159514e-06
1591	6.86085696088e-06
1592	7.5254813441e-06
1593	7.38884863399e-06
1594	7.17205297541e-06
1595	7.94248220375e-06
1596	7.48928962933e-06
1597	7.0429446706e-06
1598	6.71309190964e-06
1599	6.49030771348e-06
1600	6.24880503459e-06
1601	6.1402107907e-06
1602	5.55619932288e-06
1603	6.20205786277e-06
1604	6.00782779294e-06
1605	5.91013973731e-06
1606	5.81558027875e-06
1607	5.38521648904e-06
1608	5.83724944418e-06
1609	5.69026658269e-06
1610	9.37443200561e-06
1611	6.73811740468e-06
1612	8.92178663495e-06
1613	6.98198530806e-06
1614	8.95001694106e-06
1615	7.35490678638e-06
1616	9.3010920392e-06
1617	7.2037649165e-06
1618	8.73616573908e-06
1619	7.33515897095e-06
1620	8.60303300924e-06
1621	7.3293771075e-06
1622	8.52624770513e-06
1623	7.27408709743e-06
1624	8.48051384168e-06
1625	7.16572984968e-06
1626	8.46927694936e-06
1627	7.08687521989e-06
1628	8.48541690444e-06
1629	6.99281222015e-06
1630	8.50846788242e-06
1631	6.94575810691e-06
1632	8.51266010821e-06
1633	6.97157589676e-06
1634	8.48867951807e-06
1635	7.01029269076e-06
1636	8.43817259588e-06
1637	7.07159549723e-06
1638	8.36407611204e-06
1639	7.07901939108e-06
1640	8.26062523626e-06
1641	7.02336585727e-06
1642	8.13629373166e-06
1643	6.90234258494e-06
1644	7.99938433605e-06
1645	6.70018996265e-06
1646	7.87059313195e-06
1647	6.48739127229e-06
1648	7.79183655962e-06
1649	6.34615228586e-06
1650	7.76993783349e-06
1651	6.29958848478e-06
1652	7.7260671202e-06
1653	6.29679450532e-06
1654	7.79492063709e-06
1655	6.34791480763e-06
1656	7.86894360224e-06
1657	6.41769165572e-06
1658	7.93849222838e-06
1659	6.50449668694e-06
1660	8.06770015695e-06
1661	6.6350981266e-06
1662	8.11620251163e-06
1663	6.76814060885e-06
1664	8.14265841145e-06
1665	6.90735913114e-06
1666	8.1356235174e-06
1667	6.98410654203e-06
1668	8.10059534578e-06
1669	6.91829927581e-06
1670	7.95846694574e-06
1671	6.69063685669e-06
1672	7.71175202731e-06
1673	9.31658955398e-06
1674	6.66195661056e-06
1675	7.4242490952e-06
1676	8.93517605612e-06
1677	6.75200066765e-06
1678	7.17586576883e-06
1679	8.73955704921e-06
1680	9.30889924957e-06
1681	6.9860327878e-06
1682	7.12544284352e-06
1683	8.71616558475e-06
1684	9.34759240415e-06
1685	7.17868855515e-06
1686	7.26621532875e-06
1687	8.85021636381e-06
1688	7.21854999517e-06
1689	7.41989004123e-06
1690	9.10440151031e-06
1691	7.26843019263e-06
1692	7.56944037495e-06
1693	9.11301230529e-06
1694	6.72707755529e-06
1695	6.99331249885e-06
1696	8.19699556824e-06
1697	8.61062791621e-06
1698	8.58549514845e-06
1699	8.53465820715e-06
1700	8.54933150246e-06
1701	8.60947345093e-06
1702	8.68773258461e-06
1703	8.81389047984e-06
1704	8.92100511039e-06
1705	9.03164245306e-06
1706	9.15954617836e-06
1707	9.33097231335e-06
1708	6.98880144689e-06
1709	7.22568748841e-06
1710	8.38010594112e-06
1711	8.83814716168e-06
1712	8.78791942261e-06
1713	8.50385091762e-06
1714	8.27324129137e-06
1715	8.11899808466e-06
1716	8.0165457771e-06
1717	7.95821511981e-06
1718	7.94633678793e-06
1719	7.99269931429e-06
1720	8.13171675467e-06
1721	8.5716968255e-06
1722	9.18194249132e-06
1723	6.66747155787e-06
1724	7.51976954984e-06
1725	8.49182586163e-06
1726	8.52301361708e-06
1727	8.21494974253e-06
1728	7.8066261368e-06
1729	7.56283731204e-06
1730	7.41833930878e-06
1731	7.82405336811e-06
1732	8.41970503991e-06
1733	8.77748915864e-06
1734	8.69269291507e-06
1735	8.28375122384e-06
1736	7.84077440313e-06
1737	7.82412657489e-06
1738	8.15934741694e-06
1739	8.48099862891e-06
1740	9.23861582486e-06
1741	9.37079558557e-06
1742	6.89668453665e-06
1743	8.6845450698e-06
1744	7.11830520095e-06
1745	7.29490224779e-06
1746	7.33574515818e-06
1747	8.60645656052e-06
1748	7.38211041687e-06
1749	8.82428808317e-06
1750	6.7755955292e-06
1751	8.38727708187e-06
1752	8.92375873669e-06
1753	9.35079981485e-06
1754	8.31648972133e-06
1755	8.64881221678e-06
1756	9.23035349648e-06
1757	8.14270356391e-06
1758	8.78007198441e-06
1759	8.30388355626e-06
1760	8.62322171605e-06
1761	8.09380951345e-06
1762	8.29573272034e-06
1763	7.99577804872e-06
1764	7.95164550086e-06
1765	7.87110141554e-06
1766	7.39137275964e-06
1767	7.76855089487e-06
1768	7.80281057708e-06
1769	7.56451448244e-06
1770	7.20609874081e-06
1771	7.70947037456e-06
1772	7.59251884577e-06
1773	7.46976727274e-06
1774	6.90166094728e-06
1775	7.53988972783e-06
1776	7.44133356052e-06
1777	7.46795651047e-06
1778	6.67038753516e-06
1779	7.43853332612e-06
1780	7.23509767505e-06
1781	7.35778579974e-06
1782	9.25197567421e-06
1783	6.82260526092e-06
1784	7.66844355543e-06
1785	9.30321515923e-06
1786	7.48956627016e-06
1787	7.34513352881e-06
1788	9.02344151828e-06
1789	7.35911581404e-06
1790	7.25486505093e-06
1791	8.89922504501e-06
1792	7.12890542214e-06
1793	7.17527804009e-06
1794	8.77461275995e-06
1795	6.20087698941e-06
1796	7.29829396966e-06
1797	8.73814917889e-06
1798	9.24352547588e-06
1799	6.07153140739e-06
1800	7.47175472819e-06
1801	8.70717998357e-06
1802	9.2936597374e-06
1803	6.81454272641e-06
1804	7.07964324358e-06
1805	8.4352477172e-06
1806	9.07073612078e-06
1807	9.2466775011e-06
1808	9.33036974584e-06
1809	9.39532659259e-06
1810	6.45675494898e-06
1811	7.32176710071e-06
1812	8.36202329046e-06
1813	8.86848664249e-06
1814	8.97817518362e-06
1815	9.00707048182e-06
1816	9.04037870893e-06
1817	9.07943231793e-06
1818	9.10628131319e-06
1819	9.11185185558e-06
1820	9.09637436246e-06
1821	9.06530399482e-06
1822	9.02518977197e-06
1823	8.98135549784e-06
1824	8.93716931071e-06
1825	8.89455721372e-06
1826	8.85459561944e-06
1827	8.81753194363e-06
1828	8.78302098194e-06
1829	8.75049100303e-06
1830	8.71939053319e-06
1831	8.68937675951e-06
1832	8.66031551232e-06
1833	8.63206434132e-06
1834	9.3118451804e-06
1835	8.5356064616e-06
1836	8.55454380467e-06
1837	8.45429041875e-06
1838	8.47658699136e-06
1839	8.47597041199e-06
1840	8.46261854638e-06
1841	8.44485367439e-06
1842	8.42648631814e-06
1843	8.40857976004e-06
1844	8.39162150376e-06
1845	8.37463966103e-06
1846	8.35651447932e-06
1847	8.33683879813e-06
1848	8.31526311081e-06
1849	8.29169044745e-06
1850	8.26607358603e-06
1851	8.23864771498e-06
1852	8.20998534161e-06
1853	8.18104769551e-06
1854	8.1527567297e-06
1855	8.12525646963e-06
1856	8.09880777254e-06
1857	8.07363036011e-06
1858	8.04978575375e-06
1859	8.02727582712e-06
1860	8.00598716043e-06
1861	7.98577615719e-06
1862	7.96649285819e-06
1863	7.94796478893e-06
1864	7.9300439205e-06
1865	7.91260998932e-06
1866	7.89551209075e-06
1867	7.87860608056e-06
1868	7.86174596171e-06
1869	7.8448070739e-06
1870	7.82769399753e-06
1871	7.81029668028e-06
1872	7.79257983851e-06
1873	7.77453637416e-06
1874	7.75616256237e-06
1875	7.73751313734e-06
1876	7.71865687674e-06
1877	7.69967155456e-06
1878	7.68062876615e-06
1879	7.66162455211e-06
1880	7.6427298469e-06
1881	7.62399581767e-06
1882	7.60546527194e-06
1883	7.58719900731e-06
1884	7.56920569439e-06
1885	7.55149502572e-06
1886	7.53407081639e-06
1887	7.51691728e-06
1888	7.49999439967e-06
1889	7.48327213652e-06
1890	7.46671446318e-06
1891	7.45030070031e-06
1892	7.43399414879e-06
1893	7.4177447828e-06
1894	7.40151781049e-06
1895	7.38528778857e-06
1896	7.36904361164e-06
1897	7.35278897713e-06
1898	7.33651116982e-06
1899	7.23197893237e-06
1900	7.28433702182e-06
1901	7.26562160865e-06
1902	7.2471354203e-06
1903	7.23102289867e-06
1904	7.21624933513e-06
1905	7.20250613982e-06
1906	7.18971066033e-06
1907	7.17767646588e-06
1908	7.08042460283e-06
1909	7.13575504132e-06
1910	7.12128227735e-06
1911	7.10730051962e-06
1912	7.09517232333e-06
1913	7.00087041285e-06
1914	7.05253635805e-06
1915	7.03935881577e-06
1916	7.02597820619e-06
1917	7.01424339234e-06
1918	6.92252261007e-06
1919	6.97329354241e-06
1920	6.99834655006e-06
1921	6.98054694256e-06
1922	6.97708099285e-06
1923	6.84038092795e-06
1924	6.92007196483e-06
1925	6.89989714002e-06
1926	6.88073561696e-06
1927	6.83281266714e-06
1928	6.844277708e-06
1929	6.79856744496e-06
1930	6.80878349026e-06
1931	6.79467096693e-06
1932	6.76482187841e-06
1933	6.76664336336e-06
1934	6.73839191281e-06
1935	6.74245503741e-06
1936	6.70402595426e-06
1937	6.71794118882e-06
1938	6.71012218676e-06
1939	6.67119578464e-06
1940	6.6857051847e-06
1941	6.64644441959e-06
1942	6.66156061779e-06
1943	6.62129376102e-06
1944	6.63591324918e-06
1945	6.59525591904e-06
1946	6.60907551548e-06
1947	6.57745852007e-06
1948	6.55789402547e-06
1949	6.57051223825e-06
1950	6.52981031201e-06
1951	6.54051800279e-06
1952	6.51103442441e-06
1953	6.49533573734e-06
1954	6.48043257073e-06
1955	6.4656569473e-06
1956	6.45122533808e-06
1957	6.43745407661e-06
1958	6.42435637973e-06
1959	6.41183955971e-06
1960	6.39976989638e-06
1961	6.3880228439e-06
1962	6.37655050512e-06
1963	9.40155462846e-06
1964	7.94216193123e-06
1965	6.62322922498e-06
1966	9.35889575766e-06
1967	7.46640223714e-06
1968	6.55176050926e-06
1969	9.3407998302e-06
1970	7.4699122719e-06
1971	6.44479385982e-06
1972	9.18999391888e-06
1973	7.45924934913e-06
1974	6.40575011324e-06
1975	9.16375321017e-06
1976	7.50184453454e-06
1977	6.3611424493e-06
1978	9.05921226106e-06
1979	7.28736982217e-06
1980	6.30509059477e-06
1981	8.98228402891e-06
1982	7.29781064111e-06
1983	6.24571823691e-06
1984	8.93682448336e-06
1985	7.3163080075e-06
1986	6.25465335276e-06
1987	8.89179437882e-06
1988	7.23427892995e-06
1989	9.41079172149e-06
1990	7.33512725618e-06
1991	6.23380447805e-06
1992	8.84600852727e-06
1993	7.07266407078e-06
1994	9.30059693164e-06
1995	7.28550542872e-06
1996	9.40613052748e-06
1997	7.31508308352e-06
1998	9.34430814264e-06
1999	7.18799903451e-06
2000	9.26537512949e-06
2001	7.72287272509e-06
2002	9.19222573128e-06
2003	6.93389949197e-06
2004	9.19734383671e-06
2005	7.10709728311e-06
2006	9.23205343289e-06
2007	6.99510243474e-06
2008	9.14734057423e-06
2009	6.93708556692e-06
2010	9.09144443472e-06
2011	6.90655809589e-06
2012	9.04523988676e-06
2013	6.87253861719e-06
2014	9.01478016314e-06
2015	6.84360547619e-06
2016	8.98981766263e-06
2017	6.81652459013e-06
2018	8.96471708876e-06
2019	6.79232838185e-06
2020	8.9391122109e-06
2021	6.77097709863e-06
2022	8.91258927092e-06
2023	6.75206202459e-06
2024	8.88464154223e-06
2025	6.84085652246e-06
2026	8.86192759023e-06
2027	6.75418956727e-06
2028	8.815738358e-06
2029	6.72670815373e-06
2030	8.78675815277e-06
2031	7.48652660814e-06
2032	8.70173301706e-06
2033	6.50649283458e-06
2034	8.73781833744e-06
2035	6.75485840412e-06
2036	8.76041151663e-06
2037	6.7238963191e-06
2038	8.71037732046e-06
2039	6.59022419319e-06
2040	8.66438908765e-06
2041	6.54936095306e-06
2042	8.63286265848e-06
2043	6.65221276817e-06
2044	8.64691016437e-06
2045	6.58384853441e-06
2046	8.56400094109e-06
2047	6.59547832418e-06
2048	8.54583206164e-06
2049	6.60593481128e-06
2050	8.57287458077e-06
2051	7.21258421976e-06
2052	8.42444105147e-06
2053	6.25554803285e-06
2054	8.48342320874e-06
2055	6.51113533687e-06
2056	8.52036030835e-06
2057	6.48207477149e-06
2058	8.50732488888e-06
2059	6.42758167849e-06
2060	8.43667095622e-06
2061	6.38940137693e-06
2062	8.39726320348e-06
2063	6.35784083261e-06
2064	8.38008716341e-06
2065	6.3286288744e-06
2066	8.36276481409e-06
2067	6.29732726952e-06
2068	8.29875529315e-06
2069	6.33437576366e-06
2070	8.32042736043e-06
2071	6.93264670127e-06
2072	8.17038152096e-06
2073	6.01150778689e-06
2074	8.22791564374e-06
2075	6.27474285359e-06
2076	8.26469632897e-06
2077	6.26392449877e-06
2078	8.25364571051e-06
2079	6.21635919935e-06
2080	8.18661996748e-06
2081	6.1829281441e-06
2082	8.15127216133e-06
2083	6.14955207686e-06
2084	8.1309699449e-06
2085	9.40346862654e-06
2086	7.66818524584e-06
2087	8.37436184561e-06
2088	9.24689196657e-06
2089	6.63934175874e-06
2090	8.39823842732e-06
2091	9.38471519748e-06
2092	6.7944516954e-06
2093	8.33136782197e-06
2094	9.2506485976e-06
2095	6.7729925872e-06
2096	8.2650407421e-06
2097	9.20756587092e-06
2098	7.32739514996e-06
2099	8.11401114024e-06
2100	9.07390654485e-06
2101	6.51631297348e-06
2102	8.16181441326e-06
2103	9.12216344538e-06
2104	6.56011475146e-06
2105	8.10873118458e-06
2106	9.01067052923e-06
2107	6.57567133885e-06
2108	8.03905496376e-06
2109	8.97313794387e-06
2110	7.15658692376e-06
2111	7.91422585536e-06
2112	8.88137202078e-06
2113	6.38685097511e-06
2114	8.01424229436e-06
2115	9.00019997028e-06
2116	6.52954725235e-06
2117	7.9833080639e-06
2118	8.87410787676e-06
2119	6.47671210381e-06
2120	7.92644059037e-06
2121	8.82120210627e-06
2122	7.11498734436e-06
2123	7.80444204399e-06
2124	8.72507016162e-06
2125	6.25331208554e-06
2126	7.87889595095e-06
2127	8.8380966989e-06
2128	6.40005930033e-06
2129	7.84159439475e-06
2130	8.69955988202e-06
2131	6.90496473501e-06
2132	7.70405102864e-06
2133	8.61683667374e-06
2134	6.17061540634e-06
2135	7.77205031058e-06
2136	8.7090326462e-06
2137	6.30376601475e-06
2138	7.74186846546e-06
2139	8.58510856983e-06
2140	6.60019663334e-06
2141	7.62579327617e-06
2142	8.52955908996e-06
2143	9.39897223364e-06
2144	6.51668794165e-06
2145	7.83208182127e-06
2146	8.49436685916e-06
2147	9.33956520447e-06
2148	6.46665455064e-06
2149	7.71003398591e-06
2150	8.35660218696e-06
2151	9.20410184109e-06
2152	7.14829229105e-06
2153	7.60149803984e-06
2154	8.26371466042e-06
2155	9.09653822433e-06
2156	6.87655756604e-06
2157	7.52834152363e-06
2158	8.21730470859e-06
2159	9.07183112162e-06
2160	6.38830065774e-06
2161	7.59612709916e-06
2162	8.23893075759e-06
2163	9.05979990034e-06
2164	6.25985772747e-06
2165	7.49650718186e-06
2166	8.12145109794e-06
2167	8.94858917736e-06
2168	6.76713842652e-06
2169	7.41459543291e-06
2170	8.06345807046e-06
2171	8.87085739315e-06
2172	6.21379374933e-06
2173	7.4794192441e-06
2174	8.13459604826e-06
2175	8.94228438695e-06
2176	6.85644363494e-06
2177	7.32756913518e-06
2178	7.97101777115e-06
2179	8.76441455509e-06
2180	6.46636200509e-06
2181	7.26626935737e-06
2182	7.92531394739e-06
2183	8.74883307856e-06
2184	5.98858064212e-06
2185	7.33734702985e-06
2186	7.95246269972e-06
2187	8.74159142621e-06
2188	9.33420156282e-06
2189	6.23871553237e-06
2190	7.32863667775e-06
2191	7.78669676614e-06
2192	8.50478187846e-06
2193	9.12717905445e-06
2194	6.84878350392e-06
2195	7.23939677193e-06
2196	7.72211708482e-06
2197	8.40551634878e-06
2198	9.05553750256e-06
2199	6.64413031888e-06
2200	7.15734729149e-06
2201	7.64043436816e-06
2202	8.34667559239e-06
2203	8.98052889119e-06
2204	6.50926009913e-06
2205	7.13628083158e-06
2206	7.57824497918e-06
2207	8.27157327078e-06
2208	8.9138253804e-06
2209	9.27262097852e-06
2210	9.34112838966e-06
2211	9.2718237249e-06
2212	9.1692310903e-06
2213	9.0717543226e-06
2214	8.99026075226e-06
2215	1.42916268514e-05
2216	7.51285744547e-06
2217	7.96012076566e-06
2218	9.05615307627e-06
2219	8.57384934608e-06
2220	1.39236753135e-05
2221	8.23163337066e-06
2222	9.04719449499e-06
2223	9.27265509938e-06
2224	1.23940558317e-05
2225	8.29352552468e-06
2226	7.98551133394e-06
2227	1.0571194859e-05
2228	7.97730151485e-06
