1	0.999999999986
2	0.00624994364955
3	0.0190373121854
4	0.359633582124
5	0.0506034452097
6	0.0364900645756
7	0.0574928319533
8	0.198348484331
9	0.08179378319
10	0.0412974449996
11	0.0497878713625
12	0.0984222847446
13	0.271872862053
14	0.100617277354
15	0.0896234003693
16	0.100690980885
17	0.177495200611
18	0.218323756966
19	0.12040079578
20	0.0945492091922
21	0.0819837604436
22	0.0997540987791
23	0.133473606406
24	0.151214913217
25	0.175612755745
26	0.193387080935
27	0.192884462109
28	0.164419970001
29	0.129301143318
30	0.102780342973
31	0.084644924501
32	0.0742044182678
33	0.0710602816125
34	0.0738492016572
35	0.0830793564112
36	0.0930146571846
37	0.097655229764
38	0.0926293677273
39	0.0835354683027
40	0.0728710843582
41	0.0607874245647
42	0.0546504909123
43	0.0513137314667
44	0.0515885452638
45	0.0515136792528
46	0.0514069376571
47	0.050828490778
48	0.04799732319
49	0.0450605764027
50	0.0408063849293
51	0.0366150644576
52	0.0337213565736
53	0.0326007074877
54	0.0316060932456
55	0.0307540903737
56	0.0297031934026
57	0.0278745109338
58	0.0255247506774
59	0.0229873575418
60	0.0212200617896
61	0.0194823845489
62	0.0186154969448
63	0.0181523748634
64	0.0177723950177
65	0.0173934986172
66	0.016372448513
67	0.0151881335123
68	0.0139360436054
69	0.0126009902434
70	0.0114961498906
71	0.0107405794422
72	0.0103114208606
73	0.0101616675545
74	0.00965895930988
75	0.00935138107331
76	0.008656552596
77	0.00796293760791
78	0.00724251060763
79	0.00677987600213
80	0.00631040135976
81	0.0061525235634
82	0.00593314722669
83	0.00566155724911
84	0.00543123081472
85	0.00510914859553
86	0.00481963141676
87	0.00449579232596
88	0.00412603703986
89	0.00378436092286
90	0.00360585799374
91	0.00347313559003
92	0.00332279461293
93	0.00331938449729
94	0.00311483511313
95	0.00297590013488
96	0.00273349113509
97	0.00256788400055
98	0.00238091679742
99	0.00224895079676
100	0.00217265308005
101	0.00211969514279
102	0.00205214907479
103	0.00196567699229
104	0.00187775355042
105	0.00178158264422
106	0.00168933048995
107	0.0016013596924
108	0.0015825782771
109	0.00158586117231
110	0.00157467131374
111	0.00156530070729
112	0.00154700440517
113	0.00151318923559
114	0.00149040866019
115	0.00144537437571
116	0.00138828026009
117	0.00134784150702
118	0.00138400598132
119	0.00135553622047
120	0.00135791033869
121	0.00134670589231
122	0.0013182464502
123	0.00132336252515
124	0.00134043439739
125	0.00138709892982
126	0.00138123899912
127	0.0013867870461
128	0.00137446862988
129	0.00136013770841
130	0.00134488834721
131	0.00131985180006
132	0.00130349958841
133	0.00128586517015
134	0.00126574615143
135	0.00126367631674
136	0.00127255798979
137	0.00126351519368
138	0.00129543530688
139	0.00128798038484
140	0.00123252344725
141	0.00119552573085
142	0.0011646965955
143	0.00116942542909
144	0.00115832022735
145	0.00115724835276
146	0.00114536654046
147	0.00115163127916
148	0.00114349493142
149	0.00115903986513
150	0.00115511981211
151	0.00116731800698
152	0.00118040962
153	0.00117371333779
154	0.00119261655836
155	0.00121224242998
156	0.0012102865524
157	0.00122818686388
158	0.00123897000878
159	0.00122605028564
160	0.00123857408443
161	0.00124257017551
162	0.00129795239454
163	0.00129834111915
164	0.00128522215479
165	0.00129469144671
166	0.00130815202059
167	0.00134667816479
168	0.00137759571453
169	0.00137716980307
170	0.00140965071531
171	0.00141488330617
172	0.00142643274357
173	0.00141627854136
174	0.00138503370357
175	0.00138288468766
176	0.00137547086722
177	0.00136058864336
178	0.00137809475295
179	0.00136270295999
180	0.00141392386415
181	0.00141807831131
182	0.00142333864845
183	0.00141449378588
184	0.00140731483202
185	0.00137938446227
186	0.0013864229104
187	0.00136541447808
188	0.00131031461693
189	0.00133061605242
190	0.00133153624806
191	0.00132459225364
192	0.00129453329782
193	0.00128918706302
194	0.001265469258
195	0.00129553099831
196	0.00130500545291
197	0.00130381313085
198	0.00130960106543
199	0.00134341016183
200	0.0013272577802
201	0.00134344146995
202	0.00133505517797
203	0.0013319406279
204	0.00137697487765
205	0.00136929021036
206	0.0013788992831
207	0.00134345294771
208	0.00135103080118
209	0.00133926852791
210	0.0013467145389
211	0.00133938137398
212	0.00135805650075
213	0.00134491805472
214	0.00135495392531
215	0.00132966549308
216	0.00133030944307
217	0.00131241571508
218	0.00129648265311
219	0.00128022909329
220	0.0012921314551
221	0.00130259103638
222	0.00131832143265
223	0.00136173375247
224	0.0013365442841
225	0.00133899282385
226	0.00131565991481
227	0.0013032847302
228	0.00134472370389
229	0.00133847918033
230	0.00135580681355
231	0.0013692706628
232	0.00135160328627
233	0.00134891404733
234	0.00135474336034
235	0.00133538268794
236	0.00130313703988
237	0.00128352101025
238	0.00125764529631
239	0.00121059247378
240	0.00120308662336
241	0.00119062196515
242	0.0011905725933
243	0.00121133050127
244	0.0012117794948
245	0.00122737484086
246	0.00124945344051
247	0.00124071725823
248	0.00124311053766
249	0.00121834125354
250	0.00122070427454
251	0.00120126696144
252	0.00120269778164
253	0.00117793239803
254	0.00116836814161
255	0.00115299846061
256	0.00113300464066
257	0.00114185376718
258	0.00113652622273
259	0.00113590159439
260	0.00114770081799
261	0.00113175745449
262	0.0011352732631
263	0.00110989767859
264	0.00110606977272
265	0.00109242619865
266	0.00106530295627
267	0.00106491795423
268	0.00105659327701
269	0.00103740150789
270	0.00103199873184
271	0.00102902244252
272	0.00102308939681
273	0.00100974994636
274	0.00100432184654
275	0.000995689175547
276	0.00101414754584
277	0.00101850043799
278	0.000995959686714
279	0.000978022575105
280	0.000986920967155
281	0.000977616998474
282	0.000960836921072
283	0.000940514945306
284	0.000935618109808
285	0.00091910802346
286	0.000900274472703
287	0.000901226549871
288	0.000878304476875
289	0.00088386929275
290	0.000878655606902
291	0.00087220239408
292	0.000871799690107
293	0.0008711838707
294	0.000874281848512
295	0.000868586099244
296	0.000862385611498
297	0.00085525287484
298	0.000843767956469
299	0.000834722436592
300	0.000816928865748
301	0.000806340162629
302	0.000790141691729
303	0.000780232695889
304	0.000771841482732
305	0.000765236840116
306	0.000760720347395
307	0.000750969453317
308	0.000741188901669
309	0.000730523600333
310	0.000727779951366
311	0.000723361472233
312	0.000718212303555
313	0.0007169097488
314	0.000710969590881
315	0.000700751501481
316	0.000691382592718
317	0.000678825398816
318	0.000664237972577
319	0.000655223430908
320	0.000645826031438
321	0.000639822074168
322	0.000638155307352
323	0.000632872730903
324	0.000626180783572
325	0.000621202490103
326	0.000615295446995
327	0.000607474311566
328	0.0005961989662
329	0.000590630039398
330	0.000586954221317
331	0.000584760067948
332	0.000578336290269
333	0.00056936599066
334	0.000561773126868
335	0.000553415559936
336	0.000545021425046
337	0.000542979013008
338	0.000536631109338
339	0.000532458659171
340	0.00053278409381
341	0.000531488757058
342	0.000525789851656
343	0.000518378851579
344	0.000509284334576
345	0.000500432326017
346	0.000490058933594
347	0.000481980652557
348	0.000473903714009
349	0.00046831283582
350	0.000463773213166
351	0.000460041710816
352	0.000461876942059
353	0.000457408040844
354	0.000454266478134
355	0.000454711029429
356	0.000453991719803
357	0.000449577269996
358	0.000445198489673
359	0.000438807935959
360	0.000429006628756
361	0.000418083218502
362	0.00040857409266
363	0.000401079696487
364	0.000396944453202
365	0.000394213336646
366	0.000391811499227
367	0.000391028084079
368	0.000392608087446
369	0.000387952024557
370	0.000379961658979
371	0.000373545248566
372	0.000368650004278
373	0.000360825270481
374	0.000351820838361
375	0.000343958727518
376	0.000338972686807
377	0.000335830626686
378	0.000331215061912
379	0.00033107036475
380	0.000329647586836
381	0.000327441794815
382	0.00032507212085
383	0.000320446448174
384	0.00031339815803
385	0.000303323306327
386	0.000295680255094
387	0.000289969464681
388	0.000287758618205
389	0.00028384414658
390	0.000278300865868
391	0.000277087743077
392	0.000276178325884
393	0.000272069339462
394	0.000266707332574
395	0.000261614942274
396	0.00025637394581
397	0.000253094747447
398	0.000249065576438
399	0.000245972043158
400	0.000243617117067
401	0.000241117148738
402	0.000237640125019
403	0.000233843009407
404	0.000230699394262
405	0.000226833438409
406	0.000221851324393
407	0.000218541209151
408	0.000214747735291
409	0.000215441496717
410	0.000211533759303
411	0.000211099253508
412	0.00020756396406
413	0.000203132895769
414	0.000199873270196
415	0.000196522379362
416	0.000192897749801
417	0.00018944051695
418	0.000190002761705
419	0.000188667027884
420	0.000185640103138
421	0.000182648863131
422	0.000179540189163
423	0.000177066567033
424	0.000174406760472
425	0.000172344591789
426	0.000170056252839
427	0.000168822140487
428	0.000167140560896
429	0.000165563075366
430	0.000163887020151
431	0.000161873721821
432	0.000159523569916
433	0.000157722739759
434	0.000157145467062
435	0.000155208096927
436	0.000153231761933
437	0.000152479986576
438	0.000150799061356
439	0.000149028354328
440	0.000148321209576
441	0.000146685599749
442	0.000144640865668
443	0.000143008792297
444	0.000141137942473
445	0.000139490076047
446	0.000138099521227
447	0.000136750679857
448	0.000135673288796
449	0.000134234762153
450	0.000132207554163
451	0.000131273011277
452	0.000129825980838
453	0.000128274018583
454	0.000126673333816
455	0.000125141227289
456	0.000124113525479
457	0.000122882203308
458	0.000121675035312
459	0.000120566867595
460	0.00011944170296
461	0.00011829279134
462	0.000116999005448
463	0.000115735333588
464	0.000114398970548
465	0.000113011823031
466	0.000112040957781
467	0.000110755467525
468	0.000110150080201
469	0.000108918436893
470	0.000107115198214
471	0.000105264692231
472	0.000104529132132
473	0.000103594581375
474	0.000102235115151
475	0.000100658957774
476	0.000100878920868
477	9.90523603e-05
478	9.80775229915e-05
479	9.68255001845e-05
480	9.62260384375e-05
481	9.46083811003e-05
482	9.38902643187e-05
483	9.22204471082e-05
484	9.23045808474e-05
485	9.1643994631e-05
486	9.04094224403e-05
487	8.91106362692e-05
488	8.83009964727e-05
489	8.75082598446e-05
490	8.67360824984e-05
491	8.60728797063e-05
492	8.5279833965e-05
493	8.50880820371e-05
494	8.43745015137e-05
495	8.4194006301e-05
496	8.35099424243e-05
497	8.33801287593e-05
498	8.27602060973e-05
499	8.26879304294e-05
500	8.21309925941e-05
501	8.20807290096e-05
502	8.1133354015e-05
503	8.07901479506e-05
504	8.07036522883e-05
505	8.12209488208e-05
506	8.03684233886e-05
507	8.01507323489e-05
508	8.00030833671e-05
509	8.02195985621e-05
510	7.92720699881e-05
511	7.90697788978e-05
512	7.90075566526e-05
513	7.92392676848e-05
514	7.83125850016e-05
515	7.81098345953e-05
516	7.82319414209e-05
517	7.81264745217e-05
518	7.80984740085e-05
519	7.73251041075e-05
520	7.67764249769e-05
521	7.69402207587e-05
522	7.72427478897e-05
523	7.73206778314e-05
524	7.71060285892e-05
525	7.6723433589e-05
526	7.63623090173e-05
527	7.61051112216e-05
528	7.59384975929e-05
529	7.58100792413e-05
530	7.56749247753e-05
531	7.55041656086e-05
532	7.53051201864e-05
533	7.51123713103e-05
534	7.49229910043e-05
535	7.47423587126e-05
536	7.45814987061e-05
537	7.44215602904e-05
538	7.42598305202e-05
539	7.41018749769e-05
540	7.39399877388e-05
541	7.37638547967e-05
542	7.35764634702e-05
543	7.34061706924e-05
544	7.32283816792e-05
545	7.30538822655e-05
546	7.28821220157e-05
547	7.27110172936e-05
548	7.25389115188e-05
549	7.23888944069e-05
550	7.22422417964e-05
551	7.20933397188e-05
552	7.19608072622e-05
553	7.18156424275e-05
554	7.16695825266e-05
555	7.15098083455e-05
556	7.13493544601e-05
557	7.11798497895e-05
558	7.10022821707e-05
559	7.08319296485e-05
560	7.06663699975e-05
561	7.04931105103e-05
562	7.03314763467e-05
563	7.01751730471e-05
564	7.00155403197e-05
565	6.98590982593e-05
566	6.97172914261e-05
567	6.95804946437e-05
568	6.9452754788e-05
569	6.93298087566e-05
570	6.92043413225e-05
571	6.90642663807e-05
572	6.89289590859e-05
573	6.8790978635e-05
574	6.86400022462e-05
575	6.84843246623e-05
576	6.83351832909e-05
577	6.81784137627e-05
578	6.80144487233e-05
579	6.7870869661e-05
580	6.77228408691e-05
581	6.75767168744e-05
582	6.74367011328e-05
583	6.73104501431e-05
584	6.71873368162e-05
585	6.70739041358e-05
586	6.69636573455e-05
587	6.68394399945e-05
588	6.6717490264e-05
589	6.6594733475e-05
590	6.64592961877e-05
591	6.63207171006e-05
592	6.61827103398e-05
593	6.60415631083e-05
594	6.58965300464e-05
595	6.57632689982e-05
596	6.56329777454e-05
597	6.55018536452e-05
598	6.53688099681e-05
599	6.52517243314e-05
600	6.51389315915e-05
601	6.5038583355e-05
602	6.49380420361e-05
603	6.48259674934e-05
604	6.47161863495e-05
605	6.46013343899e-05
606	6.44751528987e-05
607	6.4350812479e-05
608	6.4224440556e-05
609	6.40942856708e-05
610	6.39580389062e-05
611	6.38239748257e-05
612	6.36949880507e-05
613	6.35614273795e-05
614	6.34296155786e-05
615	6.33168185013e-05
616	6.32138171841e-05
617	6.31173325707e-05
618	6.30225781511e-05
619	6.29215634267e-05
620	6.28199097363e-05
621	6.27071544457e-05
622	6.25917233728e-05
623	6.24723397149e-05
624	6.23497313461e-05
625	6.22240421682e-05
626	6.20940986982e-05
627	6.19672676801e-05
628	6.18463661034e-05
629	6.17207856284e-05
630	6.15938874305e-05
631	6.14882447584e-05
632	6.13916825366e-05
633	6.13009530942e-05
634	6.1208229031e-05
635	6.11120679003e-05
636	6.10021216006e-05
637	6.08885445997e-05
638	6.07789335676e-05
639	6.0674454855e-05
640	6.0563247966e-05
641	6.04491368924e-05
642	6.0328829327e-05
643	6.02117246416e-05
644	6.00972733349e-05
645	5.99853074233e-05
646	5.98730863063e-05
647	5.97879156645e-05
648	5.969235075e-05
649	5.95954763577e-05
650	5.95078845949e-05
651	5.94126839453e-05
652	5.93158199725e-05
653	5.9219699823e-05
654	5.91265973446e-05
655	5.90328190098e-05
656	5.89241164284e-05
657	5.88077028636e-05
658	5.8692162283e-05
659	5.85712716728e-05
660	5.84488612232e-05
661	5.83212753014e-05
662	5.82219235705e-05
663	5.81243952548e-05
664	5.80264430641e-05
665	5.79324550267e-05
666	5.78421131705e-05
667	5.77374564127e-05
668	5.76450242313e-05
669	5.75547150419e-05
670	5.74693750297e-05
671	5.73705428963e-05
672	5.72571040059e-05
673	5.71481390628e-05
674	5.70350425791e-05
675	5.69169624007e-05
676	5.68017728845e-05
677	5.66916298457e-05
678	5.66025781141e-05
679	5.65098856517e-05
680	5.6424850378e-05
681	5.63411727295e-05
682	5.62557756779e-05
683	5.61696976168e-05
684	5.60839307328e-05
685	5.60033006364e-05
686	5.5913604178e-05
687	5.58095887968e-05
688	5.5694870787e-05
689	5.55864355846e-05
690	5.54644158502e-05
691	5.53416832391e-05
692	5.52208033314e-05
693	5.51311967384e-05
694	5.50364067715e-05
695	5.45330709796e-05
696	5.42297265318e-05
697	5.49340872001e-05
698	5.46804486842e-05
699	5.39686878635e-05
700	5.40218079446e-05
701	5.40070729964e-05
702	5.38768010869e-05
703	5.35386171792e-05
704	5.36385001626e-05
705	5.36493328381e-05
706	5.35160711592e-05
707	5.29512993087e-05
708	5.32304892017e-05
709	5.32194538032e-05
710	5.27456101993e-05
711	5.30407777042e-05
712	5.30154467923e-05
713	5.27152158679e-05
714	5.27881597892e-05
715	5.28910931328e-05
716	5.23039529931e-05
717	5.2153518999e-05
718	5.27723358671e-05
719	5.27462710995e-05
720	5.21410665731e-05
721	5.1743291465e-05
722	5.17656349704e-05
723	5.23022155913e-05
724	5.20596634016e-05
725	5.17339965632e-05
726	5.14026983842e-05
727	5.1703582547e-05
728	5.14172818906e-05
729	5.11737794602e-05
730	5.15133929265e-05
731	5.12204166674e-05
732	5.09526398366e-05
733	5.12630113534e-05
734	5.09172123607e-05
735	5.11072336873e-05
736	5.04538807679e-05
737	5.05469582345e-05
738	5.06964816444e-05
739	5.03923125984e-05
740	5.01651737472e-05
741	5.01663225416e-05
742	5.05018073733e-05
743	5.01827766476e-05
744	5.01086983183e-05
745	5.0052209564e-05
746	5.03446916462e-05
747	4.9607884713e-05
748	4.96470985176e-05
749	4.98123715059e-05
750	4.94099396646e-05
751	4.93697227923e-05
752	4.91326241563e-05
753	4.91140054526e-05
754	4.90652436646e-05
755	4.94048772498e-05
756	4.89280406941e-05
757	4.88869415405e-05
758	4.8853234482e-05
759	4.88432578791e-05
760	4.87881590895e-05
761	4.86999886843e-05
762	4.85797052001e-05
763	4.84487433999e-05
764	4.83412188176e-05
765	4.82297079513e-05
766	4.8123242616e-05
767	4.80335088949e-05
768	4.7965909361e-05
769	4.79034263874e-05
770	4.78361583468e-05
771	4.77648279648e-05
772	4.76946192801e-05
773	4.76204348448e-05
774	4.75537443357e-05
775	4.74878689871e-05
776	4.74112240681e-05
777	4.73123421717e-05
778	4.72129588552e-05
779	4.71080720562e-05
780	4.69946866166e-05
781	4.68880733972e-05
782	4.68076920743e-05
783	4.67328453291e-05
784	4.66614668079e-05
785	4.65876257593e-05
786	4.65182917747e-05
787	4.64425176333e-05
788	4.63765622448e-05
789	4.63158583278e-05
790	4.62489134109e-05
791	4.61625025878e-05
792	4.60686315122e-05
793	4.59727748481e-05
794	4.58668309083e-05
795	4.57656898421e-05
796	4.56809957283e-05
797	4.56094382811e-05
798	4.55357044564e-05
799	4.54605406555e-05
800	4.53872727758e-05
801	4.53124851004e-05
802	4.52409787496e-05
803	4.51832172129e-05
804	4.51135377205e-05
805	4.50318812152e-05
806	4.49406613112e-05
807	4.48461009201e-05
808	4.47456895596e-05
809	4.46473397364e-05
810	4.45633469569e-05
811	4.44936195047e-05
812	4.44209196362e-05
813	4.43500559198e-05
814	4.42793860251e-05
815	4.42044982417e-05
816	4.41390407629e-05
817	4.40853680484e-05
818	4.40141157702e-05
819	4.39405266859e-05
820	4.38559062882e-05
821	4.37726028495e-05
822	4.36828673062e-05
823	4.35853747919e-05
824	4.35087418925e-05
825	4.3442462514e-05
826	4.338477356e-05
827	4.3327409848e-05
828	4.32616908658e-05
829	4.31957966513e-05
830	4.31402754956e-05
831	4.30855996827e-05
832	4.30184139342e-05
833	4.29471912851e-05
834	4.28647833466e-05
835	4.27768027425e-05
836	4.26880213696e-05
837	4.25905838866e-05
838	4.25188637445e-05
839	4.24478244412e-05
840	4.23758201381e-05
841	4.23003524066e-05
842	4.22210326098e-05
843	4.21449979784e-05
844	4.20862198323e-05
845	4.20168167595e-05
846	4.19468820631e-05
847	4.18648681936e-05
848	4.17754827068e-05
849	4.16792439572e-05
850	4.15802080082e-05
851	4.14841660611e-05
852	4.14073281126e-05
853	4.13305539917e-05
854	4.12568330513e-05
855	4.11724010858e-05
856	4.10934561568e-05
857	4.1024802282e-05
858	4.0961166687e-05
859	4.0891294238e-05
860	4.08146556104e-05
861	4.07315237551e-05
862	4.06382618421e-05
863	4.05469780552e-05
864	4.04466907888e-05
865	4.03666801249e-05
866	4.02909273599e-05
867	4.0219412265e-05
868	4.01386538218e-05
869	4.00579776792e-05
870	3.9988705381e-05
871	3.99316083976e-05
872	3.98625739063e-05
873	3.9788023615e-05
874	3.97122905617e-05
875	3.96265476819e-05
876	3.95379287445e-05
877	3.94401754954e-05
878	3.93572398068e-05
879	3.92857194716e-05
880	3.92205025621e-05
881	3.91438375919e-05
882	3.90638343449e-05
883	3.89952702579e-05
884	3.89466707017e-05
885	3.88886979665e-05
886	3.88218838616e-05
887	3.87520034543e-05
888	3.86730909458e-05
889	3.85875062858e-05
890	3.84925150215e-05
891	3.84080893909e-05
892	3.83412429139e-05
893	3.82789501059e-05
894	3.82046738348e-05
895	3.81289364425e-05
896	3.80666191579e-05
897	3.80219186756e-05
898	3.79657922583e-05
899	3.78993868786e-05
900	3.78301899857e-05
901	3.775152669e-05
902	3.7661692546e-05
903	3.75658549886e-05
904	3.74820910271e-05
905	3.74185297341e-05
906	3.73499002517e-05
907	3.72689857216e-05
908	3.71915688985e-05
909	3.71310066059e-05
910	3.70809262938e-05
911	3.70188188609e-05
912	3.69528300319e-05
913	3.68812525962e-05
914	3.68014811908e-05
915	3.67067753792e-05
916	3.66139644013e-05
917	3.65324603133e-05
918	3.64723092255e-05
919	3.64011392652e-05
920	3.63208031554e-05
921	3.62478004259e-05
922	3.61966571801e-05
923	3.61439657993e-05
924	3.60810501741e-05
925	3.60121654271e-05
926	3.59368264202e-05
927	3.58554967608e-05
928	3.57602465643e-05
929	3.56748478724e-05
930	3.56070523297e-05
931	3.55433756523e-05
932	3.54692230431e-05
933	3.53921796114e-05
934	3.53307672219e-05
935	3.52834689215e-05
936	3.52293273282e-05
937	3.51623262287e-05
938	3.50886078052e-05
939	3.50080429242e-05
940	3.49153138934e-05
941	3.48213842105e-05
942	3.4739542431e-05
943	3.46786889042e-05
944	3.46093935852e-05
945	3.45384520238e-05
946	3.44661294589e-05
947	3.44152870793e-05
948	3.4371399298e-05
949	3.4309339838e-05
950	3.42373591613e-05
951	3.41610605464e-05
952	3.4078696245e-05
953	3.39874124819e-05
954	3.39027697701e-05
955	3.38415791465e-05
956	3.3782448587e-05
957	3.37157144074e-05
958	3.36438937174e-05
959	3.35923022955e-05
960	3.35507590482e-05
961	3.35013610533e-05
962	3.34356470816e-05
963	3.33629212471e-05
964	3.32854404912e-05
965	3.31950186217e-05
966	3.31021437937e-05
967	3.30292020168e-05
968	3.29642483615e-05
969	3.28930623053e-05
970	3.28162851778e-05
971	3.27471067851e-05
972	3.27032748439e-05
973	3.26551002904e-05
974	3.25903369398e-05
975	3.25139065431e-05
976	3.2434321992e-05
977	3.23445452529e-05
978	3.22491109651e-05
979	3.21658781663e-05
980	3.21023607257e-05
981	3.20368537212e-05
982	3.19659258311e-05
983	3.1894191996e-05
984	3.18519648913e-05
985	3.18140759626e-05
986	3.17626911054e-05
987	3.16930974866e-05
988	3.1620126153e-05
989	3.15377164041e-05
990	3.14458594239e-05
991	3.13597431471e-05
992	3.12944502588e-05
993	3.12273702667e-05
994	3.11544635302e-05
995	3.10779785032e-05
996	3.10190056135e-05
997	3.09779974064e-05
998	3.09272360809e-05
999	3.08580479346e-05
1000	3.07805434635e-05
1001	3.06992409546e-05
1002	3.06094067505e-05
1003	3.05194490829e-05
1004	3.0633092642e-05
1005	3.07081742818e-05
1006	3.03614924309e-05
1007	3.02237655885e-05
1008	3.01056335102e-05
1009	3.03227779455e-05
1010	3.04004654568e-05
1011	3.00899434314e-05
1012	3.01452239448e-05
1013	2.98986206937e-05
1014	2.99710624502e-05
1015	2.97167660271e-05
1016	2.98059737702e-05
1017	2.95697058527e-05
1018	2.94810200577e-05
1019	2.9359612008e-05
1020	2.95485491033e-05
1021	2.96088866765e-05
1022	2.93155327098e-05
1023	2.93890509071e-05
1024	2.91489162047e-05
1025	2.9018329106e-05
1026	2.91728011111e-05
1027	2.91963986494e-05
1028	2.88700490633e-05
1029	2.87070219197e-05
1030	2.88675576886e-05
1031	2.89005607023e-05
1032	2.8592065056e-05
1033	2.8429712141e-05
1034	2.86174798201e-05
1035	2.83785130622e-05
1036	2.85991928868e-05
1037	2.85895382877e-05
1038	2.82590162564e-05
1039	2.80820152947e-05
1040	2.82128849674e-05
1041	2.79398133581e-05
1042	2.81364133765e-05
1043	2.78790584352e-05
1044	2.77041790667e-05
1045	2.78731210708e-05
1046	2.75994748263e-05
1047	2.78498425847e-05
1048	2.76188144207e-05
1049	2.74653254639e-05
1050	2.76251981802e-05
1051	2.73527006356e-05
1052	2.75528570385e-05
1053	2.72118564522e-05
1054	2.73910413345e-05
1055	2.70585826062e-05
1056	2.72442297016e-05
1057	2.69231698154e-05
1058	2.71113146968e-05
1059	2.67995944926e-05
1060	2.70112512302e-05
1061	2.67278829258e-05
1062	2.69141108041e-05
1063	2.66066664015e-05
1064	2.67789118675e-05
1065	2.64722639457e-05
1066	2.66887426307e-05
1067	2.63142130697e-05
1068	2.63277181168e-05
1069	2.61711752165e-05
1070	2.63362712185e-05
1071	2.60586290555e-05
1072	2.63188471322e-05
1073	2.59784027214e-05
1074	2.60286818779e-05
1075	2.58911696777e-05
1076	2.61143168209e-05
1077	2.57782474223e-05
1078	2.60092814858e-05
1079	2.56454403259e-05
1080	2.58423030507e-05
1081	2.54944980006e-05
1082	2.5691826224e-05
1083	2.53597238118e-05
1084	2.5564208222e-05
1085	2.52422212269e-05
1086	2.54442297967e-05
1087	2.51546380188e-05
1088	2.53721632694e-05
1089	6.16967937894e-05
1090	4.95999898342e-05
1091	5.45092711257e-05
1092	5.67325609862e-05
1093	4.99010320125e-05
1094	4.07922299741e-05
1095	3.4710949855e-05
1096	3.18224877351e-05
1097	3.06517974819e-05
1098	2.9452879498e-05
1099	2.85136079949e-05
1100	2.78101521858e-05
1101	2.72129854533e-05
1102	2.66775256901e-05
1103	2.62072368536e-05
1104	2.60832023555e-05
1105	2.59462247012e-05
1106	2.56624155123e-05
1107	2.52396476301e-05
1108	2.46816345525e-05
1109	2.39688949016e-05
1110	2.35101736188e-05
1111	2.31074182065e-05
1112	2.27615905765e-05
1113	2.24896239771e-05
1114	2.24564562912e-05
1115	2.21304422453e-05
1116	2.21449201589e-05
1117	2.18530213919e-05
1118	2.18330547773e-05
1119	2.18452152255e-05
1120	2.1901816847e-05
1121	2.19877308821e-05
1122	2.20726283655e-05
1123	2.21116383691e-05
1124	2.20931932545e-05
1125	2.20277602817e-05
1126	2.19479999695e-05
1127	2.18522758155e-05
1128	2.17433173852e-05
1129	2.16263609153e-05
1130	2.15126965576e-05
1131	2.14026517475e-05
1132	2.1300273047e-05
1133	2.12201738253e-05
1134	2.11602491513e-05
1135	2.11131011143e-05
1136	2.10738848938e-05
1137	2.10408531458e-05
1138	2.10184514694e-05
1139	2.0994061509e-05
1140	2.09585402663e-05
1141	2.09121283218e-05
1142	2.0868768538e-05
1143	2.08282073339e-05
1144	2.07840719771e-05
1145	2.07390326796e-05
1146	2.06876975336e-05
1147	2.06359369427e-05
1148	2.05847561164e-05
1149	2.054338886e-05
1150	2.05083223385e-05
1151	2.047789245e-05
1152	2.04414621316e-05
1153	2.04009071947e-05
1154	2.03556291648e-05
1155	2.03119761174e-05
1156	2.02607646647e-05
1157	2.02012827111e-05
1158	2.01389579708e-05
1159	2.00865255977e-05
1160	2.00353955272e-05
1161	1.99880632152e-05
1162	1.99421466241e-05
1163	1.98955235677e-05
1164	1.98512365073e-05
1165	1.98112036848e-05
1166	1.97809967749e-05
1167	1.97551938472e-05
1168	1.97322848335e-05
1169	1.97047739802e-05
1170	1.96712663091e-05
1171	1.96329268181e-05
1172	1.95952751478e-05
1173	1.95509393761e-05
1174	1.94966766593e-05
1175	1.94364191986e-05
1176	1.93838784819e-05
1177	1.93312521169e-05
1178	1.92834977589e-05
1179	1.92369967393e-05
1180	1.91894413955e-05
1181	1.91610929437e-05
1182	1.91002349472e-05
1183	1.90691294717e-05
1184	1.90446572269e-05
1185	1.90241121746e-05
1186	1.89998080607e-05
1187	1.89696238083e-05
1188	1.8935613116e-05
1189	1.89190184146e-05
1190	1.88647077714e-05
1191	1.88206011569e-05
1192	1.87668378813e-05
1193	1.87116292133e-05
1194	1.86762570955e-05
1195	1.86081360989e-05
1196	1.85631679639e-05
1197	1.85183022979e-05
1198	1.84857625784e-05
1199	1.84246855307e-05
1200	1.83855436394e-05
1201	1.83579712809e-05
1202	1.83486262335e-05
1203	1.83120236093e-05
1204	1.83033784084e-05
1205	1.82618028038e-05
1206	1.82304740172e-05
1207	1.81980320168e-05
1208	1.81764791292e-05
1209	1.81126650468e-05
1210	1.80717843136e-05
1211	1.80045651958e-05
1212	1.79701965096e-05
1213	1.79104524495e-05
1214	1.78697050168e-05
1215	1.78397847469e-05
1216	1.7784830092e-05
1217	1.77593698895e-05
1218	1.77110626893e-05
1219	1.76980540677e-05
1220	1.76645004824e-05
1221	1.76589867875e-05
1222	1.76368117413e-05
1223	1.75976952335e-05
1224	1.75677137493e-05
1225	1.75486632537e-05
1226	1.75145077936e-05
1227	1.74591629442e-05
1228	1.74221182498e-05
1229	1.7370349151e-05
1230	1.731586681e-05
1231	1.72829689573e-05
1232	1.72397003788e-05
1233	1.71897654728e-05
1234	1.71621331485e-05
1235	1.71239109069e-05
1236	1.70745978572e-05
1237	1.70544637416e-05
1238	1.70310240095e-05
1239	1.70050575854e-05
1240	1.69752492514e-05
1241	1.69621821418e-05
1242	1.69375348667e-05
1243	1.6905858032e-05
1244	1.68748646438e-05
1245	1.68342590117e-05
1246	1.68057842225e-05
1247	1.67597138098e-05
1248	1.67104109048e-05
1249	1.66658097708e-05
1250	1.66199530704e-05
1251	1.65684055344e-05
1252	1.65401843034e-05
1253	1.65033672e-05
1254	1.64648189098e-05
1255	1.64297624071e-05
1256	1.6399060061e-05
1257	1.63761759016e-05
1258	1.63556928944e-05
1259	1.63397906944e-05
1260	1.63191934842e-05
1261	1.62864737106e-05
1262	1.62671745083e-05
1263	1.62362600172e-05
1264	1.61991425073e-05
1265	1.61584479134e-05
1266	1.61117488464e-05
1267	1.60666760224e-05
1268	1.60260505786e-05
1269	1.59849647716e-05
1270	1.59462220023e-05
1271	1.59094553077e-05
1272	1.58748023503e-05
1273	1.58404659916e-05
1274	1.58070950055e-05
1275	1.57745577041e-05
1276	1.57495407174e-05
1277	1.5728530252e-05
1278	1.57116456257e-05
1279	1.56960355811e-05
1280	1.56755027004e-05
1281	1.56491150101e-05
1282	1.56193581831e-05
1283	1.55870096469e-05
1284	1.55528046974e-05
1285	1.55135787861e-05
1286	1.54693911358e-05
1287	1.54279665389e-05
1288	1.53875883308e-05
1289	1.5346008637e-05
1290	1.5309194131e-05
1291	1.5277371e-05
1292	1.52454699961e-05
1293	1.51991369878e-05
1294	1.51731735178e-05
1295	1.5151648819e-05
1296	1.51307658408e-05
1297	1.51089024994e-05
1298	1.50933213143e-05
1299	1.50737534308e-05
1300	1.50347560199e-05
1301	1.50128660416e-05
1302	1.49917291698e-05
1303	1.49610351322e-05
1304	1.49080173712e-05
1305	1.48761675548e-05
1306	1.48442481346e-05
1307	1.48090056923e-05
1308	1.47703786659e-05
1309	1.47149720346e-05
1310	1.46857056573e-05
1311	1.46459301858e-05
1312	1.46247476565e-05
1313	1.46019386644e-05
1314	1.45539575262e-05
1315	1.45356098694e-05
1316	1.45058920894e-05
1317	1.44953840398e-05
1318	1.44889679695e-05
1319	1.44543955816e-05
1320	1.44392073669e-05
1321	1.44018685952e-05
1322	1.43814805183e-05
1323	1.4337944198e-05
1324	1.43120278134e-05
1325	1.428220144e-05
1326	1.42294322056e-05
1327	1.42038069751e-05
1328	1.41574256789e-05
1329	1.41304544096e-05
1330	1.41034149493e-05
1331	1.40506210721e-05
1332	1.40294320684e-05
1333	1.39891553128e-05
1334	1.39702830833e-05
1335	1.3953700521e-05
1336	1.39134901793e-05
1337	1.39038764364e-05
1338	1.38794910787e-05
1339	1.38725520383e-05
1340	1.38369830318e-05
1341	1.38199745245e-05
1342	1.37965938399e-05
1343	1.37430822738e-05
1344	1.37174417709e-05
1345	1.36680641775e-05
1346	1.36469180216e-05
1347	1.36017424642e-05
1348	1.35790342802e-05
1349	1.35310984054e-05
1350	1.35072675437e-05
1351	1.34616742847e-05
1352	1.34448978039e-05
1353	1.34043946765e-05
1354	1.33875919729e-05
1355	1.33508435285e-05
1356	1.33434139438e-05
1357	1.33126696757e-05
1358	1.33116631622e-05
1359	1.32813113164e-05
1360	1.32703509981e-05
1361	1.32294094064e-05
1362	4.71608716407e-05
1363	3.59707062148e-05
1364	2.8890736408e-05
1365	3.55368032119e-05
1366	4.21618838072e-05
1367	3.71315259766e-05
1368	2.88714290461e-05
1369	2.75066716749e-05
1370	2.51221677211e-05
1371	2.14541688675e-05
1372	1.74674127691e-05
1373	1.60506390333e-05
1374	1.61539010683e-05
1375	1.5944321187e-05
1376	1.50206024624e-05
1377	1.39733067422e-05
1378	1.30916197389e-05
1379	1.24015491586e-05
1380	1.19101081285e-05
1381	1.16621577013e-05
1382	1.16424276954e-05
1383	1.17051107125e-05
1384	1.17562149726e-05
1385	1.17852424277e-05
1386	1.1789362114e-05
1387	1.17503466079e-05
1388	1.17712962423e-05
1389	1.1788696809e-05
1390	1.17522180663e-05
1391	1.17232048331e-05
1392	1.16846723872e-05
1393	1.15801637138e-05
1394	1.14681897322e-05
1395	1.13554551202e-05
1396	1.1259670552e-05
1397	1.12055536838e-05
1398	1.11277064851e-05
1399	1.10844144229e-05
1400	1.10527120854e-05
1401	1.10212807539e-05
1402	1.09858487692e-05
1403	1.09452587648e-05
1404	1.0901686933e-05
1405	1.0860398146e-05
1406	1.08247758552e-05
1407	1.07987985182e-05
1408	1.07924800788e-05
1409	1.07929390854e-05
1410	1.0809133461e-05
1411	1.07763486139e-05
1412	1.07564376234e-05
1413	1.07370689054e-05
1414	1.07160236759e-05
1415	1.06936307931e-05
1416	1.06366066016e-05
1417	1.06487907966e-05
1418	1.06541790175e-05
1419	1.06340259595e-05
1420	1.0597973395e-05
1421	1.05590161148e-05
1422	1.05188801887e-05
1423	1.04788872169e-05
1424	1.04416413835e-05
1425	1.04098786825e-05
1426	1.03530810956e-05
1427	1.03536005319e-05
1428	1.03485036656e-05
1429	1.03298391126e-05
1430	1.02990086032e-05
1431	1.02698610484e-05
1432	1.02450516089e-05
1433	1.02236547016e-05
1434	1.02024927128e-05
1435	1.01609516222e-05
1436	1.01526360566e-05
1437	1.01716437425e-05
1438	1.01636736118e-05
1439	1.01358192851e-05
1440	1.01045732841e-05
1441	1.00749125037e-05
1442	1.00456076694e-05
1443	1.00047433157e-05
1444	1.00208093754e-05
1445	1.00293862925e-05
1446	1.00231706998e-05
1447	1.00135590125e-05
1448	9.99997953011e-06
1449	9.98390726601e-06
1450	9.9618041406e-06
1451	9.92083847918e-06
1452	9.89990735994e-06
1453	9.8417904416e-06
1454	9.74719398589e-06
1455	9.75438391375e-06
1456	9.76822354668e-06
1457	9.76799768443e-06
1458	9.76809921245e-06
1459	9.76951506239e-06
1460	9.76665012369e-06
1461	9.75514389433e-06
1462	9.73625968423e-06
1463	9.71270314017e-06
1464	9.68389350235e-06
1465	9.65013759227e-06
1466	9.61638510754e-06
1467	9.58552512227e-06
1468	9.5576741612e-06
1469	9.53407158561e-06
1470	9.51309666165e-06
1471	9.49500238959e-06
1472	9.47692582861e-06
1473	9.4582719377e-06
1474	9.43938943467e-06
1475	9.42510550192e-06
1476	9.41014930044e-06
1477	9.39361503994e-06
1478	9.37433357435e-06
1479	9.35314342389e-06
1480	9.33114769356e-06
1481	9.30762661726e-06
1482	9.28293108884e-06
1483	9.25551594748e-06
1484	9.22698129063e-06
1485	9.20006593092e-06
1486	9.17239520061e-06
1487	9.14433721069e-06
1488	9.1209906209e-06
1489	9.09993326583e-06
1490	9.07710922797e-06
1491	9.05420195606e-06
1492	9.03207539958e-06
1493	9.01515173888e-06
1494	9.00025900441e-06
1495	8.98289525887e-06
1496	8.96212010632e-06
1497	8.9384763414e-06
1498	8.91100385304e-06
1499	8.88472662998e-06
1500	8.8561469004e-06
1501	8.82749138658e-06
1502	8.79631094205e-06
1503	8.76639915526e-06
1504	8.74205895709e-06
1505	8.7170557956e-06
1506	8.69514824769e-06
1507	8.67946323968e-06
1508	8.6631486668e-06
1509	8.64582735767e-06
1510	8.62613819077e-06
1511	8.60823062011e-06
1512	8.5930118314e-06
1513	8.56834762454e-06
1514	8.5608924163e-06
1515	8.54444361027e-06
1516	8.51700376492e-06
1517	8.48754041414e-06
1518	8.46043362525e-06
1519	8.42739597977e-06
1520	8.41176539633e-06
1521	8.39418508669e-06
1522	8.37141759397e-06
1523	8.34917726857e-06
1524	8.32063640023e-06
1525	8.31521435829e-06
1526	8.30458598072e-06
1527	8.28304891319e-06
1528	8.26121593801e-06
1529	8.23767936407e-06
1530	8.23443205849e-06
1531	8.22242798428e-06
1532	8.19729477139e-06
1533	8.16767150562e-06
1534	8.1274801719e-06
1535	8.1069842086e-06
1536	8.08409646444e-06
1537	8.05699055591e-06
1538	8.03565012946e-06
1539	8.00737488258e-06
1540	7.99860051057e-06
1541	7.98191357161e-06
1542	7.95864003394e-06
1543	7.93778582503e-06
1544	7.91460774606e-06
1545	7.91163646485e-06
1546	7.90202325777e-06
1547	7.88357917632e-06
1548	7.86314891731e-06
1549	7.83557529663e-06
1550	7.82248353697e-06
1551	7.80349127712e-06
1552	7.77892426163e-06
1553	7.75999647812e-06
1554	7.73554367005e-06
1555	7.72674449404e-06
1556	7.71475046936e-06
1557	7.69255503079e-06
1558	7.66708628136e-06
1559	7.63377173137e-06
1560	7.61310348495e-06
1561	7.59155816574e-06
1562	7.55897719085e-06
1563	7.52649987258e-06
1564	7.49670819274e-06
1565	7.48318241856e-06
1566	7.46727958412e-06
1567	7.4397056434e-06
1568	7.40818897493e-06
1569	7.37168270882e-06
1570	7.35045123695e-06
1571	7.32390206366e-06
1572	4.8777354207e-05
1573	3.31773559264e-05
1574	2.63482206539e-05
1575	3.34677780739e-05
1576	4.1777102934e-05
1577	3.4538592203e-05
1578	2.51309385547e-05
1579	2.50337370718e-05
1580	3.68640296801e-05
1581	2.52078260199e-05
1582	2.45833835994e-05
1583	2.49236909836e-05
1584	2.16916514116e-05
1585	1.71337637327e-05
1586	1.37976385877e-05
1587	1.18912892636e-05
1588	1.12612445541e-05
1589	1.07030988683e-05
1590	9.95310683538e-06
1591	9.1332711029e-06
1592	8.38271574695e-06
1593	7.73475471556e-06
1594	7.14813282476e-06
1595	6.71865401598e-06
1596	6.43084397994e-06
1597	6.24585311954e-06
1598	6.10324177212e-06
1599	5.99082668702e-06
1600	5.90086311627e-06
1601	5.82791423674e-06
1602	5.76820716622e-06
1603	5.70102977603e-06
1604	5.65271994784e-06
1605	5.61339189922e-06
1606	5.57576756564e-06
1607	5.53709452262e-06
1608	5.48906576531e-06
1609	5.44656510096e-06
1610	5.39875288846e-06
1611	5.35823425674e-06
1612	5.32242619602e-06
1613	5.30713879886e-06
1614	5.29291363602e-06
1615	5.27494002913e-06
1616	5.26807726921e-06
1617	5.26645060815e-06
1618	5.24735995829e-06
1619	5.23247865358e-06
1620	5.21594881224e-06
1621	5.2107945891e-06
1622	5.20362003277e-06
1623	5.19567930831e-06
1624	5.19425092983e-06
1625	5.19085305542e-06
1626	5.19269812738e-06
1627	5.18632328864e-06
1628	5.18659906658e-06
1629	5.18189306027e-06
1630	5.18017666757e-06
1631	5.18542371636e-06
1632	5.187498148e-06
1633	5.1945492067e-06
1634	5.19119602811e-06
1635	5.19553512481e-06
1636	5.18612836345e-06
1637	5.18391545744e-06
1638	5.17007075256e-06
1639	5.15478374671e-06
1640	5.13335903485e-06
1641	5.11167297776e-06
1642	5.09299494432e-06
1643	5.07024758202e-06
1644	5.06188915978e-06
1645	5.03969530918e-06
1646	5.02980878655e-06
1647	4.99896726454e-06
1648	4.98569299103e-06
1649	4.95714709194e-06
1650	4.96104171546e-06
1651	4.94647664041e-06
1652	4.96435266058e-06
1653	4.96134678761e-06
1654	4.98874474355e-06
1655	4.99003458734e-06
1656	5.00454801765e-06
1657	4.99677342928e-06
1658	5.00248309631e-06
1659	4.99172198339e-06
1660	4.99591985284e-06
1661	4.98590097799e-06
1662	4.98852890572e-06
1663	4.98500070511e-06
1664	4.98705245981e-06
1665	4.98273073848e-06
1666	4.98348838439e-06
1667	4.97992008459e-06
1668	4.97196435645e-06
1669	4.95773092402e-06
1670	4.92049172817e-06
1671	4.89683352201e-06
1672	4.86049503493e-06
1673	4.82705725465e-06
1674	4.80584497708e-06
1675	4.77415999505e-06
1676	4.76614029235e-06
1677	4.79286902408e-06
1678	4.83508453598e-06
1679	4.86492578479e-06
1680	4.90146768423e-06
1681	4.92263613965e-06
1682	4.94665268649e-06
1683	4.91800230211e-06
1684	4.90605222508e-06
1685	4.90339078109e-06
1686	4.91830361906e-06
1687	4.89437299568e-06
1688	4.89831575047e-06
1689	4.91914282078e-06
1690	4.94364425678e-06
1691	4.98985226903e-06
1692	4.97682645696e-06
1693	4.95100772093e-06
1694	4.91352790857e-06
1695	4.81797436988e-06
1696	4.76403642226e-06
1697	4.77001090506e-06
1698	4.83565910083e-06
1699	4.90564755204e-06
1700	4.95790459102e-06
1701	4.99623150144e-06
1702	5.00407568073e-06
1703	4.99383947135e-06
1704	4.96515655209e-06
1705	4.93354183418e-06
1706	4.90774889406e-06
1707	4.89328700176e-06
1708	4.89919583805e-06
1709	4.89775663758e-06
1710	4.80292148672e-06
1711	4.73635396159e-06
1712	4.66002032507e-06
1713	4.61651888546e-06
1714	4.62300748688e-06
1715	4.65716083041e-06
1716	4.69380235267e-06
1717	4.71875236733e-06
1718	4.71911791237e-06
1719	4.73286653279e-06
1720	4.73685170754e-06
1721	4.83255043612e-06
1722	4.80351904072e-06
1723	4.67837464354e-06
1724	4.57221625568e-06
1725	4.49078201887e-06
1726	4.48193537402e-06
1727	4.47274942022e-06
1728	4.43792252074e-06
1729	4.41505007955e-06
1730	4.42913474835e-06
1731	4.42657660976e-06
1732	4.34755301487e-06
1733	4.26946437027e-06
1734	4.22693221931e-06
1735	4.1931473095e-06
1736	4.15454746374e-06
1737	4.10589696884e-06
1738	4.07260119314e-06
1739	4.01725471408e-06
1740	3.96180518396e-06
1741	3.88120660084e-06
1742	3.74340287355e-06
1743	3.59539283005e-06
1744	3.55060809561e-06
1745	3.56751551775e-06
1746	3.48203784241e-06
1747	3.48906891378e-06
1748	3.50563847637e-06
1749	3.45691540555e-06
1750	3.40983996833e-06
1751	3.29010424338e-06
1752	3.21535228763e-06
1753	3.08184197311e-06
1754	3.07326210159e-06
1755	3.01271839381e-06
1756	3.04258874192e-06
1757	3.02072866502e-06
1758	3.05363576447e-06
1759	3.04117492871e-06
1760	3.06663070187e-06
1761	3.00912346602e-06
1762	3.03436024271e-06
1763	2.98152059018e-06
1764	3.0086103584e-06
1765	2.93699960262e-06
1766	2.97427266816e-06
1767	2.91761616585e-06
1768	2.95369848567e-06
1769	2.89528379639e-06
1770	2.93026501422e-06
1771	2.87598882314e-06
1772	2.92048204035e-06
1773	2.86477006119e-06
1774	2.90375525766e-06
1775	2.84178921908e-06
1776	2.8886669173e-06
1777	2.84050954787e-06
1778	2.8780755002e-06
1779	2.81461455903e-06
1780	2.86176571496e-06
1781	2.81115327427e-06
1782	2.84820802885e-06
1783	2.90116581876e-06
1784	2.80159127608e-06
1785	2.83864904525e-06
1786	2.8843701423e-06
1787	2.80310500892e-06
1788	2.82174918107e-06
1789	2.86975275697e-06
1790	2.78699413366e-06
1791	2.8081555991e-06
1792	2.85753325927e-06
1793	2.76894334562e-06
1794	2.79375495029e-06
1795	2.84458414691e-06
1796	2.74271747536e-06
1797	2.77918549995e-06
1798	2.82599244218e-06
1799	2.85581072998e-06
1800	2.7296956089e-06
1801	2.76282902255e-06
1802	2.8086351487e-06
1803	2.8371758302e-06
1804	2.73193719749e-06
1805	2.74771688995e-06
1806	2.79164447416e-06
1807	2.82069937409e-06
1808	2.83426985946e-06
1809	2.84101203127e-06
1810	2.84469285775e-06
1811	2.72045693799e-06
1812	2.73666473607e-06
1813	2.77526548012e-06
1814	2.79691536927e-06
1815	2.80494301468e-06
1816	2.80926248447e-06
1817	2.81323995328e-06
1818	2.81687195742e-06
1819	2.81874641644e-06
1820	2.8179485255e-06
1821	2.81481806843e-06
1822	2.8102682491e-06
1823	2.80530051849e-06
1824	2.80058375493e-06
1825	2.79651930353e-06
1826	2.79293875378e-06
1827	2.78968216265e-06
1828	2.78663469649e-06
1829	2.78351254101e-06
1830	2.7801827569e-06
1831	2.77653731753e-06
1832	2.77258113717e-06
1833	2.76845087819e-06
1834	2.76417329508e-06
1835	2.78188053647e-06
1836	2.76210787238e-06
1837	2.75539789508e-06
1838	2.74905560422e-06
1839	2.74503249818e-06
1840	2.74022749975e-06
1841	2.73553625764e-06
1842	2.73131428999e-06
1843	2.72750986818e-06
1844	2.72399408276e-06
1845	2.72048579792e-06
1846	2.71685755708e-06
1847	2.71307191704e-06
1848	2.70909898147e-06
1849	2.70493396011e-06
1850	2.70058129171e-06
1851	2.69606327847e-06
1852	2.69142970515e-06
1853	2.68674810087e-06
1854	2.68211251131e-06
1855	2.67751079617e-06
1856	2.67293942332e-06
1857	2.66840104069e-06
1858	2.66389372249e-06
1859	2.65941872397e-06
1860	2.65497597842e-06
1861	2.6505731951e-06
1862	2.64623121285e-06
1863	2.64192738071e-06
1864	2.63765614861e-06
1865	2.63341758871e-06
1866	2.62921361484e-06
1867	2.62504702064e-06
1868	2.62090689982e-06
1869	2.61679144538e-06
1870	2.61269220601e-06
1871	2.60860096877e-06
1872	2.6045096168e-06
1873	2.60040856364e-06
1874	2.59629654079e-06
1875	2.59217243642e-06
1876	2.5880334475e-06
1877	2.58387938289e-06
1878	2.57971662209e-06
1879	2.57562013265e-06
1880	2.57152736443e-06
1881	2.56743549714e-06
1882	2.56334805598e-06
1883	2.55926324149e-06
1884	2.55518514494e-06
1885	2.55111580714e-06
1886	2.54705293345e-06
1887	2.54300332214e-06
1888	2.53896539138e-06
1889	2.53494127134e-06
1890	2.53092985207e-06
1891	2.5269289708e-06
1892	2.52293965042e-06
1893	2.51896318688e-06
1894	2.51499657528e-06
1895	2.51103309223e-06
1896	2.50707675908e-06
1897	2.50312627004e-06
1898	2.49918285574e-06
1899	2.49524007242e-06
1900	2.49082467817e-06
1901	2.48682220747e-06
1902	2.48283056791e-06
1903	2.4787903524e-06
1904	2.47464766583e-06
1905	2.47050151241e-06
1906	2.46643535753e-06
1907	2.46248220791e-06
1908	2.45863259616e-06
1909	2.45441100652e-06
1910	2.45057625163e-06
1911	2.44675829299e-06
1912	2.44290095701e-06
1913	2.43895846945e-06
1914	2.43449518715e-06
1915	2.43070786472e-06
1916	2.42685646633e-06
1917	2.42297722328e-06
1918	2.41906429262e-06
1919	2.41467692994e-06
1920	2.41092601321e-06
1921	2.40897636047e-06
1922	2.40551438365e-06
1923	2.40187863493e-06
1924	2.39632507136e-06
1925	2.39273342007e-06
1926	2.38895561032e-06
1927	2.38517616613e-06
1928	2.38171518887e-06
1929	2.37761428246e-06
1930	2.37396018779e-06
1931	2.36987586928e-06
1932	2.36603448681e-06
1933	2.36246459938e-06
1934	2.35856874665e-06
1935	2.35511076463e-06
1936	2.35127632113e-06
1937	2.34771406974e-06
1938	2.3440332166e-06
1939	2.34039559013e-06
1940	2.33662717301e-06
1941	2.33294414506e-06
1942	2.32933392837e-06
1943	2.32562834849e-06
1944	2.32191639746e-06
1945	2.31829129861e-06
1946	2.31453030173e-06
1947	2.31092475036e-06
1948	2.30757761365e-06
1949	2.30414611521e-06
1950	2.30039682241e-06
1951	2.2965358124e-06
1952	2.29294261512e-06
1953	2.28927531567e-06
1954	2.28579199304e-06
1955	2.28224170555e-06
1956	2.27865040516e-06
1957	2.27507032314e-06
1958	2.27152104748e-06
1959	2.26799290678e-06
1960	2.26446504679e-06
1961	2.26093162591e-06
1962	2.25739495971e-06
1963	2.25385350037e-06
1964	2.39119932314e-06
1965	2.28963156259e-06
1966	2.25681042257e-06
1967	2.37934646927e-06
1968	2.28279492782e-06
1969	2.25265300331e-06
1970	2.36612336137e-06
1971	2.27078423993e-06
1972	2.23931309571e-06
1973	2.35975645938e-06
1974	2.2643699881e-06
1975	2.23199261667e-06
1976	2.34774680191e-06
1977	2.25087289109e-06
1978	2.21927311695e-06
1979	2.33311876675e-06
1980	2.23659454493e-06
1981	2.20500659853e-06
1982	2.31928746108e-06
1983	2.22553923353e-06
1984	2.19401416073e-06
1985	2.30846741758e-06
1986	2.21599806198e-06
1987	2.18413805101e-06
1988	2.2987538393e-06
1989	2.206487586e-06
1990	2.31484515899e-06
1991	2.20890128685e-06
1992	2.17459553708e-06
1993	2.28286171746e-06
1994	2.19223838195e-06
1995	2.30089659378e-06
1996	2.1976665346e-06
1997	2.29712764869e-06
1998	2.19382660308e-06
1999	2.29009796662e-06
2000	2.18803201815e-06
2001	2.28349566443e-06
2002	2.20497029526e-06
2003	2.28536803549e-06
2004	2.1777240508e-06
2005	2.27827204357e-06
2006	2.17417338084e-06
2007	2.27143141037e-06
2008	2.16367446679e-06
2009	2.25979343371e-06
2010	2.15634395139e-06
2011	2.25111310106e-06
2012	2.14813007415e-06
2013	2.24372470559e-06
2014	2.14095549004e-06
2015	2.23689519017e-06
2016	2.13464930822e-06
2017	2.22994083609e-06
2018	2.12852655627e-06
2019	2.22314155483e-06
2020	2.12250431643e-06
2021	2.21671359048e-06
2022	2.11659858494e-06
2023	2.21048261179e-06
2024	2.1108019068e-06
2025	2.20423509247e-06
2026	2.10770448845e-06
2027	2.19944909902e-06
2028	2.10021899236e-06
2029	2.1912688038e-06
2030	2.09513259152e-06
2031	2.18436444199e-06
2032	2.11338233665e-06
2033	2.1854277568e-06
2034	2.08268763743e-06
2035	2.17779875752e-06
2036	2.07833804919e-06
2037	2.17036541664e-06
2038	2.07256185804e-06
2039	2.16126331952e-06
2040	2.06503398344e-06
2041	2.15386131648e-06
2042	2.05843058412e-06
2043	2.14691995221e-06
2044	2.05351073658e-06
2045	2.14175630821e-06
2046	2.04692002206e-06
2047	2.13457373287e-06
2048	2.03991960514e-06
2049	2.12838592631e-06
2050	2.03562789662e-06
2051	2.12366333839e-06
2052	2.05292492179e-06
2053	2.12276563007e-06
2054	2.02190199195e-06
2055	2.11618022233e-06
2056	2.01954351188e-06
2057	2.11010793185e-06
2058	2.01362470974e-06
2059	2.09991441105e-06
2060	2.00681135073e-06
2061	2.09216070687e-06
2062	1.99969966685e-06
2063	2.08561342395e-06
2064	1.9939865367e-06
2065	2.08023639663e-06
2066	1.98832519832e-06
2067	2.07406443684e-06
2068	1.98203165948e-06
2069	2.06874046506e-06
2070	1.97616396888e-06
2071	2.0615860005e-06
2072	1.99234413297e-06
2073	2.0614437801e-06
2074	1.96323471698e-06
2075	2.0549201835e-06
2076	1.96068592116e-06
2077	2.04865469495e-06
2078	1.95531047911e-06
2079	2.03958326993e-06
2080	1.94923149735e-06
2081	2.03225147171e-06
2082	1.94233981597e-06
2083	2.02572831063e-06
2084	1.93662642287e-06
2085	2.02021999463e-06
2086	2.09241125212e-06
2087	1.98486539727e-06
2088	2.03052408443e-06
2089	2.0884047479e-06
2090	1.95731744083e-06
2091	2.02292894051e-06
2092	2.08611960588e-06
2093	1.95523546456e-06
2094	2.01726667548e-06
2095	2.0764089118e-06
2096	1.95408825747e-06
2097	2.01244659475e-06
2098	2.06978184274e-06
2099	1.96617515156e-06
2100	2.00945938557e-06
2101	2.06290593314e-06
2102	1.93543187174e-06
2103	1.99582326245e-06
2104	2.0554590323e-06
2105	1.92277478435e-06
2106	1.98247460323e-06
2107	2.03887384473e-06
2108	1.9179991795e-06
2109	1.97438086923e-06
2110	2.03072438947e-06
2111	1.93103568479e-06
2112	1.97347465047e-06
2113	2.02712765947e-06
2114	1.90353370125e-06
2115	1.96359610285e-06
2116	2.01916040835e-06
2117	1.89625045626e-06
2118	1.952142162e-06
2119	2.00768793731e-06
2120	1.8889658261e-06
2121	1.94467250537e-06
2122	1.99978586281e-06
2123	1.90522509455e-06
2124	1.94454080485e-06
2125	1.99586577261e-06
2126	1.87339074914e-06
2127	1.93222147231e-06
2128	1.98636393056e-06
2129	1.86476189309e-06
2130	1.91907907005e-06
2131	1.97336540254e-06
2132	1.87744544896e-06
2133	1.91779486776e-06
2134	1.96858570927e-06
2135	1.84895772003e-06
2136	1.90680405484e-06
2137	1.96058456269e-06
2138	1.84094556144e-06
2139	1.89462411596e-06
2140	1.94820802502e-06
2141	1.84993955656e-06
2142	1.89257654637e-06
2143	1.94306182884e-06
2144	1.97581183035e-06
2145	1.83619875121e-06
2146	1.88338594266e-06
2147	1.93369481258e-06
2148	1.96196781453e-06
2149	1.83005192582e-06
2150	1.87495193901e-06
2151	1.92545456988e-06
2152	1.95444775764e-06
2153	1.84924465027e-06
2154	1.87537428146e-06
2155	1.92100086313e-06
2156	1.94975301637e-06
2157	1.82996081098e-06
2158	1.85937082713e-06
2159	1.90685152869e-06
2160	1.93590909141e-06
2161	1.80745306829e-06
2162	1.84877053651e-06
2163	1.89595993112e-06
2164	1.92243136503e-06
2165	1.79316374662e-06
2166	1.83603317917e-06
2167	1.88457355584e-06
2168	1.91206883221e-06
2169	1.8064713945e-06
2170	1.83364894806e-06
2171	1.87815853061e-06
2172	1.90646209651e-06
2173	1.77818744673e-06
2174	1.81940450382e-06
2175	1.8659479805e-06
2176	1.89140881983e-06
2177	1.78819416951e-06
2178	1.8132722651e-06
2179	1.85626654541e-06
2180	1.88401955415e-06
2181	1.76729059778e-06
2182	1.79711001067e-06
2183	1.84411667605e-06
2184	1.87321782955e-06
2185	1.74504436135e-06
2186	1.78740682113e-06
2187	1.83411788731e-06
2188	1.8601578661e-06
2189	1.8695242456e-06
2190	1.74156779866e-06
2191	1.77806674947e-06
2192	1.82364698748e-06
2193	1.85079073788e-06
2194	1.86032498146e-06
2195	1.76064720412e-06
2196	1.77746734264e-06
2197	1.81751242881e-06
2198	1.84429215484e-06
2199	1.85347827611e-06
2200	1.73933500016e-06
2201	1.75914316663e-06
2202	1.80101574532e-06
2203	1.82986000483e-06
2204	1.84477947658e-06
2205	1.72400409424e-06
2206	1.74562077308e-06
2207	1.78774262399e-06
2208	1.81558986584e-06
2209	1.82539068405e-06
2210	1.82458323876e-06
2211	1.82179101362e-06
2212	1.82107064651e-06
2213	1.82262484907e-06
2214	1.82550936699e-06
2215	3.78314601296e-05
2216	2.59536749637e-05
2217	2.00017427512e-05
2218	2.1119768382e-05
2219	2.07044791347e-05
2220	3.47208848937e-05
2221	2.19165213576e-05
2222	1.68797778217e-05
2223	1.70122516143e-05
2224	2.98155284295e-05
2225	1.91537736568e-05
2226	1.62153627975e-05
2227	2.56227865517e-05
2228	1.74859531864e-05
