1	0.042212209215
2	0.000154265188676
3	0.000809822688303
4	0.00940806923637
5	0.00151007652133
6	0.00175154401571
7	0.00265095040737
8	0.00713586621857
9	0.00351257632469
10	0.00205061755616
11	0.00151860058631
12	0.00319746408811
13	0.00653970861218
14	0.00334070334315
15	0.00250221856527
16	0.00440290084862
17	0.00806255759239
18	0.00756942058875
19	0.0037152055189
20	0.00198208647977
21	0.00323029860896
22	0.00367625204663
23	0.00663406733144
24	0.00525617690201
25	0.0064031177159
26	0.00322111183561
27	0.00529089364699
28	0.00521460619061
29	0.00332667539849
30	0.00491625417727
31	0.00164856429498
32	0.00157141638995
33	0.00211766776801
34	0.00248241418776
35	0.00283457902561
36	0.00158380115178
37	0.0043920933716
38	0.00435977755323
39	0.00334866756075
40	0.00123094830337
41	0.00295726096737
42	0.00092063753625
43	0.00172153042872
44	0.00168391494815
45	0.00120042785204
46	0.00200160743584
47	0.00118419551518
48	0.000935226263297
49	0.00108784558228
50	0.00196531027825
51	0.00137524403843
52	0.00115035993912
53	0.0010994284443
54	0.00102583583203
55	0.000705696786263
56	0.00064797969423
57	0.000811965458823
58	0.000495170733319
59	0.000580662098916
60	0.000463962544659
61	0.000381450221392
62	0.000400889014463
63	0.000467023686065
64	0.000568333159568
65	0.000495155295214
66	0.000449067337366
67	0.000394645332906
68	0.000313464396291
69	0.000302374032933
70	0.000290991379007
71	0.000266775854112
72	0.000388702977608
73	0.000266271638461
74	0.000378972193954
75	0.000245096308596
76	0.000246421647623
77	0.000268942275654
78	0.000285618376968
79	0.000308551571666
80	0.00015257867875
81	0.000263145417338
82	0.000201511264683
83	0.000201974343252
84	0.000228735360233
85	0.000238635420175
86	0.000236436378532
87	0.000208796064213
88	0.000204057149747
89	0.000104638708858
90	8.8226252788e-05
91	0.000170099333991
92	9.64569744866e-05
93	0.000147000116782
94	9.36674554963e-05
95	0.00013713092323
96	8.8283803797e-05
97	5.50159925781e-05
98	6.91928348832e-05
99	6.77968942602e-05
100	7.39701605975e-05
101	7.77180938463e-05
102	6.4613207142e-05
103	5.50698025871e-05
104	5.8592316683e-05
105	7.04666985954e-05
106	7.80422726319e-05
107	7.49448084514e-05
108	5.6166071804e-05
109	5.29648417905e-05
110	4.73609540479e-05
111	6.02052681655e-05
112	5.16649171247e-05
113	7.30498793951e-05
114	6.79553889606e-05
115	5.24042861045e-05
116	5.11341654795e-05
117	5.68163154262e-05
118	6.04615404901e-05
119	6.08977044951e-05
120	6.28649386643e-05
121	5.73467884761e-05
122	5.3196260355e-05
123	5.23002414156e-05
124	5.47491004142e-05
125	3.68043388095e-05
126	3.59326111733e-05
127	5.63467532726e-05
128	4.44469589572e-05
129	3.90051976398e-05
130	4.00293791406e-05
131	4.74894709631e-05
132	6.22814240858e-05
133	5.45970753091e-05
134	3.16106315204e-05
135	3.86843883704e-05
136	4.17361827716e-05
137	6.25499479032e-05
138	5.77752598e-05
139	4.79228111267e-05
140	5.68008489037e-05
141	4.15023580301e-05
142	4.07479353524e-05
143	5.17001995985e-05
144	3.88111765876e-05
145	3.75837876438e-05
146	3.60085097137e-05
147	4.93185462074e-05
148	3.94340713047e-05
149	4.54740489737e-05
150	2.67328843545e-05
151	3.92200447519e-05
152	4.43290225347e-05
153	4.13668336727e-05
154	4.02229475175e-05
155	3.89952165651e-05
156	3.65655407223e-05
157	3.4803224887e-05
158	2.67198857663e-05
159	2.6718486242e-05
160	5.51832181041e-05
161	4.35732819259e-05
162	3.07733392457e-05
163	3.24336889617e-05
164	3.3601635709e-05
165	3.39487820244e-05
166	2.9870047674e-05
167	3.08095657416e-05
168	6.14853747107e-05
169	3.14935553303e-05
170	6.94244027493e-05
171	3.08207016858e-05
172	2.70540102877e-05
173	7.00290153797e-05
174	3.34333209921e-05
175	2.5755386679e-05
176	6.48838077713e-05
177	2.65599847983e-05
178	6.52362882135e-05
179	3.12386372856e-05
180	6.43603342492e-05
181	3.19643419982e-05
182	6.62075871078e-05
183	3.24122886933e-05
184	6.66530567492e-05
185	3.11316706622e-05
186	2.54480664495e-05
187	6.66403186482e-05
188	2.60421394173e-05
189	2.44376974389e-05
190	2.55797001574e-05
191	3.47131394446e-05
192	2.94092893717e-05
193	6.27708509227e-05
194	3.0681442923e-05
195	2.9789575656e-05
196	2.7114568834e-05
197	5.54659451824e-05
198	3.63608711996e-05
199	6.07552508351e-05
200	3.33778398002e-05
201	3.02413358675e-05
202	5.92111308052e-05
203	2.80850136762e-05
204	6.44758644141e-05
205	2.88902299038e-05
206	5.69013744005e-05
207	2.92577999594e-05
208	5.13383789066e-05
209	2.75516153856e-05
210	6.0707297553e-05
211	2.47360738e-05
212	5.24865085953e-05
213	2.7295550638e-05
214	5.43612572458e-05
215	2.92707418999e-05
216	2.79906221751e-05
217	2.89568536659e-05
218	2.78504966789e-05
219	2.46340664664e-05
220	2.81809030269e-05
221	5.69572533554e-05
222	3.52716137581e-05
223	6.40942062584e-05
224	3.57057580983e-05
225	5.93170086205e-05
226	6.46283050569e-05
227	3.38537018716e-05
228	5.82006072264e-05
229	6.26569193657e-05
230	2.4800730902e-05
231	5.76689192713e-05
232	5.84667925113e-05
233	2.4872904695e-05
234	2.63100913098e-05
235	5.19164699758e-05
236	6.37158502102e-05
237	2.77803932196e-05
238	5.69718484444e-05
239	2.56259127851e-05
240	5.20630080761e-05
241	5.42767006145e-05
242	2.41047902362e-05
243	5.29360067811e-05
244	5.97216033846e-05
245	2.61999442817e-05
246	5.819074773e-05
247	2.86135280967e-05
248	5.68753988469e-05
249	3.44272493936e-05
250	5.76135509724e-05
251	3.45547568667e-05
252	5.48510835035e-05
253	2.46523516615e-05
254	1.96588763045e-05
255	5.0590168746e-05
256	2.43951853906e-05
257	5.28275883277e-05
258	5.63527863951e-05
259	2.88912072237e-05
260	5.60377068707e-05
261	2.42617327865e-05
262	5.16288752492e-05
263	2.36152074891e-05
264	2.20754532999e-05
265	5.19657670508e-05
266	2.48203534968e-05
267	2.51094599786e-05
268	5.17433171217e-05
269	2.15380011195e-05
270	2.11488034226e-05
271	2.27481498988e-05
272	2.1896124787e-05
273	2.15040162945e-05
274	4.89611353072e-05
275	2.62902774326e-05
276	2.42737551624e-05
277	2.40643755044e-05
278	4.55991998518e-05
279	2.38006243848e-05
280	2.19038454249e-05
281	2.46565733271e-05
282	1.85961629251e-05
283	2.0515037947e-05
284	2.14128803109e-05
285	4.51795474636e-05
286	2.09119339291e-05
287	4.31692130227e-05
288	2.06296115499e-05
289	2.05937818608e-05
290	2.3751551873e-05
291	2.19311007334e-05
292	2.22205272096e-05
293	2.51689011323e-05
294	2.47217499308e-05
295	2.3161912464e-05
296	2.24210967102e-05
297	2.27913367932e-05
298	2.34397953461e-05
299	2.21700406264e-05
300	2.19436482924e-05
301	2.17884083972e-05
302	2.10451496994e-05
303	2.16008542126e-05
304	2.80396330957e-05
305	2.05875263365e-05
306	2.04768393516e-05
307	2.04273440972e-05
308	2.02516227407e-05
309	2.12610371703e-05
310	2.33061171822e-05
311	2.27701476852e-05
312	2.17038719293e-05
313	2.04767725322e-05
314	2.02298465477e-05
315	2.10334890714e-05
316	2.06590096176e-05
317	1.84387230511e-05
318	1.97685533912e-05
319	1.94080124801e-05
320	1.83239264695e-05
321	1.70945883573e-05
322	1.56084765796e-05
323	1.47843363072e-05
324	1.58311897417e-05
325	1.75422726321e-05
326	1.96379169596e-05
327	2.18052941412e-05
328	2.20744808272e-05
329	2.07708510386e-05
330	1.96580155127e-05
331	2.06770388202e-05
332	2.17910822874e-05
333	2.05763921037e-05
334	2.16036437369e-05
335	1.77844839188e-05
336	1.73111366747e-05
337	1.99765908979e-05
338	1.71230088131e-05
339	1.65723943238e-05
340	1.79955236681e-05
341	1.90344714405e-05
342	1.99149542277e-05
343	2.27744751919e-05
344	1.95713979517e-05
345	1.88355404821e-05
346	1.83420116602e-05
347	1.77183913364e-05
348	1.8035847738e-05
349	1.81357270704e-05
350	1.53343810162e-05
351	1.60742670247e-05
352	1.04325620881e-05
353	1.01887262875e-05
354	1.54105744445e-05
355	1.61595314037e-05
356	1.6949347238e-05
357	1.82059190197e-05
358	1.74384364021e-05
359	1.6939555968e-05
360	1.67216818451e-05
361	1.64992218288e-05
362	1.63998607872e-05
363	1.57346999713e-05
364	1.04043042087e-05
365	8.70680603648e-06
366	1.74066820906e-05
367	8.28149242332e-06
368	8.39739703936e-06
369	1.02084591693e-05
370	1.49771497347e-05
371	1.6372127534e-05
372	1.59820526569e-05
373	1.51198909616e-05
374	1.46008386792e-05
375	1.39556037713e-05
376	8.19503963027e-06
377	1.44141411828e-05
378	1.60403999987e-05
379	1.3476567359e-05
380	1.29478793924e-05
381	1.44502293877e-05
382	6.74339740076e-06
383	1.0228236263e-05
384	8.93616122662e-06
385	8.19732724761e-06
386	1.03304270745e-05
387	1.2423940859e-05
388	9.66209972143e-06
389	1.31446563791e-05
390	9.38567827494e-06
391	1.11203283092e-05
392	1.14187876549e-05
393	7.07169585116e-06
394	7.22332081075e-06
395	1.28500502374e-05
396	7.85701422998e-06
397	7.70150806969e-06
398	9.73529310422e-06
399	7.62453663457e-06
400	1.0822436871e-05
401	9.28527270382e-06
402	8.11639615037e-06
403	8.52106786266e-06
404	7.78510110696e-06
405	7.28263631302e-06
406	6.25454475365e-06
407	1.09246145288e-05
408	7.3325585538e-06
409	9.67812437453e-06
410	6.26999244067e-06
411	5.40715870559e-06
412	5.4958380294e-06
413	7.37452958078e-06
414	6.88216554656e-06
415	6.75161183761e-06
416	9.55828988344e-06
417	7.15706527533e-06
418	5.97802717982e-06
419	5.1572056647e-06
420	5.50622605166e-06
421	6.41440606868e-06
422	5.56089358236e-06
423	5.92684371382e-06
424	5.69857095001e-06
425	6.12919750119e-06
426	5.40590691101e-06
427	5.11592551103e-06
428	5.3926791684e-06
429	4.66797290909e-06
430	5.26433611354e-06
431	6.21159987864e-06
432	3.72523917497e-06
433	6.25064724103e-06
434	6.01309330313e-06
435	4.24893938317e-06
436	6.02830598906e-06
437	5.34409374733e-06
438	2.84445213066e-06
439	5.29627066521e-06
440	4.35781489883e-06
441	4.56010396283e-06
442	5.16845249255e-06
443	5.4085500543e-06
444	5.2887043504e-06
445	4.97450961257e-06
446	5.03976556356e-06
447	4.53159364112e-06
448	3.16978613206e-06
449	4.10435777349e-06
450	5.41625007713e-06
451	5.71889694732e-06
452	5.51826891476e-06
453	5.01550556943e-06
454	4.78566622215e-06
455	4.57679429967e-06
456	4.60456899252e-06
457	5.00942039669e-06
458	5.43058097095e-06
459	5.48566174764e-06
460	5.41227326296e-06
461	5.16523072824e-06
462	5.04028702131e-06
463	4.75440519141e-06
464	5.46303938327e-06
465	2.77967965027e-06
466	2.76122740653e-06
467	3.10850473134e-06
468	3.01112657905e-06
469	3.17401258924e-06
470	2.45082234745e-06
471	2.83398150224e-06
472	2.90112275423e-06
473	2.73587635838e-06
474	1.94706114458e-06
475	4.4256376689e-06
476	4.94761777808e-06
477	3.24757167167e-06
478	4.64943227378e-06
479	3.90636192568e-06
480	2.74970379172e-06
481	4.31952547028e-06
482	4.68196685041e-06
483	3.99489450687e-06
484	3.84360241823e-06
485	3.64219618184e-06
486	3.47879517364e-06
487	3.41654454283e-06
488	3.39663469328e-06
489	3.4028440253e-06
490	3.44123674687e-06
491	2.68218431475e-06
492	3.49903694117e-06
493	2.70488568308e-06
494	3.45181761815e-06
495	2.64302976648e-06
496	3.38382929592e-06
497	2.59328809627e-06
498	3.3409419913e-06
499	2.56430097839e-06
500	3.3100645251e-06
501	2.1790725907e-06
502	3.99355815853e-06
503	3.66753035574e-06
504	3.84861832202e-06
505	3.92528204425e-06
506	3.80928956562e-06
507	3.49621275089e-06
508	3.85813666232e-06
509	3.81565719928e-06
510	3.72709547225e-06
511	3.42845114229e-06
512	3.83068292724e-06
513	3.7610782858e-06
514	3.6603141808e-06
515	3.63331433157e-06
516	3.41333544719e-06
517	2.03847886983e-06
518	1.82068696629e-06
519	3.57822329154e-06
520	3.49525826204e-06
521	3.48829758698e-06
522	3.54121142569e-06
523	3.56632906228e-06
524	3.55907691192e-06
525	3.52484205759e-06
526	3.47955953516e-06
527	3.44468896558e-06
528	3.42092476984e-06
529	3.40666629271e-06
530	3.39504771144e-06
531	3.38248416337e-06
532	3.36770931209e-06
533	3.35035435962e-06
534	3.33182201101e-06
535	3.31457730178e-06
536	3.29757272463e-06
537	3.2818625326e-06
538	3.26677492361e-06
539	3.25104258508e-06
540	3.23451129338e-06
541	3.21773352518e-06
542	3.20114415923e-06
543	3.18487095778e-06
544	3.16884538116e-06
545	3.15322042761e-06
546	3.13759964682e-06
547	3.11284923951e-06
548	3.13926613675e-06
549	3.13302117706e-06
550	3.10824768149e-06
551	3.0961889685e-06
552	3.06753404658e-06
553	3.05219185406e-06
554	3.03997291419e-06
555	3.02694607825e-06
556	3.01374145696e-06
557	3.00005242105e-06
558	2.98546264934e-06
559	2.97052040398e-06
560	2.95583446594e-06
561	2.94318326972e-06
562	2.93099473391e-06
563	2.9187711296e-06
564	2.90672541971e-06
565	2.89485246011e-06
566	2.88312538418e-06
567	2.87159394122e-06
568	2.86032162807e-06
569	2.84935667423e-06
570	2.83872545735e-06
571	2.82842770157e-06
572	2.81887566627e-06
573	2.80997176564e-06
574	2.80136557427e-06
575	2.79326425681e-06
576	2.78600592571e-06
577	2.77898836294e-06
578	2.77204792578e-06
579	2.76456035179e-06
580	2.7569108086e-06
581	2.74950697996e-06
582	2.74252273494e-06
583	2.73599773413e-06
584	2.72995514624e-06
585	2.72498247085e-06
586	2.71998005422e-06
587	2.71509455949e-06
588	2.71099827961e-06
589	2.70669582528e-06
590	2.70187448261e-06
591	2.69662623619e-06
592	2.69368550406e-06
593	2.68983649917e-06
594	2.68572911705e-06
595	2.68182945373e-06
596	2.67849433807e-06
597	2.67454745571e-06
598	2.67077999736e-06
599	2.66757450261e-06
600	2.66484691321e-06
601	2.66263114865e-06
602	2.66094755058e-06
603	2.66029066529e-06
604	2.66041468479e-06
605	2.66014181333e-06
606	2.65960219357e-06
607	2.66021976169e-06
608	2.6623776104e-06
609	2.66436741748e-06
610	2.66599964637e-06
611	2.66705894965e-06
612	2.66815413392e-06
613	2.6686700111e-06
614	2.66856534663e-06
615	2.66799365794e-06
616	2.66702724686e-06
617	2.66559058984e-06
618	2.65961820317e-06
619	2.66198358397e-06
620	2.66406266881e-06
621	2.66568565394e-06
622	2.6653070064e-06
623	2.66287461508e-06
624	2.65669014744e-06
625	2.65010218785e-06
626	2.64280901468e-06
627	2.63521803995e-06
628	2.62799528002e-06
629	2.61915965788e-06
630	2.61523304627e-06
631	2.61099382792e-06
632	2.6068103502e-06
633	2.60272546665e-06
634	2.59899556204e-06
635	2.59595903529e-06
636	2.59407074162e-06
637	2.59301525928e-06
638	2.59327009698e-06
639	2.59512039398e-06
640	2.59621521336e-06
641	2.59492517235e-06
642	2.59459922655e-06
643	2.59409718041e-06
644	2.63653664683e-06
645	2.64464237856e-06
646	2.64406447001e-06
647	2.644638685e-06
648	2.64460652645e-06
649	2.64413028428e-06
650	2.64315639524e-06
651	2.64188793938e-06
652	2.6401409164e-06
653	2.63772262876e-06
654	2.6342836138e-06
655	2.63000271924e-06
656	2.62543864485e-06
657	2.61987681592e-06
658	2.61370076868e-06
659	2.60699427932e-06
660	2.60152175636e-06
661	2.59507660743e-06
662	2.58840872788e-06
663	2.58162208915e-06
664	2.57500781092e-06
665	2.56826867624e-06
666	2.5623607514e-06
667	2.55765250496e-06
668	2.55376219382e-06
669	2.55059448638e-06
670	2.54829114097e-06
671	2.54690825258e-06
672	2.54595546816e-06
673	2.54514312999e-06
674	2.5443127237e-06
675	2.54901441751e-06
676	2.54813407007e-06
677	2.54637604974e-06
678	2.54421151671e-06
679	2.54169615121e-06
680	2.53874539892e-06
681	2.53535184108e-06
682	2.53178552878e-06
683	2.52751282822e-06
684	2.52240720424e-06
685	2.51654975607e-06
686	2.5267951387e-06
687	2.5135841902e-06
688	2.50682267137e-06
689	2.50097705987e-06
690	2.49238740511e-06
691	2.48162212871e-06
692	2.47309754603e-06
693	2.46265104256e-06
694	1.71307019213e-06
695	2.57302815238e-06
696	2.4297340527e-06
697	1.73382397203e-06
698	2.49129579612e-06
699	1.49558241699e-06
700	1.32328686168e-06
701	1.28731730839e-06
702	2.55495028102e-06
703	1.64111177029e-06
704	1.53530695019e-06
705	1.4015451234e-06
706	2.28565220728e-06
707	1.54155547655e-06
708	1.41420559661e-06
709	2.29402316688e-06
710	1.45446430427e-06
711	1.36073737283e-06
712	2.51378957112e-06
713	1.40893693445e-06
714	1.23359428502e-06
715	2.21428525101e-06
716	2.4458434141e-06
717	2.05043064278e-06
718	1.19251207835e-06
719	2.45000415145e-06
720	2.42796194632e-06
721	2.57810909889e-06
722	2.09189548226e-06
723	1.52347151264e-06
724	2.54468614038e-06
725	2.39878061771e-06
726	1.38595252624e-06
727	2.4512891156e-06
728	2.3022298286e-06
729	1.37217164783e-06
730	2.44745552957e-06
731	2.30841272526e-06
732	1.35982288821e-06
733	2.39518392106e-06
734	1.19811810752e-06
735	1.99174090876e-06
736	2.4717517237e-06
737	1.31102373806e-06
738	2.31806797369e-06
739	2.18468281791e-06
740	2.30079279263e-06
741	1.3635276929e-06
742	2.31965522617e-06
743	2.40147921918e-06
744	2.47020841524e-06
745	1.17821999602e-06
746	1.86690655773e-06
747	2.23807022063e-06
748	1.19345561858e-06
749	2.04749526961e-06
750	2.33798932494e-06
751	2.10568761626e-06
752	2.17974584598e-06
753	2.19635856042e-06
754	1.24391220328e-06
755	1.95745714332e-06
756	2.08585263286e-06
757	2.23098434299e-06
758	2.32497550043e-06
759	2.33817254424e-06
760	2.31959675206e-06
761	2.28134534579e-06
762	2.25465504257e-06
763	2.22972825699e-06
764	2.21705676694e-06
765	2.20707908815e-06
766	2.19868637963e-06
767	2.18863144876e-06
768	2.18183039998e-06
769	2.16374279437e-06
770	2.15471632633e-06
771	2.14436747008e-06
772	2.1330386133e-06
773	2.12128415278e-06
774	2.10978189439e-06
775	2.09838689522e-06
776	2.08706938955e-06
777	2.07568549738e-06
778	2.06428816888e-06
779	2.05286031093e-06
780	2.04144853331e-06
781	2.03008819781e-06
782	2.01882571487e-06
783	2.00772938979e-06
784	1.99684678347e-06
785	1.98619156873e-06
786	1.97564817069e-06
787	1.96520578973e-06
788	1.9548251407e-06
789	1.94609222523e-06
790	1.93537719258e-06
791	1.92478308252e-06
792	1.9142010795e-06
793	1.90382507618e-06
794	1.89343237249e-06
795	1.88300017519e-06
796	1.87267844769e-06
797	1.86260062492e-06
798	1.85282663422e-06
799	1.84335175434e-06
800	1.83423067906e-06
801	1.82535561031e-06
802	1.81662152083e-06
803	1.80796605014e-06
804	1.80195455272e-06
805	1.79302414102e-06
806	1.78458178405e-06
807	1.77619388272e-06
808	1.76788417966e-06
809	1.75976734625e-06
810	1.75191486679e-06
811	1.74436906328e-06
812	1.73723719224e-06
813	1.73456866801e-06
814	1.71918276112e-06
815	1.7165911233e-06
816	1.71900209353e-06
817	1.70233739992e-06
818	1.69900915831e-06
819	1.69488228369e-06
820	1.69905924424e-06
821	1.68828733111e-06
822	1.67597000469e-06
823	1.66914516389e-06
824	1.66392963357e-06
825	1.65910013875e-06
826	1.65491342415e-06
827	1.65107828616e-06
828	1.64716438062e-06
829	1.64253050802e-06
830	1.63704560819e-06
831	1.63079456087e-06
832	1.62401950825e-06
833	1.61695671156e-06
834	1.60979897485e-06
835	1.60267127751e-06
836	1.59562214308e-06
837	1.58870137941e-06
838	1.5819285504e-06
839	1.57532557235e-06
840	1.56890483155e-06
841	1.56265687293e-06
842	1.55656498419e-06
843	1.55062908032e-06
844	1.54500388818e-06
845	1.5395912733e-06
846	1.53433799236e-06
847	1.529227034e-06
848	1.52426426958e-06
849	1.51946404432e-06
850	1.51483560827e-06
851	1.51038119207e-06
852	1.50609904682e-06
853	1.50198507191e-06
854	1.49801509245e-06
855	1.49415035864e-06
856	1.49038828028e-06
857	1.48672488165e-06
858	1.48312841244e-06
859	1.48309697992e-06
860	1.47888750504e-06
861	1.47484084311e-06
862	1.47080837498e-06
863	1.46695192188e-06
864	1.46330245245e-06
865	1.45984168318e-06
866	1.45651725832e-06
867	1.45328298448e-06
868	1.45012716281e-06
869	1.44704304452e-06
870	1.44403380407e-06
871	1.44113275466e-06
872	1.43832033462e-06
873	1.43552680116e-06
874	1.43269513024e-06
875	1.42977495704e-06
876	1.42681274755e-06
877	1.42378942003e-06
878	1.42071159562e-06
879	1.41760982593e-06
880	1.41452950409e-06
881	1.4114944501e-06
882	1.4085106536e-06
883	1.40556147486e-06
884	1.40262175868e-06
885	1.39963802556e-06
886	1.39660462443e-06
887	1.39353977501e-06
888	1.39046817612e-06
889	1.38744134235e-06
890	1.38452108563e-06
891	1.38175900668e-06
892	1.3792263052e-06
893	1.37697018406e-06
894	1.37502547954e-06
895	1.37340230939e-06
896	1.37313051407e-06
897	1.37188667394e-06
898	1.37087977223e-06
899	1.36999454022e-06
900	1.36916575408e-06
901	1.36840347299e-06
902	1.36769709991e-06
903	1.36700210275e-06
904	1.36636306103e-06
905	1.36583196323e-06
906	1.36543840849e-06
907	1.36435316125e-06
908	1.36410543923e-06
909	1.36387237011e-06
910	1.36350030743e-06
911	1.36290580369e-06
912	1.36197767869e-06
913	1.36071805714e-06
914	1.3591996578e-06
915	1.35754205345e-06
916	1.35586776849e-06
917	1.35430252193e-06
918	1.35293103749e-06
919	1.35181269144e-06
920	1.35096124425e-06
921	1.35035079889e-06
922	1.34992637227e-06
923	1.34964335584e-06
924	1.34946575499e-06
925	1.34935501373e-06
926	1.34930997225e-06
927	1.34934181683e-06
928	1.34946654787e-06
929	1.34971291135e-06
930	1.35009403144e-06
931	1.35059568842e-06
932	1.35117421382e-06
933	1.35176670988e-06
934	1.35231742818e-06
935	1.3527646224e-06
936	1.35307370411e-06
937	1.35324594585e-06
938	1.35331962854e-06
939	1.35336000341e-06
940	1.35344737131e-06
941	1.35367711869e-06
942	1.35324912855e-06
943	1.3540164394e-06
944	1.343439077e-06
945	1.33975924939e-06
946	1.34658901939e-06
947	1.34792613757e-06
948	1.35284286185e-06
949	1.36196758697e-06
950	1.37322991736e-06
951	1.38149503438e-06
952	1.38566419114e-06
953	1.38717896943e-06
954	1.38723650889e-06
955	1.38695317411e-06
956	1.38690407513e-06
957	1.38734323582e-06
958	1.38818779e-06
959	1.38918335445e-06
960	1.39001572973e-06
961	1.39040471362e-06
962	1.3901798469e-06
963	1.38931178124e-06
964	1.38789200288e-06
965	1.38609271678e-06
966	1.38411515797e-06
967	1.38213560513e-06
968	1.38029593195e-06
969	1.37868251104e-06
970	1.37729690375e-06
971	1.37610522261e-06
972	1.37504032605e-06
973	1.37402414192e-06
974	1.37297466699e-06
975	1.37185957904e-06
976	1.37067884635e-06
977	1.36947473663e-06
978	1.36829451287e-06
979	1.36719781959e-06
980	1.36621571141e-06
981	1.36535599905e-06
982	1.36457254787e-06
983	1.36847328299e-06
984	1.36872978927e-06
985	1.36827898208e-06
986	1.36737056319e-06
987	1.36578067165e-06
988	1.36367319735e-06
989	1.36139354683e-06
990	1.35917395812e-06
991	1.35716050327e-06
992	1.35541728684e-06
993	1.35399292787e-06
994	1.35292344357e-06
995	1.35233720309e-06
996	1.35222203749e-06
997	1.35244627477e-06
998	1.35285726586e-06
999	1.35332299514e-06
1000	1.35375473452e-06
1001	1.35409149657e-06
1002	1.35432166872e-06
1003	7.58543340646e-07
1004	1.16373875565e-06
1005	7.64747789797e-07
1006	5.73358514678e-07
1007	1.49696585459e-06
1008	9.73931320477e-07
1009	1.16298832985e-06
1010	7.53145535843e-07
1011	1.10389198516e-06
1012	6.12877266639e-07
1013	1.07420908354e-06
1014	6.12164608945e-07
1015	1.07240198085e-06
1016	7.16093748372e-07
1017	5.49280004099e-07
1018	1.45909853261e-06
1019	9.49657305445e-07
1020	1.13368438974e-06
1021	7.32281735288e-07
1022	1.08278373293e-06
1023	6.05416577605e-07
1024	1.45188596714e-06
1025	9.50540319512e-07
1026	1.12065914587e-06
1027	7.27567193983e-07
1028	1.44345123094e-06
1029	9.40103849298e-07
1030	1.1062194637e-06
1031	7.21174052169e-07
1032	1.42488056652e-06
1033	9.4280229858e-07
1034	1.41408499365e-06
1035	9.83049603956e-07
1036	1.12015486373e-06
1037	7.17085128845e-07
1038	1.40271934014e-06
1039	9.37125458243e-07
1040	1.38692366092e-06
1041	9.97896055193e-07
1042	6.68429570665e-07
1043	1.3861360886e-06
1044	9.43059304826e-07
1045	1.37213523964e-06
1046	1.00957233854e-06
1047	6.6275748007e-07
1048	1.36916883895e-06
1049	9.3507666509e-07
1050	1.3480083905e-06
1051	1.0044560167e-06
1052	1.37094361694e-06
1053	9.83890261215e-07
1054	1.35452449727e-06
1055	9.62974445335e-07
1056	1.33728229446e-06
1057	9.53890992656e-07
1058	1.3234766249e-06
1059	9.55004535603e-07
1060	1.31063178791e-06
1061	9.57360334993e-07
1062	1.30076388724e-06
1063	9.58171204432e-07
1064	1.29254685386e-06
1065	1.29203119715e-06
1066	1.29070392792e-06
1067	5.19032438526e-07
1068	1.25059367217e-06
1069	8.71608734022e-07
1070	1.25904368762e-06
1071	1.29161010615e-06
1072	1.28377283949e-06
1073	5.21811750939e-07
1074	1.23119810956e-06
1075	1.20373853845e-06
1076	1.25037279927e-06
1077	1.25496148409e-06
1078	1.26595418442e-06
1079	1.25380466671e-06
1080	1.25020574374e-06
1081	1.23447844783e-06
1082	1.23601525508e-06
1083	1.2076899343e-06
1084	1.22350461447e-06
1085	1.18193849231e-06
1086	1.21118539527e-06
1087	1.15746824059e-06
1088	1.19933621165e-06
1089	2.0248065226e-06
1090	2.38434582531e-06
1091	2.00558665678e-06
1092	2.22602063479e-06
1093	2.1729778318e-06
1094	1.40267069809e-06
1095	1.62197065207e-06
1096	1.25075435153e-06
1097	1.20363274167e-06
1098	1.16299047666e-06
1099	1.19110877744e-06
1100	1.11722413925e-06
1101	1.23929555569e-06
1102	1.27923054174e-06
1103	1.29668141114e-06
1104	1.27420258405e-06
1105	1.15789596404e-06
1106	1.1371468461e-06
1107	1.0958324369e-06
1108	1.225901517e-06
1109	1.1657460648e-06
1110	1.05537583298e-06
1111	1.04732348914e-06
1112	1.02480119824e-06
1113	6.69647776611e-07
1114	9.53541064839e-07
1115	7.78806160669e-07
1116	1.0022316962e-06
1117	1.09084404596e-06
1118	1.07279219623e-06
1119	1.07673152904e-06
1120	1.08399316462e-06
1121	1.09285088837e-06
1122	1.09523361638e-06
1123	1.09270003089e-06
1124	1.08474558771e-06
1125	1.07339242566e-06
1126	1.06000421135e-06
1127	1.0461656266e-06
1128	1.03307332391e-06
1129	1.02160514413e-06
1130	1.01230079208e-06
1131	1.00986329513e-06
1132	1.00583997056e-06
1133	1.00366997238e-06
1134	1.00341296014e-06
1135	1.00455826326e-06
1136	1.00666592963e-06
1137	1.00306680341e-06
1138	1.00472879793e-06
1139	1.00618722764e-06
1140	1.00659829902e-06
1141	1.00582683478e-06
1142	1.00369905853e-06
1143	1.00029061081e-06
1144	9.95773319042e-07
1145	9.90432032314e-07
1146	9.84602454597e-07
1147	9.84373842734e-07
1148	9.78923398972e-07
1149	9.73504557275e-07
1150	9.68643308122e-07
1151	9.64258325843e-07
1152	9.58802860725e-07
1153	9.55458976447e-07
1154	9.52587899592e-07
1155	9.51548679296e-07
1156	9.49206535839e-07
1157	9.46866107156e-07
1158	9.44480783327e-07
1159	9.41935834968e-07
1160	9.39203498949e-07
1161	9.36227791474e-07
1162	9.33004090946e-07
1163	9.29565084595e-07
1164	9.25963947281e-07
1165	9.22262032361e-07
1166	9.18515983278e-07
1167	9.14792832227e-07
1168	9.1112110011e-07
1169	9.07537929036e-07
1170	9.0404813051e-07
1171	9.00638753695e-07
1172	8.97327505087e-07
1173	8.9409451791e-07
1174	8.90634020176e-07
1175	8.87484361596e-07
1176	8.859575722e-07
1177	8.83408952198e-07
1178	8.80702972771e-07
1179	8.7786828016e-07
1180	9.47268147774e-07
1181	8.71203682818e-07
1182	8.65877181301e-07
1183	8.63075189262e-07
1184	8.59989289852e-07
1185	8.56814729717e-07
1186	8.53635526153e-07
1187	8.50562736406e-07
1188	9.20592694387e-07
1189	8.4408876128e-07
1190	8.3867395841e-07
1191	8.36167247804e-07
1192	8.33624365248e-07
1193	9.01084631544e-07
1194	8.24844259976e-07
1195	8.22965130325e-07
1196	8.17651714906e-07
1197	8.85338197886e-07
1198	8.13166698772e-07
1199	8.08629562075e-07
1200	8.07273014372e-07
1201	8.81096690859e-07
1202	8.04464828419e-07
1203	8.69142263547e-07
1204	7.98496761714e-07
1205	7.94494674608e-07
1206	7.93207739452e-07
1207	8.70307716026e-07
1208	7.89952172684e-07
1209	8.6113860814e-07
1210	7.83219230896e-07
1211	8.50282233785e-07
1212	7.7654148647e-07
1213	7.7188108721e-07
1214	8.45861498921e-07
1215	7.68560682081e-07
1216	8.38913988278e-07
1217	7.62230394713e-07
1218	8.32559046666e-07
1219	7.5654624766e-07
1220	8.26544243811e-07
1221	8.15918697892e-07
1222	7.46454307953e-07
1223	7.42940625334e-07
1224	8.17466582918e-07
1225	8.10357936907e-07
1226	7.36498198955e-07
1227	8.06034546413e-07
1228	7.98912183977e-07
1229	7.27739204827e-07
1230	7.95550653439e-07
1231	7.88417183001e-07
1232	7.19719441953e-07
1233	7.88464572694e-07
1234	7.83283257314e-07
1235	7.129974558e-07
1236	7.86283842421e-07
1237	7.83184010776e-07
1238	7.74342841017e-07
1239	7.04287998948e-07
1240	7.77625598782e-07
1241	7.74920069392e-07
1242	7.66819619959e-07
1243	7.58983516936e-07
1244	6.93877400327e-07
1245	7.65682697909e-07
1246	7.64055439931e-07
1247	7.58527207606e-07
1248	7.52498499386e-07
1249	7.47062644694e-07
1250	6.81993066261e-07
1251	7.57905865494e-07
1252	7.58753508669e-07
1253	7.54451962006e-07
1254	7.49783650023e-07
1255	7.44430890987e-07
1256	7.39163097247e-07
1257	7.34125140148e-07
1258	7.30019093165e-07
1259	7.27028952656e-07
1260	6.66339126524e-07
1261	7.45616431214e-07
1262	7.49793563061e-07
1263	7.48843262077e-07
1264	7.45850844295e-07
1265	7.40960352657e-07
1266	7.34646290334e-07
1267	7.27776223633e-07
1268	7.21211543854e-07
1269	7.16381130057e-07
1270	7.11926512613e-07
1271	7.08853675998e-07
1272	7.07022957036e-07
1273	7.06288412879e-07
1274	7.05542220083e-07
1275	7.06102268441e-07
1276	7.06774476617e-07
1277	7.07317598298e-07
1278	7.07427110533e-07
1279	7.06934400312e-07
1280	7.05762201261e-07
1281	7.03951035462e-07
1282	7.01607815441e-07
1283	6.98860059376e-07
1284	6.95879646421e-07
1285	6.92834763223e-07
1286	6.89873894303e-07
1287	6.87120138205e-07
1288	6.84657949538e-07
1289	6.82528796949e-07
1290	6.85533387136e-07
1291	6.87730090387e-07
1292	5.75202177195e-07
1293	6.56856746991e-07
1294	6.58976682216e-07
1295	6.57532391585e-07
1296	6.58259954294e-07
1297	6.61288489344e-07
1298	6.66078014882e-07
1299	5.54700009282e-07
1300	6.45602687092e-07
1301	6.53321070745e-07
1302	6.55811622039e-07
1303	5.49560187253e-07
1304	6.32726730251e-07
1305	6.39861591986e-07
1306	6.43524383095e-07
1307	6.48189843355e-07
1308	5.38768722724e-07
1309	6.29133516519e-07
1310	5.39874108181e-07
1311	6.15554365585e-07
1312	6.23425008433e-07
1313	5.37497508128e-07
1314	6.10397572626e-07
1315	5.36599092554e-07
1316	6.05911420528e-07
1317	6.1832385434e-07
1318	5.30956558887e-07
1319	6.12757001195e-07
1320	5.29036315969e-07
1321	6.10223400007e-07
1322	5.28008109247e-07
1323	6.0592425815e-07
1324	6.18453640071e-07
1325	5.22865514508e-07
1326	6.0958604757e-07
1327	5.2148182625e-07
1328	6.04488991374e-07
1329	6.16957829395e-07
1330	5.17601691081e-07
1331	6.0673208523e-07
1332	5.17564204542e-07
1333	6.01665011138e-07
1334	6.14681434365e-07
1335	5.15928844851e-07
1336	6.0584804067e-07
1337	5.16767465099e-07
1338	6.02319481145e-07
1339	5.18202924586e-07
1340	5.99175582232e-07
1341	6.13123795497e-07
1342	5.15434583584e-07
1343	6.06422073437e-07
1344	5.1430888656e-07
1345	6.03412392904e-07
1346	5.13635626324e-07
1347	5.98867246975e-07
1348	5.12430910597e-07
1349	5.94751309717e-07
1350	5.1034372806e-07
1351	5.92279076805e-07
1352	5.07471051666e-07
1353	5.9126313733e-07
1354	5.04059749632e-07
1355	5.90780537463e-07
1356	5.00292784792e-07
1357	5.89757144677e-07
1358	4.96206273765e-07
1359	5.87464000699e-07
1360	4.91737999042e-07
1361	5.8385125885e-07
1362	2.32900572632e-06
1363	1.70664165956e-06
1364	1.27835203863e-06
1365	1.25077876944e-06
1366	1.89896424284e-06
1367	1.52692834389e-06
1368	1.25225721601e-06
1369	1.15592007153e-06
1370	9.90171458367e-07
1371	9.14420027051e-07
1372	7.09988135446e-07
1373	7.81182464236e-07
1374	8.70663233196e-07
1375	8.07374667653e-07
1376	6.83321608644e-07
1377	5.24579755235e-07
1378	5.01258731534e-07
1379	5.95305367161e-07
1380	5.79692931421e-07
1381	5.10441885099e-07
1382	4.69311523665e-07
1383	4.58107567586e-07
1384	4.45398521255e-07
1385	5.24832179117e-07
1386	4.28153397729e-07
1387	5.376036681e-07
1388	5.60199300276e-07
1389	4.17195557703e-07
1390	4.18580420672e-07
1391	5.56254062888e-07
1392	4.20465271472e-07
1393	4.19768256777e-07
1394	4.21434509438e-07
1395	4.22310146317e-07
1396	5.28554138882e-07
1397	4.15169178249e-07
1398	4.12282509059e-07
1399	4.11070285432e-07
1400	4.09224551442e-07
1401	4.07505908581e-07
1402	4.0614153812e-07
1403	4.05328476718e-07
1404	4.05563221606e-07
1405	4.06138587749e-07
1406	4.07289498349e-07
1407	4.10332316925e-07
1408	4.12351182388e-07
1409	5.30750287309e-07
1410	4.10621640687e-07
1411	4.10988417967e-07
1412	4.12333870175e-07
1413	4.13335571621e-07
1414	4.1411319644e-07
1415	9.97804076788e-07
1416	4.91569962266e-07
1417	4.12082142783e-07
1418	4.06533505625e-07
1419	4.04640129758e-07
1420	4.04084561723e-07
1421	4.05187912272e-07
1422	4.06675140232e-07
1423	4.07975500363e-07
1424	4.08830170322e-07
1425	9.7065004295e-07
1426	4.85655309328e-07
1427	4.09393398245e-07
1428	4.03227077943e-07
1429	3.99845632032e-07
1430	3.99319529267e-07
1431	4.00222198305e-07
1432	4.01460435827e-07
1433	4.02544525757e-07
1434	9.47972073861e-07
1435	4.26905303795e-07
1436	4.00574586329e-07
1437	3.92455715846e-07
1438	3.89529878215e-07
1439	3.89681088152e-07
1440	3.91521348625e-07
1441	3.9377379554e-07
1442	9.98825393614e-07
1443	8.91615097622e-07
1444	9.85723297222e-07
1445	9.74270409219e-07
1446	9.83134463161e-07
1447	9.91498027852e-07
1448	9.97356816118e-07
1449	9.99380427153e-07
1450	5.42695061054e-07
1451	4.00993454481e-07
1452	3.89531702263e-07
1453	9.7476128381e-07
1454	8.84729528804e-07
1455	9.60324932314e-07
1456	9.44170299738e-07
1457	9.50404501131e-07
1458	9.59535942513e-07
1459	9.67936409285e-07
1460	9.7385803253e-07
1461	9.77217098796e-07
1462	9.78392055734e-07
1463	9.77798687965e-07
1464	9.75755417953e-07
1465	9.72531803755e-07
1466	9.68422235802e-07
1467	9.637457286e-07
1468	9.58905722822e-07
1469	9.54255150375e-07
1470	9.50064500744e-07
1471	9.46510189566e-07
1472	9.43689581775e-07
1473	9.4160796369e-07
1474	9.40198525303e-07
1475	9.39340170065e-07
1476	9.38881458061e-07
1477	9.38660375852e-07
1478	9.3850929162e-07
1479	9.40475312156e-07
1480	9.39658867967e-07
1481	9.38571886667e-07
1482	9.32894240812e-07
1483	9.30496270229e-07
1484	9.32329338318e-07
1485	9.26857277233e-07
1486	9.24516258697e-07
1487	9.22366413555e-07
1488	9.20599632434e-07
1489	9.19175859698e-07
1490	9.18060843208e-07
1491	9.1723020599e-07
1492	9.16625448969e-07
1493	9.16212970235e-07
1494	9.15898419972e-07
1495	9.1555838327e-07
1496	9.16019534382e-07
1497	9.15516026897e-07
1498	9.18421797492e-07
1499	9.18471293789e-07
1500	9.17995153509e-07
1501	9.1750759566e-07
1502	9.16872576953e-07
1503	9.16180915028e-07
1504	9.15463050571e-07
1505	9.14778364209e-07
1506	9.14267579346e-07
1507	9.14051577077e-07
1508	9.14048385773e-07
1509	9.14321285654e-07
1510	9.14445311366e-07
1511	9.14900378955e-07
1512	8.60172330101e-07
1513	9.53046596653e-07
1514	9.42525904515e-07
1515	9.38807921488e-07
1516	9.33331419666e-07
1517	9.26959200622e-07
1518	8.62403262337e-07
1519	9.58262111229e-07
1520	9.38358151705e-07
1521	9.30473120562e-07
1522	9.22806202017e-07
1523	8.63287341835e-07
1524	9.50334772616e-07
1525	9.31171925812e-07
1526	9.23256402949e-07
1527	9.15869515945e-07
1528	8.58798331032e-07
1529	9.42570617949e-07
1530	9.23544915758e-07
1531	9.15077820962e-07
1532	9.06729567355e-07
1533	8.46844668575e-07
1534	9.31362963666e-07
1535	9.10627361869e-07
1536	9.00889443214e-07
1537	8.91453553484e-07
1538	8.30747653181e-07
1539	9.14218399169e-07
1540	8.93151717633e-07
1541	8.83424807207e-07
1542	8.74064420823e-07
1543	8.15142145551e-07
1544	8.95674905699e-07
1545	8.74893043167e-07
1546	8.65312779744e-07
1547	8.56061269266e-07
1548	7.98146930831e-07
1549	8.77300628992e-07
1550	8.57158320477e-07
1551	8.48392592204e-07
1552	8.40142735419e-07
1553	7.83792835571e-07
1554	8.63377995358e-07
1555	8.4459630578e-07
1556	8.37074694665e-07
1557	8.29751014573e-07
1558	7.7455290559e-07
1559	8.53070182559e-07
1560	8.34188822802e-07
1561	8.26031032596e-07
1562	8.1770440616e-07
1563	7.6140953953e-07
1564	8.37416003986e-07
1565	8.17284443378e-07
1566	8.07557891074e-07
1567	7.97676079856e-07
1568	7.38685538806e-07
1569	8.14126002521e-07
1570	7.93978746587e-07
1571	7.84605432777e-07
1572	1.78071299978e-06
1573	1.1054037141e-06
1574	1.15066921763e-06
1575	1.31820877654e-06
1576	1.94420263418e-06
1577	1.48689667966e-06
1578	9.1827685704e-07
1579	1.09073962852e-06
1580	1.56395128849e-06
1581	1.04737458575e-06
1582	1.10735903512e-06
1583	1.22766077721e-06
1584	1.01785484973e-06
1585	7.95949563773e-07
1586	8.04005364433e-07
1587	8.87720724988e-07
1588	7.56583320797e-07
1589	9.85381840712e-07
1590	8.36951128054e-07
1591	7.27550303963e-07
1592	7.98033763684e-07
1593	7.83546221101e-07
1594	7.60558168018e-07
1595	8.42260977396e-07
1596	7.94207073335e-07
1597	7.46879083123e-07
1598	7.11904406767e-07
1599	6.88283869156e-07
1600	6.62678092556e-07
1601	6.5116699558e-07
1602	5.89237620345e-07
1603	6.57737762266e-07
1604	6.37144594321e-07
1605	6.26789751576e-07
1606	6.16766605224e-07
1607	5.71129573054e-07
1608	6.19076056236e-07
1609	6.03492588726e-07
1610	9.94232247102e-07
1611	7.14636960881e-07
1612	9.46241771485e-07
1613	7.4051381813e-07
1614	9.4925147177e-07
1615	7.80078776786e-07
1616	9.86502496663e-07
1617	7.64058566956e-07
1618	9.26597208963e-07
1619	7.78006865932e-07
1620	9.12490575649e-07
1621	7.77405457167e-07
1622	9.04359803736e-07
1623	7.7155246479e-07
1624	8.99522128403e-07
1625	7.60070266877e-07
1626	8.98343331169e-07
1627	7.51717066447e-07
1628	9.00068414269e-07
1629	7.41750410173e-07
1630	9.02526654348e-07
1631	7.36769940016e-07
1632	9.02984543758e-07
1633	7.39519327384e-07
1634	9.00453877956e-07
1635	7.43636985442e-07
1636	8.95109093907e-07
1637	7.50150528297e-07
1638	8.87261554512e-07
1639	7.50948535207e-07
1640	8.76299587443e-07
1641	7.45054972332e-07
1642	8.63122014234e-07
1643	7.32226393285e-07
1644	8.4860964741e-07
1645	7.10790791751e-07
1646	8.34958097542e-07
1647	6.88225225364e-07
1648	8.26614268042e-07
1649	6.73250685473e-07
1650	8.24302137617e-07
1651	6.68319743606e-07
1652	8.19658926238e-07
1653	6.68032265592e-07
1654	8.2697465559e-07
1655	6.73464631897e-07
1656	8.34838935661e-07
1657	6.80876410416e-07
1658	8.42228639485e-07
1659	6.90094914743e-07
1660	8.55947973031e-07
1661	7.03960130914e-07
1662	8.61104796781e-07
1663	7.18084492943e-07
1664	8.6392240284e-07
1665	7.32864257471e-07
1666	8.6318645034e-07
1667	7.41015945379e-07
1668	8.59480132209e-07
1669	7.34042349416e-07
1670	8.44410012521e-07
1671	7.09895225167e-07
1672	8.18242609355e-07
1673	9.88527722758e-07
1674	7.06865256673e-07
1675	7.87752171017e-07
1676	9.48075774841e-07
1677	7.16432653282e-07
1678	7.61411407286e-07
1679	9.27336511141e-07
1680	9.87754850795e-07
1681	7.41283619508e-07
1682	7.56079669977e-07
1683	9.24876897379e-07
1684	9.91884358238e-07
1685	7.61744340611e-07
1686	7.71034951556e-07
1687	9.391226753e-07
1688	7.659864722e-07
1689	7.87354342159e-07
1690	9.66110230354e-07
1691	7.71291344422e-07
1692	8.03236158126e-07
1693	9.6703875287e-07
1694	7.13856481227e-07
1695	7.42111802987e-07
1696	8.69848629025e-07
1697	9.13748093706e-07
1698	9.11086836316e-07
1699	9.05697867778e-07
1700	9.07260762539e-07
1701	9.13648830803e-07
1702	9.21959518933e-07
1703	9.3535338036e-07
1704	9.46726357162e-07
1705	9.58473200961e-07
1706	9.72052427849e-07
1707	9.90250460417e-07
1708	7.41691364259e-07
1709	7.66831318204e-07
1710	8.8934929618e-07
1711	9.37964383285e-07
1712	9.32638866416e-07
1713	9.02496330556e-07
1714	8.78027023305e-07
1715	8.61662116053e-07
1716	8.5079360544e-07
1717	8.44607609167e-07
1718	8.43351500832e-07
1719	8.48276460945e-07
1720	8.63034984929e-07
1721	9.09735361427e-07
1722	9.74506791675e-07
1723	7.07641946017e-07
1724	7.98102062313e-07
1725	9.01274589918e-07
1726	9.04589153969e-07
1727	8.7189720904e-07
1728	8.28563760477e-07
1729	8.02692976057e-07
1730	7.87360227915e-07
1731	8.30425345476e-07
1732	8.93650488966e-07
1733	9.31629331995e-07
1734	9.22633458236e-07
1735	8.79232889576e-07
1736	8.32219559277e-07
1737	8.30456489225e-07
1738	8.66040913327e-07
1739	9.00185302094e-07
1740	9.80604426702e-07
1741	9.94640531396e-07
1742	7.32036678987e-07
1743	9.21814111882e-07
1744	7.55570024692e-07
1745	7.74319382134e-07
1746	7.78657872267e-07
1747	9.13546407659e-07
1748	7.83589406117e-07
1749	9.36677943001e-07
1750	7.19216842184e-07
1751	8.90298855035e-07
1752	9.47249520232e-07
1753	9.92583398323e-07
1754	8.82795251408e-07
1755	9.1807477298e-07
1756	9.79809453917e-07
1757	8.64360181438e-07
1758	9.32021547343e-07
1759	8.81478952921e-07
1760	9.15381332509e-07
1761	8.5918819379e-07
1762	8.80626837738e-07
1763	8.48790757292e-07
1764	8.44109403358e-07
1765	8.35564172743e-07
1766	7.84641338768e-07
1767	8.24684633302e-07
1768	8.28324700863e-07
1769	8.03032196831e-07
1770	7.64986491475e-07
1771	8.18427067217e-07
1772	8.06014733048e-07
1773	7.92987861984e-07
1774	7.32680673065e-07
1775	8.00438450963e-07
1776	7.89978644802e-07
1777	7.9280932087e-07
1778	7.08140958705e-07
1779	7.89692170984e-07
1780	7.68097833157e-07
1781	7.8112706058e-07
1782	9.82224381863e-07
1783	7.24316104316e-07
1784	8.14117063128e-07
1785	9.8767576683e-07
1786	7.95132866086e-07
1787	7.79803640995e-07
1788	9.57986688729e-07
1789	7.81294202803e-07
1790	7.70230415207e-07
1791	9.44811583692e-07
1792	7.56863488336e-07
1793	7.61790799567e-07
1794	9.31593860834e-07
1795	6.58344808868e-07
1796	7.74860320824e-07
1797	9.27733341015e-07
1798	9.81393039944e-07
1799	6.44622002729e-07
1800	7.93288675705e-07
1801	9.2445930527e-07
1802	9.86730778677e-07
1803	7.235195512e-07
1804	7.516702451e-07
1805	8.95602850672e-07
1806	9.63078753611e-07
1807	9.81762882962e-07
1808	9.90652581594e-07
1809	9.97553103244e-07
1810	6.85551470903e-07
1811	7.77399011294e-07
1812	8.87852988116e-07
1813	9.41631171359e-07
1814	9.53281125988e-07
1815	9.56352680998e-07
1816	9.59892807252e-07
1817	9.64042993439e-07
1818	9.66897328073e-07
1819	9.67492343075e-07
1820	9.6585248677e-07
1821	9.62556966465e-07
1822	9.58301143405e-07
1823	9.53650300333e-07
1824	9.48962048025e-07
1825	9.44440909659e-07
1826	9.40201169316e-07
1827	9.36269104375e-07
1828	9.32608064936e-07
1829	9.29157342656e-07
1830	9.25858392162e-07
1831	9.22674806291e-07
1832	9.19592333405e-07
1833	9.16595862416e-07
1834	9.88782031164e-07
1835	9.06361445339e-07
1836	9.08375706283e-07
1837	8.9773348925e-07
1838	9.00104241759e-07
1839	9.00041899243e-07
1840	8.98627208474e-07
1841	8.9674389691e-07
1842	8.94796597726e-07
1843	8.92898208406e-07
1844	8.9110049402e-07
1845	8.89300260399e-07
1846	8.87378588645e-07
1847	8.85292249866e-07
1848	8.83004121468e-07
1849	8.80503900811e-07
1850	8.77786585267e-07
1851	8.74877128271e-07
1852	8.71836338386e-07
1853	8.68766285397e-07
1854	8.65764873095e-07
1855	8.6284739574e-07
1856	8.60041548449e-07
1857	8.57370677044e-07
1858	8.54841311743e-07
1859	8.52453657715e-07
1860	8.50195673061e-07
1861	8.48052094671e-07
1862	8.46007025274e-07
1863	8.44042123917e-07
1864	8.42141693395e-07
1865	8.40292954869e-07
1866	8.38479869098e-07
1867	8.36687144826e-07
1868	8.34899281524e-07
1869	8.33103035164e-07
1870	8.31288267542e-07
1871	8.29443295615e-07
1872	8.27564374651e-07
1873	8.25650745229e-07
1874	8.23702022521e-07
1875	8.21724004829e-07
1876	8.19723993793e-07
1877	8.17710263265e-07
1878	8.15690407399e-07
1879	8.13674621414e-07
1880	8.11670451026e-07
1881	8.09683319834e-07
1882	8.07717780631e-07
1883	8.05780289572e-07
1884	8.0387177369e-07
1885	8.01993246401e-07
1886	8.00145127435e-07
1887	7.98325734438e-07
1888	7.96530820722e-07
1889	7.9475719357e-07
1890	7.93001025147e-07
1891	7.91260124204e-07
1892	7.89530592884e-07
1893	7.87807115998e-07
1894	7.86086003909e-07
1895	7.84364553204e-07
1896	7.82641569356e-07
1897	7.80917466113e-07
1898	7.79190887252e-07
1899	7.68090992857e-07
1900	7.73654071111e-07
1901	7.71668514594e-07
1902	7.69707290665e-07
1903	7.67998152786e-07
1904	7.66431211117e-07
1905	7.64973686709e-07
1906	7.63616802691e-07
1907	7.62340757166e-07
1908	7.52013716063e-07
1909	7.57892499237e-07
1910	7.56357390504e-07
1911	7.54874422911e-07
1912	7.5358831108e-07
1913	7.4357437418e-07
1914	7.49063953153e-07
1915	7.47666328197e-07
1916	7.46247131101e-07
1917	7.45002716887e-07
1918	7.3526272763e-07
1919	7.40657254823e-07
1920	7.43320160574e-07
1921	7.41431525275e-07
1922	7.41065312674e-07
1923	7.26547696114e-07
1924	7.35013955693e-07
1925	7.32872951462e-07
1926	7.30839561919e-07
1927	7.25751237361e-07
1928	7.26970841202e-07
1929	7.22117490663e-07
1930	7.2320440748e-07
1931	7.21707210992e-07
1932	7.18538513404e-07
1933	7.18733756395e-07
1934	7.15734718639e-07
1935	7.16168039893e-07
1936	7.12087919278e-07
1937	7.13567694602e-07
1938	7.1273888835e-07
1939	7.08605882226e-07
1940	7.10148762062e-07
1941	7.05980200161e-07
1942	7.07587527806e-07
1943	7.0331206405e-07
1944	7.04866612323e-07
1945	7.00549642986e-07
1946	7.02019216021e-07
1947	6.98662461732e-07
1948	6.96585931188e-07
1949	6.97927869347e-07
1950	6.9360604897e-07
1951	6.9474503249e-07
1952	6.91614815226e-07
1953	6.89948851411e-07
1954	6.88367363739e-07
1955	6.86799426288e-07
1956	6.85268007771e-07
1957	6.83806724717e-07
1958	6.82416977382e-07
1959	6.8108892224e-07
1960	6.7980835679e-07
1961	6.78562053061e-07
1962	6.77344921486e-07
1963	9.98676228225e-07
1964	8.43654707078e-07
1965	7.03552886506e-07
1966	9.94151370328e-07
1967	7.93122439191e-07
1968	6.95965743328e-07
1969	9.92235701096e-07
1970	7.93500548223e-07
1971	6.84607637571e-07
1972	9.76222576038e-07
1973	7.92373017544e-07
1974	6.80464486959e-07
1975	9.7344130746e-07
1976	7.96902832196e-07
1977	6.75730223384e-07
1978	9.62342323858e-07
1979	7.74124608354e-07
1980	6.69780209517e-07
1981	9.54176362627e-07
1982	7.75238555612e-07
1983	6.63477278556e-07
1984	9.49353135635e-07
1985	7.7720829035e-07
1986	6.64430502372e-07
1987	9.44575314516e-07
1988	7.68499001925e-07
1989	9.99712419103e-07
1990	7.79215246922e-07
1991	6.62222354393e-07
1992	9.39720833556e-07
1993	7.51338071717e-07
1994	9.88016124287e-07
1995	7.7395148774e-07
1996	9.9923097336e-07
1997	7.77096562914e-07
1998	9.92667284962e-07
1999	7.63599097672e-07
2000	9.8428582185e-07
2001	8.20423193133e-07
2002	9.76517115065e-07
2003	7.36609859975e-07
2004	9.77064469199e-07
2005	7.55012039783e-07
2006	9.80755567355e-07
2007	7.43117287863e-07
2008	9.71759935575e-07
2009	7.36956743932e-07
2010	9.65825555763e-07
2011	7.33716481805e-07
2012	9.60920704459e-07
2013	7.30105200551e-07
2014	9.5768844764e-07
2015	7.27034233327e-07
2016	9.55040140655e-07
2017	7.24160001373e-07
2018	9.52377108337e-07
2019	7.21592173172e-07
2020	9.49660447775e-07
2021	7.19326526612e-07
2022	9.46846187045e-07
2023	7.17319656875e-07
2024	9.43880486294e-07
2025	7.26755522638e-07
2026	9.41470730573e-07
2027	7.17550766094e-07
2028	9.36566968255e-07
2029	7.14633680678e-07
2030	9.33491352265e-07
2031	7.95358163008e-07
2032	9.24459880091e-07
2033	6.91241802443e-07
2034	9.28296612133e-07
2035	7.17630259148e-07
2036	9.30700035553e-07
2037	7.14343284312e-07
2038	9.25387574985e-07
2039	7.00144396995e-07
2040	9.20504926042e-07
2041	6.9580543869e-07
2042	9.17158629678e-07
2043	7.06734791613e-07
2044	9.18654072231e-07
2045	6.99474050137e-07
2046	9.09848720594e-07
2047	7.00711897442e-07
2048	9.07921369797e-07
2049	7.01825066076e-07
2050	9.10797316307e-07
2051	7.66278904181e-07
2052	8.95028733692e-07
2053	6.64602415501e-07
2054	9.0129791075e-07
2055	6.91758719073e-07
2056	9.05225073063e-07
2057	6.88673445122e-07
2058	9.03843035933e-07
2059	6.82886132172e-07
2060	8.9633942176e-07
2061	6.78831895723e-07
2062	8.92155438191e-07
2063	6.75480926825e-07
2064	8.90333382015e-07
2065	6.7237943653e-07
2066	8.88495729355e-07
2067	6.69055875367e-07
2068	8.81697758932e-07
2069	6.729940985e-07
2070	8.84002938023e-07
2071	7.36559428473e-07
2072	8.68062389096e-07
2073	6.38693715037e-07
2074	8.74177629069e-07
2075	6.6666312214e-07
2076	8.78088011476e-07
2077	6.65515691743e-07
2078	8.76916533491e-07
2079	6.60464038823e-07
2080	8.69797898941e-07
2081	6.56914060858e-07
2082	8.66044850831e-07
2083	6.5336986539e-07
2084	8.63890291096e-07
2085	9.99090746018e-07
2086	8.14723193778e-07
2087	8.89752088486e-07
2088	9.82457272033e-07
2089	7.05413110729e-07
2090	8.92292720235e-07
2091	9.97104925068e-07
2092	7.21896267617e-07
2093	8.85191705015e-07
2094	9.82864882956e-07
2095	7.19619387456e-07
2096	8.7814831185e-07
2097	9.78291558563e-07
2098	7.78527037907e-07
2099	8.62103723068e-07
2100	9.64092689907e-07
2101	6.92352111746e-07
2102	8.67186294167e-07
2103	9.69223931116e-07
2104	6.97008882785e-07
2105	8.61549835349e-07
2106	9.57381844186e-07
2107	6.98664653615e-07
2108	8.54150232026e-07
2109	9.5339788236e-07
2110	7.6038996608e-07
2111	8.40889015432e-07
2112	9.43649779798e-07
2113	6.7860669428e-07
2114	8.51519123055e-07
2115	9.56279102142e-07
2116	6.93771024368e-07
2117	8.48235714707e-07
2118	9.42885440264e-07
2119	6.8815994439e-07
2120	8.42196759184e-07
2121	9.37267764592e-07
2122	7.55980511563e-07
2123	8.29235833012e-07
2124	9.27055305096e-07
2125	6.64427144259e-07
2126	8.37149798176e-07
2127	9.39068127043e-07
2128	6.80021909375e-07
2129	8.33189572909e-07
2130	9.24351743456e-07
2131	7.3367208626e-07
2132	8.18576834179e-07
2133	9.15563901284e-07
2134	6.55646600175e-07
2135	8.25804945956e-07
2136	9.25363409391e-07
2137	6.69796740653e-07
2138	8.22601087356e-07
2139	9.12199437864e-07
2140	7.01296085827e-07
2141	8.10269423716e-07
2142	9.06298960774e-07
2143	9.98678696276e-07
2144	6.92425178588e-07
2145	8.32192324136e-07
2146	9.02563998735e-07
2147	9.92371249599e-07
2148	6.87112266631e-07
2149	8.19228157262e-07
2150	8.87930136572e-07
2151	9.77982291997e-07
2152	7.59543027027e-07
2153	8.07697878132e-07
2154	8.78062687285e-07
2155	9.66555621972e-07
2156	7.30671688645e-07
2157	7.99926926953e-07
2158	8.73133891931e-07
2159	9.63933128667e-07
2160	6.7879368978e-07
2161	8.07133162107e-07
2162	8.75435791817e-07
2163	9.62659164003e-07
2164	6.65148940975e-07
2165	7.96551624872e-07
2166	8.62956815775e-07
2167	9.50846655082e-07
2168	7.19053914122e-07
2169	7.87850115511e-07
2170	8.56796936646e-07
2171	9.42589576935e-07
2172	6.60259016393e-07
2173	7.94741423185e-07
2174	8.64359510867e-07
2175	9.50183244789e-07
2176	7.28548153524e-07
2177	7.7860812443e-07
2178	8.46980081929e-07
2179	9.31285373319e-07
2180	6.87100625235e-07
2181	7.72096644281e-07
2182	8.42125970453e-07
2183	9.29632215631e-07
2184	6.363343947e-07
2185	7.79652454049e-07
2186	8.45014314407e-07
2187	9.28866669413e-07
2188	9.9183744718e-07
2189	6.62916696377e-07
2190	7.78730973675e-07
2191	8.27404616148e-07
2192	9.03708352892e-07
2193	9.69844532022e-07
2194	7.27745321774e-07
2195	7.69250792482e-07
2196	8.2054487549e-07
2197	8.93163087458e-07
2198	9.62234722159e-07
2199	7.0600106491e-07
2200	7.60534594355e-07
2201	8.11867784298e-07
2202	8.86913372965e-07
2203	9.5426720752e-07
2204	6.91671878107e-07
2205	7.58298513264e-07
2206	8.05262154384e-07
2207	8.78935850636e-07
2208	9.47182362192e-07
2209	9.85308919575e-07
2210	9.92589486784e-07
2211	9.85226137719e-07
2212	9.74325582345e-07
2213	9.63968622714e-07
2214	9.55310021078e-07
2215	1.51863642552e-06
2216	7.98357383489e-07
2217	8.4588887252e-07
2218	9.62351486919e-07
2219	9.1108942478e-07
2220	1.47956325686e-06
2221	8.74739343227e-07
2222	9.61403716022e-07
2223	9.85363363907e-07
2224	1.31704181322e-06
2225	8.813272055e-07
2226	8.48590296144e-07
2227	1.12335010151e-06
2228	8.47738935218e-07
