1	32
2	13
3	15
4	11
5	7
6	14
7	9
8	8
9	6
10	7
11	11
12	9
13	9
14	7
15	7
16	6
17	6
18	6
19	6
20	7
21	6
22	6
23	4
24	5
25	5
26	6
27	5
28	5
29	5
30	5
31	5
32	5
33	5
34	5
35	5
36	6
37	4
38	4
39	4
40	5
41	4
42	6
43	5
44	5
45	5
46	5
47	5
48	5
49	5
50	4
51	4
52	5
53	5
54	5
55	6
56	6
57	5
58	5
59	5
60	5
61	5
62	5
63	5
64	5
65	5
66	5
67	5
68	5
69	5
70	5
71	5
72	5
73	5
74	5
75	5
76	5
77	4
78	4
79	4
80	6
81	5
82	5
83	5
84	4
85	4
86	4
87	4
88	4
89	6
90	6
91	4
92	6
93	4
94	6
95	4
96	6
97	6
98	6
99	6
100	6
101	6
102	7
103	7
104	7
105	5
106	5
107	5
108	6
109	6
110	6
111	6
112	6
113	7
114	6
115	7
116	5
117	5
118	5
119	5
120	5
121	5
122	5
123	5
124	5
125	6
126	6
127	6
128	6
129	6
130	6
131	6
132	6
133	6
134	8
135	6
136	6
137	7
138	8
139	6
140	6
141	9
142	8
143	6
144	7
145	6
146	8
147	6
148	7
149	6
150	8
151	6
152	6
153	6
154	6
155	6
156	6
157	6
158	6
159	6
160	4
161	6
162	6
163	6
164	6
165	6
166	6
167	6
168	4
169	6
170	4
171	6
172	6
173	4
174	6
175	6
176	4
177	6
178	4
179	6
180	4
181	6
182	4
183	6
184	4
185	6
186	6
187	4
188	6
189	6
190	6
191	6
192	6
193	4
194	6
195	6
196	6
197	4
198	6
199	4
200	6
201	6
202	4
203	6
204	4
205	6
206	4
207	6
208	4
209	6
210	4
211	6
212	4
213	6
214	4
215	6
216	6
217	6
218	6
219	6
220	6
221	4
222	6
223	4
224	6
225	4
226	4
227	6
228	4
229	4
230	6
231	4
232	4
233	6
234	6
235	4
236	4
237	6
238	4
239	6
240	4
241	4
242	6
243	4
244	4
245	6
246	4
247	6
248	4
249	6
250	4
251	6
252	4
253	6
254	6
255	4
256	6
257	4
258	4
259	6
260	4
261	6
262	4
263	6
264	6
265	4
266	6
267	6
268	5
269	6
270	6
271	6
272	6
273	6
274	4
275	6
276	6
277	6
278	4
279	6
280	6
281	6
282	6
283	6
284	6
285	4
286	6
287	4
288	6
289	6
290	6
291	6
292	6
293	6
294	6
295	6
296	6
297	6
298	6
299	6
300	6
301	6
302	6
303	6
304	6
305	6
306	6
307	6
308	6
309	6
310	6
311	6
312	6
313	6
314	6
315	6
316	6
317	6
318	6
319	6
320	6
321	6
322	6
323	6
324	6
325	6
326	6
327	6
328	6
329	6
330	6
331	6
332	6
333	6
334	6
335	6
336	6
337	6
338	6
339	6
340	6
341	6
342	6
343	6
344	6
345	6
346	6
347	6
348	6
349	6
350	6
351	6
352	7
353	7
354	6
355	6
356	6
357	6
358	6
359	6
360	6
361	6
362	6
363	6
364	7
365	7
366	5
367	7
368	7
369	7
370	6
371	6
372	6
373	6
374	6
375	6
376	7
377	5
378	5
379	5
380	5
381	5
382	7
383	7
384	7
385	7
386	7
387	7
388	7
389	5
390	6
391	6
392	7
393	7
394	7
395	5
396	7
397	7
398	7
399	7
400	6
401	7
402	7
403	7
404	7
405	7
406	7
407	5
408	7
409	5
410	7
411	7
412	7
413	7
414	7
415	7
416	5
417	7
418	7
419	7
420	7
421	7
422	7
423	7
424	7
425	7
426	7
427	7
428	7
429	7
430	7
431	7
432	8
433	7
434	7
435	8
436	7
437	7
438	8
439	7
440	7
441	7
442	7
443	7
444	7
445	7
446	7
447	7
448	8
449	7
450	7
451	7
452	7
453	7
454	7
455	7
456	7
457	7
458	7
459	7
460	7
461	7
462	7
463	7
464	7
465	9
466	9
467	8
468	8
469	8
470	9
471	9
472	9
473	9
474	9
475	8
476	6
477	9
478	6
479	8
480	9
481	8
482	6
483	8
484	8
485	8
486	8
487	8
488	8
489	8
490	8
491	8
492	8
493	8
494	8
495	8
496	8
497	8
498	8
499	8
500	8
501	9
502	6
503	7
504	9
505	6
506	6
507	7
508	9
509	6
510	6
511	7
512	9
513	6
514	6
515	6
516	7
517	9
518	9
519	6
520	6
521	6
522	6
523	6
524	6
525	6
526	6
527	6
528	6
529	6
530	6
531	6
532	6
533	6
534	6
535	6
536	6
537	6
538	6
539	6
540	6
541	6
542	6
543	6
544	6
545	6
546	6
547	6
548	6
549	6
550	6
551	6
552	6
553	6
554	6
555	6
556	6
557	6
558	6
559	6
560	6
561	6
562	6
563	6
564	6
565	6
566	6
567	6
568	6
569	6
570	6
571	6
572	6
573	6
574	6
575	6
576	6
577	6
578	6
579	6
580	6
581	6
582	6
583	6
584	6
585	6
586	6
587	6
588	6
589	6
590	6
591	6
592	6
593	6
594	6
595	6
596	6
597	6
598	6
599	6
600	6
601	6
602	6
603	6
604	6
605	6
606	6
607	6
608	6
609	6
610	6
611	6
612	6
613	6
614	6
615	6
616	6
617	6
618	6
619	6
620	6
621	6
622	6
623	6
624	6
625	6
626	6
627	6
628	6
629	6
630	6
631	6
632	6
633	6
634	6
635	6
636	6
637	6
638	6
639	6
640	6
641	6
642	6
643	6
644	6
645	6
646	6
647	6
648	6
649	6
650	6
651	6
652	6
653	6
654	6
655	6
656	6
657	6
658	6
659	6
660	6
661	6
662	6
663	6
664	6
665	6
666	6
667	6
668	6
669	6
670	6
671	6
672	6
673	6
674	6
675	6
676	6
677	6
678	6
679	6
680	6
681	6
682	6
683	6
684	6
685	6
686	6
687	6
688	6
689	6
690	6
691	6
692	6
693	6
694	7
695	5
696	6
697	7
698	5
699	7
700	7
701	7
702	5
703	7
704	7
705	7
706	5
707	7
708	7
709	5
710	7
711	7
712	5
713	7
714	7
715	5
716	5
717	6
718	9
719	5
720	5
721	5
722	6
723	7
724	5
725	5
726	7
727	5
728	5
729	7
730	5
731	5
732	7
733	5
734	7
735	5
736	5
737	7
738	5
739	5
740	5
741	7
742	5
743	5
744	5
745	7
746	5
747	5
748	7
749	5
750	5
751	5
752	5
753	5
754	7
755	5
756	5
757	5
758	5
759	5
760	5
761	5
762	5
763	5
764	5
765	5
766	5
767	5
768	5
769	5
770	5
771	5
772	5
773	5
774	5
775	5
776	5
777	5
778	5
779	5
780	5
781	5
782	5
783	5
784	5
785	5
786	5
787	5
788	5
789	5
790	5
791	5
792	5
793	5
794	5
795	5
796	5
797	5
798	5
799	5
800	5
801	5
802	5
803	5
804	5
805	5
806	5
807	5
808	5
809	5
810	5
811	5
812	5
813	5
814	5
815	5
816	5
817	5
818	5
819	5
820	5
821	5
822	5
823	5
824	5
825	5
826	5
827	5
828	5
829	5
830	5
831	5
832	5
833	5
834	5
835	5
836	5
837	5
838	5
839	5
840	5
841	5
842	5
843	5
844	5
845	5
846	5
847	5
848	5
849	5
850	5
851	5
852	5
853	5
854	5
855	5
856	5
857	5
858	5
859	5
860	5
861	5
862	5
863	5
864	5
865	5
866	5
867	5
868	5
869	5
870	5
871	5
872	5
873	5
874	5
875	5
876	5
877	5
878	5
879	5
880	5
881	5
882	5
883	5
884	5
885	5
886	5
887	5
888	5
889	5
890	5
891	5
892	5
893	5
894	5
895	5
896	5
897	5
898	5
899	5
900	5
901	5
902	5
903	5
904	5
905	5
906	5
907	5
908	5
909	5
910	5
911	5
912	5
913	5
914	5
915	5
916	5
917	5
918	5
919	5
920	5
921	5
922	5
923	5
924	5
925	5
926	5
927	5
928	5
929	5
930	5
931	5
932	5
933	5
934	5
935	5
936	5
937	5
938	5
939	5
940	5
941	5
942	5
943	5
944	5
945	5
946	5
947	5
948	5
949	5
950	5
951	5
952	5
953	5
954	5
955	5
956	5
957	5
958	5
959	5
960	5
961	5
962	5
963	5
964	5
965	5
966	5
967	5
968	5
969	5
970	5
971	5
972	5
973	5
974	5
975	5
976	5
977	5
978	5
979	5
980	5
981	5
982	5
983	5
984	5
985	5
986	5
987	5
988	5
989	5
990	5
991	5
992	5
993	5
994	5
995	5
996	5
997	5
998	5
999	5
1000	5
1001	5
1002	5
1003	6
1004	6
1005	7
1006	7
1007	5
1008	6
1009	6
1010	7
1011	6
1012	7
1013	6
1014	7
1015	6
1016	7
1017	7
1018	5
1019	6
1020	6
1021	7
1022	6
1023	7
1024	5
1025	6
1026	6
1027	7
1028	5
1029	6
1030	6
1031	7
1032	5
1033	6
1034	5
1035	6
1036	6
1037	7
1038	5
1039	6
1040	5
1041	6
1042	7
1043	5
1044	6
1045	5
1046	6
1047	7
1048	5
1049	6
1050	5
1051	6
1052	5
1053	6
1054	5
1055	6
1056	5
1057	6
1058	5
1059	6
1060	5
1061	6
1062	5
1063	6
1064	5
1065	6
1066	5
1067	7
1068	5
1069	6
1070	5
1071	6
1072	5
1073	7
1074	5
1075	6
1076	5
1077	6
1078	5
1079	6
1080	5
1081	6
1082	5
1083	6
1084	5
1085	6
1086	5
1087	6
1088	5
1089	9
1090	8
1091	8
1092	7
1093	6
1094	5
1095	5
1096	6
1097	6
1098	6
1099	6
1100	6
1101	6
1102	6
1103	6
1104	6
1105	6
1106	6
1107	6
1108	5
1109	5
1110	5
1111	5
1112	5
1113	6
1114	5
1115	6
1116	5
1117	5
1118	5
1119	5
1120	5
1121	5
1122	5
1123	5
1124	5
1125	5
1126	5
1127	5
1128	5
1129	5
1130	5
1131	5
1132	5
1133	5
1134	5
1135	5
1136	5
1137	5
1138	5
1139	5
1140	5
1141	5
1142	5
1143	5
1144	5
1145	5
1146	5
1147	5
1148	5
1149	5
1150	5
1151	5
1152	5
1153	5
1154	5
1155	5
1156	5
1157	5
1158	5
1159	5
1160	5
1161	5
1162	5
1163	5
1164	5
1165	5
1166	5
1167	5
1168	5
1169	5
1170	5
1171	5
1172	5
1173	5
1174	5
1175	5
1176	5
1177	5
1178	5
1179	5
1180	5
1181	5
1182	5
1183	5
1184	5
1185	5
1186	5
1187	5
1188	5
1189	5
1190	5
1191	5
1192	5
1193	5
1194	5
1195	5
1196	5
1197	5
1198	5
1199	5
1200	5
1201	5
1202	5
1203	5
1204	5
1205	5
1206	5
1207	5
1208	5
1209	5
1210	5
1211	5
1212	5
1213	5
1214	5
1215	5
1216	5
1217	5
1218	5
1219	5
1220	5
1221	5
1222	5
1223	5
1224	5
1225	5
1226	5
1227	5
1228	5
1229	5
1230	5
1231	5
1232	5
1233	5
1234	5
1235	5
1236	5
1237	5
1238	5
1239	5
1240	5
1241	5
1242	5
1243	5
1244	5
1245	5
1246	5
1247	5
1248	5
1249	5
1250	5
1251	5
1252	5
1253	5
1254	5
1255	5
1256	5
1257	5
1258	5
1259	5
1260	5
1261	5
1262	5
1263	5
1264	5
1265	5
1266	5
1267	5
1268	5
1269	5
1270	5
1271	5
1272	5
1273	5
1274	5
1275	5
1276	5
1277	5
1278	5
1279	5
1280	5
1281	5
1282	5
1283	5
1284	5
1285	5
1286	5
1287	5
1288	5
1289	5
1290	5
1291	5
1292	5
1293	5
1294	5
1295	5
1296	5
1297	5
1298	5
1299	5
1300	5
1301	5
1302	5
1303	5
1304	5
1305	5
1306	5
1307	5
1308	5
1309	5
1310	5
1311	5
1312	5
1313	5
1314	5
1315	5
1316	5
1317	5
1318	5
1319	5
1320	5
1321	5
1322	5
1323	5
1324	5
1325	5
1326	5
1327	5
1328	5
1329	5
1330	5
1331	5
1332	5
1333	5
1334	5
1335	5
1336	5
1337	5
1338	5
1339	5
1340	5
1341	5
1342	5
1343	5
1344	5
1345	5
1346	5
1347	5
1348	5
1349	5
1350	5
1351	5
1352	5
1353	5
1354	5
1355	5
1356	5
1357	5
1358	5
1359	5
1360	5
1361	5
1362	9
1363	9
1364	8
1365	10
1366	8
1367	10
1368	9
1369	8
1370	8
1371	6
1372	5
1373	5
1374	5
1375	5
1376	5
1377	5
1378	5
1379	5
1380	5
1381	5
1382	5
1383	5
1384	5
1385	5
1386	5
1387	5
1388	5
1389	5
1390	5
1391	5
1392	5
1393	5
1394	5
1395	5
1396	5
1397	5
1398	5
1399	5
1400	5
1401	5
1402	5
1403	5
1404	5
1405	5
1406	5
1407	5
1408	5
1409	5
1410	5
1411	5
1412	5
1413	5
1414	5
1415	4
1416	5
1417	5
1418	5
1419	5
1420	5
1421	5
1422	5
1423	5
1424	5
1425	4
1426	5
1427	5
1428	5
1429	5
1430	5
1431	5
1432	5
1433	5
1434	4
1435	5
1436	5
1437	5
1438	5
1439	5
1440	5
1441	5
1442	4
1443	4
1444	4
1445	4
1446	4
1447	4
1448	4
1449	4
1450	5
1451	5
1452	5
1453	4
1454	4
1455	4
1456	4
1457	4
1458	4
1459	4
1460	4
1461	4
1462	4
1463	4
1464	4
1465	4
1466	4
1467	4
1468	4
1469	4
1470	4
1471	4
1472	4
1473	4
1474	4
1475	4
1476	4
1477	4
1478	4
1479	4
1480	4
1481	4
1482	4
1483	4
1484	4
1485	4
1486	4
1487	4
1488	4
1489	4
1490	4
1491	4
1492	4
1493	4
1494	4
1495	4
1496	4
1497	4
1498	4
1499	4
1500	4
1501	4
1502	4
1503	4
1504	4
1505	4
1506	4
1507	4
1508	4
1509	4
1510	4
1511	4
1512	4
1513	4
1514	4
1515	4
1516	4
1517	4
1518	4
1519	4
1520	4
1521	4
1522	4
1523	4
1524	4
1525	4
1526	4
1527	4
1528	4
1529	4
1530	4
1531	4
1532	4
1533	4
1534	4
1535	4
1536	4
1537	4
1538	4
1539	4
1540	4
1541	4
1542	4
1543	4
1544	4
1545	4
1546	4
1547	4
1548	4
1549	4
1550	4
1551	4
1552	4
1553	4
1554	4
1555	4
1556	4
1557	4
1558	4
1559	4
1560	4
1561	4
1562	4
1563	4
1564	4
1565	4
1566	4
1567	4
1568	4
1569	4
1570	4
1571	4
1572	10
1573	10
1574	8
1575	10
1576	8
1577	10
1578	10
1579	8
1580	10
1581	10
1582	8
1583	8
1584	7
1585	5
1586	5
1587	5
1588	5
1589	4
1590	4
1591	4
1592	4
1593	4
1594	4
1595	4
1596	4
1597	4
1598	4
1599	4
1600	4
1601	4
1602	4
1603	4
1604	4
1605	4
1606	4
1607	4
1608	4
1609	4
1610	3
1611	4
1612	3
1613	4
1614	3
1615	4
1616	3
1617	4
1618	3
1619	4
1620	3
1621	4
1622	3
1623	4
1624	3
1625	4
1626	3
1627	4
1628	3
1629	4
1630	3
1631	4
1632	3
1633	4
1634	3
1635	4
1636	3
1637	4
1638	3
1639	4
1640	3
1641	4
1642	3
1643	4
1644	3
1645	4
1646	3
1647	4
1648	3
1649	4
1650	3
1651	4
1652	3
1653	4
1654	3
1655	4
1656	3
1657	4
1658	3
1659	4
1660	3
1661	4
1662	3
1663	4
1664	3
1665	4
1666	3
1667	4
1668	3
1669	4
1670	3
1671	4
1672	3
1673	3
1674	4
1675	3
1676	3
1677	4
1678	3
1679	3
1680	3
1681	4
1682	3
1683	3
1684	3
1685	4
1686	3
1687	3
1688	4
1689	3
1690	3
1691	4
1692	3
1693	3
1694	4
1695	3
1696	3
1697	3
1698	3
1699	3
1700	3
1701	3
1702	3
1703	3
1704	3
1705	3
1706	3
1707	3
1708	4
1709	3
1710	3
1711	3
1712	3
1713	3
1714	3
1715	3
1716	3
1717	3
1718	3
1719	3
1720	3
1721	3
1722	3
1723	4
1724	3
1725	3
1726	3
1727	3
1728	3
1729	3
1730	3
1731	3
1732	3
1733	3
1734	3
1735	3
1736	3
1737	3
1738	3
1739	3
1740	3
1741	3
1742	4
1743	2
1744	4
1745	3
1746	4
1747	2
1748	4
1749	2
1750	4
1751	2
1752	3
1753	2
1754	3
1755	2
1756	3
1757	2
1758	3
1759	2
1760	3
1761	2
1762	3
1763	2
1764	3
1765	2
1766	3
1767	2
1768	3
1769	2
1770	3
1771	2
1772	3
1773	2
1774	3
1775	2
1776	3
1777	2
1778	3
1779	2
1780	3
1781	2
1782	2
1783	3
1784	2
1785	2
1786	3
1787	2
1788	2
1789	3
1790	2
1791	2
1792	3
1793	2
1794	2
1795	3
1796	2
1797	2
1798	2
1799	3
1800	2
1801	2
1802	2
1803	3
1804	2
1805	2
1806	2
1807	2
1808	2
1809	2
1810	3
1811	2
1812	2
1813	2
1814	2
1815	2
1816	2
1817	2
1818	2
1819	2
1820	2
1821	2
1822	2
1823	2
1824	2
1825	2
1826	2
1827	2
1828	2
1829	2
1830	2
1831	2
1832	2
1833	2
1834	2
1835	2
1836	2
1837	2
1838	2
1839	2
1840	2
1841	2
1842	2
1843	2
1844	2
1845	2
1846	2
1847	2
1848	2
1849	2
1850	2
1851	2
1852	2
1853	2
1854	2
1855	2
1856	2
1857	2
1858	2
1859	2
1860	2
1861	2
1862	2
1863	2
1864	2
1865	2
1866	2
1867	2
1868	2
1869	2
1870	2
1871	2
1872	2
1873	2
1874	2
1875	2
1876	2
1877	2
1878	2
1879	2
1880	2
1881	2
1882	2
1883	2
1884	2
1885	2
1886	2
1887	2
1888	2
1889	2
1890	2
1891	2
1892	2
1893	2
1894	2
1895	2
1896	2
1897	2
1898	2
1899	2
1900	2
1901	2
1902	2
1903	2
1904	2
1905	2
1906	2
1907	2
1908	2
1909	2
1910	2
1911	2
1912	2
1913	2
1914	2
1915	2
1916	2
1917	2
1918	2
1919	2
1920	2
1921	2
1922	2
1923	2
1924	2
1925	2
1926	2
1927	2
1928	2
1929	2
1930	2
1931	2
1932	2
1933	2
1934	2
1935	2
1936	2
1937	2
1938	2
1939	2
1940	2
1941	2
1942	2
1943	2
1944	2
1945	2
1946	2
1947	2
1948	2
1949	2
1950	2
1951	2
1952	2
1953	2
1954	2
1955	2
1956	2
1957	2
1958	2
1959	2
1960	2
1961	2
1962	2
1963	1
1964	2
1965	2
1966	1
1967	2
1968	2
1969	1
1970	2
1971	2
1972	1
1973	2
1974	2
1975	1
1976	2
1977	2
1978	1
1979	2
1980	2
1981	1
1982	2
1983	2
1984	1
1985	2
1986	2
1987	1
1988	2
1989	1
1990	2
1991	2
1992	1
1993	2
1994	1
1995	2
1996	1
1997	2
1998	1
1999	2
2000	1
2001	2
2002	1
2003	2
2004	1
2005	2
2006	1
2007	2
2008	1
2009	2
2010	1
2011	2
2012	1
2013	2
2014	1
2015	2
2016	1
2017	2
2018	1
2019	2
2020	1
2021	2
2022	1
2023	2
2024	1
2025	2
2026	1
2027	2
2028	1
2029	2
2030	1
2031	2
2032	1
2033	2
2034	1
2035	2
2036	1
2037	2
2038	1
2039	2
2040	1
2041	2
2042	1
2043	2
2044	1
2045	2
2046	1
2047	2
2048	1
2049	2
2050	1
2051	2
2052	1
2053	2
2054	1
2055	2
2056	1
2057	2
2058	1
2059	2
2060	1
2061	2
2062	1
2063	2
2064	1
2065	2
2066	1
2067	2
2068	1
2069	2
2070	1
2071	2
2072	1
2073	2
2074	1
2075	2
2076	1
2077	2
2078	1
2079	2
2080	1
2081	2
2082	1
2083	2
2084	1
2085	1
2086	2
2087	1
2088	1
2089	2
2090	1
2091	1
2092	2
2093	1
2094	1
2095	2
2096	1
2097	1
2098	2
2099	1
2100	1
2101	2
2102	1
2103	1
2104	2
2105	1
2106	1
2107	2
2108	1
2109	1
2110	2
2111	1
2112	1
2113	2
2114	1
2115	1
2116	2
2117	1
2118	1
2119	2
2120	1
2121	1
2122	2
2123	1
2124	1
2125	2
2126	1
2127	1
2128	2
2129	1
2130	1
2131	2
2132	1
2133	1
2134	2
2135	1
2136	1
2137	2
2138	1
2139	1
2140	2
2141	1
2142	1
2143	1
2144	2
2145	1
2146	1
2147	1
2148	2
2149	1
2150	1
2151	1
2152	2
2153	1
2154	1
2155	1
2156	2
2157	1
2158	1
2159	1
2160	2
2161	1
2162	1
2163	1
2164	2
2165	1
2166	1
2167	1
2168	2
2169	1
2170	1
2171	1
2172	2
2173	1
2174	1
2175	1
2176	2
2177	1
2178	1
2179	1
2180	2
2181	1
2182	1
2183	1
2184	2
2185	1
2186	1
2187	1
2188	1
2189	2
2190	1
2191	1
2192	1
2193	1
2194	2
2195	1
2196	1
2197	1
2198	1
2199	2
2200	1
2201	1
2202	1
2203	1
2204	2
2205	1
2206	1
2207	1
2208	1
2209	1
2210	1
2211	1
2212	1
2213	1
2214	1
2215	10
2216	10
2217	8
2218	8
2219	7
2220	10
2221	10
2222	7
2223	7
2224	10
2225	10
2226	8
2227	10
2228	10
