1	0.990217423909
2	0.847093797967
3	0.721207914258
4	0.0413685573645
5	0.0120277467024
6	0.00775351066662
7	0.00761208461634
8	0.00691564359995
9	0.0055044691581
10	0.00393127432663
11	0.0027998533568
12	0.00239252185122
13	0.00200017092446
14	0.00193792324673
15	0.00205304381381
16	0.0021174883942
17	0.00211234690987
18	0.00197838094543
19	0.00180811382164
20	0.00164728634742
21	0.00151436022958
22	0.00137569225107
23	0.0012983792357
24	0.00124827311948
25	0.00122519860173
26	0.00120768440644
27	0.0011893161122
28	0.00116511948406
29	0.00113400456824
30	0.00110085077388
31	0.00106535497588
32	0.00102921417393
33	0.000999275478368
34	0.000971605347561
35	0.000946502666155
36	0.00092857324756
37	0.000910880666782
38	0.000894278423637
39	0.000878238063108
40	0.000864478560791
41	0.000850091942548
42	0.00083659223908
43	0.000822054184052
44	0.000808591176843
45	0.000795647146836
46	0.000782272704716
47	0.000769884386261
48	0.00075828265726
49	0.000746513653634
50	0.000735434360332
51	0.000725695451619
52	0.000715453613812
53	0.000706067713007
54	0.000695427768358
55	0.000685907417195
56	0.000674110428379
57	0.000664407427518
58	0.000655188281841
59	0.00064855582814
60	0.00064252946572
61	0.000636104741514
62	0.000628958692168
63	0.000621896154398
64	0.000615005539878
65	0.000608316096034
66	0.000601732094013
67	0.000594618454814
68	0.00058747596438
69	0.000579819004304
70	0.00057219372963
71	0.000564605597004
72	0.000556909358633
73	0.00054984691677
74	0.000543324035205
75	0.00053637260116
76	0.000529913708721
77	0.000522570784446
78	0.000515736399224
79	0.000508658422343
80	0.000501787572514
81	0.000495177223938
82	0.000489048107723
83	0.000483704450477
84	0.000478074361225
85	0.000472151888702
86	0.000467576576198
87	0.000462822316038
88	0.000458772226567
89	0.000452705325582
90	0.000447983523997
91	0.000443915765707
92	0.000440044288981
93	0.00043601980235
94	0.000433038272252
95	0.000429289524674
96	0.000425837758562
97	0.000422230900602
98	0.000418738422594
99	0.000415111759162
100	0.000411871093649
101	0.000408407098423
102	0.000406362926986
103	0.000402504266423
104	0.000399837474198
105	0.000397339964664
106	0.000394873381372
107	0.000392396531679
108	0.000387553926771
109	0.000386103205297
110	0.000383802711477
111	0.000381706803698
112	0.000380864498702
113	0.000376873444005
114	0.000374395360988
115	0.000370388092944
116	0.0003660590077
117	0.000363787443748
118	0.000361662672582
119	0.000360776574163
120	0.00035637574351
121	0.000353800450146
122	0.000350954215046
123	0.000350899321359
124	0.000349323645409
125	0.00035096816919
126	0.000347009444548
127	0.000342995022833
128	0.000340021851333
129	0.000333305970556
130	0.000331365190088
131	0.000331993229256
132	0.000328373503271
133	0.000325610766091
134	0.000320905264641
135	0.000317907122387
136	0.000315442570587
137	0.000312088755328
138	0.000308634048524
139	0.00030745123916
140	0.00030397814687
141	0.000302083053315
142	0.000301014475691
143	0.000299643162117
144	0.000297494338899
145	0.00029636728902
146	0.000293872288775
147	0.000291593802758
148	0.000289434861222
149	0.000289646528723
150	0.00028823255614
151	0.000286841526238
152	0.000285637578517
153	0.000283404094915
154	0.000283534341586
155	0.000281632985992
156	0.000280289680118
157	0.000277292477455
158	0.000278169764334
159	0.000276295943351
160	0.000272191367595
161	0.000268608357075
162	0.000274679574022
163	0.000270030003765
164	0.000268768849945
165	0.000268086100932
166	0.000266836011828
167	0.000268296876129
168	0.000269446897757
169	0.000265372494409
170	0.000264888135732
171	0.000265834073371
172	0.000263528893773
173	0.000259398788303
174	0.000260250817784
175	0.000259613860302
176	0.000259259177235
177	0.000259029807981
178	0.000260232236824
179	0.000256632629352
180	0.000257566071851
181	0.000256415131583
182	0.000257700790476
183	0.000251819661506
184	0.000253653279771
185	0.000252465934917
186	0.000252629319073
187	0.00025059161652
188	0.000251245868419
189	0.000248886476842
190	0.00025179468694
191	0.000250660051639
192	0.000250893592007
193	0.000252466858197
194	0.000249572839651
195	0.000247907482696
196	0.000249023237634
197	0.000247988693339
198	0.000247038722618
199	0.000248915588623
200	0.000247501561821
201	0.000243919630153
202	0.000242961031776
203	0.000244562892517
204	0.000243917970098
205	0.000242356861298
206	0.00024098650242
207	0.000240087303382
208	0.000241265005942
209	0.000240790504322
210	0.000237299951715
211	0.000240238619015
212	0.000239288285413
213	0.00023889400975
214	0.000239337888843
215	0.000237575334162
216	0.000236468381717
217	0.000234380340773
218	0.000235602482602
219	0.000234274736047
220	0.000234781668664
221	0.000235891427449
222	0.000240380220777
223	0.000234598332599
224	0.00023262795791
225	0.000235765544649
226	0.000232908624081
227	0.000234031186928
228	0.000238865306785
229	0.000236504801392
230	0.000236591074355
231	0.000232682335198
232	0.000229072628955
233	0.000229499648072
234	0.000227149898869
235	0.000228247584513
236	0.000226972411925
237	0.000224003701335
238	0.000225548602106
239	0.00022608628147
240	0.000228431565424
241	0.000229584774453
242	0.000229549777075
243	0.000230375738253
244	0.000234299636571
245	0.00023068969571
246	0.000231210266426
247	0.000232294225314
248	0.000227153325485
249	0.0002258983134
250	0.000230486683558
251	0.000227801449376
252	0.000228970812145
253	0.000230614204565
254	0.00023029098013
255	0.000229755728825
256	0.000228058599989
257	0.000228849942113
258	0.000228700173859
259	0.000227956257428
260	0.000226375700317
261	0.000225119822588
262	0.000226902690764
263	0.000232008379541
264	0.000227418365452
265	0.000222368761349
266	0.000224249453649
267	0.0002269050275
268	0.000229132222537
269	0.000232660990448
270	0.000221497767171
271	0.000222248380497
272	0.000225602048278
273	0.000221125597933
274	0.000224042178165
275	0.000229485891528
276	0.000236480246287
277	0.000234678247005
278	0.000232559908743
279	0.000232232679393
280	0.000234379677916
281	0.000226879285196
282	0.000224670446094
283	0.000226767106345
284	0.000230153459423
285	0.000226365440015
286	0.000225105773457
287	0.00022883947986
288	0.000234164857045
289	0.000238882521488
290	0.000233612649147
291	0.000236698605658
292	0.000237172235739
293	0.000237195519873
294	0.000238302161174
295	0.000241250872473
296	0.000242960999254
297	0.000247642779358
298	0.000245100083785
299	0.000245319069005
300	0.000246408269689
301	0.000247732862784
302	0.000250806688587
303	0.000252220511148
304	0.000251872954423
305	0.000256293025684
306	0.000259834617367
307	0.000260051512671
308	0.000260937332333
309	0.000269853229411
310	0.000280152930598
311	0.000286239988177
312	0.000289911654457
313	0.000309938701248
314	0.000312540143707
315	0.000324246628165
316	0.000335960436683
317	0.000342057751091
318	0.000346754943466
319	0.000360475208992
320	0.000354403725734
321	0.000362042674326
322	0.000371206658783
323	0.000378768284724
324	0.000384984508365
325	0.000388009629397
326	0.000393218045306
327	0.000398970253864
328	0.000407651077645
329	0.00040796202932
330	0.00041293855102
331	0.000435680049487
332	0.000437531200571
333	0.000442228570519
334	0.000459588916139
335	0.000459822969548
336	0.000476652603987
337	0.000465919546995
338	0.000469973462235
339	0.000490231769171
340	0.00052086256571
341	0.000504417938959
342	0.000503483747
343	0.000504706122054
344	0.000515854310624
345	0.000530449574161
346	0.000519530431125
347	0.000521722936257
348	0.000538268152036
349	0.000545153407847
350	0.000550960855122
351	0.000573949272394
352	0.000579531593245
353	0.000569949658553
354	0.000571254231983
355	0.000590423296727
356	0.000605950682198
357	0.000587620325736
358	0.000573797393888
359	0.00059737431533
360	0.000584671273694
361	0.000597905190535
362	0.000595206716567
363	0.00060332026164
364	0.000622586299631
365	0.000627089984037
366	0.000635661244337
367	0.000646999181218
368	0.000637110841957
369	0.000625212214612
370	0.000608218152503
371	0.000581421401907
372	0.000611093163058
373	0.000571838508532
374	0.000596033376245
375	0.000572972778213
376	0.00056316150592
377	0.000567942329855
378	0.000573744954568
379	0.000585172889752
380	0.00058757403484
381	0.000598076595201
382	0.000563569531671
383	0.000600218457588
384	0.000542159256763
385	0.000520882379878
386	0.000525707652503
387	0.000524733585041
388	0.000514227070286
389	0.000520947729483
390	0.000530668306172
391	0.00053604223819
392	0.000522628422992
393	0.000508227981413
394	0.000513967313714
395	0.000533620391509
396	0.000517206510164
397	0.000499312096831
398	0.000499462680283
399	0.000536102559924
400	0.000490053059355
401	0.000495186571661
402	0.000511862375517
403	0.000488670656226
404	0.000475076337625
405	0.000491345216857
406	0.000472836727419
407	0.000476725290129
408	0.000495612333614
409	0.000472935265444
410	0.000478572631418
411	0.000450667399796
412	0.00046111271245
413	0.000442056423028
414	0.000445227539143
415	0.000440598359501
416	0.000443500610297
417	0.000433359050468
418	0.000438322482797
419	0.000441110464161
420	0.000439696520065
421	0.000424909988034
422	0.000407068133243
423	0.000399230565705
424	0.000395885479518
425	0.000409606139185
426	0.000383284317202
427	0.000401414769549
428	0.000417142133561
429	0.000399093704597
430	0.000405932422589
431	0.000417597647047
432	0.000385198413203
433	0.000389649214903
434	0.000378297563725
435	0.000372095130321
436	0.000369774921036
437	0.000376976067005
438	0.000382792858868
439	0.000388949313631
440	0.000385653794986
441	0.000369688253023
442	0.000379048977159
443	0.000380949562847
444	0.000373742467196
445	0.000381244337301
446	0.000401362553662
447	0.000384821517572
448	0.00039850006315
449	0.00039282532318
450	0.000389058770379
451	0.00039665961878
452	0.000424039592629
453	0.000407510119407
454	0.000455718812838
455	0.000438407098204
456	0.000462545896345
457	0.000450829664019
458	0.000443499081546
459	0.00044502855226
460	0.000444975333773
461	0.000466416887806
462	0.000463726989668
463	0.000450833119781
464	0.000444552526335
465	0.000384862757146
466	0.000385443739049
467	0.000398640807432
468	0.000359109994007
469	0.000352464833049
470	0.000318556012059
471	0.000323645405299
472	0.000318413297483
473	0.000350466350743
474	0.00034997502836
475	0.000351603860905
476	0.000339835378232
477	0.000333252149252
478	0.000333634179329
479	0.000358050942394
480	0.000327273939185
481	0.000352517202466
482	0.000331505173767
483	0.000333513223065
484	0.00031416134353
485	0.000339790045081
486	0.000341470172464
487	0.000345474470873
488	0.000357039530865
489	0.000340658391262
490	0.000353185445273
491	0.000314593034155
492	0.00034063983454
493	0.000142044572602
494	0.000107395229837
495	9.99631156002e-05
496	9.82153773172e-05
497	9.73235785671e-05
498	9.63389191934e-05
499	9.54133102002e-05
500	9.45598834998e-05
501	9.38247715938e-05
502	9.3161101255e-05
503	9.25941528666e-05
504	9.20961732767e-05
505	9.16736320188e-05
506	9.12839547319e-05
507	9.09614821981e-05
508	9.06645140651e-05
509	9.04217386848e-05
510	9.01981973414e-05
511	9.00021779069e-05
512	8.98410330696e-05
513	8.96957734021e-05
514	8.95668452437e-05
515	8.94501320616e-05
516	8.9359997233e-05
517	8.92862759296e-05
518	8.92283698563e-05
519	8.91811170269e-05
520	8.91530722264e-05
521	8.9137810245e-05
522	8.91285989909e-05
523	8.91422748049e-05
524	8.91580920964e-05
525	8.91860983891e-05
526	8.92289038096e-05
527	8.92695914564e-05
528	8.93129513877e-05
529	8.93636871712e-05
530	8.94113496191e-05
531	8.9465801655e-05
532	8.95186596013e-05
533	8.95847757332e-05
534	8.96447697975e-05
535	8.97181011845e-05
536	8.97868013126e-05
537	8.98773242289e-05
538	8.99562887196e-05
539	9.00579145844e-05
540	9.01462394008e-05
541	9.02445712597e-05
542	9.03449328888e-05
543	9.04352120627e-05
544	9.05379546761e-05
545	9.06376812869e-05
546	9.07275553308e-05
547	9.08146683684e-05
548	9.0900447777e-05
549	9.09832389842e-05
550	9.10693829997e-05
551	9.11465150031e-05
552	9.12294523847e-05
553	9.13145913876e-05
554	9.13990177656e-05
555	9.14822706024e-05
556	9.15751324337e-05
557	9.16637577202e-05
558	9.17555890438e-05
559	9.18397283262e-05
560	9.19295012314e-05
561	9.20126472217e-05
562	9.20850126308e-05
563	9.21613383279e-05
564	9.22309271758e-05
565	9.23028674232e-05
566	9.23602159525e-05
567	9.24254665553e-05
568	9.2480725498e-05
569	9.25440877026e-05
570	9.26055707221e-05
571	9.26728710889e-05
572	9.27345120411e-05
573	9.28019740889e-05
574	9.28680788797e-05
575	9.29395519845e-05
576	9.29945773526e-05
577	9.30582710637e-05
578	9.31197262794e-05
579	9.31695081543e-05
580	9.32157110411e-05
581	9.32632737744e-05
582	9.32992973391e-05
583	9.33369351311e-05
584	9.33760670322e-05
585	9.34140033373e-05
586	9.34450321233e-05
587	9.34867758689e-05
588	9.35204551011e-05
589	9.35649654511e-05
590	9.36141300673e-05
591	9.3658409296e-05
592	9.37030954367e-05
593	9.3734378366e-05
594	9.37737438322e-05
595	9.38036106861e-05
596	9.382251093e-05
597	9.38509663186e-05
598	9.38686337297e-05
599	9.38818711445e-05
600	9.390011461e-05
601	9.39061587457e-05
602	9.39287128353e-05
603	9.39405678736e-05
604	9.39602930948e-05
605	9.39807681171e-05
606	9.39998831319e-05
607	9.40242779905e-05
608	9.40465283809e-05
609	9.40596717729e-05
610	9.40741921882e-05
611	9.40797217431e-05
612	9.40855758135e-05
613	9.40889753333e-05
614	9.40869609646e-05
615	9.40724948303e-05
616	9.40646665188e-05
617	9.40591098071e-05
618	9.40597135513e-05
619	9.40477590636e-05
620	9.40466613365e-05
621	9.40446030182e-05
622	9.40489817672e-05
623	9.40470517957e-05
624	9.40487546981e-05
625	9.40423958036e-05
626	9.40399313179e-05
627	9.40262590518e-05
628	9.40150536659e-05
629	9.39995853669e-05
630	9.39719475871e-05
631	9.39479581473e-05
632	9.39250391178e-05
633	9.38901035982e-05
634	9.38631282988e-05
635	9.38448359167e-05
636	9.3825397266e-05
637	9.38033908322e-05
638	9.378488018e-05
639	9.37707544972e-05
640	9.37492373507e-05
641	9.37297065049e-05
642	9.37006514926e-05
643	9.36732128025e-05
644	9.36404446306e-05
645	9.36054456825e-05
646	9.35625730815e-05
647	9.35240265861e-05
648	9.34747676308e-05
649	9.34316793671e-05
650	9.33883354894e-05
651	9.33427152088e-05
652	9.33130441198e-05
653	9.32697810643e-05
654	9.32425529292e-05
655	9.32074596523e-05
656	9.31782609327e-05
657	9.31383635185e-05
658	9.30920098154e-05
659	9.30435098615e-05
660	9.29968799625e-05
661	9.29435598929e-05
662	9.28866044786e-05
663	9.28353635505e-05
664	9.27723422659e-05
665	9.2710035655e-05
666	9.26537266848e-05
667	9.2596754324e-05
668	9.25480130208e-05
669	9.24967044845e-05
670	9.24519556395e-05
671	9.24000740759e-05
672	9.23490460531e-05
673	9.22988939579e-05
674	9.22333931332e-05
675	9.21766222464e-05
676	9.21155105137e-05
677	9.20481179845e-05
678	9.19755417677e-05
679	9.19064352078e-05
680	9.18318238545e-05
681	9.17591658931e-05
682	9.16861468252e-05
683	9.16199755912e-05
684	9.15630518701e-05
685	9.14988081797e-05
686	9.14380813771e-05
687	9.13769190356e-05
688	9.13144239461e-05
689	9.12425747033e-05
690	9.11753210308e-05
691	9.10999902735e-05
692	9.10238289083e-05
693	9.09409397531e-05
694	9.08579173167e-05
695	9.07744502361e-05
696	9.06917764656e-05
697	9.06096850812e-05
698	9.05263201804e-05
699	9.04537568313e-05
700	9.03749856066e-05
701	9.03104309662e-05
702	9.02323649944e-05
703	9.01683023649e-05
704	9.00901415032e-05
705	9.00018222145e-05
706	8.99221524924e-05
707	8.98355743359e-05
708	8.9746874418e-05
709	8.96552162301e-05
710	8.95557719403e-05
711	8.94622259862e-05
712	8.93656159553e-05
713	8.92772940321e-05
714	8.91934739475e-05
715	8.91101012357e-05
716	8.9029911646e-05
717	8.89499395925e-05
718	8.88667083438e-05
719	8.87773976533e-05
720	8.86878212835e-05
721	8.85992425007e-05
722	8.85062121738e-05
723	8.84033869939e-05
724	8.83024432997e-05
725	8.82021101656e-05
726	8.80987515661e-05
727	8.7994119524e-05
728	8.78946029889e-05
729	8.78063136755e-05
730	8.77068694198e-05
731	8.76212236345e-05
732	8.75330310441e-05
733	8.74419029871e-05
734	8.73503394745e-05
735	8.72503227241e-05
736	8.71499048633e-05
737	8.70535690827e-05
738	8.69426028083e-05
739	8.68370867375e-05
740	8.67256089101e-05
741	8.66240101121e-05
742	8.65114457596e-05
743	8.64026160768e-05
744	8.63022805709e-05
745	8.62058047709e-05
746	8.61087194979e-05
747	8.60145656268e-05
748	8.59196178727e-05
749	8.58163289421e-05
750	8.57101688386e-05
751	8.56097003511e-05
752	8.55012932073e-05
753	8.53883839081e-05
754	8.52743305446e-05
755	8.51525406343e-05
756	8.5040013983e-05
757	8.49236969521e-05
758	8.48117741529e-05
759	8.4709423382e-05
760	8.4608432575e-05
761	8.45034751858e-05
762	8.44037964063e-05
763	8.43033170648e-05
764	8.41928927382e-05
765	8.40875709573e-05
766	8.39790873481e-05
767	8.38655874661e-05
768	8.37452275556e-05
769	8.36258842611e-05
770	8.35042555195e-05
771	8.33867029343e-05
772	8.3269542885e-05
773	8.3156654449e-05
774	8.30465380081e-05
775	8.29421363722e-05
776	8.28353709988e-05
777	8.27327952734e-05
778	8.26247736733e-05
779	8.25155847088e-05
780	8.24008635025e-05
781	8.22844837465e-05
782	8.21603387164e-05
783	8.20436652112e-05
784	8.19227135185e-05
785	8.17936939554e-05
786	8.16739152331e-05
787	8.15600075954e-05
788	8.14469314512e-05
789	8.13361869504e-05
790	8.12300545553e-05
791	8.11244773225e-05
792	8.10122152378e-05
793	8.09002515193e-05
794	8.07838604993e-05
795	8.06685188526e-05
796	8.05470563504e-05
797	8.04207813088e-05
798	8.02959848571e-05
799	8.016766251e-05
800	8.00427363565e-05
801	7.99293771702e-05
802	7.98106685141e-05
803	7.96989082152e-05
804	7.95945166359e-05
805	7.94851886399e-05
806	7.93699210636e-05
807	7.92591704283e-05
808	7.91459062551e-05
809	7.90232605666e-05
810	7.89006176421e-05
811	7.87789932373e-05
812	7.86495236438e-05
813	7.85260559314e-05
814	7.84064728793e-05
815	7.82838883173e-05
816	7.81602036394e-05
817	7.80494962151e-05
818	7.79471140948e-05
819	7.78342441452e-05
820	7.77212815934e-05
821	7.76146520104e-05
822	7.74949739861e-05
823	7.73773566777e-05
824	7.72557701144e-05
825	7.71361157488e-05
826	7.70088650978e-05
827	7.68830377306e-05
828	7.676005953e-05
829	7.66363139297e-05
830	7.65223660726e-05
831	7.64126375778e-05
832	7.63092897479e-05
833	7.62002437658e-05
834	7.60887433639e-05
835	7.59774572699e-05
836	7.58607301507e-05
837	7.57437801861e-05
838	7.5622673947e-05
839	7.54946031912e-05
840	7.53779678046e-05
841	7.52571241825e-05
842	7.5132465986e-05
843	7.50179709853e-05
844	7.49035299581e-05
845	7.48027484204e-05
846	7.47014658696e-05
847	7.45898678451e-05
848	7.44813645159e-05
849	7.43703371064e-05
850	7.42596578008e-05
851	7.41421231979e-05
852	7.40270258487e-05
853	7.39096923886e-05
854	7.37836191714e-05
855	7.36675068455e-05
856	7.3551911482e-05
857	7.34403379159e-05
858	7.33387436751e-05
859	7.32347118352e-05
860	7.3131475029e-05
861	7.30258683543e-05
862	7.29294961132e-05
863	7.28142151067e-05
864	7.27055997282e-05
865	7.2592136226e-05
866	7.24736373265e-05
867	7.23599878325e-05
868	7.22370995648e-05
869	7.21234101085e-05
870	7.20100581323e-05
871	7.1906419042e-05
872	7.18083551531e-05
873	7.17070605951e-05
874	7.16038249435e-05
875	7.1506509135e-05
876	7.13976205594e-05
877	7.12853344219e-05
878	7.11741175558e-05
879	7.105552215e-05
880	7.0944624375e-05
881	7.08261247146e-05
882	7.07122589451e-05
883	7.05953856878e-05
884	7.0495985194e-05
885	7.03972814892e-05
886	7.02953637431e-05
887	7.01962203164e-05
888	7.00928729231e-05
889	6.99831757483e-05
890	6.98774102952e-05
891	6.97625805058e-05
892	6.96377164815e-05
893	6.95260964571e-05
894	6.94060424325e-05
895	6.92887323732e-05
896	6.91740213216e-05
897	6.90749847882e-05
898	6.89637782878e-05
899	6.88676291485e-05
900	6.87639137147e-05
901	6.86614877892e-05
902	6.85460936726e-05
903	6.8432721761e-05
904	6.83160133751e-05
905	6.82022038167e-05
906	6.80811150154e-05
907	6.79586490355e-05
908	6.78472735504e-05
909	6.77297146536e-05
910	6.76216377822e-05
911	6.75180110772e-05
912	6.7410845243e-05
913	6.7301582914e-05
914	6.71968421339e-05
915	6.70831488596e-05
916	6.69658371323e-05
917	6.68519530398e-05
918	6.6731766191e-05
919	6.66053188552e-05
920	6.64830395955e-05
921	6.63659071033e-05
922	6.62519566391e-05
923	6.61395972006e-05
924	6.60378142186e-05
925	6.59312984754e-05
926	6.5822850229e-05
927	6.57095845492e-05
928	6.55937184238e-05
929	6.54777964394e-05
930	6.535910453e-05
931	6.52263844404e-05
932	6.51088548805e-05
933	6.49871929861e-05
934	6.48607946111e-05
935	6.47484898782e-05
936	6.46427933752e-05
937	6.45407725528e-05
938	6.44280420023e-05
939	6.4316846106e-05
940	6.42022134984e-05
941	6.40864184112e-05
942	6.39687166593e-05
943	6.38446962214e-05
944	6.3719265139e-05
945	6.35990063708e-05
946	6.34710621633e-05
947	6.33614024074e-05
948	6.32526950132e-05
949	6.3139428963e-05
950	6.30357913097e-05
951	6.29251467595e-05
952	6.28078407035e-05
953	6.26919869798e-05
954	6.25716059197e-05
955	6.24832928512e-05
956	6.23823977905e-05
957	6.22834163073e-05
958	6.21883504622e-05
959	6.20916161605e-05
960	6.20104098997e-05
961	6.19263500921e-05
962	6.18394470763e-05
963	6.1753044169e-05
964	6.16636413719e-05
965	6.15729783221e-05
966	6.14746371264e-05
967	6.13827203159e-05
968	6.12781641341e-05
969	6.11731451007e-05
970	6.10750977868e-05
971	6.09746767144e-05
972	6.08818014062e-05
973	6.0798592424e-05
974	6.0708870926e-05
975	6.06219661903e-05
976	6.05320936612e-05
977	6.04355696507e-05
978	6.03425552622e-05
979	6.02390349332e-05
980	6.01403859215e-05
981	6.00346820128e-05
982	5.99339706291e-05
983	5.98325763972e-05
984	5.97349484692e-05
985	5.96464304611e-05
986	5.95595725622e-05
987	5.94679683398e-05
988	5.93747901471e-05
989	5.9278089728e-05
990	5.91896640208e-05
991	5.90910626326e-05
992	5.89912531261e-05
993	5.8887233545e-05
994	5.87816357853e-05
995	5.86827617849e-05
996	5.85775454235e-05
997	5.84915244941e-05
998	5.84047271961e-05
999	5.83145845947e-05
1000	5.82220600525e-05
1001	5.81323014375e-05
1002	5.80373380006e-05
1003	5.79371596438e-05
1004	5.78389108481e-05
1005	5.77382503043e-05
1006	5.76420833103e-05
1007	5.75311769118e-05
1008	5.7430653311e-05
1009	5.73420181851e-05
1010	5.72489296499e-05
1011	5.71599620126e-05
1012	5.70736511382e-05
1013	5.6981442939e-05
1014	5.68894509741e-05
1015	5.67975584884e-05
1016	5.6695412072e-05
1017	5.65993318328e-05
1018	5.65000850553e-05
1019	5.63983906972e-05
1020	5.62986640768e-05
1021	5.6200581687e-05
1022	5.61152208515e-05
1023	5.60227484483e-05
1024	5.59376527824e-05
1025	5.585057581e-05
1026	5.57617439466e-05
1027	5.56681760851e-05
1028	5.55745308373e-05
1029	5.54783331219e-05
1030	5.53826928526e-05
1031	5.52823549828e-05
1032	5.51865451527e-05
1033	5.50913332799e-05
1034	5.49969951998e-05
1035	5.49041012563e-05
1036	5.48238973953e-05
1037	5.47349078968e-05
1038	5.464246381e-05
1039	5.455596674e-05
1040	5.44730514384e-05
1041	5.43775930591e-05
1042	5.4284816396e-05
1043	5.41873214732e-05
1044	5.40940556532e-05
1045	5.39973454931e-05
1046	5.39012323476e-05
1047	5.38137098051e-05
1048	5.37297331212e-05
1049	5.36458198925e-05
1050	5.35572972683e-05
1051	5.3473675652e-05
1052	5.33874419707e-05
1053	5.33040803249e-05
1054	5.32140160163e-05
1055	5.31249275264e-05
1056	5.30285312043e-05
1057	5.29343596381e-05
1058	5.28402412035e-05
1059	5.27493943165e-05
1060	5.26610529129e-05
1061	5.25796442316e-05
1062	5.24980918598e-05
1063	5.2413255281e-05
1064	5.23362993408e-05
1065	5.22534394711e-05
1066	5.21685328351e-05
1067	5.20841157685e-05
1068	5.1994725506e-05
1069	5.19120609762e-05
1070	5.18156895049e-05
1071	5.17304020114e-05
1072	5.16401413233e-05
1073	5.15495412566e-05
1074	5.14677507362e-05
1075	5.1388609347e-05
1076	5.13133579266e-05
1077	5.12350074185e-05
1078	5.11540177398e-05
1079	5.10709217443e-05
1080	5.09911153566e-05
1081	5.09140992063e-05
1082	5.08248041377e-05
1083	5.07384386944e-05
1084	5.06509967325e-05
1085	5.05644734595e-05
1086	5.04839787068e-05
1087	5.04022151933e-05
1088	5.03235058684e-05
1089	5.02414581653e-05
1090	5.01933862717e-05
1091	5.01028101057e-05
1092	5.0037976594e-05
1093	4.9969375773e-05
1094	4.98949804193e-05
1095	4.98097028603e-05
1096	4.97161118363e-05
1097	4.96245988469e-05
1098	4.95343899886e-05
1099	4.94454405183e-05
1100	4.93500559727e-05
1101	4.92581729627e-05
1102	4.91739630307e-05
1103	4.90871082616e-05
1104	4.90095231911e-05
1105	4.8932228076e-05
1106	4.88520669977e-05
1107	4.87699434495e-05
1108	4.86896329208e-05
1109	4.86104098833e-05
1110	4.85300131038e-05
1111	4.84405455985e-05
1112	4.83542784354e-05
1113	4.82711148932e-05
1114	4.81835708601e-05
1115	4.80967929812e-05
1116	4.80142225496e-05
1117	4.79253056183e-05
1118	4.78423137065e-05
1119	4.77627268722e-05
1120	4.76853171689e-05
1121	4.76124433625e-05
1122	4.75315049317e-05
1123	4.74600825135e-05
1124	4.73845702499e-05
1125	4.73029681702e-05
1126	4.72282755211e-05
1127	4.71483335987e-05
1128	4.70735200986e-05
1129	4.69917488359e-05
1130	4.69138307213e-05
1131	4.68325327287e-05
1132	4.67529505043e-05
1133	4.66739746998e-05
1134	4.65936176808e-05
1135	4.6523990312e-05
1136	4.64531764805e-05
1137	4.63818091658e-05
1138	4.63086654889e-05
1139	4.62397639245e-05
1140	4.61720722195e-05
1141	4.61009423293e-05
1142	4.6027327435e-05
1143	4.59553250373e-05
1144	4.58802499501e-05
1145	4.5802482447e-05
1146	4.57323791746e-05
1147	4.56577644662e-05
1148	4.55842342587e-05
1149	4.55087760758e-05
1150	4.54357510473e-05
1151	4.53638776801e-05
1152	4.52937357354e-05
1153	4.52281595552e-05
1154	4.51609910607e-05
1155	4.50989283297e-05
1156	4.50323903133e-05
1157	4.49683943906e-05
1158	4.49039508171e-05
1159	4.48360587571e-05
1160	4.47658856844e-05
1161	4.47012307064e-05
1162	4.46290958244e-05
1163	4.45577770742e-05
1164	4.44908856561e-05
1165	4.44228945562e-05
1166	4.43548657729e-05
1167	4.4290225515e-05
1168	4.42240765076e-05
1169	4.41604849957e-05
1170	4.40990221357e-05
1171	4.40375533185e-05
1172	4.39755383745e-05
1173	4.39112353658e-05
1174	4.38521322783e-05
1175	4.3788421491e-05
1176	4.37241269528e-05
1177	4.36646108831e-05
1178	4.36023188926e-05
1179	4.35414824632e-05
1180	4.34732462625e-05
1181	4.34077365101e-05
1182	4.33444275112e-05
1183	4.32803511869e-05
1184	4.32102761338e-05
1185	4.31523478159e-05
1186	4.30905518339e-05
1187	4.30336034245e-05
1188	4.29732671395e-05
1189	4.2916241362e-05
1190	4.28567521196e-05
1191	4.27989932005e-05
1192	4.2741920487e-05
1193	4.2678194854e-05
1194	4.26235981498e-05
1195	4.25617947537e-05
1196	4.25027657093e-05
1197	4.24398739541e-05
1198	4.23793035039e-05
1199	4.2318121844e-05
1200	4.22551833059e-05
1201	4.21901678e-05
1202	4.21350840451e-05
1203	4.2071639604e-05
1204	4.20175558945e-05
1205	4.19578975913e-05
1206	4.19043954924e-05
1207	4.18531988048e-05
1208	4.1790593402e-05
1209	4.17377503311e-05
1210	4.16849092021e-05
1211	4.16267913899e-05
1212	4.15710997431e-05
1213	4.15129627925e-05
1214	4.14554743056e-05
1215	4.13975254474e-05
1216	4.13385859569e-05
1217	4.12828851948e-05
1218	4.12251255098e-05
1219	4.1165144913e-05
1220	4.11057285665e-05
1221	4.10430545003e-05
1222	4.09896685614e-05
1223	4.09381909848e-05
1224	4.08807812061e-05
1225	4.08278171816e-05
1226	4.07769810522e-05
1227	4.07230083111e-05
1228	4.06722661956e-05
1229	4.06168830841e-05
1230	4.05642073928e-05
1231	4.05075039289e-05
1232	4.04609616206e-05
1233	4.04017315168e-05
1234	4.03414118634e-05
1235	4.02940950871e-05
1236	4.02314464425e-05
1237	4.0181790545e-05
1238	4.01237954084e-05
1239	4.00639897889e-05
1240	4.00157851065e-05
1241	3.99641101131e-05
1242	3.99112683538e-05
1243	3.98582595145e-05
1244	3.98077960386e-05
1245	3.97562749866e-05
1246	3.97128705479e-05
1247	3.96564904617e-05
1248	3.9608439702e-05
1249	3.95526296273e-05
1250	3.95069026534e-05
1251	3.94530817755e-05
1252	3.93993556909e-05
1253	3.93520162841e-05
1254	3.92983149824e-05
1255	3.9244038021e-05
1256	3.9192270826e-05
1257	3.91368867722e-05
1258	3.90888418895e-05
1259	3.90379154981e-05
1260	3.89856234441e-05
1261	3.89315701207e-05
1262	3.88841325089e-05
1263	3.88415194468e-05
1264	3.87894081749e-05
1265	3.87446523263e-05
1266	3.86976995419e-05
1267	3.86444633886e-05
1268	3.85984699764e-05
1269	3.85506336217e-05
1270	3.85076316838e-05
1271	3.84536079128e-05
1272	3.84059044465e-05
1273	3.8354968373e-05
1274	3.83064474846e-05
1275	3.82565964807e-05
1276	3.82025027335e-05
1277	3.81566124491e-05
1278	3.81041830774e-05
1279	3.80530561876e-05
1280	3.80028485844e-05
1281	3.79619340765e-05
1282	3.79194019509e-05
1283	3.78718145623e-05
1284	3.78278203839e-05
1285	3.7780531419e-05
1286	3.77398284373e-05
1287	3.76920708787e-05
1288	3.76464873504e-05
1289	3.75976162173e-05
1290	3.75541519326e-05
1291	3.75088089117e-05
1292	3.74606787258e-05
1293	3.74133464552e-05
1294	3.73632303037e-05
1295	3.73171855489e-05
1296	3.7269159037e-05
1297	3.72186768956e-05
1298	3.71775403214e-05
1299	3.71329360181e-05
1300	3.70855317896e-05
1301	3.70400582606e-05
1302	3.70015550821e-05
1303	3.69591690986e-05
1304	3.69113966307e-05
1305	3.68754693052e-05
1306	3.68333812077e-05
1307	3.67872747702e-05
1308	3.67418721501e-05
1309	3.66990298126e-05
1310	3.66542282297e-05
1311	3.66113194904e-05
1312	3.65645066788e-05
1313	3.65225586516e-05
1314	3.64778541667e-05
1315	3.64340651563e-05
1316	3.63883847005e-05
1317	3.63347995663e-05
1318	3.62905608379e-05
1319	3.62554477134e-05
1320	3.62084781579e-05
1321	3.61734567611e-05
1322	3.61329569534e-05
1323	3.60902210819e-05
1324	3.60476537122e-05
1325	3.60054418212e-05
1326	3.59724813171e-05
1327	3.59329422772e-05
1328	3.58890458958e-05
1329	3.58505994278e-05
1330	3.58032366512e-05
1331	3.57620210639e-05
1332	3.57252467725e-05
1333	3.56740158335e-05
1334	3.56382183215e-05
1335	3.55901120585e-05
1336	3.5549211591e-05
1337	3.55078764319e-05
1338	3.54686676647e-05
1339	3.54244704629e-05
1340	3.53870016185e-05
1341	3.53478528969e-05
1342	3.53103810466e-05
1343	3.52700183869e-05
1344	3.52351505581e-05
1345	3.51966430306e-05
1346	3.51568529633e-05
1347	3.51153579075e-05
1348	3.50780744936e-05
1349	3.50365066291e-05
1350	3.49978449153e-05
1351	3.49594833172e-05
1352	3.49175706633e-05
1353	3.48795117181e-05
1354	3.48407321373e-05
1355	3.480043409e-05
1356	3.476262519e-05
1357	3.4718602151e-05
1358	3.46781201173e-05
1359	3.46416174686e-05
1360	3.46039526784e-05
1361	3.45664080119e-05
1362	3.45238389325e-05
1363	3.44969153728e-05
1364	3.44589697684e-05
1365	3.44203303278e-05
1366	3.43828103715e-05
1367	3.43463733137e-05
1368	3.43022923869e-05
1369	3.42548062541e-05
1370	3.42146544298e-05
1371	3.41740770103e-05
1372	3.41302943568e-05
1373	3.40819134087e-05
1374	3.40342555535e-05
1375	3.39849445363e-05
1376	3.3931596486e-05
1377	3.38840092719e-05
1378	3.38411671461e-05
1379	3.37994739441e-05
1380	3.37578128127e-05
1381	3.37187125516e-05
1382	3.36919472685e-05
1383	3.36712552508e-05
1384	3.36404359958e-05
1385	3.36205567641e-05
1386	3.35908545498e-05
1387	3.35681368332e-05
1388	3.3541810927e-05
1389	3.35110095261e-05
1390	3.34837901456e-05
1391	3.34560605674e-05
1392	3.34286447661e-05
1393	3.34003274915e-05
1394	3.33688072444e-05
1395	3.33372472634e-05
1396	3.33101856809e-05
1397	3.32863918575e-05
1398	3.32572947801e-05
1399	3.32281610753e-05
1400	3.32047209216e-05
1401	3.31817506012e-05
1402	3.31517291841e-05
1403	3.31299438661e-05
1404	3.30991439245e-05
1405	3.30751217695e-05
1406	3.30497337967e-05
1407	3.3021871634e-05
1408	3.29946560479e-05
1409	3.29674531879e-05
1410	3.29399853573e-05
1411	3.29120931128e-05
1412	3.28829674714e-05
1413	3.28536970463e-05
1414	3.28229848734e-05
1415	3.27981535347e-05
1416	3.27680930728e-05
1417	3.27400839482e-05
1418	3.27160576124e-05
1419	3.26911902879e-05
1420	3.2662648268e-05
1421	3.26353862264e-05
1422	3.26161078362e-05
1423	3.25869280164e-05
1424	3.2566232834e-05
1425	3.25349560922e-05
1426	3.25122702788e-05
1427	3.24838804347e-05
1428	3.24599141357e-05
1429	3.24287923404e-05
1430	3.24038235757e-05
1431	3.23742320738e-05
1432	3.23436682244e-05
1433	3.23243873316e-05
1434	3.22973326645e-05
1435	3.22666811524e-05
1436	3.22373266446e-05
1437	3.22108415984e-05
1438	3.21855529005e-05
1439	3.21648050834e-05
1440	3.21409137114e-05
1441	3.21136252669e-05
1442	3.20910437747e-05
1443	3.20635347329e-05
1444	3.20403228891e-05
1445	3.20113701158e-05
1446	3.19919535356e-05
1447	3.19595378907e-05
1448	3.19326930868e-05
1449	3.19090387188e-05
1450	3.18829608941e-05
1451	3.18570293531e-05
1452	3.18275899403e-05
1453	3.18025806752e-05
1454	3.17762495631e-05
1455	3.17517191795e-05
1456	3.17211676037e-05
1457	3.17004016824e-05
1458	3.16756748302e-05
1459	3.16555246459e-05
1460	3.1630925674e-05
1461	3.16107531139e-05
1462	3.15823174595e-05
1463	3.1553940637e-05
1464	3.15337670365e-05
1465	3.15060257895e-05
1466	3.14831898027e-05
1467	3.14571593594e-05
1468	3.14302464221e-05
1469	3.1403141147e-05
1470	3.13829786514e-05
1471	3.13530867129e-05
1472	3.13295590069e-05
1473	3.13017899186e-05
1474	3.12762842101e-05
1475	3.12526005583e-05
1476	3.1229121711e-05
1477	3.12113933514e-05
1478	3.11802523072e-05
1479	3.11612639819e-05
1480	3.11334479544e-05
1481	3.11112939223e-05
1482	3.10820905436e-05
1483	3.10616665659e-05
1484	3.104005712e-05
1485	3.10154827299e-05
1486	3.09875769786e-05
1487	3.09608413133e-05
1488	3.09389987607e-05
1489	3.09082911766e-05
1490	3.08849867073e-05
1491	3.08567882894e-05
1492	3.08284974461e-05
1493	3.08101322254e-05
1494	3.07837623975e-05
1495	3.07593896751e-05
1496	3.07369550231e-05
1497	3.07100910868e-05
1498	3.06897626139e-05
1499	3.06653926159e-05
1500	3.06420451948e-05
1501	3.06184794503e-05
1502	3.05951310343e-05
1503	3.05675644433e-05
1504	3.05431995915e-05
1505	3.05225465116e-05
1506	3.04919743735e-05
1507	3.04671956319e-05
1508	3.04391584664e-05
1509	3.04107263918e-05
1510	3.03843793368e-05
1511	3.03590136691e-05
1512	3.03332587466e-05
1513	3.03126028672e-05
1514	3.028963152e-05
1515	3.0268504973e-05
1516	3.02457663273e-05
1517	3.02213339343e-05
1518	3.01971733273e-05
1519	3.01697461872e-05
1520	3.01422669321e-05
1521	3.01100769249e-05
1522	3.00800725276e-05
1523	3.0049631584e-05
1524	3.00169996087e-05
1525	2.99874615479e-05
1526	2.99579331384e-05
1527	2.99359785046e-05
1528	2.99125639292e-05
1529	2.98955674666e-05
1530	2.98745977979e-05
1531	2.98522083561e-05
1532	2.98293793019e-05
1533	2.98069015923e-05
1534	2.9780360072e-05
1535	2.97545116733e-05
1536	2.97262052055e-05
1537	2.97014627593e-05
1538	2.96745543807e-05
1539	2.9656200728e-05
1540	2.96420924789e-05
1541	2.96293704603e-05
1542	2.96227069481e-05
1543	2.96101419596e-05
1544	2.95949478617e-05
1545	2.958478524e-05
1546	2.95742981649e-05
1547	2.95516881877e-05
1548	2.95361939539e-05
1549	2.95164663649e-05
1550	2.94985336739e-05
1551	2.94738957189e-05
1552	2.94467837076e-05
1553	2.9420073787e-05
1554	2.939151649e-05
1555	2.93648955885e-05
1556	2.93434418252e-05
1557	2.93162774877e-05
1558	2.92939407078e-05
1559	2.92655102631e-05
1560	2.92371142628e-05
1561	2.92052095636e-05
1562	2.91736844882e-05
1563	2.9143348301e-05
1564	2.91158486925e-05
1565	2.90843495012e-05
1566	2.90519927124e-05
1567	2.90216475766e-05
1568	2.8986038208e-05
1569	2.89526621977e-05
1570	2.89189494798e-05
1571	2.88829092461e-05
1572	2.88498892194e-05
1573	2.8821666209e-05
1574	2.8818347907e-05
1575	2.8796810458e-05
1576	2.87447675079e-05
1577	2.87284395687e-05
1578	2.8725942707e-05
1579	2.86765441423e-05
1580	2.86513229711e-05
1581	2.86271573405e-05
1582	2.85628242845e-05
1583	2.85295611404e-05
1584	2.85133554211e-05
1585	2.85032752598e-05
1586	2.84936373191e-05
1587	2.84659488228e-05
1588	2.84223752312e-05
1589	2.83721458446e-05
1590	2.83241838502e-05
1591	2.8276147615e-05
1592	2.82336348357e-05
1593	2.81973363579e-05
1594	2.81578482914e-05
1595	2.81213949041e-05
1596	2.80799250408e-05
1597	2.80417820385e-05
1598	2.79975117089e-05
1599	2.79576106315e-05
1600	2.79208802228e-05
1601	2.7879402721e-05
1602	2.78385626563e-05
1603	2.78015981993e-05
1604	2.7755384522e-05
1605	2.7715310094e-05
1606	2.76713959857e-05
1607	2.76366701256e-05
1608	2.75909601384e-05
1609	2.75505218811e-05
1610	2.75083649333e-05
1611	2.74687103384e-05
1612	2.74231562044e-05
1613	2.73802249214e-05
1614	2.73329488846e-05
1615	2.72925094002e-05
1616	2.72533636683e-05
1617	2.72137154996e-05
1618	2.71696008928e-05
1619	2.71284112342e-05
1620	2.70891442368e-05
1621	2.70441081927e-05
1622	2.70048213596e-05
1623	2.69609855269e-05
1624	2.69218856758e-05
1625	2.68754756247e-05
1626	2.68351039645e-05
1627	2.67955974279e-05
1628	2.67537453995e-05
1629	2.67135215517e-05
1630	2.66724595808e-05
1631	2.66266414953e-05
1632	2.65889344792e-05
1633	2.6544734117e-05
1634	2.65068996176e-05
1635	2.64673290099e-05
1636	2.6428142884e-05
1637	2.6388396452e-05
1638	2.63469661667e-05
1639	2.63040811538e-05
1640	2.62656427822e-05
1641	2.62199687036e-05
1642	2.6181576624e-05
1643	2.61461768964e-05
1644	2.61046391048e-05
1645	2.60696847836e-05
1646	2.6029638187e-05
1647	2.59935711423e-05
1648	2.59616625242e-05
1649	2.59326344394e-05
1650	2.59107825756e-05
1651	2.58946608425e-05
1652	2.58870529928e-05
1653	2.58799631906e-05
1654	2.58758120312e-05
1655	2.58689500193e-05
1656	2.58786052574e-05
1657	2.58896739953e-05
1658	2.59069645867e-05
1659	2.59326293628e-05
1660	2.59700406389e-05
1661	2.60102636243e-05
1662	2.60749070507e-05
1663	2.61348955609e-05
1664	2.61789460168e-05
1665	2.61959368242e-05
1666	2.62030176172e-05
1667	2.62306051589e-05
1668	2.63084949961e-05
1669	2.64628175418e-05
1670	2.66007032132e-05
1671	2.66782120439e-05
1672	2.66789581954e-05
1673	2.66713177322e-05
1674	2.6650216995e-05
1675	2.66092083109e-05
1676	2.65529694939e-05
1677	2.6469917246e-05
1678	2.63676720356e-05
1679	2.62548417404e-05
1680	2.61544516149e-05
1681	2.61173153317e-05
1682	2.60286281816e-05
1683	2.58965144632e-05
1684	2.57243804749e-05
1685	2.55687391926e-05
1686	2.53268823343e-05
1687	2.51518389398e-05
1688	2.49344677779e-05
1689	2.47820310677e-05
1690	2.46222140459e-05
1691	2.44992269253e-05
1692	2.43854205665e-05
1693	2.42646926197e-05
1694	2.41976601243e-05
1695	2.41107961267e-05
1696	2.40542217401e-05
1697	2.39903770833e-05
1698	2.39586552326e-05
1699	2.39158689485e-05
1700	2.38867034162e-05
1701	2.38683057052e-05
1702	2.38616706255e-05
1703	2.38366693538e-05
1704	2.38449852723e-05
1705	2.38392193446e-05
1706	2.38420019304e-05
1707	2.3847763905e-05
1708	2.38793993093e-05
1709	2.38822525615e-05
1710	2.393119035e-05
1711	2.39675970547e-05
1712	2.39906513075e-05
1713	2.40363130282e-05
1714	2.40606410004e-05
1715	2.40986577081e-05
1716	2.41370694622e-05
1717	2.41655180245e-05
1718	2.42121371987e-05
1719	2.42556038035e-05
1720	2.44014997446e-05
1721	2.45922349839e-05
1722	2.44428592411e-05
1723	2.45149264439e-05
1724	2.46348206762e-05
1725	2.47003227247e-05
1726	2.48036280878e-05
1727	2.48824740973e-05
1728	2.49444620996e-05
1729	2.51169435992e-05
1730	2.55455147118e-05
1731	2.54187952344e-05
1732	2.56144602173e-05
1733	2.54585596093e-05
1734	2.58952777569e-05
1735	2.61904465998e-05
1736	2.56403129731e-05
1737	2.57281729199e-05
1738	2.6339137662e-05
1739	2.67017037869e-05
1740	2.60460749581e-05
1741	2.49012277543e-05
1742	2.21780313077e-05
1743	2.05267970378e-05
1744	1.97593399585e-05
1745	1.92566760698e-05
1746	1.88179092949e-05
1747	1.84146003972e-05
1748	1.80983780389e-05
1749	1.77982693126e-05
1750	1.753525827e-05
1751	1.72982706879e-05
1752	1.70800691722e-05
1753	1.68794124453e-05
1754	1.66958030801e-05
1755	1.65217516625e-05
1756	1.63608719419e-05
1757	1.62226738114e-05
1758	1.60848063686e-05
1759	1.59529412688e-05
1760	1.58350706333e-05
1761	1.5716723889e-05
1762	1.56120756134e-05
1763	1.5518870134e-05
1764	1.54192273413e-05
1765	1.53300350743e-05
1766	1.52390283827e-05
1767	1.51565964153e-05
1768	1.50784461333e-05
1769	1.50024535679e-05
1770	1.49291083375e-05
1771	1.48543322918e-05
1772	1.47854919697e-05
1773	1.47180381907e-05
1774	1.46532432881e-05
1775	1.45896766863e-05
1776	1.45287732275e-05
1777	1.44693679659e-05
1778	1.44119966181e-05
1779	1.43581765503e-05
1780	1.43057482817e-05
1781	1.42524413879e-05
1782	1.41996982973e-05
1783	1.41507239914e-05
1784	1.40986824445e-05
1785	1.40525377297e-05
1786	1.4004621132e-05
1787	1.39591868963e-05
1788	1.39172254573e-05
1789	1.38725672469e-05
1790	1.38297848227e-05
1791	1.37886101532e-05
1792	1.37457945959e-05
1793	1.37044094316e-05
1794	1.36663123699e-05
1795	1.36227802355e-05
1796	1.35828781533e-05
1797	1.35472584529e-05
1798	1.35091961488e-05
1799	1.34696231804e-05
1800	1.34325433171e-05
1801	1.33995834844e-05
1802	1.33614035624e-05
1803	1.3329360491e-05
1804	1.32941282046e-05
1805	1.32624163426e-05
1806	1.32308253648e-05
1807	1.32018892063e-05
1808	1.31576784915e-05
1809	1.31289516557e-05
1810	1.30968985464e-05
1811	1.30643142104e-05
1812	1.30352887796e-05
1813	1.30024799043e-05
1814	1.29720754634e-05
1815	1.29501107509e-05
1816	1.29180068824e-05
1817	1.28881756384e-05
1818	1.28624869575e-05
1819	1.28351102532e-05
1820	1.28000468402e-05
1821	1.27731610449e-05
1822	1.274689079e-05
1823	1.27231253184e-05
1824	1.26939804371e-05
1825	1.2664635089e-05
1826	1.26415126936e-05
1827	1.26131784833e-05
1828	1.25860514414e-05
1829	1.25633301121e-05
1830	1.25349472646e-05
1831	1.25094909443e-05
1832	1.24864850688e-05
1833	1.24652510654e-05
1834	1.24325267361e-05
1835	1.24057319827e-05
1836	1.23886164174e-05
1837	1.23644974699e-05
1838	1.23347230754e-05
1839	1.23110656058e-05
1840	1.22868327761e-05
1841	1.22680467658e-05
1842	1.22443258128e-05
1843	1.22266131018e-05
1844	1.21988647285e-05
1845	1.21753739822e-05
1846	1.21540955898e-05
1847	1.21264861647e-05
1848	1.21057443294e-05
1849	1.20845033393e-05
1850	1.20633352094e-05
1851	1.20365801929e-05
1852	1.20158460215e-05
1853	1.19977158123e-05
1854	1.19763911913e-05
1855	1.19563471663e-05
1856	1.19337116316e-05
1857	1.191858643e-05
1858	1.18937757842e-05
1859	1.18712392553e-05
1860	1.18552630412e-05
1861	1.18305054714e-05
1862	1.1809678851e-05
1863	1.17907139446e-05
1864	1.17701586031e-05
1865	1.175153564e-05
1866	1.17310229364e-05
1867	1.1712620468e-05
1868	1.16905994764e-05
1869	1.16757122189e-05
1870	1.16559489813e-05
1871	1.16335765308e-05
1872	1.16143408479e-05
1873	1.1597049067e-05
1874	1.15760384143e-05
1875	1.15597284859e-05
1876	1.15408673145e-05
1877	1.15202937109e-05
1878	1.15051837837e-05
1879	1.14870533103e-05
1880	1.14678213561e-05
1881	1.14461290829e-05
1882	1.14313174628e-05
1883	1.14090253513e-05
1884	1.13901901125e-05
1885	1.13761741175e-05
1886	1.1359085248e-05
1887	1.13380167724e-05
1888	1.13272946106e-05
1889	1.13027952166e-05
1890	1.12833859528e-05
1891	1.1265550691e-05
1892	1.12504958144e-05
1893	1.12370730545e-05
1894	1.12164151717e-05
1895	1.12010487468e-05
1896	1.11837126641e-05
1897	1.11691341073e-05
1898	1.11474841027e-05
1899	1.1131190802e-05
1900	1.11149661741e-05
1901	1.10999251411e-05
1902	1.1080621397e-05
1903	1.10699332192e-05
1904	1.10464945698e-05
1905	1.10292931816e-05
1906	1.10155239346e-05
1907	1.0994827639e-05
1908	1.09810539219e-05
1909	1.09640777483e-05
1910	1.09476408957e-05
1911	1.09325996517e-05
1912	1.0915166742e-05
1913	1.09021884656e-05
1914	1.08885813041e-05
1915	1.0869961596e-05
1916	1.08523475049e-05
1917	1.08419864938e-05
1918	1.08218747051e-05
1919	1.08044439396e-05
1920	1.07916598206e-05
1921	1.07780873524e-05
1922	1.07634258271e-05
1923	1.0746822004e-05
1924	1.07283715357e-05
1925	1.07132953491e-05
1926	1.06981577356e-05
1927	1.06835332999e-05
1928	1.06665707359e-05
1929	1.0653915986e-05
1930	1.06361362772e-05
1931	1.06270017819e-05
1932	1.06082116224e-05
1933	1.05957741892e-05
1934	1.0583022841e-05
1935	1.05700597672e-05
1936	1.05557335674e-05
1937	1.05404573963e-05
1938	1.05229850678e-05
1939	1.05034186782e-05
1940	1.04960230731e-05
1941	1.0479452328e-05
1942	1.04610308568e-05
1943	1.04462618744e-05
1944	1.04348769777e-05
1945	1.04217962724e-05
1946	1.04057186652e-05
1947	1.03919067493e-05
1948	1.03781126391e-05
1949	1.03620124489e-05
1950	1.03488606921e-05
1951	1.03343214455e-05
1952	1.03241622673e-05
1953	1.03086443412e-05
1954	1.02909962604e-05
1955	1.02775049392e-05
1956	1.02651568003e-05
1957	1.02537980116e-05
1958	1.02411391381e-05
1959	1.02273723995e-05
1960	1.02093626289e-05
1961	1.01973038958e-05
1962	1.01810572514e-05
1963	1.01716902879e-05
1964	1.01544831199e-05
1965	1.01394332372e-05
1966	1.01255358237e-05
1967	1.01190273961e-05
1968	1.00974190542e-05
1969	1.00875694481e-05
1970	1.00763632245e-05
1971	1.00575088068e-05
1972	1.00483964692e-05
1973	1.00369180949e-05
1974	1.00252266923e-05
1975	1.00154929999e-05
1976	1.00007806251e-05
1977	9.98914703045e-06
1978	1.00445134757e-05
1979	9.97867364762e-06
1980	1.00376441506e-05
1981	9.96686856689e-06
1982	1.00327703471e-05
1983	9.96102081869e-06
1984	1.00239650072e-05
1985	9.95184260216e-06
1986	1.00132037223e-05
1987	9.93865861473e-06
1988	1.00066007276e-05
1989	9.93210849628e-06
1990	9.99407939604e-06
1991	1.00097089414e-05
1992	9.91850033728e-06
1993	9.98441289019e-06
1994	1.00035092077e-05
1995	9.91360383642e-06
1996	9.97280680147e-06
1997	9.99854320534e-06
1998	1.00040722956e-05
1999	9.90541362045e-06
2000	9.9728445818e-06
2001	9.98643386699e-06
2002	9.98890220583e-06
2003	9.99761785746e-06
2004	1.00128135651e-05
2005	9.91506854562e-06
2006	9.97327296425e-06
2007	9.98536598432e-06
2008	9.99596382229e-06
2009	1.00067718832e-05
2010	9.90989985041e-06
2011	9.96656836081e-06
2012	9.98793117241e-06
2013	9.99673622527e-06
2014	1.00042560469e-05
2015	9.90810030963e-06
2016	9.96856275639e-06
2017	9.98070093875e-06
2018	9.99703845355e-06
2019	1.0005453855e-05
2020	9.90686321488e-06
2021	9.95720432189e-06
2022	9.97207966911e-06
2023	9.9806383932e-06
2024	9.99045776103e-06
2025	9.99408458811e-06
2026	1.00030687862e-05
2027	9.90348701549e-06
2028	9.96796400017e-06
2029	9.98930513348e-06
2030	9.99787618021e-06
2031	1.00018522075e-05
2032	9.89885137464e-06
2033	9.96417650729e-06
2034	9.97267895264e-06
2035	9.97916053924e-06
2036	9.98659613548e-06
2037	9.99331178989e-06
2038	1.00035093132e-05
2039	9.89987933372e-06
2040	9.95696219993e-06
2041	9.97606478658e-06
2042	9.98465476691e-06
2043	9.98324660898e-06
2044	9.99352757341e-06
2045	9.99966227804e-06
2046	9.9979049796e-06
2047	1.00022817986e-05
2048	9.90303958056e-06
2049	9.95341882893e-06
2050	9.96962768465e-06
2051	9.97949257861e-06
2052	9.99386543685e-06
2053	1.00062788547e-05
2054	9.90123209664e-06
2055	9.95413404955e-06
2056	9.97284344161e-06
2057	9.98230759064e-06
2058	9.98179517103e-06
2059	9.98624347818e-06
2060	9.99249964953e-06
2061	9.99346949048e-06
2062	9.99230502506e-06
2063	9.99255665106e-06
2064	1.00022216648e-05
2065	9.91237812573e-06
2066	9.96549532163e-06
2067	9.97762210895e-06
2068	9.98394504337e-06
2069	9.99409957606e-06
2070	9.99791055031e-06
2071	1.00016938569e-05
2072	9.90629420305e-06
2073	9.95516798338e-06
2074	9.97216442632e-06
2075	9.9831495281e-06
2076	9.98771422737e-06
2077	9.98940335795e-06
2078	9.99508256117e-06
2079	9.99049799994e-06
2080	9.99723239541e-06
2081	1.001349229e-05
2082	9.90896619391e-06
2083	9.96253909799e-06
2084	9.98867922354e-06
2085	9.99197141987e-06
2086	9.98847613779e-06
2087	9.99694483533e-06
2088	1.00047341621e-05
2089	9.90427184621e-06
2090	9.9567872496e-06
2091	9.97842282825e-06
2092	9.98599897268e-06
2093	9.99429623515e-06
2094	9.99183760914e-06
2095	9.99173128776e-06
2096	1.00004301755e-05
2097	9.90666753664e-06
2098	9.95167367034e-06
2099	9.97218092297e-06
2100	9.97916291843e-06
2101	9.98924592414e-06
2102	9.98539199919e-06
2103	9.9823606485e-06
2104	9.98945939679e-06
2105	9.99967971449e-06
2106	1.00031126234e-05
2107	9.89890543404e-06
2108	9.95044592008e-06
2109	9.96872046804e-06
2110	9.97555185584e-06
2111	9.97366971073e-06
2112	9.97616542017e-06
2113	9.99408005984e-06
2114	9.99888519401e-06
2115	9.99248966013e-06
2116	9.99552114785e-06
2117	9.9938622102e-06
2118	1.00002662489e-05
2119	9.90580937419e-06
2120	9.9559039539e-06
2121	9.97058756494e-06
2122	9.98020499552e-06
2123	9.98324295125e-06
2124	9.98759873933e-06
2125	9.99245223281e-06
2126	9.99504456135e-06
2127	9.99482586989e-06
2128	9.9980367828e-06
2129	1.00037226973e-05
2130	9.90523949516e-06
2131	9.95709277915e-06
2132	9.96793239501e-06
2133	9.97381267146e-06
2134	9.98365418973e-06
2135	9.9894641904e-06
2136	9.99042632178e-06
2137	9.99476086228e-06
2138	9.99549775676e-06
2139	9.99562856314e-06
2140	9.99089775629e-06
2141	9.99831024718e-06
2142	1.00043989154e-05
2143	9.90472659489e-06
2144	9.95718268496e-06
2145	9.97800610281e-06
2146	9.97774723918e-06
2147	9.98546124309e-06
2148	9.98778494642e-06
2149	9.98902914391e-06
2150	9.98587697921e-06
2151	9.98445491721e-06
2152	9.99119106624e-06
2153	9.99449586634e-06
2154	9.99891263435e-06
2155	1.0003313596e-05
2156	9.90367067447e-06
2157	9.95067762046e-06
2158	9.96716479693e-06
2159	9.97730219072e-06
2160	9.98082460119e-06
2161	9.98991426521e-06
2162	9.99461577245e-06
2163	9.99177606816e-06
2164	9.9933317571e-06
2165	9.9922411351e-06
2166	9.99473657438e-06
2167	1.00013938879e-05
2168	9.90014765132e-06
2169	9.94957004806e-06
2170	9.96996264371e-06
2171	9.98136833128e-06
2172	9.98147758577e-06
2173	9.97951395204e-06
2174	9.98102729222e-06
2175	9.97778023701e-06
2176	9.98696249395e-06
2177	9.98861856383e-06
2178	9.98485364918e-06
2179	9.98842837364e-06
2180	9.98595143478e-06
2181	9.98913214333e-06
2182	9.9919211951e-06
2183	9.99952374531e-06
2184	9.9952687122e-06
2185	9.99967436052e-06
2186	1.00000031011e-05
2187	9.91138461682e-06
2188	9.9630276099e-06
2189	9.97106709074e-06
2190	9.97523489909e-06
2191	9.97458626464e-06
2192	9.97771756991e-06
2193	9.98847493567e-06
2194	9.9867136215e-06
2195	9.98356485067e-06
2196	9.982367512e-06
2197	9.99035827874e-06
2198	9.99376250744e-06
2199	9.98992058293e-06
2200	9.99665079567e-06
2201	9.9931056039e-06
2202	9.99788678995e-06
2203	9.99563612888e-06
2204	1.00026251218e-05
2205	9.90611408646e-06
2206	9.95369043028e-06
2207	9.96606390493e-06
2208	9.97411572927e-06
2209	9.98156339539e-06
2210	9.97958398406e-06
2211	9.97824971255e-06
2212	9.98496074909e-06
2213	9.98593528135e-06
2214	9.98359291655e-06
2215	9.98579135028e-06
2216	9.98416749804e-06
2217	9.98733418501e-06
2218	9.9857665108e-06
2219	9.98600975061e-06
2220	9.99319850795e-06
2221	9.99445494981e-06
2222	9.99699398532e-06
2223	9.99384445241e-06
2224	9.99342209933e-06
2225	9.99353105559e-06
2226	9.99500566209e-06
2227	1.0000171033e-05
2228	9.90452796434e-06
