1	0.0800149971534
2	0.0766799607348
3	0.0472951262805
4	0.00289730900313
5	0.000947393308065
6	0.000773182402173
7	0.000715611558781
8	0.00033108925419
9	0.000316220477346
10	0.000289531610028
11	0.000247223131279
12	0.000208824571226
13	0.000186708739228
14	0.000184997854587
15	0.00019539252614
16	0.000203049346437
17	0.000207616731551
18	0.000103234722853
19	9.98721429363e-05
20	9.56625813364e-05
21	9.08696709083e-05
22	8.59420425577e-05
23	8.31176297732e-05
24	8.12279330195e-05
25	8.08633865435e-05
26	8.07215609607e-05
27	8.03185246192e-05
28	7.96142827498e-05
29	7.83830815272e-05
30	7.68438870107e-05
31	7.51332504227e-05
32	7.33060992887e-05
33	7.16842100784e-05
34	7.02947910504e-05
35	6.90666347272e-05
36	6.79948143205e-05
37	6.7062158759e-05
38	6.62052380992e-05
39	6.53487219231e-05
40	6.45438605142e-05
41	6.37834841287e-05
42	6.3117502463e-05
43	6.22996634096e-05
44	6.15643681894e-05
45	6.08920902953e-05
46	6.01692021661e-05
47	5.94025835394e-05
48	5.85911357554e-05
49	5.77958514156e-05
50	5.70129291427e-05
51	5.63127503444e-05
52	5.55993010014e-05
53	5.48938371365e-05
54	5.41411213411e-05
55	5.3418461527e-05
56	5.26960397175e-05
57	5.20036275146e-05
58	5.14830926978e-05
59	5.1034182752e-05
60	5.06669833937e-05
61	5.0281432808e-05
62	4.98429436153e-05
63	4.93559651567e-05
64	4.88337017163e-05
65	4.83195313794e-05
66	4.77910489055e-05
67	4.72367862152e-05
68	4.66345952002e-05
69	4.60215453454e-05
70	4.54292291104e-05
71	4.48394439803e-05
72	4.42636730056e-05
73	4.36954825497e-05
74	4.31381076064e-05
75	4.25699607184e-05
76	4.20026990223e-05
77	4.14536021479e-05
78	4.09013932978e-05
79	4.03497280002e-05
80	3.98233345619e-05
81	3.93303046162e-05
82	3.88579150547e-05
83	3.84043591803e-05
84	3.79563388592e-05
85	3.74809564151e-05
86	3.70549127043e-05
87	3.66655458587e-05
88	3.62758327988e-05
89	3.59052976613e-05
90	3.55472237571e-05
91	3.51928875483e-05
92	3.48280563385e-05
93	3.44899233042e-05
94	3.41731360152e-05
95	3.38507473653e-05
96	3.35354408912e-05
97	3.32137310433e-05
98	3.29071966038e-05
99	3.25969235501e-05
100	3.22950651596e-05
101	3.19914424711e-05
102	3.16958417523e-05
103	3.1396846048e-05
104	3.11032990783e-05
105	3.0801191557e-05
106	3.05004462071e-05
107	3.01958826008e-05
108	2.99037868268e-05
109	2.96307650629e-05
110	2.93465897052e-05
111	2.90404080213e-05
112	2.87747950573e-05
113	2.84697699235e-05
114	2.82172405218e-05
115	2.79551425551e-05
116	2.76701230736e-05
117	2.74355299308e-05
118	2.71785794877e-05
119	2.69081202922e-05
120	2.66672961382e-05
121	2.64045388924e-05
122	2.6160809475e-05
123	2.59716372529e-05
124	2.57567255533e-05
125	2.55456087313e-05
126	2.52747910612e-05
127	2.50917325501e-05
128	2.48801779193e-05
129	2.46851456241e-05
130	2.4507264234e-05
131	2.43893219881e-05
132	2.42288600677e-05
133	2.40298805028e-05
134	2.38381421222e-05
135	2.3666622828e-05
136	2.35136307776e-05
137	2.33492859815e-05
138	2.32175601845e-05
139	2.30825256817e-05
140	2.29250152553e-05
141	2.28197437837e-05
142	2.26667615185e-05
143	2.25762063971e-05
144	2.24353583806e-05
145	2.2303870601e-05
146	2.21887043284e-05
147	2.20656508647e-05
148	2.19605858447e-05
149	2.18590080514e-05
150	2.17725497217e-05
151	2.16711077162e-05
152	2.15648724508e-05
153	2.14651694114e-05
154	2.13750307364e-05
155	2.13142878804e-05
156	2.12263171981e-05
157	2.1137546696e-05
158	2.10653822932e-05
159	2.10359049321e-05
160	2.09508438633e-05
161	2.08817298781e-05
162	2.08191815808e-05
163	2.07829807164e-05
164	2.07026103951e-05
165	2.06384956051e-05
166	2.05899851034e-05
167	2.05302271296e-05
168	2.0484190751e-05
169	2.04858095946e-05
170	2.04327609599e-05
171	2.04041310387e-05
172	2.03936558488e-05
173	2.03359163965e-05
174	2.02883805894e-05
175	2.02978474425e-05
176	2.02966716456e-05
177	2.02582195427e-05
178	2.02424462901e-05
179	2.02289012847e-05
180	2.02074903629e-05
181	2.02069558468e-05
182	2.01765691925e-05
183	2.01617604522e-05
184	2.01425467299e-05
185	2.01108812116e-05
186	2.00900269127e-05
187	2.00883495698e-05
188	2.00312130686e-05
189	2.00335625729e-05
190	2.00198011225e-05
191	1.99780988978e-05
192	1.99279546343e-05
193	1.98721762776e-05
194	1.98741678301e-05
195	1.98374135722e-05
196	1.98002576487e-05
197	1.97714690222e-05
198	1.97122230376e-05
199	1.96670399202e-05
200	1.96497382366e-05
201	1.96427494323e-05
202	1.95859306466e-05
203	1.9529760826e-05
204	1.95233256456e-05
205	1.94972158212e-05
206	1.94118833054e-05
207	1.93638911092e-05
208	1.92926305754e-05
209	1.92539895453e-05
210	1.92470596814e-05
211	1.91762976621e-05
212	1.91552229783e-05
213	1.90962303645e-05
214	1.90388984323e-05
215	1.89901578956e-05
216	1.89365283096e-05
217	1.89076668207e-05
218	1.88731570655e-05
219	1.88891506872e-05
220	1.88521755887e-05
221	1.88319919931e-05
222	1.8741492372e-05
223	1.87710073488e-05
224	1.87536992398e-05
225	1.86632911481e-05
226	1.86548862436e-05
227	1.86327687673e-05
228	1.85513572659e-05
229	1.85266712767e-05
230	1.84654486991e-05
231	1.84497027623e-05
232	1.84318567454e-05
233	1.83848814727e-05
234	1.83613178907e-05
235	1.83448591263e-05
236	1.83042238767e-05
237	1.83197209733e-05
238	1.82502168554e-05
239	1.82204043094e-05
240	1.81937881234e-05
241	1.81991824258e-05
242	1.82029645618e-05
243	1.81749510913e-05
244	1.81386570325e-05
245	1.81669608768e-05
246	1.81653409818e-05
247	1.81185064746e-05
248	1.81805621882e-05
249	1.82019896996e-05
250	1.81572835795e-05
251	1.81892857349e-05
252	1.81947411971e-05
253	1.81898316921e-05
254	1.81995007584e-05
255	1.82014881528e-05
256	1.82435037767e-05
257	1.82063377472e-05
258	1.82210009656e-05
259	1.82597417092e-05
260	1.82872896883e-05
261	1.83598115151e-05
262	1.83917277761e-05
263	1.83598183657e-05
264	1.83956760021e-05
265	1.84815909804e-05
266	1.84774996563e-05
267	1.84879345949e-05
268	1.85129467241e-05
269	1.85164512161e-05
270	1.8663484712e-05
271	1.86737754795e-05
272	1.86436518016e-05
273	1.87630217143e-05
274	1.87960281702e-05
275	1.88276368368e-05
276	1.88345507952e-05
277	1.89277115059e-05
278	1.90062796241e-05
279	1.90258812758e-05
280	1.90603588321e-05
281	1.91679188161e-05
282	1.92197186383e-05
283	1.92456033121e-05
284	1.92809978148e-05
285	1.93940112081e-05
286	1.94257911476e-05
287	1.95378984927e-05
288	1.96212751224e-05
289	1.9644566924e-05
290	1.98838678424e-05
291	1.9983462027e-05
292	2.00548974612e-05
293	2.01874299961e-05
294	2.02565673505e-05
295	2.02823345147e-05
296	2.04631189799e-05
297	2.04860373241e-05
298	2.05544935941e-05
299	2.07675655441e-05
300	2.08635825928e-05
301	2.10088584163e-05
302	2.10494555738e-05
303	2.10753901009e-05
304	2.12909301886e-05
305	2.14536034243e-05
306	2.15105696468e-05
307	2.16338855386e-05
308	2.21561678235e-05
309	2.29155937077e-05
310	2.35210262173e-05
311	2.41627768328e-05
312	2.4920409835e-05
313	2.54337935356e-05
314	2.62708797739e-05
315	2.68321477626e-05
316	2.7342903181e-05
317	2.79438193216e-05
318	2.83977250349e-05
319	2.86648023564e-05
320	2.93184488389e-05
321	2.98720101718e-05
322	3.02888380101e-05
323	3.06762348102e-05
324	3.1049556318e-05
325	3.14413100783e-05
326	3.18268453604e-05
327	3.22331584706e-05
328	3.25858680798e-05
329	3.28748363402e-05
330	3.30581879167e-05
331	3.30345062641e-05
332	3.36072714669e-05
333	3.38142366995e-05
334	3.40788050203e-05
335	3.43787725483e-05
336	3.46996662023e-05
337	3.50069747065e-05
338	3.53262152782e-05
339	3.55829127759e-05
340	3.5482825829e-05
341	3.60345863178e-05
342	3.63293603078e-05
343	3.65805950076e-05
344	3.66906135024e-05
345	3.64960383542e-05
346	3.66889817437e-05
347	3.69889829664e-05
348	3.72798165741e-05
349	3.70761393972e-05
350	3.73162028474e-05
351	3.71892223289e-05
352	3.76028176797e-05
353	3.76141808214e-05
354	3.76709037991e-05
355	3.74520257232e-05
356	3.71534588809e-05
357	3.75077093333e-05
358	3.79379473885e-05
359	3.82971811728e-05
360	3.79964152248e-05
361	3.79418924063e-05
362	3.77532188721e-05
363	3.77368895195e-05
364	3.7425295542e-05
365	3.70451397769e-05
366	3.6798005376e-05
367	3.67963266913e-05
368	3.65414187843e-05
369	3.64663581076e-05
370	3.63899882191e-05
371	3.60018109156e-05
372	3.55696635592e-05
373	3.5260761566e-05
374	3.45488724094e-05
375	3.46077258194e-05
376	3.4491080606e-05
377	3.44061740568e-05
378	3.40638489613e-05
379	3.40819712565e-05
380	3.38163449777e-05
381	3.31473202177e-05
382	3.29525762465e-05
383	5.91094794716e-05
384	3.27647706546e-05
385	3.24238689363e-05
386	3.21629057227e-05
387	3.18974072259e-05
388	3.16461274091e-05
389	3.14385410679e-05
390	3.15009832492e-05
391	3.09119665201e-05
392	3.06491671586e-05
393	3.0760195657e-05
394	3.07999028076e-05
395	3.0323767729e-05
396	2.99521109771e-05
397	3.00503319785e-05
398	3.02712315938e-05
399	2.9425896944e-05
400	2.94322701807e-05
401	2.94864096017e-05
402	2.93948223737e-05
403	2.89557981534e-05
404	2.89709759471e-05
405	2.88485227782e-05
406	2.84537487176e-05
407	2.84929803655e-05
408	2.8022747949e-05
409	2.79334347335e-05
410	2.78740491531e-05
411	2.79333174718e-05
412	2.78330226113e-05
413	2.76825005845e-05
414	2.75697374844e-05
415	2.73500694689e-05
416	2.72631627924e-05
417	2.70664161208e-05
418	2.69633944947e-05
419	2.68474642551e-05
420	2.67674910928e-05
421	2.69863124122e-05
422	2.69063619097e-05
423	2.70258387972e-05
424	2.6875626559e-05
425	2.69204037507e-05
426	2.66404434154e-05
427	2.61159321424e-05
428	2.53424378353e-05
429	2.51302607475e-05
430	2.49805816231e-05
431	2.44161647967e-05
432	2.46782048003e-05
433	2.44517552401e-05
434	2.44315297453e-05
435	2.45973930797e-05
436	2.46636781947e-05
437	2.46836504898e-05
438	2.45536146033e-05
439	2.44131578658e-05
440	2.45071190937e-05
441	2.48597604585e-05
442	2.45783773671e-05
443	2.47042831663e-05
444	2.48494191134e-05
445	2.48107962782e-05
446	2.44398677433e-05
447	2.47131970003e-05
448	2.48741960378e-05
449	2.50076104597e-05
450	2.52121477716e-05
451	2.52680202341e-05
452	2.49322042536e-05
453	2.51396102848e-05
454	4.54335805319e-05
455	2.50895172038e-05
456	2.50197129194e-05
457	2.49746211599e-05
458	2.47641390801e-05
459	2.42439200932e-05
460	4.40584168404e-05
461	4.33070318057e-05
462	4.23613868973e-05
463	4.15930152748e-05
464	4.16319926193e-05
465	2.15338130531e-05
466	2.10978737926e-05
467	3.81053735207e-05
468	2.01682539181e-05
469	2.02410425044e-05
470	2.00554873123e-05
471	1.97530798462e-05
472	1.98212747772e-05
473	1.972814101e-05
474	2.00415879128e-05
475	1.98078059796e-05
476	1.95110899814e-05
477	1.90653026951e-05
478	1.89557104081e-05
479	3.49616000935e-05
480	1.87799249848e-05
481	3.40644358961e-05
482	1.817867168e-05
483	1.80277396817e-05
484	1.76906379797e-05
485	3.24223856497e-05
486	3.23788285288e-05
487	3.15261041022e-05
488	3.09161363422e-05
489	2.97785485315e-05
490	2.77939150033e-05
491	2.52808235678e-05
492	2.00731899656e-05
493	8.69614894574e-06
494	8.31810472162e-06
495	8.12204516369e-06
496	8.00617170741e-06
497	7.93995769384e-06
498	7.89425636431e-06
499	7.8546501242e-06
500	7.81883605476e-06
501	7.78619587277e-06
502	7.75663654469e-06
503	7.73065606276e-06
504	7.7074465099e-06
505	7.6876993966e-06
506	7.66968904055e-06
507	7.65477870887e-06
508	7.64168082362e-06
509	7.63124672537e-06
510	7.62178843965e-06
511	7.6143586217e-06
512	7.6091844257e-06
513	7.60475565069e-06
514	7.60156437504e-06
515	7.59924808888e-06
516	7.59823977888e-06
517	7.59816945028e-06
518	7.59960463491e-06
519	7.60141029842e-06
520	7.60497428082e-06
521	7.60891942312e-06
522	7.61364811488e-06
523	7.61934268327e-06
524	7.62578790929e-06
525	7.6330358107e-06
526	7.64077590205e-06
527	7.64897512299e-06
528	7.65699693747e-06
529	7.66557312486e-06
530	7.67390795812e-06
531	7.68256584672e-06
532	7.69159302037e-06
533	7.70037276484e-06
534	7.7098823316e-06
535	7.71962571127e-06
536	7.72901591293e-06
537	7.73969513787e-06
538	7.74979067727e-06
539	7.76113529368e-06
540	7.77186665879e-06
541	7.78312817455e-06
542	7.79412640536e-06
543	7.80518581964e-06
544	7.81626484568e-06
545	7.82674823189e-06
546	7.83685949079e-06
547	7.8471804712e-06
548	7.85711367393e-06
549	7.86660524694e-06
550	7.87618546063e-06
551	7.88554608164e-06
552	7.89489076861e-06
553	7.90452784133e-06
554	7.91393011777e-06
555	7.92355471609e-06
556	7.9333071572e-06
557	7.94276818423e-06
558	7.95252875165e-06
559	7.96195231495e-06
560	7.97142136832e-06
561	7.98033245074e-06
562	7.9887963358e-06
563	7.99698184042e-06
564	8.00472238892e-06
565	8.01253355824e-06
566	8.01959896373e-06
567	8.02680832732e-06
568	8.03358818374e-06
569	8.04060967223e-06
570	8.04741961523e-06
571	8.054828813e-06
572	8.0617146552e-06
573	8.06859652428e-06
574	8.0757010058e-06
575	8.08297725964e-06
576	8.08919377216e-06
577	8.09587366126e-06
578	8.10242954562e-06
579	8.10787302659e-06
580	8.11300134675e-06
581	8.11819940212e-06
582	8.12272083959e-06
583	8.12734543853e-06
584	8.13190409228e-06
585	8.1364756736e-06
586	8.140645531e-06
587	8.14521610927e-06
588	8.14965799642e-06
589	8.15426249916e-06
590	8.1593305335e-06
591	8.16377672616e-06
592	8.16834933458e-06
593	8.17229033636e-06
594	8.17635213157e-06
595	8.17967920608e-06
596	8.1824112976e-06
597	8.18547728168e-06
598	8.18808979575e-06
599	8.19015480087e-06
600	8.19248992321e-06
601	8.19428473111e-06
602	8.19662362685e-06
603	8.19885168649e-06
604	8.20099808918e-06
605	8.20348728212e-06
606	8.20599529704e-06
607	8.20841917376e-06
608	8.21088643824e-06
609	8.21274343711e-06
610	8.21436501405e-06
611	8.21580194204e-06
612	8.21678804487e-06
613	8.21739385824e-06
614	8.21787958273e-06
615	8.2176091946e-06
616	8.21760106365e-06
617	8.21780496431e-06
618	8.21819789625e-06
619	8.21822092186e-06
620	8.21854268867e-06
621	8.21896818734e-06
622	8.21949071764e-06
623	8.21974559281e-06
624	8.22003409557e-06
625	8.2204152362e-06
626	8.2203519596e-06
627	8.21971939763e-06
628	8.21889591498e-06
629	8.21774088633e-06
630	8.21617491588e-06
631	8.21453463582e-06
632	8.21283378883e-06
633	8.21088556746e-06
634	8.20904400063e-06
635	8.20756461426e-06
636	8.20622520643e-06
637	8.20476487385e-06
638	8.20344780058e-06
639	8.20216170637e-06
640	8.20095624751e-06
641	8.19943846036e-06
642	8.19711207495e-06
643	8.19490650518e-06
644	8.19233945842e-06
645	8.1894849984e-06
646	8.18639023667e-06
647	8.18328765599e-06
648	8.17963094295e-06
649	8.17642361613e-06
650	8.17307130056e-06
651	8.16981051613e-06
652	8.16707810839e-06
653	8.1636432509e-06
654	8.1612443259e-06
655	8.15821972077e-06
656	8.15558650458e-06
657	8.15215791459e-06
658	8.14884681347e-06
659	8.14487251765e-06
660	8.14070051831e-06
661	8.13667025016e-06
662	8.13167348326e-06
663	8.12702289001e-06
664	8.12218770451e-06
665	8.11728061443e-06
666	8.11271403575e-06
667	8.10800058263e-06
668	8.10363962682e-06
669	8.09930061737e-06
670	8.09537880777e-06
671	8.09101036812e-06
672	8.08666491871e-06
673	8.08211384162e-06
674	8.0769389447e-06
675	8.07177036473e-06
676	8.06618439253e-06
677	8.06034924263e-06
678	8.05429978651e-06
679	8.0484297821e-06
680	8.04234344253e-06
681	8.03643457912e-06
682	8.0306808219e-06
683	8.02503347213e-06
684	8.01975071373e-06
685	8.01410130466e-06
686	8.00886483791e-06
687	8.00338294088e-06
688	7.99774149268e-06
689	7.99171972095e-06
690	7.98569008491e-06
691	7.97911498617e-06
692	7.97254387943e-06
693	7.96540369769e-06
694	7.95831504112e-06
695	7.95129597816e-06
696	7.9444496436e-06
697	7.93748580221e-06
698	7.93030717428e-06
699	7.92392960374e-06
700	7.91722217241e-06
701	7.91097588271e-06
702	7.90457490379e-06
703	7.8983033496e-06
704	7.8915368644e-06
705	7.88416373207e-06
706	7.87722852108e-06
707	7.86968151081e-06
708	7.86183107551e-06
709	7.85368641353e-06
710	7.84556835646e-06
711	7.83769725817e-06
712	7.82983354104e-06
713	7.82196667953e-06
714	7.81456830718e-06
715	7.80697599677e-06
716	7.79980661296e-06
717	7.79254931503e-06
718	7.78535563349e-06
719	7.77768120317e-06
720	7.76970940408e-06
721	7.7617370853e-06
722	7.75358037328e-06
723	7.74492028851e-06
724	7.7359135231e-06
725	7.72725427369e-06
726	7.71837591672e-06
727	7.7097922505e-06
728	7.70128101931e-06
729	7.69319658986e-06
730	7.68468994916e-06
731	7.67662477284e-06
732	7.66873427197e-06
733	7.66054748253e-06
734	7.65266639306e-06
735	7.64364980123e-06
736	7.63528296384e-06
737	7.62620234261e-06
738	7.61677320065e-06
739	7.60776419196e-06
740	7.59825979247e-06
741	7.58928724977e-06
742	7.57970324408e-06
743	7.57041658118e-06
744	7.56150700039e-06
745	7.55282795587e-06
746	7.54383133992e-06
747	7.5352473336e-06
748	7.5266328682e-06
749	7.51782482182e-06
750	7.50847000722e-06
751	7.49935462599e-06
752	7.48975486291e-06
753	7.47982767399e-06
754	7.47005330202e-06
755	7.45967082098e-06
756	7.44976970965e-06
757	7.43977578473e-06
758	7.43036319026e-06
759	7.42095596384e-06
760	7.41189515354e-06
761	7.40248862867e-06
762	7.39334501454e-06
763	7.38406047585e-06
764	7.37443003335e-06
765	7.36469307774e-06
766	7.35511618642e-06
767	7.34501542766e-06
768	7.33447526481e-06
769	7.32421989589e-06
770	7.31393724522e-06
771	7.30335483783e-06
772	7.29341194228e-06
773	7.28341236351e-06
774	7.27356307371e-06
775	7.26417027357e-06
776	7.25444833268e-06
777	7.24506589237e-06
778	7.23546310077e-06
779	7.22570463606e-06
780	7.21531662878e-06
781	7.2050454382e-06
782	7.19422129268e-06
783	7.18376623572e-06
784	7.1730289181e-06
785	7.16213593135e-06
786	7.15175103126e-06
787	7.14158840403e-06
788	7.13129162285e-06
789	7.12151586693e-06
790	7.11182195016e-06
791	7.10186151805e-06
792	7.0918348555e-06
793	7.08176371292e-06
794	7.07140607928e-06
795	7.06110454682e-06
796	7.05009080131e-06
797	7.03935469402e-06
798	7.02830065112e-06
799	7.01732463587e-06
800	7.00631421176e-06
801	6.99611924485e-06
802	6.9856469068e-06
803	6.97562161077e-06
804	6.96563547096e-06
805	6.95571591718e-06
806	6.94552679552e-06
807	6.93545575659e-06
808	6.92499129294e-06
809	6.9143118773e-06
810	6.90337859806e-06
811	6.89247686908e-06
812	6.88143147679e-06
813	6.87049520985e-06
814	6.85969487089e-06
815	6.84931169862e-06
816	6.83858646541e-06
817	6.82841663693e-06
818	6.81862515813e-06
819	6.80831041611e-06
820	6.79816683729e-06
821	6.78851998582e-06
822	6.7780623543e-06
823	6.76721486021e-06
824	6.75625335421e-06
825	6.74552142358e-06
826	6.73462859097e-06
827	6.72368275497e-06
828	6.71302083682e-06
829	6.70223912919e-06
830	6.69196773164e-06
831	6.6818754924e-06
832	6.67198047956e-06
833	6.6620188726e-06
834	6.65217404188e-06
835	6.64179196698e-06
836	6.63168903355e-06
837	6.62103443759e-06
838	6.6101926598e-06
839	6.59915035788e-06
840	6.58877577268e-06
841	6.57802804652e-06
842	6.56726936904e-06
843	6.55722773003e-06
844	6.54712990269e-06
845	6.53739584379e-06
846	6.52782435603e-06
847	6.51764666374e-06
848	6.50790607752e-06
849	6.49790427827e-06
850	6.48779292208e-06
851	6.47744413317e-06
852	6.46705416976e-06
853	6.45615818401e-06
854	6.44554477434e-06
855	6.43514577859e-06
856	6.4250388846e-06
857	6.41514621289e-06
858	6.40529996926e-06
859	6.39590788971e-06
860	6.38628780373e-06
861	6.37639019521e-06
862	6.36731828865e-06
863	6.3569763069e-06
864	6.34709033242e-06
865	6.33693806727e-06
866	6.32637547486e-06
867	6.31625403371e-06
868	6.30592005689e-06
869	6.29577038687e-06
870	6.28602493558e-06
871	6.27637963809e-06
872	6.26704775385e-06
873	6.25760049887e-06
874	6.2482046614e-06
875	6.23899300368e-06
876	6.22925592497e-06
877	6.21935428254e-06
878	6.20915653464e-06
879	6.19888065542e-06
880	6.1888490206e-06
881	6.17874675478e-06
882	6.16862356144e-06
883	6.15892449619e-06
884	6.14939079227e-06
885	6.14009223348e-06
886	6.13077536823e-06
887	6.12179074795e-06
888	6.11234554537e-06
889	6.10258680536e-06
890	6.09268910678e-06
891	6.08252138268e-06
892	6.0721781188e-06
893	6.06217937047e-06
894	6.05183040486e-06
895	6.04190126765e-06
896	6.03220018146e-06
897	6.02263644021e-06
898	6.01309877244e-06
899	6.00376880141e-06
900	5.99445672803e-06
901	5.98487438607e-06
902	5.97501110902e-06
903	5.96496850993e-06
904	5.9549875431e-06
905	5.94485169635e-06
906	5.93456065524e-06
907	5.92413596101e-06
908	5.91456821258e-06
909	5.90443848617e-06
910	5.89472278077e-06
911	5.88528105343e-06
912	5.87571947823e-06
913	5.86631293226e-06
914	5.85658933423e-06
915	5.84650733483e-06
916	5.8363275427e-06
917	5.82633692298e-06
918	5.81586972313e-06
919	5.80538965216e-06
920	5.79521431295e-06
921	5.78505648049e-06
922	5.77529278608e-06
923	5.76529358722e-06
924	5.75591345133e-06
925	5.74626269085e-06
926	5.73655624946e-06
927	5.72670002738e-06
928	5.71659149035e-06
929	5.70630340501e-06
930	5.69610024704e-06
931	5.68533740042e-06
932	5.67506782511e-06
933	5.66477217532e-06
934	5.65457770739e-06
935	5.64477162737e-06
936	5.63513969504e-06
937	5.62559887905e-06
938	5.61583631804e-06
939	5.60616125713e-06
940	5.59601201591e-06
941	5.58587513633e-06
942	5.57558790586e-06
943	5.56517775975e-06
944	5.55464735562e-06
945	5.54437484721e-06
946	5.53407396452e-06
947	5.52426217831e-06
948	5.5145101634e-06
949	5.50459217537e-06
950	5.495126647e-06
951	5.48536170864e-06
952	5.47542189279e-06
953	5.46535579058e-06
954	9.99240248761e-06
955	9.9787927965e-06
956	9.96409876505e-06
957	9.94968201087e-06
958	9.93488861994e-06
959	9.92056367296e-06
960	9.90643301828e-06
961	9.89277036358e-06
962	9.87886315817e-06
963	9.86480388573e-06
964	9.85050198583e-06
965	9.83595553457e-06
966	9.82051864192e-06
967	9.80504057157e-06
968	9.78957776776e-06
969	9.77376494806e-06
970	9.75873090482e-06
971	9.74348280704e-06
972	9.7286953816e-06
973	9.71399984874e-06
974	9.69988771477e-06
975	9.68572103649e-06
976	9.67070465851e-06
977	9.65567684743e-06
978	9.64082366213e-06
979	9.62492948305e-06
980	9.60948615895e-06
981	9.59335546459e-06
982	9.57782961212e-06
983	9.56246843145e-06
984	9.54727587991e-06
985	9.53267331987e-06
986	9.51836670887e-06
987	9.50344467337e-06
988	9.48889195763e-06
989	9.47363551877e-06
990	9.45903407485e-06
991	9.44357039611e-06
992	9.42750066814e-06
993	9.41157674243e-06
994	9.39582423489e-06
995	9.38020475025e-06
996	9.36488520336e-06
997	9.35064054191e-06
998	9.3359097285e-06
999	9.32143530783e-06
1000	9.30675321663e-06
1001	9.29195796194e-06
1002	9.27693112687e-06
1003	9.26165540892e-06
1004	9.24605253767e-06
1005	9.23014787451e-06
1006	9.21476633605e-06
1007	9.19868607668e-06
1008	9.1837792136e-06
1009	9.1692179012e-06
1010	9.15447590436e-06
1011	9.13996542224e-06
1012	9.12551288113e-06
1013	9.11095072979e-06
1014	9.09615716445e-06
1015	9.08162611837e-06
1016	9.06612909872e-06
1017	9.05072995232e-06
1018	9.03521018599e-06
1019	9.01989651636e-06
1020	9.00502948333e-06
1021	8.98982803247e-06
1022	8.97535673948e-06
1023	8.96074975351e-06
1024	8.9468437096e-06
1025	8.93274883506e-06
1026	8.9184474634e-06
1027	8.90386508565e-06
1028	8.88918934951e-06
1029	8.87433544712e-06
1030	8.85895479425e-06
1031	8.84393285347e-06
1032	8.82917082501e-06
1033	8.81430958867e-06
1034	8.79977542836e-06
1035	8.78525270777e-06
1036	8.77145669351e-06
1037	8.75772308281e-06
1038	8.74295541834e-06
1039	8.72937977685e-06
1040	8.71541793602e-06
1041	8.70106652163e-06
1042	8.68602903551e-06
1043	8.67136763735e-06
1044	8.65663256192e-06
1045	8.64185263376e-06
1046	8.62758852541e-06
1047	8.6137588894e-06
1048	8.59952984961e-06
1049	8.58616667128e-06
1050	8.57265779337e-06
1051	8.55853690614e-06
1052	8.54518698851e-06
1053	8.53156980064e-06
1054	8.51701738219e-06
1055	8.50284993145e-06
1056	8.48899927522e-06
1057	8.474462859e-06
1058	8.46020635927e-06
1059	8.44609012518e-06
1060	8.43266266016e-06
1061	8.41899682966e-06
1062	8.40575392184e-06
1063	8.39259005404e-06
1064	8.37939674468e-06
1065	8.36632282942e-06
1066	8.35296332369e-06
1067	8.33948310682e-06
1068	8.32589907326e-06
1069	8.31215651308e-06
1070	8.29827589512e-06
1071	8.28451688568e-06
1072	8.27120533009e-06
1073	8.25759963484e-06
1074	8.24461695751e-06
1075	8.23170092635e-06
1076	8.21898338384e-06
1077	8.20640206894e-06
1078	8.1933106199e-06
1079	8.18081060558e-06
1080	8.16793698096e-06
1081	8.15482785524e-06
1082	8.14157432585e-06
1083	8.12859686682e-06
1084	8.11518880914e-06
1085	8.10222220196e-06
1086	8.0893540937e-06
1087	8.07636051958e-06
1088	8.06402272987e-06
1089	8.05108773922e-06
1090	8.03997299467e-06
1091	8.0269039568e-06
1092	8.01474119264e-06
1093	8.0024755134e-06
1094	7.98957072489e-06
1095	7.97636105343e-06
1096	7.962724638e-06
1097	7.94880142728e-06
1098	7.93517242999e-06
1099	7.92118054143e-06
1100	7.90767542918e-06
1101	7.89429164811e-06
1102	7.88105660288e-06
1103	7.8676951722e-06
1104	7.85526838737e-06
1105	7.84238840514e-06
1106	7.82959767799e-06
1107	7.8173337798e-06
1108	7.80486399815e-06
1109	7.79202422051e-06
1110	7.7794001413e-06
1111	7.76639495535e-06
1112	7.75311110367e-06
1113	7.74015152041e-06
1114	7.72710866125e-06
1115	7.71400938227e-06
1116	7.70104557735e-06
1117	7.68807222151e-06
1118	7.67548282108e-06
1119	7.66345969595e-06
1120	7.65076776103e-06
1121	7.63894270883e-06
1122	7.62623590291e-06
1123	7.6148130091e-06
1124	7.60266046568e-06
1125	7.59077189177e-06
1126	7.57861366479e-06
1127	7.56633795329e-06
1128	7.5542225428e-06
1129	7.54199287556e-06
1130	7.52996664335e-06
1131	7.51777847281e-06
1132	7.50515381871e-06
1133	7.49380552093e-06
1134	7.48149529465e-06
1135	7.47005687194e-06
1136	7.4586845102e-06
1137	7.44735590455e-06
1138	7.43602244606e-06
1139	7.42450608126e-06
1140	7.41366135233e-06
1141	7.4022447398e-06
1142	7.39123854815e-06
1143	7.37991574438e-06
1144	7.36862673494e-06
1145	7.35717599959e-06
1146	7.3454988162e-06
1147	7.33426904182e-06
1148	7.32274750044e-06
1149	7.31166129518e-06
1150	7.30051581616e-06
1151	7.28943379615e-06
1152	7.27813611908e-06
1153	7.2678300496e-06
1154	7.25711098384e-06
1155	7.24687204748e-06
1156	7.23654701648e-06
1157	7.22615018837e-06
1158	7.21567798389e-06
1159	7.20532269436e-06
1160	7.19455426498e-06
1161	7.18427292478e-06
1162	7.17340178174e-06
1163	7.16278880903e-06
1164	7.15210798706e-06
1165	7.1418122037e-06
1166	7.13125260866e-06
1167	7.12119242866e-06
1168	7.11086007083e-06
1169	7.10068688344e-06
1170	7.09089088447e-06
1171	7.0813165034e-06
1172	7.07131153363e-06
1173	7.06184679472e-06
1174	7.05218272874e-06
1175	7.04249963719e-06
1176	7.03285766101e-06
1177	7.02281270618e-06
1178	7.01329553208e-06
1179	7.00325282565e-06
1180	6.99361342709e-06
1181	6.98359417914e-06
1182	6.97349417869e-06
1183	6.96364000648e-06
1184	6.95343194003e-06
1185	6.9443773781e-06
1186	6.93457519905e-06
1187	6.92514109267e-06
1188	6.91614441391e-06
1189	6.9066269248e-06
1190	6.89755367259e-06
1191	6.88845044801e-06
1192	6.87896588198e-06
1193	6.86944842631e-06
1194	6.8605405341e-06
1195	6.85105550046e-06
1196	6.84154427573e-06
1197	6.83196866475e-06
1198	6.8227326841e-06
1199	6.81335408435e-06
1200	6.80372821848e-06
1201	6.79418569153e-06
1202	6.78504537012e-06
1203	6.77572442463e-06
1204	6.76665692198e-06
1205	6.7576917405e-06
1206	6.74890455443e-06
1207	6.7399504244e-06
1208	6.73112699494e-06
1209	6.72242019644e-06
1210	6.71348390781e-06
1211	6.70456923733e-06
1212	6.69619993692e-06
1213	6.68677086635e-06
1214	6.67764746223e-06
1215	6.66858409693e-06
1216	6.65991317182e-06
1217	6.65100212811e-06
1218	6.6419121543e-06
1219	6.63267345039e-06
1220	6.62418765194e-06
1221	6.61508893242e-06
1222	6.60642245329e-06
1223	6.59788574728e-06
1224	6.58894775254e-06
1225	6.58071734346e-06
1226	6.57243253971e-06
1227	6.56406871511e-06
1228	6.5555208134e-06
1229	6.54708194029e-06
1230	6.53874759253e-06
1231	6.53009078269e-06
1232	6.52162918178e-06
1233	6.5131169671e-06
1234	6.50462390275e-06
1235	6.49614023899e-06
1236	6.48748457391e-06
1237	6.47916615845e-06
1238	6.47053661097e-06
1239	6.46159385623e-06
1240	6.45376132051e-06
1241	6.44539070635e-06
1242	6.43703657438e-06
1243	6.42898286572e-06
1244	6.42095979531e-06
1245	6.41290986801e-06
1246	6.40510558471e-06
1247	6.39697179288e-06
1248	6.38887847822e-06
1249	6.38087585957e-06
1250	6.37298199268e-06
1251	6.36495069038e-06
1252	6.35676602614e-06
1253	6.34850252607e-06
1254	6.34032909529e-06
1255	6.33242637493e-06
1256	6.32400794867e-06
1257	6.31598882686e-06
1258	6.30832502354e-06
1259	6.30007702634e-06
1260	6.29203296188e-06
1261	6.28467544293e-06
1262	6.27664754527e-06
1263	6.26917441517e-06
1264	6.26145533157e-06
1265	6.25393612597e-06
1266	6.24632008821e-06
1267	6.23844733352e-06
1268	6.23110436296e-06
1269	6.22336854103e-06
1270	6.21596349341e-06
1271	6.20790746282e-06
1272	6.20065345735e-06
1273	6.19240410242e-06
1274	6.18495406539e-06
1275	6.1772687768e-06
1276	6.16917091064e-06
1277	6.16215239159e-06
1278	6.15431881762e-06
1279	6.14680808882e-06
1280	6.13926157151e-06
1281	6.13216755591e-06
1282	6.124938801e-06
1283	6.11782436482e-06
1284	6.11006467253e-06
1285	6.10296777246e-06
1286	6.09606095978e-06
1287	6.08872269362e-06
1288	6.08164266051e-06
1289	6.07401343594e-06
1290	6.06663376533e-06
1291	6.05978991725e-06
1292	6.05204256072e-06
1293	6.04468406942e-06
1294	6.03750309662e-06
1295	6.03033097881e-06
1296	6.02294876583e-06
1297	6.01581846866e-06
1298	6.00859864501e-06
1299	6.00178332491e-06
1300	5.99478693196e-06
1301	5.98745394104e-06
1302	5.98081732842e-06
1303	5.9737674029e-06
1304	5.96659072972e-06
1305	5.96051766204e-06
1306	5.95369770205e-06
1307	5.94649256883e-06
1308	5.93975221233e-06
1309	5.93288587584e-06
1310	5.92596098119e-06
1311	5.9189113099e-06
1312	5.91185239729e-06
1313	5.9050483313e-06
1314	5.8983625052e-06
1315	5.89118375337e-06
1316	5.88467662511e-06
1317	5.87731023314e-06
1318	5.87084451241e-06
1319	5.86425160817e-06
1320	5.85761071042e-06
1321	5.85105585115e-06
1322	5.84447764797e-06
1323	5.8382540567e-06
1324	5.83128852271e-06
1325	5.825210113e-06
1326	5.81898427118e-06
1327	5.8122703972e-06
1328	5.80561855678e-06
1329	5.79891695687e-06
1330	5.7923845933e-06
1331	5.78575347634e-06
1332	5.77954330156e-06
1333	5.77260566082e-06
1334	5.76634537589e-06
1335	5.75946512644e-06
1336	5.7532095858e-06
1337	5.74659426196e-06
1338	5.74045545741e-06
1339	5.73383970355e-06
1340	5.72785576862e-06
1341	5.72152005937e-06
1342	5.71545966613e-06
1343	5.70901120377e-06
1344	5.70317277702e-06
1345	5.6971263272e-06
1346	5.69071345572e-06
1347	5.68472767585e-06
1348	5.67844506318e-06
1349	5.67229685892e-06
1350	5.66607202989e-06
1351	5.65978310014e-06
1352	5.65343724414e-06
1353	5.64737101096e-06
1354	5.64109294889e-06
1355	5.63475624085e-06
1356	5.62891472079e-06
1357	5.62267919706e-06
1358	5.61672239864e-06
1359	5.61042658219e-06
1360	5.60450072287e-06
1361	5.59876618959e-06
1362	5.5926526296e-06
1363	5.58534608333e-06
1364	5.58012464467e-06
1365	5.57399346305e-06
1366	5.56679187024e-06
1367	5.56036456913e-06
1368	5.5541662054e-06
1369	5.54719621061e-06
1370	5.54045818701e-06
1371	5.53362504444e-06
1372	5.52652623418e-06
1373	5.51921118944e-06
1374	5.51220130708e-06
1375	5.50486168642e-06
1376	5.49792260863e-06
1377	5.49063770351e-06
1378	5.48380784203e-06
1379	5.47698307893e-06
1380	5.47028609906e-06
1381	9.98870147329e-06
1382	9.98299436762e-06
1383	9.97698966156e-06
1384	9.96967290428e-06
1385	9.96237534895e-06
1386	9.95489366833e-06
1387	9.94737430291e-06
1388	9.93986939902e-06
1389	9.93233841514e-06
1390	9.92474390523e-06
1391	9.91607919836e-06
1392	9.90801470691e-06
1393	9.90018711288e-06
1394	9.89220979901e-06
1395	9.88387305677e-06
1396	9.87586721419e-06
1397	9.86778408639e-06
1398	9.86049465867e-06
1399	9.85217806454e-06
1400	9.84435178898e-06
1401	9.83695888403e-06
1402	9.82868167545e-06
1403	9.82166694456e-06
1404	9.81382265525e-06
1405	9.80628936928e-06
1406	9.79896144942e-06
1407	9.79048908218e-06
1408	9.78271105509e-06
1409	9.77495135076e-06
1410	9.76682855772e-06
1411	9.75815557878e-06
1412	9.75060877373e-06
1413	9.74241240678e-06
1414	9.73446944683e-06
1415	9.72684189888e-06
1416	9.71831886813e-06
1417	9.71054213214e-06
1418	9.702641323e-06
1419	9.69555267737e-06
1420	9.68779065173e-06
1421	9.68040489925e-06
1422	9.67281781662e-06
1423	9.66535955396e-06
1424	9.6582632773e-06
1425	9.64987774612e-06
1426	9.64246380565e-06
1427	9.63490958542e-06
1428	9.6274361415e-06
1429	9.61943605954e-06
1430	9.61154647134e-06
1431	9.60383287491e-06
1432	9.59575111376e-06
1433	9.58742533167e-06
1434	9.58030910625e-06
1435	9.57229152791e-06
1436	9.56431596492e-06
1437	9.55733719529e-06
1438	9.54978281409e-06
1439	9.5420657528e-06
1440	9.53499627491e-06
1441	9.52793835612e-06
1442	9.52084712189e-06
1443	9.51337926785e-06
1444	9.5059537007e-06
1445	9.49830973339e-06
1446	9.49145359437e-06
1447	9.48370255433e-06
1448	9.4766149493e-06
1449	9.46816928525e-06
1450	9.46035675734e-06
1451	9.45333173986e-06
1452	9.44534930963e-06
1453	9.43820296892e-06
1454	9.43033198091e-06
1455	9.42304009534e-06
1456	9.41554878808e-06
1457	9.40854584947e-06
1458	9.40133303273e-06
1459	9.39466419662e-06
1460	9.38734875761e-06
1461	9.37996096351e-06
1462	9.37297511792e-06
1463	9.36593648803e-06
1464	9.35852336837e-06
1465	9.35097114048e-06
1466	9.34339159241e-06
1467	9.33607010673e-06
1468	9.32848812544e-06
1469	9.32133684042e-06
1470	9.31359231112e-06
1471	9.30638581905e-06
1472	9.29877338753e-06
1473	9.29123200906e-06
1474	9.2840289418e-06
1475	9.27696685982e-06
1476	9.26973139967e-06
1477	9.26234891313e-06
1478	9.25576869077e-06
1479	9.24934981341e-06
1480	9.24154773979e-06
1481	9.23475317972e-06
1482	9.22754711161e-06
1483	9.22053348314e-06
1484	9.21299843243e-06
1485	9.20511078411e-06
1486	9.19748909846e-06
1487	9.19030280564e-06
1488	9.18326972963e-06
1489	9.17537211207e-06
1490	9.16786917988e-06
1491	9.16046037775e-06
1492	9.15288208763e-06
1493	9.14580837896e-06
1494	9.13885923306e-06
1495	9.13178274726e-06
1496	9.12499902316e-06
1497	9.1177780967e-06
1498	9.11081703699e-06
1499	9.10349089207e-06
1500	9.09623463607e-06
1501	9.08903682563e-06
1502	9.08144142244e-06
1503	9.07384508535e-06
1504	9.06629525437e-06
1505	9.05906372006e-06
1506	9.05124235299e-06
1507	9.04360636007e-06
1508	9.03606071381e-06
1509	9.028243187e-06
1510	9.02099444314e-06
1511	9.01377691937e-06
1512	9.00601779831e-06
1513	8.99920540609e-06
1514	8.99166733317e-06
1515	8.98465410795e-06
1516	8.9768288236e-06
1517	8.96956599877e-06
1518	8.96192732174e-06
1519	8.95347436743e-06
1520	8.94518455437e-06
1521	8.93611141904e-06
1522	8.92825354746e-06
1523	8.91953798437e-06
1524	8.91108481481e-06
1525	8.90298126358e-06
1526	8.89496705531e-06
1527	8.88756463104e-06
1528	8.87992780945e-06
1529	8.87335511374e-06
1530	8.86591455518e-06
1531	8.85864810202e-06
1532	8.85150909654e-06
1533	8.84514686e-06
1534	8.8374415189e-06
1535	8.82989056872e-06
1536	8.82270270036e-06
1537	8.81637359157e-06
1538	8.81014951909e-06
1539	8.8045167796e-06
1540	8.79907205803e-06
1541	8.79536091701e-06
1542	8.79106959345e-06
1543	8.78646001823e-06
1544	8.78244500011e-06
1545	8.77821054061e-06
1546	8.77377776836e-06
1547	8.76854470021e-06
1548	8.76357376186e-06
1549	8.75738799538e-06
1550	8.75189370083e-06
1551	8.74538158753e-06
1552	8.73856138421e-06
1553	8.73169163333e-06
1554	8.72444701425e-06
1555	8.71683314613e-06
1556	8.70914021917e-06
1557	8.70156752594e-06
1558	8.69390264395e-06
1559	8.68564675306e-06
1560	8.67754708313e-06
1561	8.66854610426e-06
1562	8.65955742392e-06
1563	8.65057652104e-06
1564	8.64172039407e-06
1565	8.63271215733e-06
1566	8.62363612015e-06
1567	8.61394010258e-06
1568	8.6043102461e-06
1569	8.59431568983e-06
1570	8.58425790443e-06
1571	8.5736679263e-06
1572	8.56333982434e-06
1573	8.55336208857e-06
1574	8.55039820748e-06
1575	8.54324687554e-06
1576	8.53166900239e-06
1577	8.5265118984e-06
1578	8.52367758813e-06
1579	8.51315680351e-06
1580	8.50512675074e-06
1581	8.49865233062e-06
1582	8.48441591009e-06
1583	8.47397843373e-06
1584	8.46654265284e-06
1585	8.46090777227e-06
1586	8.45459134762e-06
1587	8.44629751221e-06
1588	8.43577098802e-06
1589	8.42421489898e-06
1590	8.41293747412e-06
1591	8.40117287002e-06
1592	8.38963564669e-06
1593	8.3786867036e-06
1594	8.36757597852e-06
1595	8.35679509841e-06
1596	8.34526541262e-06
1597	8.33404434644e-06
1598	8.32197791927e-06
1599	8.31047746594e-06
1600	8.29848891714e-06
1601	8.28686887612e-06
1602	8.27448518763e-06
1603	8.26245497176e-06
1604	8.25023715626e-06
1605	8.23778672802e-06
1606	8.22533314486e-06
1607	8.21307052833e-06
1608	8.20060936312e-06
1609	8.18812247017e-06
1610	8.17524058349e-06
1611	8.16236665061e-06
1612	8.14931389801e-06
1613	8.13590605849e-06
1614	8.12264644281e-06
1615	8.11018061346e-06
1616	8.097172773e-06
1617	8.08504807467e-06
1618	8.07259907527e-06
1619	8.05976067334e-06
1620	8.04694335907e-06
1621	8.03418226872e-06
1622	8.02110646924e-06
1623	8.00834642874e-06
1624	7.99619396871e-06
1625	7.98304687961e-06
1626	7.97031583577e-06
1627	7.95748406329e-06
1628	7.94499589042e-06
1629	7.93227644129e-06
1630	7.91991567246e-06
1631	7.90663159968e-06
1632	7.89388529353e-06
1633	7.88109098154e-06
1634	7.86848903579e-06
1635	7.85569607298e-06
1636	7.84321848172e-06
1637	7.83039575065e-06
1638	7.81731167452e-06
1639	7.80370580714e-06
1640	7.79068282892e-06
1641	7.77729356111e-06
1642	7.76453042567e-06
1643	7.7518858169e-06
1644	7.73910056039e-06
1645	7.72625302691e-06
1646	7.71355081148e-06
1647	7.70149912861e-06
1648	7.68929851669e-06
1649	7.67722362468e-06
1650	7.66650931496e-06
1651	7.65556510139e-06
1652	7.64572834896e-06
1653	7.63548250193e-06
1654	7.6262644834e-06
1655	7.616731434e-06
1656	7.60870445986e-06
1657	7.60147445032e-06
1658	7.59678108471e-06
1659	7.59409334098e-06
1660	7.59280481363e-06
1661	7.59228633647e-06
1662	7.59448864481e-06
1663	7.59606338516e-06
1664	7.59085993784e-06
1665	7.58445305352e-06
1666	7.59515475841e-06
1667	7.61457195222e-06
1668	7.64046093384e-06
1669	7.66552368159e-06
1670	7.68932878398e-06
1671	7.71628714484e-06
1672	7.73298034121e-06
1673	7.73735991736e-06
1674	7.72999002848e-06
1675	7.71601921976e-06
1676	7.69658091105e-06
1677	7.67145766294e-06
1678	7.64113603266e-06
1679	7.6073182779e-06
1680	7.56758850394e-06
1681	7.53680602177e-06
1682	7.4979088025e-06
1683	7.45191042512e-06
1684	7.40400087097e-06
1685	7.35289668708e-06
1686	7.29778295236e-06
1687	7.24650078492e-06
1688	7.19871319204e-06
1689	7.15688803086e-06
1690	7.1197238602e-06
1691	7.08829034818e-06
1692	7.06000835444e-06
1693	7.03582294373e-06
1694	7.01414127679e-06
1695	6.99441171127e-06
1696	6.97693825804e-06
1697	6.96140686818e-06
1698	6.94793208758e-06
1699	6.93621449404e-06
1700	6.92616051723e-06
1701	6.91809610734e-06
1702	6.91118445019e-06
1703	6.9057141851e-06
1704	6.90185695322e-06
1705	6.89906676247e-06
1706	6.8975560747e-06
1707	6.89737387134e-06
1708	6.89845650396e-06
1709	6.90191476107e-06
1710	6.90623718251e-06
1711	6.91032021427e-06
1712	6.91378160726e-06
1713	6.91722978388e-06
1714	6.92091620456e-06
1715	6.92476043286e-06
1716	6.92824640056e-06
1717	6.93247035785e-06
1718	6.93610572006e-06
1719	6.9408491069e-06
1720	6.94497877592e-06
1721	6.94998002971e-06
1722	6.96858703588e-06
1723	6.97628617048e-06
1724	6.98320389664e-06
1725	6.98954780414e-06
1726	6.99575184083e-06
1727	7.00119276261e-06
1728	7.00514953651e-06
1729	7.01141604772e-06
1730	7.01393803273e-06
1731	7.03226266524e-06
1732	7.03918975291e-06
1733	7.03442233465e-06
1734	7.03320274244e-06
1735	7.03283565215e-06
1736	6.99394935907e-06
1737	7.00663559599e-06
1738	7.03268419582e-06
1739	7.03125672698e-06
1740	6.92132122114e-06
1741	6.58043458583e-06
1742	6.17520322319e-06
1743	5.95766023121e-06
1744	5.79877487424e-06
1745	5.65577546373e-06
1746	5.52654098005e-06
1747	9.93902799429e-06
1748	9.76966596898e-06
1749	9.61472803556e-06
1750	9.4749591816e-06
1751	9.34735763197e-06
1752	9.23204640429e-06
1753	9.12686409684e-06
1754	9.03030071717e-06
1755	8.94082282842e-06
1756	8.8573637397e-06
1757	8.78065571263e-06
1758	8.7073201228e-06
1759	8.63929877277e-06
1760	8.57495278574e-06
1761	8.51401584562e-06
1762	8.456883147e-06
1763	8.40331703718e-06
1764	8.35156762594e-06
1765	8.30228843473e-06
1766	8.25558940903e-06
1767	8.21057950273e-06
1768	8.16674894411e-06
1769	8.12540239319e-06
1770	8.08480943759e-06
1771	8.04694358382e-06
1772	8.00959997138e-06
1773	7.97340044263e-06
1774	7.93877793719e-06
1775	7.90529021583e-06
1776	7.87156137454e-06
1777	7.83961279678e-06
1778	7.80879364905e-06
1779	7.77935325022e-06
1780	7.74939025823e-06
1781	7.72101500949e-06
1782	7.6930202244e-06
1783	7.66522739414e-06
1784	7.63895731008e-06
1785	7.61302966673e-06
1786	7.58755390157e-06
1787	7.56240418362e-06
1788	7.53799622913e-06
1789	7.51379923836e-06
1790	7.49055086503e-06
1791	7.46651901101e-06
1792	7.44477831145e-06
1793	7.42212654974e-06
1794	7.4005319966e-06
1795	7.37836722424e-06
1796	7.3570152492e-06
1797	7.33571444546e-06
1798	7.31627532804e-06
1799	7.29521766675e-06
1800	7.27577831281e-06
1801	7.25655320065e-06
1802	7.23651879018e-06
1803	7.21837734494e-06
1804	7.19894957678e-06
1805	7.18002542584e-06
1806	7.16265226594e-06
1807	7.14501003609e-06
1808	7.12661295603e-06
1809	7.10930863325e-06
1810	7.09175365295e-06
1811	7.07433597008e-06
1812	7.058228477e-06
1813	7.04160164084e-06
1814	7.02426644167e-06
1815	7.00941772425e-06
1816	6.99264700129e-06
1817	6.97612559382e-06
1818	6.96067244967e-06
1819	6.94443292258e-06
1820	6.92912324645e-06
1821	6.91331208744e-06
1822	6.89924253698e-06
1823	6.88408809583e-06
1824	6.86927057894e-06
1825	6.85445290327e-06
1826	6.84011453939e-06
1827	6.82538655701e-06
1828	6.81044084457e-06
1829	6.79675649718e-06
1830	6.78315733704e-06
1831	6.76880402701e-06
1832	6.75502404457e-06
1833	6.74076259809e-06
1834	6.7274844377e-06
1835	6.71348917246e-06
1836	6.7002784495e-06
1837	6.68698766464e-06
1838	6.67375591722e-06
1839	6.6608048244e-06
1840	6.6479133862e-06
1841	6.6350097862e-06
1842	6.62135373019e-06
1843	6.60926403737e-06
1844	6.59696617993e-06
1845	6.58428567759e-06
1846	6.57210949115e-06
1847	6.55939142242e-06
1848	6.54764650749e-06
1849	6.53421029392e-06
1850	6.52429247823e-06
1851	6.51122176661e-06
1852	6.49888879419e-06
1853	6.48812742087e-06
1854	6.47589895392e-06
1855	6.46435441288e-06
1856	6.45237095723e-06
1857	6.44129318538e-06
1858	6.4297172917e-06
1859	6.41727055942e-06
1860	6.40634998021e-06
1861	6.39596171159e-06
1862	6.38427332789e-06
1863	6.37411700258e-06
1864	6.36171215232e-06
1865	6.35164069092e-06
1866	6.34098077059e-06
1867	6.33017328572e-06
1868	6.31870267446e-06
1869	6.30838445137e-06
1870	6.29780883862e-06
1871	6.28683228096e-06
1872	6.27679716704e-06
1873	6.265479654e-06
1874	6.25526575098e-06
1875	6.24538868588e-06
1876	6.23416950324e-06
1877	6.22416348907e-06
1878	6.21460315138e-06
1879	6.20413266058e-06
1880	6.19403691433e-06
1881	6.18368778404e-06
1882	6.17425044197e-06
1883	6.16394031138e-06
1884	6.15432198933e-06
1885	6.1444570586e-06
1886	6.13436916384e-06
1887	6.1238706428e-06
1888	6.11481118851e-06
1889	6.1043720802e-06
1890	6.09403149113e-06
1891	6.08463151079e-06
1892	6.07583679068e-06
1893	6.06674268984e-06
1894	6.05708827549e-06
1895	6.04743374657e-06
1896	6.03717470784e-06
1897	6.02846252803e-06
1898	6.01860609786e-06
1899	6.0097446964e-06
1900	6.00146480697e-06
1901	5.99097029587e-06
1902	5.9810464666e-06
1903	5.97275372229e-06
1904	5.96297259236e-06
1905	5.95507400306e-06
1906	5.94574501171e-06
1907	5.93682107425e-06
1908	5.92656311605e-06
1909	5.91764445821e-06
1910	5.90992072033e-06
1911	5.90036938814e-06
1912	5.89142926933e-06
1913	5.88323002358e-06
1914	5.87435274393e-06
1915	5.86503091561e-06
1916	5.85695410265e-06
1917	5.84833276013e-06
1918	5.83909057201e-06
1919	5.83079191981e-06
1920	5.82206899424e-06
1921	5.81321191882e-06
1922	5.8048674907e-06
1923	5.79749060008e-06
1924	5.78755771613e-06
1925	5.77977608868e-06
1926	5.77128953755e-06
1927	5.76248286724e-06
1928	5.75387660813e-06
1929	5.74689684584e-06
1930	5.73774547329e-06
1931	5.72961144601e-06
1932	5.72084044437e-06
1933	5.71399228398e-06
1934	5.70517547895e-06
1935	5.69738432416e-06
1936	5.68907342392e-06
1937	5.6809994268e-06
1938	5.67258290251e-06
1939	5.66395324541e-06
1940	5.65706036934e-06
1941	5.64906113251e-06
1942	5.6403366418e-06
1943	5.63293538976e-06
1944	5.62499344389e-06
1945	5.61751275966e-06
1946	5.60843394897e-06
1947	5.60093268259e-06
1948	5.59350889222e-06
1949	5.58550039729e-06
1950	5.5777721801e-06
1951	5.5696225417e-06
1952	5.56238540377e-06
1953	5.55529788989e-06
1954	5.54712539301e-06
1955	5.53844504453e-06
1956	5.53142596789e-06
1957	5.52519237652e-06
1958	5.5170874225e-06
1959	5.50857549711e-06
1960	5.50118050018e-06
1961	5.49448492306e-06
1962	5.4863525029e-06
1963	5.47894793404e-06
1964	5.47187243792e-06
1965	5.46420896593e-06
1966	5.45697000668e-06
1967	5.44900009129e-06
1968	5.4427987781e-06
1969	5.43424128693e-06
1970	5.42731938183e-06
1971	5.4193486007e-06
1972	5.41293236116e-06
1973	5.40444141208e-06
1974	5.39742742064e-06
1975	5.39085885493e-06
1976	5.38381061752e-06
1977	9.98914703045e-06
1978	5.38021836214e-06
1979	9.97867364762e-06
1980	5.37386996158e-06
1981	9.96686856689e-06
1982	5.36941309949e-06
1983	9.96102081869e-06
1984	5.36451595546e-06
1985	9.95184260216e-06
1986	5.35813892187e-06
1987	9.93865861473e-06
1988	5.35246796039e-06
1989	9.93210849628e-06
1990	9.99407939604e-06
1991	5.35001694732e-06
1992	9.91850033728e-06
1993	9.98441289019e-06
1994	5.34617443671e-06
1995	9.91360383642e-06
1996	9.97280680147e-06
1997	9.99854320534e-06
1998	5.34352585565e-06
1999	9.90541362045e-06
2000	9.9728445818e-06
2001	9.98643386699e-06
2002	9.98890220583e-06
2003	9.99761785746e-06
2004	5.34551566544e-06
2005	9.91506854562e-06
2006	9.97327296425e-06
2007	9.98536598432e-06
2008	9.99596382229e-06
2009	5.34390449156e-06
2010	9.90989985041e-06
2011	9.96656836081e-06
2012	9.98793117241e-06
2013	9.99673622527e-06
2014	5.3432699733e-06
2015	9.90810030963e-06
2016	9.96856275639e-06
2017	9.98070093875e-06
2018	9.99703845355e-06
2019	5.34051680819e-06
2020	9.90686321488e-06
2021	9.95720432189e-06
2022	9.97207966911e-06
2023	9.9806383932e-06
2024	9.99045776103e-06
2025	9.99408458811e-06
2026	5.34243738202e-06
2027	9.90348701549e-06
2028	9.96796400017e-06
2029	9.98930513348e-06
2030	9.99787618021e-06
2031	5.34006538495e-06
2032	9.89885137464e-06
2033	9.96417650729e-06
2034	9.97267895264e-06
2035	9.97916053924e-06
2036	9.98659613548e-06
2037	9.99331178989e-06
2038	5.34041613749e-06
2039	9.89987933372e-06
2040	9.95696219993e-06
2041	9.97606478658e-06
2042	9.98465476691e-06
2043	9.98324660898e-06
2044	9.99352757341e-06
2045	9.99966227804e-06
2046	9.9979049796e-06
2047	5.34235221915e-06
2048	9.90303958056e-06
2049	9.95341882893e-06
2050	9.96962768465e-06
2051	9.97949257861e-06
2052	9.99386543685e-06
2053	5.34028263926e-06
2054	9.90123209664e-06
2055	9.95413404955e-06
2056	9.97284344161e-06
2057	9.98230759064e-06
2058	9.98179517103e-06
2059	9.98624347818e-06
2060	9.99249964953e-06
2061	9.99346949048e-06
2062	9.99230502506e-06
2063	9.99255665106e-06
2064	5.34575704523e-06
2065	9.91237812573e-06
2066	9.96549532163e-06
2067	9.97762210895e-06
2068	9.98394504337e-06
2069	9.99409957606e-06
2070	9.99791055031e-06
2071	5.34313340459e-06
2072	9.90629420305e-06
2073	9.95516798338e-06
2074	9.97216442632e-06
2075	9.9831495281e-06
2076	9.98771422737e-06
2077	9.98940335795e-06
2078	9.99508256117e-06
2079	9.99049799994e-06
2080	9.99723239541e-06
2081	5.34518059696e-06
2082	9.90896619391e-06
2083	9.96253909799e-06
2084	9.98867922354e-06
2085	9.99197141987e-06
2086	9.98847613779e-06
2087	9.99694483533e-06
2088	5.34182492762e-06
2089	9.90427184621e-06
2090	9.9567872496e-06
2091	9.97842282825e-06
2092	9.98599897268e-06
2093	9.99429623515e-06
2094	9.99183760914e-06
2095	9.99173128776e-06
2096	5.34071628064e-06
2097	9.90666753664e-06
2098	9.95167367034e-06
2099	9.97218092297e-06
2100	9.97916291843e-06
2101	9.98924592414e-06
2102	9.98539199919e-06
2103	9.9823606485e-06
2104	9.98945939679e-06
2105	9.99967971449e-06
2106	5.34167799383e-06
2107	9.89890543404e-06
2108	9.95044592008e-06
2109	9.96872046804e-06
2110	9.97555185584e-06
2111	9.97366971073e-06
2112	9.97616542017e-06
2113	9.99408005984e-06
2114	9.99888519401e-06
2115	9.99248966013e-06
2116	9.99552114785e-06
2117	9.9938622102e-06
2118	5.34309207308e-06
2119	9.90580937419e-06
2120	9.9559039539e-06
2121	9.97058756494e-06
2122	9.98020499552e-06
2123	9.98324295125e-06
2124	9.98759873933e-06
2125	9.99245223281e-06
2126	9.99504456135e-06
2127	9.99482586989e-06
2128	9.9980367828e-06
2129	5.34315352556e-06
2130	9.90523949516e-06
2131	9.95709277915e-06
2132	9.96793239501e-06
2133	9.97381267146e-06
2134	9.98365418973e-06
2135	9.9894641904e-06
2136	9.99042632178e-06
2137	9.99476086228e-06
2138	9.99549775676e-06
2139	9.99562856314e-06
2140	9.99089775629e-06
2141	9.99831024718e-06
2142	5.34400554437e-06
2143	9.90472659489e-06
2144	9.95718268496e-06
2145	9.97800610281e-06
2146	9.97774723918e-06
2147	9.98546124309e-06
2148	9.98778494642e-06
2149	9.98902914391e-06
2150	9.98587697921e-06
2151	9.98445491721e-06
2152	9.99119106624e-06
2153	9.99449586634e-06
2154	9.99891263435e-06
2155	5.3430687433e-06
2156	9.90367067447e-06
2157	9.95067762046e-06
2158	9.96716479693e-06
2159	9.97730219072e-06
2160	9.98082460119e-06
2161	9.98991426521e-06
2162	9.99461577245e-06
2163	9.99177606816e-06
2164	9.9933317571e-06
2165	9.9922411351e-06
2166	9.99473657438e-06
2167	5.34018649876e-06
2168	9.90014765132e-06
2169	9.94957004806e-06
2170	9.96996264371e-06
2171	9.98136833128e-06
2172	9.98147758577e-06
2173	9.97951395204e-06
2174	9.98102729222e-06
2175	9.97778023701e-06
2176	9.98696249395e-06
2177	9.98861856383e-06
2178	9.98485364918e-06
2179	9.98842837364e-06
2180	9.98595143478e-06
2181	9.98913214333e-06
2182	9.9919211951e-06
2183	9.99952374531e-06
2184	9.9952687122e-06
2185	9.99967436052e-06
2186	5.34425270158e-06
2187	9.91138461682e-06
2188	9.9630276099e-06
2189	9.97106709074e-06
2190	9.97523489909e-06
2191	9.97458626464e-06
2192	9.97771756991e-06
2193	9.98847493567e-06
2194	9.9867136215e-06
2195	9.98356485067e-06
2196	9.982367512e-06
2197	9.99035827874e-06
2198	9.99376250744e-06
2199	9.98992058293e-06
2200	9.99665079567e-06
2201	9.9931056039e-06
2202	9.99788678995e-06
2203	9.99563612888e-06
2204	5.34333258989e-06
2205	9.90611408646e-06
2206	9.95369043028e-06
2207	9.96606390493e-06
2208	9.97411572927e-06
2209	9.98156339539e-06
2210	9.97958398406e-06
2211	9.97824971255e-06
2212	9.98496074909e-06
2213	9.98593528135e-06
2214	9.98359291655e-06
2215	9.98579135028e-06
2216	9.98416749804e-06
2217	9.98733418501e-06
2218	9.9857665108e-06
2219	9.98600975061e-06
2220	9.99319850795e-06
2221	9.99445494981e-06
2222	9.99699398532e-06
2223	9.99384445241e-06
2224	9.99342209933e-06
2225	9.99353105559e-06
2226	9.99500566209e-06
2227	5.33870893677e-06
2228	9.90452796434e-06
