1	1
2	0.99378560804
3	0.0893870039731
4	0.0777356038975
5	0.0218222015678
6	0.201235793696
7	0.311486588897
8	0.0799168871044
9	0.0358485621365
10	0.130855007362
11	0.502446135241
12	0.115689347815
13	0.0455250571002
14	0.0593067443084
15	0.134794478864
16	0.205267828835
17	0.0882371666942
18	0.0659574190656
19	0.119050828767
20	0.0943407188997
21	0.0603719086991
22	0.044822041768
23	0.03319468569
24	0.0344892574231
25	0.0314268082291
26	0.024491978112
27	0.0201414147247
28	0.0179992173209
29	0.0174749370485
30	0.018695541547
31	0.0187405716764
32	0.0177219027916
33	0.0167768679571
34	0.0149981292243
35	0.0133818939267
36	0.0119103064723
37	0.0107660559441
38	0.0104189257648
39	0.00986837560928
40	0.00965574602977
41	0.00938938079556
42	0.00910139619297
43	0.00848596938575
44	0.00759542016918
45	0.00679573068523
46	0.0059232426609
47	0.00530747057038
48	0.0050930450284
49	0.00494026656921
50	0.00520458317357
51	0.00531749015555
52	0.00507054860837
53	0.00481533985767
54	0.00428538280593
55	0.00387950426663
56	0.00353534854944
57	0.00338913391834
58	0.0033713843539
59	0.00338485863394
60	0.00333455918836
61	0.00327337243623
62	0.00307014538684
63	0.00281351408837
64	0.00254795319445
65	0.00233471817469
66	0.00221353837792
67	0.00216388602995
68	0.00215350252126
69	0.0022089158795
70	0.00217307319856
71	0.00212073463607
72	0.00202299217909
73	0.00193906373264
74	0.00186598784505
75	0.00181875387978
76	0.00179097169427
77	0.00177554289456
78	0.00176024440645
79	0.00170853406884
80	0.00167643347566
81	0.00161077781316
82	0.0015684227028
83	0.00154627167134
84	0.00150867042013
85	0.00151591409761
86	0.00148497844213
87	0.00148846216266
88	0.00148717212232
89	0.00148397941654
90	0.00147290337332
91	0.00146062486111
92	0.00144821633043
93	0.00142453310565
94	0.00142446446137
95	0.00140979048668
96	0.00141360896168
97	0.00139266882069
98	0.00138509615876
99	0.00137276175666
100	0.00136130366586
101	0.00134902445921
102	0.00134012299949
103	0.00133035539143
104	0.00132782584223
105	0.00132574334634
106	0.00132606643362
107	0.00132424202838
108	0.00132001502194
109	0.00131606557244
110	0.00131409667123
111	0.00131194402851
112	0.00130987643467
113	0.00130645324472
114	0.00129967074816
115	0.00129445316774
116	0.0012888086016
117	0.00128025572977
118	0.00127258215148
119	0.00127005267467
120	0.0012636880993
121	0.0012603706639
122	0.00125531532823
123	0.00124845781292
124	0.00124594969885
125	0.00124743634503
126	0.00124845758866
127	0.00124393947055
128	0.00123932112522
129	0.00123105781465
130	0.00122330224348
131	0.00121592912008
132	0.00121411297171
133	0.00121069069302
134	0.00120576806686
135	0.00119590165665
136	0.00119158385587
137	0.00118919111142
138	0.00118273486961
139	0.00117983813889
140	0.0011765371907
141	0.00116996874413
142	0.0011656419697
143	0.00115866940311
144	0.00115546119411
145	0.00114882060988
146	0.00114599090485
147	0.00114034710868
148	0.00113746168973
149	0.0011345838487
150	0.00113303287702
151	0.00112818153332
152	0.00112485690918
153	0.00112048091013
154	0.00111665662324
155	0.00111330456438
156	0.0011120812903
157	0.00110713386014
158	0.00110391173849
159	0.00110101328229
160	0.00109632643916
161	0.00109450835911
162	0.00108935077516
163	0.00108579216677
164	0.00108197626496
165	0.00107654310609
166	0.00107231067549
167	0.00106714668173
168	0.00106504091957
169	0.00106464585405
170	0.00106012398043
171	0.00105821426031
172	0.00105189984639
173	0.0010457920506
174	0.00104231966508
175	0.00103859610785
176	0.0010354359674
177	0.00103248680325
178	0.00102812778634
179	0.00102287408656
180	0.00101828148678
181	0.0010186522162
182	0.00101425745172
183	0.00101111369666
184	0.00100719635719
185	0.00100270151918
186	0.000996526895842
187	0.000993518300413
188	0.000988193452769
189	0.000983079525534
190	0.000981576880385
191	0.000977652530402
192	0.000971741756923
193	0.00096575643659
194	0.000964364286757
195	0.000960487190317
196	0.000959176031012
197	0.00095781759971
198	0.000955238967213
199	0.000952500340286
200	0.000949107956255
201	0.000944329034243
202	0.000939869131393
203	0.000936490254112
204	0.000934744315328
205	0.000933603250803
206	0.000928109254602
207	0.000923458403324
208	0.000917591625824
209	0.000914347023118
210	0.000911377436573
211	0.000908933141354
212	0.000906170605193
213	0.00090202183101
214	0.000896105764222
215	0.000892241779671
216	0.000886967018266
217	0.000884204574578
218	0.0008820704587
219	0.000879705356344
220	0.000876265447643
221	0.00087462249961
222	0.00087188671329
223	0.000870478799471
224	0.000868252002206
225	0.000862613455433
226	0.00085874184729
227	0.000854422754626
228	0.000850473667787
229	0.000850584873321
230	0.000847312714997
231	0.000843579285009
232	0.000841388529896
233	0.000837625047495
234	0.000831825480513
235	0.000829123261889
236	0.000825502471431
237	0.000822033622679
238	0.00081482124517
239	0.000809176425046
240	0.000804398551737
241	0.000803615522261
242	0.000803181317547
243	0.000799566865316
244	0.000797685074623
245	0.000795244397943
246	0.000791967418828
247	0.000789084675095
248	0.000785487925445
249	0.00078366692827
250	0.000778408184226
251	0.000774452576849
252	0.000770293731016
253	0.000767465437817
254	0.000764255856411
255	0.000760690762442
256	0.000759311490781
257	0.000753808580614
258	0.00075015369632
259	0.000746048677546
260	0.000741831953628
261	0.000740117990299
262	0.00073761473246
263	0.000734378534142
264	0.000728938591117
265	0.000727704182939
266	0.000725322006482
267	0.00072021789841
268	0.000716228912742
269	0.000712407839772
270	0.000710140038914
271	0.00070637427498
272	0.000701319340435
273	0.000698080605471
274	0.000694816895347
275	0.000692623205129
276	0.000689410726162
277	0.000687268633567
278	0.000685358765498
279	0.000680923147915
280	0.000676356759079
281	0.000671897438055
282	0.000667962004503
283	0.00066444445517
284	0.000660448268491
285	0.000657068641029
286	0.000653599943447
287	0.000651894853202
288	0.000648849908159
289	0.000643341140197
290	0.000642393514261
291	0.000641169964571
292	0.000637748894643
293	0.000634729420237
294	0.000632555539271
295	0.000630212676504
296	0.000631252087396
297	0.000629432373785
298	0.000626361777806
299	0.000626031933312
300	0.000622396429484
301	0.000618935772758
302	0.000615835715096
303	0.000613880738237
304	0.000614319188764
305	0.000612158379935
306	0.000610032617794
307	0.000607779138181
308	0.00061342895528
309	0.000622332635701
310	0.000630371066948
311	0.000637960916543
312	0.000648209300798
313	0.000654514071461
314	0.000664217381548
315	0.000669419294784
316	0.000671948554718
317	0.000675601010076
318	0.000677926263297
319	0.000675938239835
320	0.000679854814224
321	0.000682789176036
322	0.000684677593586
323	0.000687052795967
324	0.00068813277642
325	0.000687526473996
326	0.000687643758846
327	0.000688579632843
328	0.000689166440047
329	0.000688926137201
330	0.000688843991706
331	0.000685788408563
332	0.000687530147671
333	0.000686062137973
334	0.000683967568536
335	0.000684136516427
336	0.000682005778296
337	0.000680639019752
338	0.000680746882294
339	0.000679821536625
340	0.000674885345444
341	0.000677416658994
342	0.00067857865845
343	0.000678286408633
344	0.000677037746519
345	0.00067337722597
346	0.000674023345262
347	0.000674171076887
348	0.000673257388255
349	0.000669827531401
350	0.000668813278215
351	0.000665419894465
352	0.000666106899604
353	0.00066427365929
354	0.000662279424831
355	0.000658153216593
356	0.000653553054184
357	0.000657081636462
358	0.000660559408886
359	0.000660479552886
360	0.000659247830749
361	0.000657018490414
362	0.000655939257094
363	0.000654624856625
364	0.00065099363211
365	0.000648134428175
366	0.000646513790435
367	0.000645749603843
368	0.00064530570021
369	0.000645255302268
370	0.000644082938006
371	0.00064617000281
372	0.000642649477425
373	0.000646209806141
374	0.00064110171457
375	0.00064496538699
376	0.000647846996129
377	0.000648706429819
378	0.000647654365048
379	0.000646964260216
380	0.000645941567655
381	0.000642092841182
382	0.000644363304094
383	0.000635652348792
384	0.000644242978041
385	0.000647929758776
386	0.000649708475101
387	0.000651289140788
388	0.000652658643862
389	0.000653476329205
390	0.000653450724961
391	0.000650513373
392	0.000651461407353
393	0.000654713752096
394	0.000655795900557
395	0.000652192812317
396	0.000652489225149
397	0.000655220917238
398	0.000656847588704
399	0.000650463323451
400	0.000658100234806
401	0.000661355915498
402	0.00065947060153
403	0.000660277980076
404	0.000663692786638
405	0.000662509001986
406	0.000663436231917
407	0.000665450746912
408	0.000661840248291
409	0.00066542574978
410	0.000663338589305
411	0.000669388210447
412	0.000669872798288
413	0.000672345719572
414	0.000673457330111
415	0.000675119439827
416	0.000675802215315
417	0.000676923718998
418	0.000677132065659
419	0.000677577354407
420	0.000678099657549
421	0.000679338632481
422	0.000681196704772
423	0.000684241190536
424	0.000685289377979
425	0.000684226945053
426	0.00068936543606
427	0.000689055617026
428	0.00068528734961
429	0.000688101935844
430	0.000688429339146
431	0.000682420071015
432	0.000687784409912
433	0.000688339079856
434	0.000692662304484
435	0.000697303576352
436	0.000699947592176
437	0.000700259820251
438	0.000699391910445
439	0.000698375941552
440	0.000700713247713
441	0.000702398543909
442	0.000701155396661
443	0.000704468808744
444	0.00070592493776
445	0.000704680082355
446	0.000699539594404
447	0.00070375088254
448	0.000704508609081
449	0.000704451919717
450	0.000705535981002
451	0.000705472799803
452	0.000699924660188
453	0.000703733522069
454	0.000694260987422
455	0.00069863488419
456	0.00069662983073
457	0.00069484405256
458	0.00069704321468
459	0.000696944691706
460	0.000694986885847
461	0.000690981365173
462	0.000690832569465
463	0.000695195595417
464	0.000699230003757
465	0.000706887276021
466	0.000710173630403
467	0.000708108576081
468	0.000715382603362
469	0.000721972368229
470	0.000726599752549
471	0.000727265223208
472	0.000731207379875
473	0.000728155612837
474	0.000732470201684
475	0.000731230635095
476	0.000734481248927
477	0.000736137190569
478	0.000738801121414
479	0.000739038005843
480	0.000741247891685
481	0.000738267480413
482	0.000743928855712
483	0.000745038217198
484	0.000747410182389
485	0.000743787705551
486	0.000746306674855
487	0.000745150107573
488	0.000747513696255
489	0.000747887965533
490	0.000746290969074
491	0.000748745702637
492	0.000739245854353
493	0.000776625651988
494	0.000793463604058
495	0.000803105856081
496	0.000809695147863
497	0.000814723952269
498	0.00081881469095
499	0.000822326314375
500	0.000825419168084
501	0.000828241205874
502	0.000830839203694
503	0.000833300281758
504	0.000835592451981
505	0.000837777670153
506	0.000839976127219
507	0.000842083988691
508	0.000844083702906
509	0.000846003207964
510	0.000847946889694
511	0.000849822834858
512	0.000851603748084
513	0.000853317143027
514	0.000855065444957
515	0.000856762801284
516	0.000858399920062
517	0.00085999165141
518	0.000861600590751
519	0.000863167913636
520	0.000864743365682
521	0.000866321417265
522	0.000867903536492
523	0.000869474665842
524	0.000871033372225
525	0.000872573882406
526	0.0008741026301
527	0.000875620136779
528	0.000877123022962
529	0.000878606903455
530	0.000880069779307
531	0.000881511197776
532	0.000882934305532
533	0.000884344367958
534	0.000885744749901
535	0.000887141534506
536	0.00088853881477
537	0.000889941858914
538	0.000891350266112
539	0.000892763268604
540	0.000894183819206
541	0.000895612088692
542	0.000897037107907
543	0.000898454370827
544	0.000899860368567
545	0.000901252320125
546	0.000902628815663
547	0.000903989978982
548	0.000905337392812
549	0.000906672587695
550	0.000908002294338
551	0.000909328569786
552	0.000910659545558
553	0.000911996002211
554	0.000913344496127
555	0.000914700265954
556	0.000916062462393
557	0.000917437489936
558	0.000918818882439
559	0.000920201214652
560	0.000921576417167
561	0.000922941228323
562	0.000924293420204
563	0.000925633429748
564	0.000926960108744
565	0.000928275696353
566	0.000929584778893
567	0.000930890251705
568	0.000932197109544
569	0.000933510163737
570	0.000934834078957
571	0.000936169488326
572	0.000937514744574
573	0.000938869381425
574	0.000940241649805
575	0.000941616007179
576	0.000942988186552
577	0.000944352624998
578	0.000945706808946
579	0.000947050133148
580	0.000948380862062
581	0.000949700643928
582	0.000951013708887
583	0.000952322892464
584	0.000953632998625
585	0.000954950172425
586	0.000956276819511
587	0.000957616427147
588	0.000958967689542
589	0.000960328939948
590	0.00096170914993
591	0.000963095818859
592	0.000964485007576
593	0.000965868432686
594	0.000967242272068
595	0.000968606154111
596	0.00096995912945
597	0.000971300715922
598	0.00097263550675
599	0.000973966010709
600	0.000975296211674
601	0.000976633079713
602	0.000977978686601
603	0.000979338057965
604	0.000980709604638
605	0.000982092954377
606	0.000983494499862
607	0.0009849077556
608	0.000986324322794
609	0.000987736229173
610	0.000989140082677
611	0.000990535374189
612	0.000991919711805
613	0.000993293562903
614	0.000994660352191
615	0.000996022679632
616	0.000997384917488
617	0.000998753298336
618	0.00100013058689
619	0.00100152216844
620	0.00100292757135
621	0.00100434722681
622	0.00100578358514
623	0.00100723431659
624	0.00100868809798
625	0.00101013754815
626	0.00101157978369
627	0.00101301461811
628	0.0010144393895
629	0.00101585421413
630	0.0010172633301
631	0.00101866734569
632	0.00102007145675
633	0.00102148327998
634	0.00102290421575
635	0.00102433976422
636	0.00102578955582
637	0.00102725282127
638	0.00102873381821
639	0.00103022950159
640	0.00103172828388
641	0.00103322349047
642	0.00103471248521
643	0.00103619232205
644	0.00103766261471
645	0.00103912808967
646	0.0010405837525
647	0.00104203507472
648	0.00104348737274
649	0.00104494665478
650	0.0010464185972
651	0.00104790667842
652	0.00104940954827
653	0.00105092460366
654	0.00105246194482
655	0.00105400992703
656	0.00105556173756
657	0.0010571097174
658	0.00105865093641
659	0.00106018276974
660	0.00106170508771
661	0.0010632207842
662	0.00106473188215
663	0.00106624111187
664	0.00106775395334
665	0.00106927612521
666	0.00107081209454
667	0.00107236313753
668	0.00107392663621
669	0.00107550471304
670	0.00107710738357
671	0.00107871610729
672	0.00108032612288
673	0.00108193269839
674	0.00108353178634
675	0.00108512249992
676	0.00108670489018
677	0.0010882830326
678	0.00108985683339
679	0.00109143187385
680	0.00109301409949
681	0.00109460639727
682	0.00109621413325
683	0.00109783547078
684	0.00109947045352
685	0.00110112578742
686	0.00110279722075
687	0.00110447336832
688	0.00110614890458
689	0.00110781813563
690	0.00110948045649
691	0.00111113465893
692	0.00111278302146
693	0.00111442618713
694	0.00111606998747
695	0.00111769081935
696	0.00111931859619
697	0.00112108643379
698	0.001122801397
699	0.0011243481909
700	0.001126138153
701	0.00112790730977
702	0.0011296759932
703	0.00113135800145
704	0.00113316610092
705	0.00113490117131
706	0.0011366269427
707	0.00113828556175
708	0.00114007221888
709	0.00114179434067
710	0.00114346011804
711	0.00114525694058
712	0.00114700836312
713	0.00114870495112
714	0.00115054742363
715	0.00115239471747
716	0.00115410316192
717	0.00115591290528
718	0.00115783732285
719	0.00115966719821
720	0.00116137640322
721	0.00116319588568
722	0.00116505922306
723	0.00116693907807
724	0.00116871324015
725	0.00117041806424
726	0.00117226504417
727	0.0011741659729
728	0.0011759599596
729	0.00117783140624
730	0.00117976594224
731	0.00118159166492
732	0.00118351193918
733	0.00118548972634
734	0.00118733605648
735	0.00118936949433
736	0.0011911503219
737	0.00119302802966
738	0.00119502746323
739	0.00119685150609
740	0.00119877746448
741	0.00120070353312
742	0.00120268116166
743	0.00120453023049
744	0.00120648145468
745	0.00120846495525
746	0.00121060617146
747	0.00121248295461
748	0.0012144531025
749	0.00121657655046
750	0.00121849846028
751	0.00122051092548
752	0.0012225361721
753	0.00122455045945
754	0.00122655126933
755	0.00122860403527
756	0.00123051589328
757	0.00123253436658
758	0.00123460517225
759	0.00123669074408
760	0.00123877357945
761	0.00124087983237
762	0.00124299374675
763	0.00124511348737
764	0.00124722988978
765	0.00124934517417
766	0.00125145647218
767	0.00125356431626
768	0.001255674191
769	0.00125778788896
770	0.00125990868791
771	0.00126204303204
772	0.00126419123623
773	0.00126635219965
774	0.00126852829476
775	0.00127072839732
776	0.00127295335707
777	0.00127518818932
778	0.00127742311671
779	0.0012796572149
780	0.00128188916696
781	0.00128411744138
782	0.00128634486806
783	0.00128857482298
784	0.0012908084431
785	0.00129305237355
786	0.0012953119017
787	0.00129758303775
788	0.00129986809799
789	0.00130217439709
790	0.00130451417093
791	0.0013068659685
792	0.00130922390679
793	0.00131158216677
794	0.00131393971489
795	0.00131629542142
796	0.00131865059835
797	0.00132100777922
798	0.00132336902416
799	0.00132573981964
800	0.00132812688682
801	0.00133052517883
802	0.00133293706735
803	0.00133537099803
804	0.00133783591475
805	0.00134031878483
806	0.0013428105611
807	0.00134530376535
808	0.00134779723896
809	0.00135029031408
810	0.00135278213495
811	0.00135527674779
812	0.00135777588452
813	0.00136028479283
814	0.00136280336215
815	0.00136534886975
816	0.00136789487496
817	0.00137046230204
818	0.00137307336168
819	0.00137569136701
820	0.00137831909042
821	0.00138095228228
822	0.00138357910994
823	0.00138620931019
824	0.0013888371613
825	0.00139147047074
826	0.00139410971689
827	0.00139676174901
828	0.00139942777318
829	0.0014021065145
830	0.00140479929437
831	0.00140751646623
832	0.00141026766586
833	0.00141303550517
834	0.00141581005876
835	0.00141859015309
836	0.00142137256562
837	0.00142415484343
838	0.0014269391647
839	0.0014297300789
840	0.00143253085446
841	0.00143534638774
842	0.00143817545982
843	0.00144101552342
844	0.00144387110979
845	0.00144675601316
846	0.0014496724106
847	0.00145260123413
848	0.00145553697911
849	0.00145847889729
850	0.00146142258317
851	0.00146436760831
852	0.00146732094278
853	0.00147028498215
854	0.00147326038136
855	0.00147625080028
856	0.00147924997153
857	0.00148226238777
858	0.00148529677521
859	0.00148836443124
860	0.00149145082958
861	0.0014945384895
862	0.00149762488371
863	0.00150070492191
864	0.00150378060134
865	0.00150685526756
866	0.00150993216453
867	0.00151300995713
868	0.00151609270422
869	0.00151917346424
870	0.00152225589284
871	0.00152534175943
872	0.00152844601146
873	0.00153156343245
874	0.0015346819878
875	0.00153779520157
876	0.00154089446403
877	0.0015439829639
878	0.00154706087197
879	0.00155013148026
880	0.00155318943123
881	0.00155623727237
882	0.00155926500511
883	0.00156227544488
884	0.00156526371623
885	0.0015682418461
886	0.0015712019567
887	0.00157412241028
888	0.00157694415066
889	0.00157888789478
890	0.00158004101756
891	0.00158099992473
892	0.00158180957778
893	0.00158249640778
894	0.00158307234362
895	0.00158354955627
896	0.00158393735628
897	0.00158425963964
898	0.00158454855114
899	0.00158480386128
900	0.00158502033273
901	0.00158517460759
902	0.00158527875093
903	0.00158533633054
904	0.00158536096453
905	0.00158534933952
906	0.00158530276681
907	0.00158521752571
908	0.00158510759689
909	0.00158496483912
910	0.00158480025289
911	0.00158463796505
912	0.00158447250575
913	0.00158428774402
914	0.00158406154142
915	0.00158380607238
916	0.00158352119652
917	0.0015832148885
918	0.00158287751634
919	0.00158251804265
920	0.00158214058081
921	0.00158174047862
922	0.00158131648263
923	0.00158088084576
924	0.00158046421245
925	0.00158003867424
926	0.0015795905873
927	0.00157911480179
928	0.00157861223629
929	0.00157808568977
930	0.00157752570052
931	0.00157694187802
932	0.00157634474604
933	0.00157573915203
934	0.00157512092606
935	0.00157449059553
936	0.00157386949153
937	0.00157326017894
938	0.00157264051462
939	0.0015719920939
940	0.00157130902686
941	0.00157060251701
942	0.00156987651677
943	0.00156912782263
944	0.00156836427856
945	0.00156759374024
946	0.00156681906082
947	0.00156603359937
948	0.00156524099557
949	0.00156447439299
950	0.00156369622101
951	0.00156290158364
952	0.00156208071205
953	0.00156123807858
954	0.00156037290192
955	0.00155948933567
956	0.00155859531906
957	0.00155768892123
958	0.00155677969813
959	0.00155586216372
960	0.00155493943598
961	0.00155402753017
962	0.00155312493628
963	0.00155221380427
964	0.00155128050493
965	0.00155032419935
966	0.00154934747182
967	0.00154834793516
968	0.00154733490056
969	0.00154630916345
970	0.0015452816618
971	0.00154425062498
972	0.00154321319081
973	0.00154218148014
974	0.00154117673539
975	0.00154017065167
976	0.00153914473306
977	0.00153809671801
978	0.00153702307724
979	0.00153593298222
980	0.00153482860754
981	0.00153370758375
982	0.00153258334694
983	0.00153145588736
984	0.00153032570018
985	0.00152920140204
986	0.00152809653235
987	0.00152701039523
988	0.00152591212997
989	0.00152478506607
990	0.00152363587849
991	0.00152246594831
992	0.00152127950427
993	0.00152007745455
994	0.00151886401503
995	0.00151765086898
996	0.00151643635759
997	0.00151522771744
998	0.0015140316217
999	0.00151287027112
1000	0.00151170142935
1001	0.00151051315063
1002	0.00150930453072
1003	0.00150806859144
1004	0.00150683526837
1005	0.00150563133737
1006	0.00150422920068
1007	0.00150295536042
1008	0.001501697355
1009	0.00150040962772
1010	0.00149924241666
1011	0.00149787116291
1012	0.00149670818178
1013	0.00149541752876
1014	0.00149421485877
1015	0.00149287554724
1016	0.0014916205694
1017	0.00149023786463
1018	0.00148892130056
1019	0.00148759824778
1020	0.0014862418885
1021	0.00148499089195
1022	0.00148352440693
1023	0.00148226748177
1024	0.00148092746308
1025	0.00147964997113
1026	0.00147835002153
1027	0.001477125968
1028	0.00147564859713
1029	0.00147429237005
1030	0.00147291634344
1031	0.00147162762417
1032	0.00147010708178
1033	0.0014687288572
1034	0.00146734873071
1035	0.00146600883688
1036	0.00146460054644
1037	0.00146337385133
1038	0.00146190306218
1039	0.0014605594423
1040	0.00145918535023
1041	0.00145781666279
1042	0.00145635307948
1043	0.00145496466309
1044	0.0014534920716
1045	0.00145204349795
1046	0.00145061494572
1047	0.00144914129457
1048	0.00144776935724
1049	0.00144633826235
1050	0.00144496096885
1051	0.00144358573286
1052	0.00144214449382
1053	0.00144077092458
1054	0.00143929643825
1055	0.00143788145593
1056	0.00143636948605
1057	0.00143492088026
1058	0.00143339176394
1059	0.00143194830377
1060	0.00143043593694
1061	0.00142900770671
1062	0.00142751227424
1063	0.00142612040827
1064	0.00142465277983
1065	0.00142325233584
1066	0.00142176200242
1067	0.00142032946413
1068	0.0014187428358
1069	0.00141734215534
1070	0.00141578979142
1071	0.00141426262809
1072	0.00141269212965
1073	0.0014112139978
1074	0.0014096199805
1075	0.0014082384093
1076	0.00140673966123
1077	0.0014052929327
1078	0.00140376980948
1079	0.00140233728812
1080	0.00140079952413
1081	0.00139933284223
1082	0.00139775251494
1083	0.00139625027041
1084	0.00139463898825
1085	0.0013931205099
1086	0.00139151928957
1087	0.00139001775887
1088	0.00138843507171
1089	0.00138695340041
1090	0.00135752134767
1091	0.00136090565916
1092	0.00133806242276
1093	0.00132359770016
1094	0.00131230866624
1095	0.00130695147215
1096	0.00130602276767
1097	0.00130717181007
1098	0.00130823334327
1099	0.00130865026756
1100	0.00130802887512
1101	0.00130664108214
1102	0.00130483517063
1103	0.00130296968054
1104	0.00130119469082
1105	0.00129956189111
1106	0.00129804702651
1107	0.0012965687087
1108	0.00129508970536
1109	0.00129351609179
1110	0.00129194042456
1111	0.00129044224108
1112	0.00128885746279
1113	0.00128724452607
1114	0.00128568351477
1115	0.00128400907761
1116	0.00128242596739
1117	0.0012808437967
1118	0.0012792521756
1119	0.00127777970249
1120	0.00127628809357
1121	0.00127480397152
1122	0.00127332787605
1123	0.00127185351301
1124	0.00127037600926
1125	0.00126888533004
1126	0.00126737760973
1127	0.00126585112112
1128	0.00126430701525
1129	0.00126274471924
1130	0.00126117181751
1131	0.00125959385748
1132	0.00125801961202
1133	0.00125644956264
1134	0.00125488627339
1135	0.00125333006857
1136	0.00125178255501
1137	0.00125025129715
1138	0.00124874285867
1139	0.00124724214871
1140	0.00124574271213
1141	0.00124423444918
1142	0.0012427135284
1143	0.00124117750957
1144	0.00123962799834
1145	0.00123806410964
1146	0.00123648882361
1147	0.0012349092601
1148	0.00123333028165
1149	0.00123175240843
1150	0.00123017587377
1151	0.00122860225654
1152	0.00122703395544
1153	0.00122547439892
1154	0.00122393298812
1155	0.00122240425932
1156	0.00122088023701
1157	0.00121935069795
1158	0.00121781055627
1159	0.00121625838311
1160	0.00121469123882
1161	0.0012131113862
1162	0.00121151876315
1163	0.00120991710532
1164	0.00120831573809
1165	0.00120671388283
1166	0.00120511509138
1167	0.00120351762423
1168	0.00120192339605
1169	0.00120033474209
1170	0.00119875251685
1171	0.00119718586507
1172	0.00119563120509
1173	0.0011940815047
1174	0.00119252662293
1175	0.00119095952653
1176	0.00118937967773
1177	0.00118778597589
1178	0.00118618068975
1179	0.00118456290644
1180	0.00118293376729
1181	0.0011813010124
1182	0.00117967568077
1183	0.00117804491987
1184	0.00117641621119
1185	0.00117479075612
1186	0.00117317005781
1187	0.00117155494233
1188	0.00116994839079
1189	0.00116835791546
1190	0.00116678063422
1191	0.00116519526851
1192	0.00116360166351
1193	0.00116199826032
1194	0.00116038148572
1195	0.00115875861405
1196	0.00115711629603
1197	0.00115545995175
1198	0.0011537969927
1199	0.00115214032721
1200	0.00115047329221
1201	0.00114880892102
1202	0.00114714407723
1203	0.00114548993714
1204	0.0011438281382
1205	0.00114217863532
1206	0.00114053028397
1207	0.0011388986023
1208	0.00113727099435
1209	0.00113565325746
1210	0.0011340162429
1211	0.00113237622691
1212	0.0011307137697
1213	0.00112904980059
1214	0.00112736645909
1215	0.00112567051372
1216	0.00112397620788
1217	0.00112226856504
1218	0.00112056611432
1219	0.00111885488465
1220	0.001117153298
1221	0.00111544433724
1222	0.00111374552025
1223	0.0011120506225
1224	0.00111035658182
1225	0.00110867495489
1226	0.00110700846562
1227	0.00110534600822
1228	0.00110366685123
1229	0.00110198509539
1230	0.0011002931611
1231	0.00109858071669
1232	0.00109686406405
1233	0.00109513435139
1234	0.00109338423544
1235	0.00109163477713
1236	0.00108988391184
1237	0.00108812146001
1238	0.00108636509405
1239	0.00108460714087
1240	0.00108284901081
1241	0.00108108478398
1242	0.00107933146184
1243	0.00107758483104
1244	0.00107585195304
1245	0.00107412361379
1246	0.00107238813445
1247	0.00107065457165
1248	0.00106891033747
1249	0.0010671545317
1250	0.00106538734842
1251	0.00106360878672
1252	0.00106181086575
1253	0.00106001221953
1254	0.00105820625811
1255	0.00105639513349
1256	0.00105458104164
1257	0.00105276456721
1258	0.00105094894337
1259	0.00104913395179
1260	0.00104732217671
1261	0.00104551607211
1262	0.00104371062875
1263	0.00104192686902
1264	0.0010401476779
1265	0.00103836885202
1266	0.00103658425687
1267	0.00103479182216
1268	0.00103299026625
1269	0.00103117893621
1270	0.00102935808715
1271	0.00102752663525
1272	0.00102568535255
1273	0.00102383615829
1274	0.00102198151266
1275	0.00102012657628
1276	0.00101826954768
1277	0.00101641149868
1278	0.00101455519427
1279	0.00101270075823
1280	0.00101084967162
1281	0.00100900480977
1282	0.0010071690143
1283	0.00100534376035
1284	0.00100351996436
1285	0.00100169305515
1286	0.000999860809551
1287	0.000998019654281
1288	0.000996168238225
1289	0.00099430690714
1290	0.000992433573384
1291	0.000990550960952
1292	0.000988660516769
1293	0.000986763053214
1294	0.000984863735985
1295	0.000982965713179
1296	0.000981065942041
1297	0.000979164786011
1298	0.000977265055965
1299	0.000975367611232
1300	0.000973473451508
1301	0.000971586422804
1302	0.000969713336234
1303	0.000967846257585
1304	0.00096597912279
1305	0.000964108564127
1306	0.000962232211415
1307	0.000960348272691
1308	0.000958454746199
1309	0.000956550488603
1310	0.000954636664764
1311	0.000952713851652
1312	0.000950784262821
1313	0.000948848352226
1314	0.000946907998805
1315	0.000944968843888
1316	0.000943027459329
1317	0.000941089313877
1318	0.000939152379112
1319	0.000937215999568
1320	0.000935285870753
1321	0.000933361181893
1322	0.000931451713786
1323	0.000929542883841
1324	0.000927636609417
1325	0.000925725219185
1326	0.000923805125078
1327	0.000921879694573
1328	0.000919946109657
1329	0.000918005297971
1330	0.000916055095343
1331	0.000914095205493
1332	0.000912129109647
1333	0.000910156784245
1334	0.000908186657635
1335	0.000906215312825
1336	0.000904240606847
1337	0.000902267041815
1338	0.000900293578566
1339	0.000898325343985
1340	0.00089635919657
1341	0.00089440269615
1342	0.000892458896569
1343	0.000890513125903
1344	0.000888569833021
1345	0.000886621052334
1346	0.000884667433187
1347	0.000882703309258
1348	0.000880734170772
1349	0.000878753082178
1350	0.000876765861834
1351	0.000874768016467
1352	0.000872765312988
1353	0.000870755347692
1354	0.00086874735961
1355	0.000866733684664
1356	0.000864721996109
1357	0.00086270841555
1358	0.000860699022673
1359	0.0008586912208
1360	0.000856688981061
1361	0.000854691616021
1362	0.000852706470954
1363	0.000817948245076
1364	0.000820111337987
1365	0.000826540788956
1366	0.000804197377642
1367	0.000782350211576
1368	0.000797047514296
1369	0.000782763397202
1370	0.00077130528182
1371	0.000759619263194
1372	0.000752364761815
1373	0.000748663129302
1374	0.000747985008812
1375	0.000748340442596
1376	0.00074842095681
1377	0.000747812025364
1378	0.000746475266774
1379	0.000744633102922
1380	0.000742580930107
1381	0.000740524137911
1382	0.000738575711215
1383	0.00073673228996
1384	0.000734959199946
1385	0.000733217031831
1386	0.000731468854712
1387	0.000729695204304
1388	0.000727894617319
1389	0.000726075331063
1390	0.000724242138785
1391	0.000722407850765
1392	0.000720582717846
1393	0.000718766021051
1394	0.000716958109947
1395	0.000715160797667
1396	0.000713375821176
1397	0.000711600899225
1398	0.0007098338702
1399	0.000708072975948
1400	0.000706319592949
1401	0.000704575371597
1402	0.000702838016212
1403	0.000701098625491
1404	0.00069935814342
1405	0.000697611511606
1406	0.000695856627917
1407	0.000694093262221
1408	0.000692320630064
1409	0.000690539614378
1410	0.000688754308266
1411	0.000686962338328
1412	0.000685168727819
1413	0.000683375332458
1414	0.000681583604077
1415	0.000679795225867
1416	0.000678030947607
1417	0.000676208449432
1418	0.000674439688412
1419	0.000672687829166
1420	0.000670927764865
1421	0.000669164936613
1422	0.000667407817792
1423	0.000665649274809
1424	0.000663891871095
1425	0.000662131611022
1426	0.000660385666518
1427	0.000658572516293
1428	0.000656798765601
1429	0.000655028200902
1430	0.000653239425103
1431	0.000651439000974
1432	0.000649635250561
1433	0.000647831694321
1434	0.000646031109102
1435	0.000644250092937
1436	0.000642419959983
1437	0.000640632173555
1438	0.000638861880737
1439	0.000637083078439
1440	0.000635297251502
1441	0.000633515030855
1442	0.000631738813901
1443	0.000629976902686
1444	0.000628196516933
1445	0.000626397139309
1446	0.00062459928894
1447	0.000622803826614
1448	0.000621005796376
1449	0.000619201148593
1450	0.000617390627489
1451	0.000615531407797
1452	0.000613749593477
1453	0.000611956365728
1454	0.000610139801696
1455	0.000608312143004
1456	0.000606478082683
1457	0.000604655426324
1458	0.000602842779261
1459	0.000601035726777
1460	0.000599231372331
1461	0.000597428919581
1462	0.00059562358686
1463	0.000593813379668
1464	0.000591997184418
1465	0.0005901748728
1466	0.000588345927306
1467	0.00058651231754
1468	0.00058467325526
1469	0.000582830418836
1470	0.000580984822166
1471	0.000579136532991
1472	0.000577286542144
1473	0.000575436483846
1474	0.000573587339643
1475	0.000571739700809
1476	0.000569894643146
1477	0.00056804908456
1478	0.000566202379606
1479	0.000564358230502
1480	0.000562514466483
1481	0.000560668631809
1482	0.000558819446833
1483	0.000556963673907
1484	0.000555100834484
1485	0.000553231530452
1486	0.000551355522494
1487	0.000549475265508
1488	0.000547592787508
1489	0.000545708571087
1490	0.000543821612738
1491	0.000541933005708
1492	0.000540043724161
1493	0.000538155275419
1494	0.000536268409889
1495	0.000534380690391
1496	0.000532491927102
1497	0.000530602492044
1498	0.000528714417147
1499	0.000526821007544
1500	0.00052492563027
1501	0.000523024841027
1502	0.000521116072885
1503	0.000519200001584
1504	0.000517276896739
1505	0.000515348058293
1506	0.000513414646369
1507	0.000511478401253
1508	0.000509540627921
1509	0.000507601873497
1510	0.000505663810906
1511	0.000503725831322
1512	0.000501786735325
1513	0.000499847032536
1514	0.000497898535866
1515	0.000495954737405
1516	0.000494004716538
1517	0.000492045102825
1518	0.000490073807908
1519	0.00048809138124
1520	0.000486091558377
1521	0.000484083705854
1522	0.000482067022849
1523	0.000480044778179
1524	0.000478024160612
1525	0.000476004278943
1526	0.00047400030635
1527	0.000472010087072
1528	0.000470033901004
1529	0.000468066703433
1530	0.000466096504942
1531	0.000464128013889
1532	0.000462159970676
1533	0.000460185658058
1534	0.000458211626828
1535	0.00045623336961
1536	0.00045426688624
1537	0.00045231684169
1538	0.000450388386292
1539	0.0004484859987
1540	0.000446603335631
1541	0.0004447427813
1542	0.000442890248636
1543	0.000441036665013
1544	0.000439174898562
1545	0.000437293772414
1546	0.000435398861531
1547	0.000433485998333
1548	0.000431549868429
1549	0.000429594986269
1550	0.000427619978748
1551	0.000425625501672
1552	0.000423609701843
1553	0.000421575076069
1554	0.000419524001936
1555	0.000417455825974
1556	0.000415377937072
1557	0.000413287094149
1558	0.000411179459071
1559	0.000409058959264
1560	0.000406920491254
1561	0.000404772820342
1562	0.000402612927849
1563	0.000400443257054
1564	0.000398274027103
1565	0.000396087542961
1566	0.000393890401261
1567	0.000391680256961
1568	0.000389459454912
1569	0.000387224493245
1570	0.000384970955287
1571	0.000382706509109
1572	0.000380425311804
1573	0.000345015002074
1574	0.000347061051743
1575	0.000354351171159
1576	0.000331251970416
1577	0.000308632736212
1578	0.000324706722816
1579	0.000310446104024
1580	0.00029874812037
1581	0.000322334527042
1582	0.000311353864882
1583	0.000299602651454
1584	0.000286492227342
1585	0.000277668551814
1586	0.000273469842772
1587	0.000272668006305
1588	0.000273480178565
1589	0.000274425920746
1590	0.00027466258982
1591	0.000274220336958
1592	0.000273230308606
1593	0.000271894851316
1594	0.000270450454466
1595	0.000269026226474
1596	0.000267680762808
1597	0.000266414087085
1598	0.000265198588412
1599	0.000263998625757
1600	0.000262788472532
1601	0.000261555687773
1602	0.000260301205067
1603	0.000259026692819
1604	0.000257733408726
1605	0.00025643221951
1606	0.000255127199057
1607	0.00025381763712
1608	0.000252504152295
1609	0.000251184490924
1610	0.000249863690628
1611	0.000248551870345
1612	0.000247213641071
1613	0.000245872037866
1614	0.000244512367515
1615	0.000243191805301
1616	0.000241845045
1617	0.000240549620866
1618	0.000239192266506
1619	0.000237879901827
1620	0.000236502969991
1621	0.000235177805917
1622	0.000233786473687
1623	0.000232465293175
1624	0.000231089822771
1625	0.000229746278537
1626	0.000228357778221
1627	0.000226990312061
1628	0.000225612996092
1629	0.000224248341251
1630	0.00022286115439
1631	0.000221471690234
1632	0.000220074916952
1633	0.000218677366383
1634	0.000217270561361
1635	0.000215866600628
1636	0.000214466392835
1637	0.000213037815929
1638	0.000211616094662
1639	0.00021015632039
1640	0.000208712375715
1641	0.000207234917446
1642	0.000205808973101
1643	0.000204317031062
1644	0.000202865705524
1645	0.000201325688629
1646	0.00019985456714
1647	0.000198287612894
1648	0.000196792800634
1649	0.000195174926084
1650	0.000193654255341
1651	0.000192023713309
1652	0.000190483346652
1653	0.000188795775267
1654	0.000187208496086
1655	0.000185465193734
1656	0.000183823325576
1657	0.000182037063344
1658	0.000180374599693
1659	0.000178572384468
1660	0.000176870319459
1661	0.000174990597468
1662	0.000173193717377
1663	0.000171309126597
1664	0.000169841750107
1665	0.000168438604569
1666	0.000167292541237
1667	0.000166220143313
1668	0.000165659850831
1669	0.000165231898406
1670	0.000164904318846
1671	0.000164457466609
1672	0.000164114306277
1673	0.00016368304723
1674	0.000163285237684
1675	0.000163004506608
1676	0.000162591494504
1677	0.000162241020047
1678	0.000162003009461
1679	0.000161676617734
1680	0.000161602523121
1681	0.000162225859489
1682	0.000162802892287
1683	0.000163182553318
1684	0.000163492699915
1685	0.000163820881122
1686	0.000164339290002
1687	0.000164802187635
1688	0.000165332414935
1689	0.000165921100965
1690	0.000166439738536
1691	0.000166976228107
1692	0.000167547800362
1693	0.000168066302054
1694	0.000168573618702
1695	0.000169088907777
1696	0.000169535600083
1697	0.000169968518581
1698	0.000170396926005
1699	0.000170811678695
1700	0.000171203143685
1701	0.00017160255802
1702	0.000171987744793
1703	0.000172361411276
1704	0.000172720225123
1705	0.000173080234028
1706	0.000173416382132
1707	0.000173754746984
1708	0.000174081828821
1709	0.000174509019
1710	0.000174802073335
1711	0.0001751035621
1712	0.000175378303551
1713	0.00017562552828
1714	0.000175832755246
1715	0.00017600484949
1716	0.000176147827686
1717	0.000176262241568
1718	0.000176345090638
1719	0.000176392435023
1720	0.000176383939863
1721	0.000176328075055
1722	0.000176465214013
1723	0.000176549023392
1724	0.000176625126292
1725	0.000176458059922
1726	0.000176305174389
1727	0.000176154059675
1728	0.000175949364155
1729	0.000175651123825
1730	0.000175202849449
1731	0.000174842845496
1732	0.000174674676075
1733	0.000174993458519
1734	0.000175401686941
1735	0.000175776843848
1736	0.000176516424393
1737	0.000177898412762
1738	0.000179488831658
1739	0.000180812130158
1740	0.000181950170318
1741	0.000183658212167
1742	0.000185815101351
1743	0.000187905429717
1744	0.00018958858317
1745	0.00019100938555
1746	0.000192149615882
1747	0.000193304674679
1748	0.000194398081478
1749	0.000195345440977
1750	0.000196255473378
1751	0.000197061418349
1752	0.000197821867728
1753	0.000198473865515
1754	0.000199154602488
1755	0.000199838538594
1756	0.000200396542991
1757	0.000200886352825
1758	0.000201396739001
1759	0.000201928222062
1760	0.000202366417231
1761	0.000202759682788
1762	0.00020316903127
1763	0.000203586791904
1764	0.000203940090181
1765	0.000204254816012
1766	0.000204585566381
1767	0.000204909408578
1768	0.000205201677766
1769	0.000205457195939
1770	0.000205723957155
1771	0.000205975212588
1772	0.000206214831306
1773	0.000206421577415
1774	0.000206637409485
1775	0.000206832155845
1776	0.000207027357876
1777	0.000207191570568
1778	0.000207364407051
1779	0.000207513245931
1780	0.000207670568795
1781	0.000207797101393
1782	0.000207934478865
1783	0.000208065645166
1784	0.000208148572714
1785	0.000208268114966
1786	0.00020838010345
1787	0.000208447796895
1788	0.000208539974829
1789	0.000208627570125
1790	0.000208666476877
1791	0.000208741360431
1792	0.000208811624199
1793	0.00020883506974
1794	0.000208891923061
1795	0.000208943843481
1796	0.000208945353925
1797	0.000208991207264
1798	0.000209028389599
1799	0.000209051551667
1800	0.000209008813717
1801	0.000209038811678
1802	0.000209061284526
1803	0.000209070750674
1804	0.000209016978472
1805	0.000209022187872
1806	0.000209023144412
1807	0.000209013471754
1808	0.00020898918672
1809	0.000208954622175
1810	0.000208915551378
1811	0.00020881085099
1812	0.000208804481711
1813	0.000208792001119
1814	0.000208765368104
1815	0.000208720104801
1816	0.000208660263178
1817	0.000208593175533
1818	0.000208524736178
1819	0.000208457362715
1820	0.000208390565103
1821	0.000208322659967
1822	0.000208252065778
1823	0.000208177880338
1824	0.000208099916263
1825	0.000208018497869
1826	0.000207934092241
1827	0.000207847154427
1828	0.000207757931329
1829	0.000207666523978
1830	0.00020757292101
1831	0.000207477084703
1832	0.000207378931997
1833	0.000207278429996
1834	0.000207175553885
1835	0.000207079183605
1836	0.000206961491757
1837	0.000206847687546
1838	0.000206734545597
1839	0.000206622502164
1840	0.000206509118449
1841	0.000206393176681
1842	0.000206274333313
1843	0.00020615279087
1844	0.000206028958573
1845	0.000205903176141
1846	0.000205775629145
1847	0.000205646456482
1848	0.000205515692134
1849	0.000205383297513
1850	0.000205249286626
1851	0.000205113665531
1852	0.000204976462097
1853	0.000204837719214
1854	0.000204697480964
1855	0.000204555759478
1856	0.000204412587599
1857	0.000204268023294
1858	0.000204122093371
1859	0.000203974780189
1860	0.000203826128411
1861	0.00020367616946
1862	0.000203524871447
1863	0.000203372260584
1864	0.000203218382608
1865	0.000203063273726
1866	0.000202906930201
1867	0.000202749412879
1868	0.000202590749722
1869	0.000202430952304
1870	0.000202270047222
1871	0.00020210804791
1872	0.000201944988435
1873	0.000201780877683
1874	0.000201615673574
1875	0.000201449398269
1876	0.000201282107227
1877	0.000201113861981
1878	0.000200944689163
1879	0.000200774589578
1880	0.000200603578231
1881	0.000200431683278
1882	0.000200258909411
1883	0.000200085256194
1884	0.000199910748342
1885	0.000199735410547
1886	0.000199559246359
1887	0.000199382270093
1888	0.000199204480548
1889	0.0001990258744
1890	0.000198846466208
1891	0.000198666261551
1892	0.000198485290024
1893	0.000198303614734
1894	0.000198121269758
1895	0.000197938279936
1896	0.000197754635673
1897	0.000197570325448
1898	0.000197385362835
1899	0.000197199747205
1900	0.000197012163547
1901	0.000196826438081
1902	0.000196639468595
1903	0.000196451378821
1904	0.000196262506004
1905	0.000196073085004
1906	0.000195883185141
1907	0.000195692809274
1908	0.000195501913076
1909	0.000195309134483
1910	0.000195118370973
1911	0.000194926440577
1912	0.000194733481572
1913	0.000194539822769
1914	0.000194344393025
1915	0.000194151163885
1916	0.000193956879563
1917	0.000193761613424
1918	0.000193565711597
1919	0.000193368085867
1920	0.000193172728432
1921	0.000192976343186
1922	0.000192778845576
1923	0.000192580703079
1924	0.000192380998979
1925	0.0001921835729
1926	0.000191985091287
1927	0.000191785744863
1928	0.000191585459173
1929	0.000191385901709
1930	0.000191185413174
1931	0.000190985377281
1932	0.00019078466762
1933	0.000190583224272
1934	0.000190381817261
1935	0.000190179829935
1936	0.00018997788705
1937	0.000189775017118
1938	0.000189572796652
1939	0.000189369985209
1940	0.000189166185836
1941	0.000188963117093
1942	0.000188758978014
1943	0.000188555405513
1944	0.00018835063816
1945	0.000188146502487
1946	0.000187941232847
1947	0.000187736661306
1948	0.000187531038213
1949	0.000187325458074
1950	0.00018712037562
1951	0.000186913952475
1952	0.000186708269336
1953	0.000186501713522
1954	0.000186295225033
1955	0.000186088704511
1956	0.000185882014689
1957	0.000185675120193
1958	0.000185468028815
1959	0.00018526078198
1960	0.000185053410321
1961	0.000184845929102
1962	0.000184638342048
1963	0.000184430651268
1964	0.000184117412678
1965	0.000183991545992
1966	0.00018383140354
1967	0.000183563998795
1968	0.000183419985635
1969	0.000183233123636
1970	0.000182915434067
1971	0.000182770132545
1972	0.000182593284115
1973	0.000182300448333
1974	0.000182153962345
1975	0.000181969575823
1976	0.000181661682703
1977	0.000181518490014
1978	0.000181339524417
1979	0.000181041128878
1980	0.000180895624792
1981	0.000180714976441
1982	0.000180411231671
1983	0.000180266736524
1984	0.000180085643439
1985	0.000179784599313
1986	0.000179638923195
1987	0.000179456625088
1988	0.000179153814617
1989	0.00017900899936
1990	0.000178744927106
1991	0.000178605087289
1992	0.000178421087961
1993	0.000178112088505
1994	0.00017796204773
1995	0.000177697745917
1996	0.000177555732186
1997	0.000177285090365
1998	0.000177140131477
1999	0.000176870172326
2000	0.000176722646137
2001	0.000176449831739
2002	0.000176306423707
2003	0.000176030155949
2004	0.000175881553831
2005	0.000175609064874
2006	0.000175460945018
2007	0.000175190403946
2008	0.00017504174673
2009	0.000174771178632
2010	0.000174623761685
2011	0.000174353130209
2012	0.000174205614878
2013	0.000173934703954
2014	0.000173786647523
2015	0.000173515711196
2016	0.000173367658137
2017	0.000173097027288
2018	0.000172949129638
2019	0.000172678871655
2020	0.000172530913397
2021	0.000172260961445
2022	0.00017211280464
2023	0.000171843125608
2024	0.000171694852589
2025	0.000171425461755
2026	0.000171277532187
2027	0.000171008118537
2028	0.000170860026061
2029	0.000170590758284
2030	0.000170442951236
2031	0.000170174025276
2032	0.000170032201995
2033	0.000169758797828
2034	0.000169609606078
2035	0.000169341035968
2036	0.000169193626618
2037	0.000168926776471
2038	0.000168778769016
2039	0.000168511554981
2040	0.000168363099267
2041	0.000168096434383
2042	0.00016794914704
2043	0.000167682891667
2044	0.000167536350061
2045	0.000167271140148
2046	0.000167121858042
2047	0.000166854884324
2048	0.000166706832224
2049	0.000166440623897
2050	0.000166293880715
2051	0.000166030340958
2052	0.000165888326176
2053	0.00016561773254
2054	0.000165467702923
2055	0.000165203000935
2056	0.000165056557239
2057	0.000164793930225
2058	0.000164646918518
2059	0.000164385615901
2060	0.000164237047919
2061	0.000163975319982
2062	0.000163826553051
2063	0.000163564783909
2064	0.000163415989888
2065	0.000163154885702
2066	0.000163006580675
2067	0.000162746108917
2068	0.000162598259815
2069	0.00016233670201
2070	0.000162190220165
2071	0.000161930894777
2072	0.000161789088893
2073	0.00016152357958
2074	0.000161375754175
2075	0.000161115360972
2076	0.000160969318917
2077	0.000160710837421
2078	0.000160564812545
2079	0.000160307863031
2080	0.000160160850916
2081	0.000159903443425
2082	0.000159756116709
2083	0.000159498564838
2084	0.00015935124969
2085	0.000159094326855
2086	0.000158889292589
2087	0.000158756086135
2088	0.000158496902698
2089	0.000158293486858
2090	0.000158155473147
2091	0.000157899759339
2092	0.000157697508177
2093	0.000157554272669
2094	0.000157296937387
2095	0.000157096063512
2096	0.000156953439849
2097	0.000156696170156
2098	0.000156495932252
2099	0.000156357689516
2100	0.00015609618811
2101	0.000155895931825
2102	0.000155757094912
2103	0.000155503588219
2104	0.000155303045458
2105	0.000155161039972
2106	0.00015490795562
2107	0.000154709787221
2108	0.000154568909906
2109	0.000154315015665
2110	0.000154116285989
2111	0.000153979626914
2112	0.000153720530876
2113	0.00015352152592
2114	0.000153384594771
2115	0.000153133446789
2116	0.000152936588533
2117	0.000152795662112
2118	0.000152544157787
2119	0.000152347203818
2120	0.000152207360815
2121	0.000151956603544
2122	0.000151760446085
2123	0.0001516258161
2124	0.000151369751451
2125	0.000151173054074
2126	0.000151036966925
2127	0.000150789219036
2128	0.000150594866866
2129	0.000150454610108
2130	0.00015020662238
2131	0.000150012293234
2132	0.000149877510861
2133	0.000149624811305
2134	0.000149430398288
2135	0.000149295029538
2136	0.000149049440381
2137	0.000148856602967
2138	0.000148717239001
2139	0.000148471406138
2140	0.000148278891852
2141	0.000148144115897
2142	0.000147894737955
2143	0.000147702874562
2144	0.000147516286568
2145	0.000147380178317
2146	0.000147140556666
2147	0.000146947395798
2148	0.000146759285661
2149	0.000146618249236
2150	0.000146377211162
2151	0.000146184382622
2152	0.000145997496845
2153	0.000145862722428
2154	0.000145617397972
2155	0.000145425016554
2156	0.000145240620084
2157	0.000145107278887
2158	0.000144865031501
2159	0.000144674523539
2160	0.000144490446862
2161	0.000144352893152
2162	0.000144115772136
2163	0.000143925808203
2164	0.000143740904501
2165	0.000143601773021
2166	0.000143365561555
2167	0.000143176593981
2168	0.000142993142093
2169	0.000142859475489
2170	0.000142619519524
2171	0.000142431143261
2172	0.000142249778374
2173	0.000142116043064
2174	0.000141881494563
2175	0.000141693906502
2176	0.000141511149031
2177	0.000141377956934
2178	0.000141140262491
2179	0.000140953142919
2180	0.00014077333424
2181	0.000140641631053
2182	0.000140406341276
2183	0.000140221329087
2184	0.000140041868681
2185	0.000139906467284
2186	0.000139676164101
2187	0.000139491863132
2188	0.000139311828309
2189	0.000139136409031
2190	0.000138996124636
2191	0.000138766493307
2192	0.000138581908603
2193	0.00013840225199
2194	0.000138227750791
2195	0.000138093296259
2196	0.000137859534896
2197	0.000137676495567
2198	0.000137499773097
2199	0.000137327620602
2200	0.00013719340725
2201	0.000136962648364
2202	0.000136780600553
2203	0.000136603999615
2204	0.000136430185656
2205	0.000136295534654
2206	0.000136068480594
2207	0.000135888256185
2208	0.00013571264254
2209	0.000135541327413
2210	0.000135368485831
2211	0.000135193766966
2212	0.000135017207976
2213	0.00013483959774
2214	0.000134661309049
2215	0.000134482834653
2216	0.000104849683147
2217	0.000107514224324
2218	0.000114768645893
2219	0.000125445640718
2220	0.000132948237277
2221	0.000107999895395
2222	0.000110532069374
2223	0.000116966668081
2224	0.000126286784869
2225	0.000102753075297
2226	0.000108714791922
2227	0.000116650332594
2228	9.58162385944e-05
