1	0.0572562251193
2	0.0866527518734
3	0.00755435103495
4	0.00663233269323
5	0.00166412845539
6	0.0170326300385
7	0.0265560010972
8	0.0066908133617
9	0.0028779604831
10	0.0111211998935
11	0.0429602835475
12	0.00979876964822
13	0.0037528784828
14	0.00493177760701
15	0.0113331327062
16	0.016973484959
17	0.00703669883071
18	0.00523382360717
19	0.00995168426974
20	0.00799697712798
21	0.00509211103567
22	0.00379126948131
23	0.00275820701694
24	0.00282699113108
25	0.00255959953019
26	0.00193917676375
27	0.00156930915748
28	0.00139780341174
29	0.0013947796069
30	0.00152965721203
31	0.00154213625034
32	0.00147148422909
33	0.00140133505476
34	0.00124034515441
35	0.00108232656376
36	0.000939990991002
37	0.000844242504604
38	0.000830654857857
39	0.000800168251083
40	0.000795325314686
41	0.00078098151215
42	0.00075780649128
43	0.000703798341653
44	0.000625292110715
45	0.000556448623273
46	0.000480080951267
47	0.000424802148654
48	0.000405464346176
49	0.000400125638348
50	0.00043189936429
51	0.000445328579482
52	0.000421225512115
53	0.000396330320962
54	0.000346517732634
55	0.000311863811423
56	0.000281660960349
57	0.000270079173265
58	0.000274307377201
59	0.000279455030072
60	0.000278250774821
61	0.000273711193885
62	0.000256255916405
63	0.000234040358465
64	0.000210915769147
65	0.000192152444373
66	0.000182084654789
67	0.000180581412933
68	0.000182554503834
69	0.000188593635755
70	0.000185540982411
71	0.000180905993244
72	0.000171420465938
73	0.000163895377453
74	0.000157044630393
75	0.000153743929831
76	0.000151922818535
77	0.000152117062418
78	0.000151601344486
79	0.000148028025247
80	0.000145634564383
81	0.000139758941844
82	0.000136128057402
83	0.000134077778199
84	0.000130451177392
85	0.000131202665987
86	0.00012815176156
87	0.000128780515939
88	0.00012874929668
89	0.000128724853942
90	0.000127750320839
91	0.000126792618183
92	0.000125752191546
93	0.000123799459834
94	0.000124020653741
95	0.000122816710352
96	0.000123405373729
97	0.00012167352492
98	0.000121245296761
99	0.000120260165477
100	0.000119350840503
101	0.00011828833237
102	0.000117517074259
103	0.000116653379569
104	0.000116398712127
105	0.000116175138115
106	0.00011618751448
107	0.000115969899589
108	0.000115617665409
109	0.000115196188053
110	0.000115022010754
111	0.000114719236964
112	0.000114497797248
113	0.000114158328579
114	0.000113569169304
115	0.000113106853858
116	0.000112644261535
117	0.000112000203153
118	0.000111226618466
119	0.000111030515606
120	0.000110428079564
121	0.000110120624379
122	0.000109675354135
123	0.000109142215819
124	0.000108863264388
125	0.000108853162325
126	0.000108662896837
127	0.000108200757062
128	0.000107718589645
129	0.000106927595979
130	0.000106102736192
131	0.000105504157033
132	0.000105189736064
133	0.000104982071318
134	0.000104562793654
135	0.000103844705821
136	0.000103531631903
137	0.000103178188037
138	0.00010260679389
139	0.000102274031474
140	0.000102010065249
141	0.000101531702635
142	0.000101234921563
143	0.00010075140267
144	0.000100467405124
145	9.98356470871e-05
146	9.94605663433e-05
147	9.90370382658e-05
148	9.87762761627e-05
149	9.84479478815e-05
150	9.81854632796e-05
151	9.769664476e-05
152	9.73997470359e-05
153	9.70236459615e-05
154	9.66398689731e-05
155	9.633334623e-05
156	9.61285124893e-05
157	9.57223065153e-05
158	9.53658896041e-05
159	9.50880826935e-05
160	9.47964316368e-05
161	9.46057585413e-05
162	9.41505487094e-05
163	9.3772688488e-05
164	9.3390077354e-05
165	9.28270770635e-05
166	9.24957026074e-05
167	9.20260899114e-05
168	9.17984823025e-05
169	9.16394016155e-05
170	9.12401640984e-05
171	9.09790788993e-05
172	9.03285033337e-05
173	8.97398100336e-05
174	8.94203303357e-05
175	8.90851865607e-05
176	8.86601998378e-05
177	8.84170558763e-05
178	8.80589053344e-05
179	8.76469662473e-05
180	8.72875323832e-05
181	8.72795252637e-05
182	8.68569947559e-05
183	8.65383833906e-05
184	8.61677010189e-05
185	8.59134753823e-05
186	8.54677687236e-05
187	8.52274511659e-05
188	8.47816365572e-05
189	8.43812273279e-05
190	8.41767715333e-05
191	8.37586805413e-05
192	8.33421614055e-05
193	8.29576740031e-05
194	8.282670836e-05
195	8.24919422473e-05
196	8.2351392643e-05
197	8.21798236392e-05
198	8.19580673042e-05
199	8.16031637483e-05
200	8.13369839908e-05
201	8.10062372247e-05
202	8.07270741569e-05
203	8.05477541993e-05
204	8.02924976379e-05
205	8.00344893938e-05
206	7.95337165779e-05
207	7.92333557863e-05
208	7.87603762637e-05
209	7.85341334495e-05
210	7.82360175575e-05
211	7.7999724526e-05
212	7.76436110223e-05
213	7.71392572984e-05
214	7.64980795917e-05
215	7.62091989658e-05
216	7.57340116197e-05
217	7.55294274844e-05
218	7.54295931104e-05
219	7.5273097339e-05
220	7.50872235944e-05
221	7.49683139005e-05
222	7.47057999126e-05
223	7.44507769401e-05
224	7.43637146914e-05
225	7.39322302939e-05
226	7.3550028192e-05
227	7.31822004227e-05
228	7.28491529686e-05
229	7.2690030201e-05
230	7.24184728163e-05
231	7.20367354395e-05
232	7.18259146375e-05
233	7.15544859582e-05
234	7.11139909904e-05
235	7.08935896666e-05
236	7.06661877443e-05
237	7.04201088801e-05
238	6.98914766895e-05
239	6.94539173997e-05
240	6.90360317485e-05
241	6.89815066843e-05
242	6.88400986481e-05
243	6.8465013521e-05
244	6.81778154043e-05
245	6.79035373546e-05
246	6.7546267545e-05
247	6.73332470701e-05
248	6.71008162938e-05
249	6.70152662284e-05
250	6.66196791249e-05
251	6.62981178973e-05
252	6.59524018886e-05
253	6.57567037023e-05
254	6.54298778746e-05
255	6.5184667809e-05
256	6.50185532323e-05
257	6.45067831906e-05
258	6.41197470553e-05
259	6.38261523838e-05
260	6.35623664823e-05
261	6.34811212921e-05
262	6.32903353738e-05
263	6.29645078381e-05
264	6.24571175116e-05
265	6.23888404982e-05
266	6.21652531513e-05
267	6.16777028363e-05
268	6.12372519049e-05
269	6.09116793275e-05
270	6.06873460425e-05
271	6.04712594455e-05
272	6.00857198806e-05
273	5.97997266132e-05
274	5.95756228765e-05
275	5.93983043394e-05
276	5.91005831181e-05
277	5.88570779012e-05
278	5.86882060655e-05
279	5.82885617879e-05
280	5.78524111805e-05
281	5.75168968154e-05
282	5.72355188075e-05
283	5.69915089159e-05
284	5.66512019252e-05
285	5.63862761767e-05
286	5.61456708049e-05
287	5.59231138168e-05
288	5.55701388285e-05
289	5.50757375866e-05
290	5.49766501807e-05
291	5.48771423905e-05
292	5.4599731476e-05
293	5.43915953843e-05
294	5.41652333092e-05
295	5.39975260941e-05
296	5.40719638218e-05
297	5.39098497304e-05
298	5.36845659273e-05
299	5.36384729018e-05
300	5.33441817588e-05
301	5.31302367428e-05
302	5.29123107608e-05
303	5.27531780083e-05
304	5.27436529881e-05
305	5.25869632255e-05
306	5.23314258707e-05
307	5.21231689982e-05
308	5.26257570342e-05
309	5.34443678686e-05
310	5.41925742863e-05
311	5.48794580372e-05
312	5.57834033318e-05
313	5.63318866475e-05
314	5.71462170232e-05
315	5.75844470707e-05
316	5.77806120976e-05
317	5.80863737556e-05
318	5.82950215758e-05
319	5.82046075561e-05
320	5.85962675458e-05
321	5.88645004012e-05
322	5.90043992781e-05
323	5.91359990644e-05
324	5.91566940716e-05
325	5.91249014536e-05
326	5.91684712109e-05
327	5.93094169426e-05
328	5.93777872604e-05
329	5.9401988046e-05
330	5.94037725311e-05
331	5.91430999304e-05
332	5.92671922226e-05
333	5.91165472236e-05
334	5.89113566686e-05
335	5.89376124591e-05
336	5.87937790279e-05
337	5.87696013048e-05
338	5.87708197509e-05
339	5.86532635816e-05
340	5.8202312295e-05
341	5.84232656722e-05
342	5.85095474263e-05
343	5.85310032258e-05
344	5.84471699919e-05
345	5.8142943626e-05
346	5.82230289302e-05
347	5.82645271838e-05
348	5.82134638046e-05
349	5.79265540975e-05
350	5.77937697858e-05
351	5.74957298145e-05
352	5.75386142195e-05
353	5.74196497659e-05
354	5.72493369932e-05
355	5.69009443054e-05
356	5.64906245784e-05
357	5.68179529621e-05
358	5.71050890967e-05
359	5.71328391327e-05
360	5.7044224983e-05
361	5.68593452294e-05
362	5.67722569405e-05
363	5.66921064712e-05
364	5.63988474023e-05
365	5.61150202517e-05
366	5.60224423902e-05
367	5.59694431223e-05
368	5.5900886302e-05
369	5.58910924596e-05
370	5.5841264864e-05
371	5.60528277723e-05
372	5.57751554705e-05
373	5.609203945e-05
374	5.56764599799e-05
375	5.60187341027e-05
376	5.62501287145e-05
377	5.63249431585e-05
378	5.62304284169e-05
379	5.61666234948e-05
380	5.61215413764e-05
381	5.58066250559e-05
382	5.60043672131e-05
383	5.52740471682e-05
384	5.60592384999e-05
385	5.64199951554e-05
386	5.6620810751e-05
387	5.67651651886e-05
388	5.68756970441e-05
389	5.69240173113e-05
390	5.69225297233e-05
391	5.66772112362e-05
392	5.6778524147e-05
393	5.70782186334e-05
394	5.72349118035e-05
395	5.69365033632e-05
396	5.69665297193e-05
397	5.72349509494e-05
398	5.74221485411e-05
399	5.68840605226e-05
400	5.75198386296e-05
401	5.77879563018e-05
402	5.764790592e-05
403	5.77256043088e-05
404	5.80366496959e-05
405	5.79637430465e-05
406	5.80748584036e-05
407	5.82642231002e-05
408	5.79672332865e-05
409	5.83123379e-05
410	5.81277986169e-05
411	5.8663075184e-05
412	5.87359348882e-05
413	5.897724573e-05
414	5.90920723504e-05
415	5.92157661377e-05
416	5.92861706375e-05
417	5.94188847098e-05
418	5.94575710436e-05
419	5.94814272325e-05
420	5.95340525541e-05
421	5.97199661239e-05
422	5.99215697834e-05
423	6.01967076673e-05
424	6.02854225372e-05
425	6.01782625819e-05
426	6.06311136599e-05
427	6.06049376955e-05
428	6.02606327234e-05
429	6.0513613237e-05
430	6.06043131747e-05
431	6.01516467537e-05
432	6.06092504859e-05
433	6.06657959332e-05
434	6.10492897123e-05
435	6.14458547393e-05
436	6.16496115253e-05
437	6.16920222965e-05
438	6.16568148211e-05
439	6.15879431598e-05
440	6.18185636718e-05
441	6.20016920688e-05
442	6.1914875124e-05
443	6.21876849455e-05
444	6.23279075286e-05
445	6.22226607466e-05
446	6.17691225861e-05
447	6.21555246824e-05
448	6.22420271794e-05
449	6.22904234466e-05
450	6.24045293745e-05
451	6.24057954996e-05
452	6.1914709659e-05
453	6.22409452135e-05
454	6.13966565831e-05
455	6.18135733168e-05
456	6.16608336354e-05
457	6.15474591091e-05
458	6.17539122376e-05
459	6.17323789925e-05
460	6.15540432302e-05
461	6.12000590783e-05
462	6.12112630104e-05
463	6.16449719585e-05
464	6.20317379737e-05
465	6.27266210735e-05
466	6.30139748733e-05
467	6.28351941026e-05
468	6.3495925798e-05
469	6.41272655064e-05
470	6.45859223056e-05
471	6.46509483293e-05
472	6.49966409412e-05
473	6.47311387356e-05
474	6.51339730687e-05
475	6.50799293348e-05
476	6.53817927531e-05
477	6.55349648364e-05
478	6.57812686882e-05
479	6.58387607668e-05
480	6.60830129009e-05
481	6.58217706215e-05
482	6.63403282818e-05
483	6.64563022205e-05
484	6.67120618646e-05
485	6.63992405995e-05
486	6.66470439694e-05
487	6.6579809158e-05
488	6.68042503572e-05
489	6.68767794321e-05
490	6.67464201358e-05
491	6.69939625877e-05
492	6.61598920784e-05
493	6.95315656676e-05
494	7.10472331938e-05
495	7.1917355749e-05
496	7.25124553173e-05
497	7.29683922616e-05
498	7.33401580414e-05
499	7.36607372862e-05
500	7.39434884712e-05
501	7.42021995303e-05
502	7.44402645901e-05
503	7.46662388524e-05
504	7.48772275188e-05
505	7.50787382967e-05
506	7.52796337553e-05
507	7.5472592458e-05
508	7.56559016938e-05
509	7.58322652602e-05
510	7.60096552368e-05
511	7.61815947237e-05
512	7.6345371029e-05
513	7.65032429665e-05
514	7.66631215317e-05
515	7.68193046948e-05
516	7.69702554648e-05
517	7.71173645769e-05
518	7.72659100984e-05
519	7.74107598942e-05
520	7.7556332735e-05
521	7.77023034241e-05
522	7.78486635883e-05
523	7.79937381343e-05
524	7.81370750641e-05
525	7.82787172961e-05
526	7.84193287421e-05
527	7.85590261698e-05
528	7.86973481513e-05
529	7.88340681275e-05
530	7.8968978814e-05
531	7.91020854436e-05
532	7.92336352204e-05
533	7.93640444935e-05
534	7.94937626962e-05
535	7.96232418594e-05
536	7.97528996853e-05
537	7.98830087967e-05
538	8.00137260782e-05
539	8.0145004522e-05
540	8.02765840618e-05
541	8.04081453376e-05
542	8.05393374627e-05
543	8.06697741578e-05
544	8.07992650194e-05
545	8.09275426278e-05
546	8.10545325175e-05
547	8.11802260709e-05
548	8.13048779507e-05
549	8.1428458268e-05
550	8.15517471735e-05
551	8.16749393192e-05
552	8.17985671528e-05
553	8.19228127425e-05
554	8.20480890009e-05
555	8.21740963733e-05
556	8.23007923257e-05
557	8.24279907557e-05
558	8.25553165385e-05
559	8.26824445383e-05
560	8.28090498969e-05
561	8.29348224492e-05
562	8.30595975758e-05
563	8.31832827051e-05
564	8.3305939125e-05
565	8.34277887476e-05
566	8.35491087309e-05
567	8.36703036878e-05
568	8.37917683563e-05
569	8.3913910597e-05
570	8.40369941401e-05
571	8.41611452553e-05
572	8.42863210347e-05
573	8.44122998772e-05
574	8.45387495772e-05
575	8.466526137e-05
576	8.47915121208e-05
577	8.49172300866e-05
578	8.50421218358e-05
579	8.51660577493e-05
580	8.52890558636e-05
581	8.54112905889e-05
582	8.55329403381e-05
583	8.56543912665e-05
584	8.57760847617e-05
585	8.58985085155e-05
586	8.602194055e-05
587	8.61466233716e-05
588	8.62724922481e-05
589	8.63993582878e-05
590	8.6526911788e-05
591	8.665473417e-05
592	8.67824581986e-05
593	8.69098029253e-05
594	8.70365118032e-05
595	8.71623877899e-05
596	8.72874415732e-05
597	8.74117754974e-05
598	8.75355452235e-05
599	8.76591082659e-05
600	8.77828711019e-05
601	8.79072783201e-05
602	8.80326914072e-05
603	8.81592936442e-05
604	8.82871757987e-05
605	8.84161246897e-05
606	8.85458417967e-05
607	8.86759916648e-05
608	8.88062401313e-05
609	8.89362286814e-05
610	8.90656259679e-05
611	8.91942824095e-05
612	8.932216112e-05
613	8.9449369745e-05
614	8.95760602166e-05
615	8.97025591112e-05
616	8.98292385066e-05
617	8.99564979248e-05
618	9.00847426956e-05
619	9.02141918974e-05
620	9.03449803308e-05
621	9.04770509044e-05
622	9.06099343606e-05
623	9.07433571722e-05
624	9.08769055639e-05
625	9.1010235895e-05
626	9.114310133e-05
627	9.127541348e-05
628	9.14069758238e-05
629	9.15379429644e-05
630	9.16684765776e-05
631	9.17987577596e-05
632	9.19292658097e-05
633	9.20604672664e-05
634	9.21926610677e-05
635	9.23261228251e-05
636	9.24609275745e-05
637	9.25969409257e-05
638	9.2733868321e-05
639	9.28712962919e-05
640	9.30088515603e-05
641	9.31463044165e-05
642	9.32832694937e-05
643	9.34195955686e-05
644	9.3555291383e-05
645	9.3690770771e-05
646	9.38255529072e-05
647	9.39602084737e-05
648	9.40951965976e-05
649	9.42309862042e-05
650	9.4367945702e-05
651	9.45062751028e-05
652	9.46459612082e-05
653	9.47868957201e-05
654	9.49287153707e-05
655	9.50711210287e-05
656	9.52137130617e-05
657	9.53561570222e-05
658	9.5498135801e-05
659	9.56394974445e-05
660	9.57802744384e-05
661	9.59205049119e-05
662	9.60605337026e-05
663	9.62006835847e-05
664	9.63413042767e-05
665	9.64828118688e-05
666	9.66255760536e-05
667	9.67696689413e-05
668	9.69150725011e-05
669	9.7061670034e-05
670	9.72091076504e-05
671	9.73569694676e-05
672	9.75049900267e-05
673	9.76528480063e-05
674	9.78002874757e-05
675	9.79471830946e-05
676	9.80934712746e-05
677	9.82395051715e-05
678	9.83854181031e-05
679	9.85316187374e-05
680	9.86784930013e-05
681	9.88264553674e-05
682	9.89757240818e-05
683	9.91264136721e-05
684	9.9278436176e-05
685	9.94314741596e-05
686	9.95851951277e-05
687	9.97392603073e-05
688	9.98932526425e-05
689	0.000100046900462
690	0.000100200173987
691	0.00010035294735
692	0.000100505258945
693	0.00010065738964
694	0.000100809724537
695	0.000100960693024
696	0.000101111327872
697	0.000101274032789
698	0.000101433736033
699	0.000101578110858
700	0.000101743521847
701	0.000101906065673
702	0.000102068551125
703	0.000102223247534
704	0.000102389241585
705	0.000102549331012
706	0.000102708762697
707	0.000102862198014
708	0.00010302704614
709	0.00010318665934
710	0.000103341245501
711	0.000103507483323
712	0.000103670005609
713	0.000103827791484
714	0.000103998437712
715	0.000104169362551
716	0.00010432774947
717	0.000104493514974
718	0.000104669540384
719	0.000104838015967
720	0.000104995957129
721	0.000105163576615
722	0.000105335206937
723	0.000105508202227
724	0.000105672976663
725	0.000105830973098
726	0.000106001859442
727	0.000106177553575
728	0.000106343960181
729	0.000106517178587
730	0.00010669619749
731	0.00010686460028
732	0.00010704075689
733	0.000107221881885
734	0.000107391846216
735	0.000107578318027
736	0.000107743811255
737	0.000107916359099
738	0.000108100907252
739	0.000108270110624
740	0.000108448163722
741	0.000108626709664
742	0.000108809697934
743	0.000108981685045
744	0.000109162590161
745	0.000109346480105
746	0.000109542890894
747	0.000109716400397
748	0.000109896401745
749	0.000110090997778
750	0.000110268255791
751	0.000110452888756
752	0.000110639446184
753	0.000110825302055
754	0.000111010011838
755	0.000111199679644
756	0.000111377571065
757	0.000111564216904
758	0.000111755976171
759	0.000111949297889
760	0.000112142166129
761	0.000112335578057
762	0.000112529315201
763	0.000112723407417
764	0.000112917579765
765	0.000113111709701
766	0.000113305773035
767	0.000113499918488
768	0.000113694419849
769	0.000113889369879
770	0.000114085375808
771	0.000114282625315
772	0.000114481180513
773	0.000114681246271
774	0.000114882762145
775	0.000115085517726
776	0.000115289208175
777	0.000115493530562
778	0.000115698172926
779	0.000115902964166
780	0.000116107757912
781	0.000116312648549
782	0.0001165177992
783	0.00011672336109
784	0.000116929583676
785	0.000117136790264
786	0.000117345319674
787	0.000117555366649
788	0.000117766974866
789	0.000117979952936
790	0.000118194055247
791	0.000118408990777
792	0.00011862449112
793	0.000118840359623
794	0.000119056390681
795	0.000119272650042
796	0.00011948926013
797	0.000119706270685
798	0.000119923917395
799	0.000120142567153
800	0.000120362506908
801	0.000120583917398
802	0.000120806890669
803	0.000121031258689
804	0.000121256835567
805	0.000121483423107
806	0.000121710681536
807	0.000121938444424
808	0.000122166481892
809	0.000122394917839
810	0.000122623739705
811	0.000122853064442
812	0.000123083100759
813	0.0001233140834
814	0.000123545889364
815	0.000123780574187
816	0.000124015562034
817	0.000124251887282
818	0.000124490769404
819	0.000124729409975
820	0.000124969126867
821	0.000125209840874
822	0.000125450372925
823	0.000125691761149
824	0.000125933414844
825	0.000126175773709
826	0.000126418919724
827	0.00012666315437
828	0.000126908693514
829	0.000127155740729
830	0.000127404333096
831	0.000127654337887
832	0.000127905594981
833	0.000128157892794
834	0.000128411025237
835	0.000128664913988
836	0.00012891955494
837	0.00012917471287
838	0.000129430490854
839	0.000129687041349
840	0.000129944490168
841	0.000130203112899
842	0.0001304631431
843	0.000130724758393
844	0.000130987830764
845	0.000131252261439
846	0.0001315179595
847	0.00013178467601
848	0.000132052405298
849	0.000132321226153
850	0.000132590734594
851	0.00013286088287
852	0.000133131834042
853	0.000133403784109
854	0.00013367691168
855	0.000133951353833
856	0.000134227233276
857	0.000134504544242
858	0.000134783167654
859	0.000135063137227
860	0.000135344156504
861	0.000135625533269
862	0.000135907207313
863	0.000136188899588
864	0.000136470613412
865	0.000136752414477
866	0.000137034387668
867	0.000137316537873
868	0.000137599058138
869	0.000137881909798
870	0.000138165162249
871	0.000138448608663
872	0.000138732211301
873	0.000139015909907
874	0.000139299595055
875	0.000139583132374
876	0.000139865904974
877	0.000140148126026
878	0.000140429708404
879	0.000140710567383
880	0.000140990543193
881	0.00014126972402
882	0.000141547668173
883	0.000141824107715
884	0.000142098774895
885	0.000142371292433
886	0.000142640819707
887	0.00014290636709
888	0.000143163360126
889	0.000143341038059
890	0.000143447529022
891	0.00014353645561
892	0.000143611974303
893	0.000143676735046
894	0.000143731576497
895	0.000143777916681
896	0.000143816287079
897	0.000143849104418
898	0.000143877749053
899	0.00014390161501
900	0.000143921420571
901	0.000143935826021
902	0.000143946298107
903	0.00014395312436
904	0.000143956694808
905	0.000143957529401
906	0.000143955420916
907	0.000143949827511
908	0.00014394235597
909	0.00014393245882
910	0.00014392081292
911	0.000143907429571
912	0.000143892495096
913	0.000143875341386
914	0.000143855076452
915	0.000143832715405
916	0.000143807889519
917	0.000143781214754
918	0.000143752295023
919	0.000143721679014
920	0.000143689587677
921	0.000143656064476
922	0.000143620766876
923	0.000143584256354
924	0.000143546737393
925	0.0001435079138
926	0.000143467111747
927	0.00014342437814
928	0.000143379604008
929	0.00014333284377
930	0.000143283517077
931	0.000143232242977
932	0.000143179956209
933	0.00014312714168
934	0.000143073714608
935	0.000143019687598
936	0.000142964945978
937	0.000142909322203
938	0.000142852334562
939	0.000142793162337
940	0.000142731352113
941	0.000142667758524
942	0.000142602615148
943	0.000142535915259
944	0.000142468128835
945	0.000142399698143
946	0.000142331443174
947	0.000142262852085
948	0.000142193210409
949	0.000142123748555
950	0.000142052344738
951	0.000141979304184
952	0.000141904486631
953	0.000141828070681
954	0.000141750042632
955	0.000141670668744
956	0.000141590330689
957	0.00014150926237
958	0.000141428258639
959	0.000141347073305
960	0.000141265738502
961	0.000141184111441
962	0.000141101382458
963	0.000141017377106
964	0.000140931834533
965	0.000140844729252
966	0.000140756129747
967	0.000140665582519
968	0.000140573951011
969	0.000140481906994
970	0.000140389843152
971	0.000140297803998
972	0.000140205809974
973	0.000140114095062
974	0.000140022378547
975	0.00013992957035
976	0.000139835170742
977	0.00013973919105
978	0.000139641503045
979	0.000139542339324
980	0.000139442025475
981	0.000139340878861
982	0.000139239580614
983	0.000139138257609
984	0.000139037402951
985	0.000138937243266
986	0.000138837363903
987	0.000138737136386
988	0.000138635760444
989	0.000138532327814
990	0.000138427161364
991	0.000138320501051
992	0.000138212379914
993	0.000138103403115
994	0.000137993839567
995	0.000137884241421
996	0.000137775290936
997	0.000137667339064
998	0.000137560304498
999	0.000137453055055
1000	0.000137345013384
1001	0.000137235528999
1002	0.000137124302742
1003	0.000137011377032
1004	0.000136897970723
1005	0.000136788966268
1006	0.000136662188552
1007	0.000136546525718
1008	0.000136433949277
1009	0.000136316520785
1010	0.000136213053565
1011	0.000136088563681
1012	0.000135980698586
1013	0.000135861978656
1014	0.000135750552567
1015	0.00013562809278
1016	0.000135512809662
1017	0.000135386818371
1018	0.000135266613225
1019	0.00013514740066
1020	0.000135022719541
1021	0.000134910695277
1022	0.000134779025874
1023	0.000134665637466
1024	0.000134542974306
1025	0.00013442545361
1026	0.000134303713814
1027	0.000134191939664
1028	0.000134056893141
1029	0.000133933327468
1030	0.000133805659227
1031	0.000133689240369
1032	0.000133551575548
1033	0.000133427207341
1034	0.000133300904314
1035	0.000133182419036
1036	0.000133053355312
1037	0.000132941005711
1038	0.000132805742073
1039	0.000132682289571
1040	0.000132554217625
1041	0.000132430743594
1042	0.00013229458963
1043	0.000132168759961
1044	0.000132035371196
1045	0.000131902095545
1046	0.000131774441197
1047	0.000131638868996
1048	0.00013151659533
1049	0.000131387704058
1050	0.00013125881561
1051	0.000131133916497
1052	0.000130998758656
1053	0.000130874226756
1054	0.000130736763785
1055	0.000130609054467
1056	0.000130468505186
1057	0.000130338770381
1058	0.000130197633501
1059	0.000130068566669
1060	0.0001299294121
1061	0.000129802898822
1062	0.000129665791883
1063	0.000129539839409
1064	0.000129402423042
1065	0.00012927502567
1066	0.000129135283291
1067	0.000129005654963
1068	0.000128858118532
1069	0.000128731176564
1070	0.000128587622996
1071	0.000128450586379
1072	0.000128305295787
1073	0.000128173317032
1074	0.000128026920151
1075	0.00012790412077
1076	0.000127765838805
1077	0.000127634666609
1078	0.000127491845701
1079	0.000127361600546
1080	0.000127217441257
1081	0.000127085027299
1082	0.000126937773909
1083	0.000126802499401
1084	0.000126653116701
1085	0.000126517130217
1086	0.000126368675334
1087	0.000126234567551
1088	0.000126088791296
1089	0.000125957127992
1090	0.000123247797019
1091	0.000123618014203
1092	0.000121495957128
1093	0.000120199134496
1094	0.000119171925476
1095	0.000118680651472
1096	0.000118586995913
1097	0.000118684486422
1098	0.000118777278529
1099	0.000118815700483
1100	0.000118761879438
1101	0.000118639210405
1102	0.000118477943288
1103	0.000118310614041
1104	0.000118150808557
1105	0.000118002849891
1106	0.000117863750474
1107	0.000117727470659
1108	0.000117591008495
1109	0.000117447011108
1110	0.000117300428811
1111	0.000117162892752
1112	0.000117017318147
1113	0.000116869443075
1114	0.000116725673051
1115	0.000116574285282
1116	0.000116427742125
1117	0.000116284884988
1118	0.000116138729628
1119	0.000116004982773
1120	0.000115870024932
1121	0.000115734818233
1122	0.000115599026579
1123	0.000115463167805
1124	0.000115326691226
1125	0.000115189517997
1126	0.000115051279889
1127	0.000114911584747
1128	0.00011477029347
1129	0.000114627728432
1130	0.000114484176116
1131	0.000114340305183
1132	0.000114196584833
1133	0.000114053286324
1134	0.00011391106599
1135	0.000113769964367
1136	0.000113629957768
1137	0.000113490870796
1138	0.000113352222354
1139	0.000113213930004
1140	0.000113075405043
1141	0.000112936467716
1142	0.000112796772872
1143	0.000112655985512
1144	0.000112514109356
1145	0.000112371275574
1146	0.000112227593233
1147	0.000112083431965
1148	0.000111939169159
1149	0.000111794963462
1150	0.000111651274081
1151	0.000111508326707
1152	0.000111366239199
1153	0.000111224927688
1154	0.000111084042542
1155	0.000110943303416
1156	0.000110802437645
1157	0.000110661203508
1158	0.000110519395565
1159	0.000110376665235
1160	0.00011023287964
1161	0.000110088127443
1162	0.0001099425314
1163	0.000109796335825
1164	0.000109649929557
1165	0.000109503532079
1166	0.000109357384477
1167	0.000109211838846
1168	0.000109067050292
1169	0.000108923048129
1170	0.000108779670404
1171	0.000108636585576
1172	0.000108493602389
1173	0.000108350514874
1174	0.000108207027735
1175	0.000108062763855
1176	0.0001079174998
1177	0.000107771245732
1178	0.000107624057363
1179	0.000107476023733
1180	0.000107327265498
1181	0.000107177895108
1182	0.000107029281326
1183	0.000106880017144
1184	0.000106731351312
1185	0.000106583423475
1186	0.000106436193039
1187	0.000106289619448
1188	0.000106143453447
1189	0.000105997216465
1190	0.000105851698944
1191	0.000105705095749
1192	0.000105558099916
1193	0.000105410430241
1194	0.000105261724183
1195	0.00010511274607
1196	0.000104962156999
1197	0.000104810555846
1198	0.00010465847178
1199	0.000104506782115
1200	0.000104354215673
1201	0.000104201833181
1202	0.000104049823003
1203	0.000103899229959
1204	0.000103748165289
1205	0.000103598405235
1206	0.000103448281429
1207	0.000103298314149
1208	0.000103148301878
1209	0.000102998994348
1210	0.000102848149684
1211	0.000102697338648
1212	0.000102544579068
1213	0.000102391919505
1214	0.000102237605954
1215	0.000102082461705
1216	0.000101927553054
1217	0.000101771179756
1218	0.000101615412942
1219	0.000101458764911
1220	0.000101303378957
1221	0.000101147611168
1222	0.000100993048154
1223	0.000100839067273
1224	0.000100684813653
1225	0.000100530681324
1226	0.000100377305923
1227	0.00010022379389
1228	0.000100068838031
1229	9.99139186851e-05
1230	9.97583463842e-05
1231	9.96010436768e-05
1232	9.94434674406e-05
1233	9.92849812396e-05
1234	9.91248392889e-05
1235	9.89648334117e-05
1236	9.88044688592e-05
1237	9.86430794556e-05
1238	9.84825529964e-05
1239	9.83222175435e-05
1240	9.8162102565e-05
1241	9.80016143242e-05
1242	9.78422927152e-05
1243	9.76831999513e-05
1244	9.75242204704e-05
1245	9.73652658393e-05
1246	9.7205313895e-05
1247	9.70457169715e-05
1248	9.68853158859e-05
1249	9.67241235554e-05
1250	9.65619914943e-05
1251	9.6398904664e-05
1252	9.62343240719e-05
1253	9.60698784786e-05
1254	9.5904853837e-05
1255	9.57392066889e-05
1256	9.55733239936e-05
1257	9.54075086594e-05
1258	9.52419207595e-05
1259	9.50765741091e-05
1260	9.49116899476e-05
1261	9.47475275971e-05
1262	9.45830659346e-05
1263	9.44196872868e-05
1264	9.42561509642e-05
1265	9.40922832587e-05
1266	9.39279863698e-05
1267	9.37631650132e-05
1268	9.35977778854e-05
1269	9.3431598144e-05
1270	9.32645835442e-05
1271	9.3096790332e-05
1272	9.29283106154e-05
1273	9.27591714042e-05
1274	9.25895699385e-05
1275	9.24199233628e-05
1276	9.22502491438e-05
1277	9.20808239487e-05
1278	9.19116222305e-05
1279	9.174277162e-05
1280	9.1574337546e-05
1281	9.14062754722e-05
1282	9.12385565746e-05
1283	9.10709495747e-05
1284	9.09031307793e-05
1285	9.073498954e-05
1286	9.05664268201e-05
1287	9.03973111758e-05
1288	9.02274529478e-05
1289	9.00567016552e-05
1290	8.9885165696e-05
1291	8.97129805238e-05
1292	8.9540062457e-05
1293	8.93665602156e-05
1294	8.91928519991e-05
1295	8.90191373528e-05
1296	8.88455584324e-05
1297	8.86720872721e-05
1298	8.84989471796e-05
1299	8.83261313382e-05
1300	8.81536637939e-05
1301	8.79816633593e-05
1302	8.78100909452e-05
1303	8.76386060599e-05
1304	8.74668337864e-05
1305	8.72947337979e-05
1306	8.71223234354e-05
1307	8.69493429976e-05
1308	8.67755232621e-05
1309	8.66008772386e-05
1310	8.64256030988e-05
1311	8.62496404274e-05
1312	8.60730975923e-05
1313	8.5896053555e-05
1314	8.57186328962e-05
1315	8.5541218015e-05
1316	8.53639038338e-05
1317	8.51870268784e-05
1318	8.5010496887e-05
1319	8.48342368565e-05
1320	8.46584084401e-05
1321	8.44829388526e-05
1322	8.43078301369e-05
1323	8.41325556904e-05
1324	8.39572280144e-05
1325	8.37815591181e-05
1326	8.3605332325e-05
1327	8.34285921855e-05
1328	8.32511751557e-05
1329	8.30732323024e-05
1330	8.28946266671e-05
1331	8.27152641632e-05
1332	8.25354323729e-05
1333	8.23551817699e-05
1334	8.21748573994e-05
1335	8.19944284543e-05
1336	8.18138932444e-05
1337	8.16335998263e-05
1338	8.14535380639e-05
1339	8.12739823861e-05
1340	8.10947761691e-05
1341	8.09161322885e-05
1342	8.07378395318e-05
1343	8.05593492634e-05
1344	8.03808065218e-05
1345	8.02019191251e-05
1346	8.00227498736e-05
1347	7.98428387318e-05
1348	7.96624219713e-05
1349	7.94811622841e-05
1350	7.92994406762e-05
1351	7.91169215729e-05
1352	7.89340531618e-05
1353	7.87505507788e-05
1354	7.85669599782e-05
1355	7.83830952872e-05
1356	7.81994066715e-05
1357	7.80158009812e-05
1358	7.78326493855e-05
1359	7.76497565645e-05
1360	7.74673444208e-05
1361	7.72850234297e-05
1362	7.71029177485e-05
1363	7.39100218556e-05
1364	7.41947080625e-05
1365	7.47482874866e-05
1366	7.26660103655e-05
1367	7.07154204969e-05
1368	7.21005052714e-05
1369	7.07341985137e-05
1370	6.97154171095e-05
1371	6.8664293574e-05
1372	6.80156977029e-05
1373	6.76791158959e-05
1374	6.76102517651e-05
1375	6.76363510611e-05
1376	6.76400934941e-05
1377	6.75833871108e-05
1378	6.74638329098e-05
1379	6.72989044106e-05
1380	6.71148331097e-05
1381	6.6928770786e-05
1382	6.6751600693e-05
1383	6.65836132573e-05
1384	6.64213557258e-05
1385	6.62618281689e-05
1386	6.61017137316e-05
1387	6.59393595535e-05
1388	6.57745209221e-05
1389	6.56080405143e-05
1390	6.54403706537e-05
1391	6.52726878538e-05
1392	6.51057888951e-05
1393	6.49397958978e-05
1394	6.47748737476e-05
1395	6.4610998601e-05
1396	6.44482807656e-05
1397	6.42866658504e-05
1398	6.41259457585e-05
1399	6.39658770294e-05
1400	6.38064746609e-05
1401	6.36474699949e-05
1402	6.34885007054e-05
1403	6.33293167049e-05
1404	6.31697638635e-05
1405	6.300965512e-05
1406	6.28488797646e-05
1407	6.26873896513e-05
1408	6.25252053912e-05
1409	6.23623690666e-05
1410	6.21991762104e-05
1411	6.20355981781e-05
1412	6.18719236496e-05
1413	6.17083166418e-05
1414	6.15449626293e-05
1415	6.13819141199e-05
1416	6.12209237544e-05
1417	6.10553978268e-05
1418	6.08942433307e-05
1419	6.07348439716e-05
1420	6.05747789593e-05
1421	6.0414178087e-05
1422	6.02533727589e-05
1423	6.00925393602e-05
1424	5.99315959948e-05
1425	5.97703760067e-05
1426	5.96103055818e-05
1427	5.94448483128e-05
1428	5.92825187581e-05
1429	5.912082139e-05
1430	5.89575424115e-05
1431	5.87933122329e-05
1432	5.86286565369e-05
1433	5.84640682167e-05
1434	5.82997655186e-05
1435	5.81372352862e-05
1436	5.79708836555e-05
1437	5.78078437958e-05
1438	5.76466451257e-05
1439	5.74848229524e-05
1440	5.73224649474e-05
1441	5.71598952129e-05
1442	5.69972604015e-05
1443	5.68358071689e-05
1444	5.66728642688e-05
1445	5.65081765167e-05
1446	5.6343745817e-05
1447	5.61794749825e-05
1448	5.60151039256e-05
1449	5.58502364878e-05
1450	5.56847510264e-05
1451	5.55153161608e-05
1452	5.53520623174e-05
1453	5.51884421172e-05
1454	5.50227104111e-05
1455	5.48563402615e-05
1456	5.46894455193e-05
1457	5.45236154649e-05
1458	5.43587045472e-05
1459	5.41943427427e-05
1460	5.40299630538e-05
1461	5.38652247581e-05
1462	5.37000339214e-05
1463	5.35343193879e-05
1464	5.33680719961e-05
1465	5.3201312944e-05
1466	5.30340742955e-05
1467	5.28663602826e-05
1468	5.26982211848e-05
1469	5.25297674552e-05
1470	5.23610894536e-05
1471	5.21923072786e-05
1472	5.20235470683e-05
1473	5.18549389227e-05
1474	5.16866520227e-05
1475	5.15186123782e-05
1476	5.13507365595e-05
1477	5.11829559878e-05
1478	5.10151655785e-05
1479	5.0847272073e-05
1480	5.06789931786e-05
1481	5.05102813414e-05
1482	5.03410022398e-05
1483	5.01711322642e-05
1484	5.00006817881e-05
1485	4.982974339e-05
1486	4.96583159211e-05
1487	4.94864943014e-05
1488	4.93144506003e-05
1489	4.91422788472e-05
1490	4.8970109298e-05
1491	4.87980383303e-05
1492	4.86261822273e-05
1493	4.84545860938e-05
1494	4.82833509972e-05
1495	4.8112163968e-05
1496	4.79408529334e-05
1497	4.77692596227e-05
1498	4.75971997389e-05
1499	4.74246263586e-05
1500	4.72514695907e-05
1501	4.70776391576e-05
1502	4.69031519196e-05
1503	4.67280848546e-05
1504	4.65525212199e-05
1505	4.63765457565e-05
1506	4.62002767341e-05
1507	4.60238677249e-05
1508	4.5847465933e-05
1509	4.56712947612e-05
1510	4.54954146444e-05
1511	4.53196764761e-05
1512	4.51439399123e-05
1513	4.49681633714e-05
1514	4.47915641292e-05
1515	4.46147914941e-05
1516	4.44371342227e-05
1517	4.4258410979e-05
1518	4.40785295356e-05
1519	4.38976155732e-05
1520	4.37151322547e-05
1521	4.35321219e-05
1522	4.3348288523e-05
1523	4.31640871192e-05
1524	4.29802501706e-05
1525	4.27967719882e-05
1526	4.26151994812e-05
1527	4.24349880219e-05
1528	4.2255929464e-05
1529	4.20777139296e-05
1530	4.18991995112e-05
1531	4.17208309558e-05
1532	4.15417956417e-05
1533	4.13620182566e-05
1534	4.11818586789e-05
1535	4.1001217476e-05
1536	4.08217355324e-05
1537	4.06437371839e-05
1538	4.04678959898e-05
1539	4.02946862852e-05
1540	4.01236173449e-05
1541	3.99549300767e-05
1542	3.97872206252e-05
1543	3.96196104809e-05
1544	3.94513843206e-05
1545	3.92813710078e-05
1546	3.91099999094e-05
1547	3.89365899637e-05
1548	3.87610208373e-05
1549	3.85834024782e-05
1550	3.8403313555e-05
1551	3.82219101204e-05
1552	3.80389711224e-05
1553	3.78547367572e-05
1554	3.76693998885e-05
1555	3.74824527511e-05
1556	3.72946974883e-05
1557	3.7105775935e-05
1558	3.69156581513e-05
1559	3.67244653526e-05
1560	3.65315523511e-05
1561	3.63378167293e-05
1562	3.61430970379e-05
1563	3.59476019198e-05
1564	3.57515115886e-05
1565	3.55541025562e-05
1566	3.53559020505e-05
1567	3.51564363016e-05
1568	3.49557319283e-05
1569	3.47541337067e-05
1570	3.4550888686e-05
1571	3.43466666426e-05
1572	3.41409741311e-05
1573	3.09158943032e-05
1574	3.11697434988e-05
1575	3.17975161542e-05
1576	2.96832882981e-05
1577	2.76572756103e-05
1578	2.91558211765e-05
1579	2.78167644893e-05
1580	2.67774456278e-05
1581	2.89262817044e-05
1582	2.78886199365e-05
1583	2.68509496853e-05
1584	2.56769415242e-05
1585	2.48879761019e-05
1586	2.4508250312e-05
1587	2.44347604046e-05
1588	2.45076794199e-05
1589	2.45934403087e-05
1590	2.46164033173e-05
1591	2.457760973e-05
1592	2.44891661999e-05
1593	2.43687048159e-05
1594	2.42384869427e-05
1595	2.41101504294e-05
1596	2.39890887829e-05
1597	2.38753022854e-05
1598	2.37662737755e-05
1599	2.36587319425e-05
1600	2.35502833458e-05
1601	2.34397272848e-05
1602	2.33270781992e-05
1603	2.32125629747e-05
1604	2.30964784899e-05
1605	2.29797278047e-05
1606	2.28625429602e-05
1607	2.27450600408e-05
1608	2.26272056901e-05
1609	2.25088034708e-05
1610	2.23900659631e-05
1611	2.22718223727e-05
1612	2.21518860983e-05
1613	2.20310773252e-05
1614	2.19090365642e-05
1615	2.17902380465e-05
1616	2.16697164201e-05
1617	2.1553441281e-05
1618	2.1431820372e-05
1619	2.13137950914e-05
1620	2.11902670258e-05
1621	2.10710566868e-05
1622	2.09466767076e-05
1623	2.08282604472e-05
1624	2.07054251458e-05
1625	2.05854435914e-05
1626	2.04616867018e-05
1627	2.03396473236e-05
1628	2.02172345476e-05
1629	2.00955343779e-05
1630	1.99723802537e-05
1631	1.98486104425e-05
1632	1.97245639892e-05
1633	1.96000008829e-05
1634	1.94752547836e-05
1635	1.93504353491e-05
1636	1.92261661377e-05
1637	1.9099194698e-05
1638	1.8973160261e-05
1639	1.88435526756e-05
1640	1.87157100223e-05
1641	1.85848054761e-05
1642	1.8458712054e-05
1643	1.83265491472e-05
1644	1.81979428305e-05
1645	1.80614783293e-05
1646	1.79308931935e-05
1647	1.7791791984e-05
1648	1.76588955488e-05
1649	1.75151602557e-05
1650	1.73800841131e-05
1651	1.72354308944e-05
1652	1.70986183108e-05
1653	1.69488002294e-05
1654	1.68077808739e-05
1655	1.66530262388e-05
1656	1.65071958731e-05
1657	1.63489158097e-05
1658	1.62012965593e-05
1659	1.60412956578e-05
1660	1.58903171438e-05
1661	1.5723638572e-05
1662	1.55641926568e-05
1663	1.53970395857e-05
1664	1.52673690061e-05
1665	1.51435159941e-05
1666	1.50421869723e-05
1667	1.49470522286e-05
1668	1.48979884907e-05
1669	1.48607830949e-05
1670	1.48324906032e-05
1671	1.47939421617e-05
1672	1.47651455674e-05
1673	1.47288459881e-05
1674	1.46957311066e-05
1675	1.46729985001e-05
1676	1.46391195142e-05
1677	1.46101307759e-05
1678	1.45906138667e-05
1679	1.45633300889e-05
1680	1.45589683704e-05
1681	1.46179779231e-05
1682	1.4671983569e-05
1683	1.47082210207e-05
1684	1.47389262856e-05
1685	1.47693484413e-05
1686	1.48178612232e-05
1687	1.48617576622e-05
1688	1.49117869863e-05
1689	1.49671531832e-05
1690	1.50164096709e-05
1691	1.50674370683e-05
1692	1.5120853247e-05
1693	1.51691939716e-05
1694	1.52153866725e-05
1695	1.52624273377e-05
1696	1.53029088622e-05
1697	1.53423490531e-05
1698	1.53814665281e-05
1699	1.54189830028e-05
1700	1.54549301282e-05
1701	1.5491158628e-05
1702	1.55263929064e-05
1703	1.55603829746e-05
1704	1.55937299658e-05
1705	1.56267480946e-05
1706	1.56584381919e-05
1707	1.56901294233e-05
1708	1.57210023324e-05
1709	1.57593243749e-05
1710	1.57861674893e-05
1711	1.58124115016e-05
1712	1.58365208616e-05
1713	1.58576977586e-05
1714	1.58755774654e-05
1715	1.58905233036e-05
1716	1.59028765382e-05
1717	1.59129123822e-05
1718	1.59204114205e-05
1719	1.59251206854e-05
1720	1.59266889987e-05
1721	1.59272030063e-05
1722	1.59381826943e-05
1723	1.59423072289e-05
1724	1.59466983267e-05
1725	1.59307926822e-05
1726	1.59160580605e-05
1727	1.59009458827e-05
1728	1.58817606456e-05
1729	1.585477105e-05
1730	1.58148568818e-05
1731	1.57864231219e-05
1732	1.57677782338e-05
1733	1.5796214894e-05
1734	1.58323293953e-05
1735	1.58643011311e-05
1736	1.59324858257e-05
1737	1.60582985863e-05
1738	1.6201143698e-05
1739	1.63225590819e-05
1740	1.64279104727e-05
1741	1.65829849127e-05
1742	1.67772904515e-05
1743	1.69654942026e-05
1744	1.71160238172e-05
1745	1.72457058964e-05
1746	1.73498044646e-05
1747	1.74542116926e-05
1748	1.75515569316e-05
1749	1.76391883278e-05
1750	1.7721096537e-05
1751	1.77964104641e-05
1752	1.78653055972e-05
1753	1.7927176951e-05
1754	1.79889279595e-05
1755	1.80522800946e-05
1756	1.81034115726e-05
1757	1.81506324808e-05
1758	1.81970253672e-05
1759	1.82467079436e-05
1760	1.8287034418e-05
1761	1.83253053575e-05
1762	1.83626443739e-05
1763	1.84021782979e-05
1764	1.84346990857e-05
1765	1.84655817368e-05
1766	1.84958314369e-05
1767	1.8526901506e-05
1768	1.85538259608e-05
1769	1.85791664274e-05
1770	1.86035542866e-05
1771	1.86280619819e-05
1772	1.86500804455e-05
1773	1.86708215419e-05
1774	1.86905180502e-05
1775	1.8709879326e-05
1776	1.87277684661e-05
1777	1.87445273989e-05
1778	1.87602572833e-05
1779	1.87754068559e-05
1780	1.87898017605e-05
1781	1.88030532588e-05
1782	1.88155204085e-05
1783	1.88281788519e-05
1784	1.88378199097e-05
1785	1.88485135811e-05
1786	1.88592381624e-05
1787	1.88673626859e-05
1788	1.88754829432e-05
1789	1.88839698168e-05
1790	1.8889598918e-05
1791	1.88961144602e-05
1792	1.89030127692e-05
1793	1.89071638323e-05
1794	1.89120383918e-05
1795	1.89172488812e-05
1796	1.89193211327e-05
1797	1.89232460062e-05
1798	1.89271092287e-05
1799	1.89300408467e-05
1800	1.89281945161e-05
1801	1.89305301444e-05
1802	1.89329011554e-05
1803	1.89344558126e-05
1804	1.89315202538e-05
1805	1.89315399133e-05
1806	1.89319288689e-05
1807	1.8931772438e-05
1808	1.89303564528e-05
1809	1.8927974782e-05
1810	1.8925130943e-05
1811	1.89175647041e-05
1812	1.89163776127e-05
1813	1.89153376993e-05
1814	1.89134599482e-05
1815	1.89100190191e-05
1816	1.89052725116e-05
1817	1.88998564707e-05
1818	1.88942860033e-05
1819	1.88887735854e-05
1820	1.88832780034e-05
1821	1.88776548439e-05
1822	1.88717702878e-05
1823	1.88655493974e-05
1824	1.88589819126e-05
1825	1.8852098969e-05
1826	1.88449434753e-05
1827	1.88375566135e-05
1828	1.88299607448e-05
1829	1.88221645788e-05
1830	1.88141671262e-05
1831	1.88059633531e-05
1832	1.87975457289e-05
1833	1.87889100908e-05
1834	1.87800540131e-05
1835	1.87717707824e-05
1836	1.87615857758e-05
1837	1.87516962611e-05
1838	1.87418896484e-05
1839	1.87321768957e-05
1840	1.87223430159e-05
1841	1.87122721161e-05
1842	1.87019326178e-05
1843	1.86913468984e-05
1844	1.86805523983e-05
1845	1.86695769265e-05
1846	1.86584384214e-05
1847	1.86471471893e-05
1848	1.86357069251e-05
1849	1.86241164016e-05
1850	1.86123775877e-05
1851	1.86004916927e-05
1852	1.85884585346e-05
1853	1.85762819836e-05
1854	1.85639682719e-05
1855	1.85515179858e-05
1856	1.85389330018e-05
1857	1.85262188038e-05
1858	1.85133750967e-05
1859	1.85004019037e-05
1860	1.84873041664e-05
1861	1.8474083092e-05
1862	1.84607375744e-05
1863	1.84472710972e-05
1864	1.84336878892e-05
1865	1.84199914669e-05
1866	1.84061815171e-05
1867	1.83922620558e-05
1868	1.8378237139e-05
1869	1.8364106945e-05
1870	1.83498727382e-05
1871	1.83355375965e-05
1872	1.8321104489e-05
1873	1.83065734986e-05
1874	1.82919404747e-05
1875	1.82772058833e-05
1876	1.82623765431e-05
1877	1.82474582924e-05
1878	1.82324533663e-05
1879	1.82173620527e-05
1880	1.82021842086e-05
1881	1.81869236376e-05
1882	1.81715801837e-05
1883	1.81561547259e-05
1884	1.81406496114e-05
1885	1.81250670963e-05
1886	1.81094074905e-05
1887	1.80936717826e-05
1888	1.80778598584e-05
1889	1.80619718257e-05
1890	1.80460089665e-05
1891	1.80299725637e-05
1892	1.80138650443e-05
1893	1.79976915085e-05
1894	1.79814546859e-05
1895	1.79651574521e-05
1896	1.79487988771e-05
1897	1.7932377886e-05
1898	1.79158958498e-05
1899	1.78993526668e-05
1900	1.78826248159e-05
1901	1.78660705617e-05
1902	1.78494002494e-05
1903	1.78326262242e-05
1904	1.78157789094e-05
1905	1.77988795688e-05
1906	1.77819346586e-05
1907	1.77649447161e-05
1908	1.77479059369e-05
1909	1.77306896369e-05
1910	1.77136631515e-05
1911	1.76965270887e-05
1912	1.76792956099e-05
1913	1.76619985575e-05
1914	1.76445335751e-05
1915	1.76272744269e-05
1916	1.76099145194e-05
1917	1.7592463146e-05
1918	1.75749515411e-05
1919	1.75572765234e-05
1920	1.7539814396e-05
1921	1.75222597293e-05
1922	1.75045995856e-05
1923	1.74868777183e-05
1924	1.74690009766e-05
1925	1.74513448369e-05
1926	1.74335907346e-05
1927	1.74157542801e-05
1928	1.73978267071e-05
1929	1.73799681724e-05
1930	1.73620195084e-05
1931	1.73441156927e-05
1932	1.7326147982e-05
1933	1.73081091297e-05
1934	1.72900744912e-05
1935	1.72719837276e-05
1936	1.72538979544e-05
1937	1.72357230588e-05
1938	1.72176112109e-05
1939	1.71994422645e-05
1940	1.71811780759e-05
1941	1.71629853989e-05
1942	1.71446879603e-05
1943	1.71264473499e-05
1944	1.71080913717e-05
1945	1.70897982986e-05
1946	1.70713945919e-05
1947	1.70530602726e-05
1948	1.70346227909e-05
1949	1.70161886325e-05
1950	1.69978032525e-05
1951	1.69792875486e-05
1952	1.69608461671e-05
1953	1.6942317316e-05
1954	1.69237953628e-05
1955	1.69052702544e-05
1956	1.68867290274e-05
1957	1.68681680247e-05
1958	1.68495878353e-05
1959	1.68309921915e-05
1960	1.68123838819e-05
1961	1.67937644039e-05
1962	1.67751341417e-05
1963	1.67564932875e-05
1964	1.67288067623e-05
1965	1.67169609402e-05
1966	1.67027641168e-05
1967	1.66787733815e-05
1968	1.66653422479e-05
1969	1.66488827184e-05
1970	1.66208188379e-05
1971	1.66071793548e-05
1972	1.65915014737e-05
1973	1.656541941e-05
1974	1.65517281281e-05
1975	1.6535441945e-05
1976	1.65081454525e-05
1977	1.6494727354e-05
1978	1.64788799819e-05
1979	1.64523361087e-05
1980	1.64387149236e-05
1981	1.64227378439e-05
1982	1.63957651009e-05
1983	1.63822400167e-05
1984	1.63662028476e-05
1985	1.63394298272e-05
1986	1.63258057889e-05
1987	1.63096521989e-05
1988	1.62827357289e-05
1989	1.62691814916e-05
1990	1.62458960481e-05
1991	1.62329064748e-05
1992	1.62165271549e-05
1993	1.61890871938e-05
1994	1.61750389984e-05
1995	1.6151719207e-05
1996	1.61385368599e-05
1997	1.61146500091e-05
1998	1.61011712687e-05
1999	1.60773138223e-05
2000	1.60635873233e-05
2001	1.60394919257e-05
2002	1.60261435966e-05
2003	1.6001740388e-05
2004	1.59878765852e-05
2005	1.59638179306e-05
2006	1.59501008369e-05
2007	1.59261969061e-05
2008	1.5912378364e-05
2009	1.58884610685e-05
2010	1.58747550685e-05
2011	1.5850830811e-05
2012	1.58371230487e-05
2013	1.58131697339e-05
2014	1.57994141073e-05
2015	1.57754542521e-05
2016	1.5761700252e-05
2017	1.57377636984e-05
2018	1.57240252857e-05
2019	1.57001185371e-05
2020	1.56863750169e-05
2021	1.56624908194e-05
2022	1.56487312123e-05
2023	1.5624866101e-05
2024	1.56110966296e-05
2025	1.55872535784e-05
2026	1.55735124944e-05
2027	1.55496681309e-05
2028	1.55359169321e-05
2029	1.55120778081e-05
2030	1.54983470923e-05
2031	1.54745376525e-05
2032	1.54613458864e-05
2033	1.54371460367e-05
2034	1.5423229947e-05
2035	1.53994611433e-05
2036	1.53858186687e-05
2037	1.53621934391e-05
2038	1.53484415311e-05
2039	1.53247666902e-05
2040	1.53109748227e-05
2041	1.52873511317e-05
2042	1.52736663114e-05
2043	1.52500779066e-05
2044	1.52364671403e-05
2045	1.52129740648e-05
2046	1.51991193386e-05
2047	1.51754525411e-05
2048	1.51617045349e-05
2049	1.51381163064e-05
2050	1.51244876903e-05
2051	1.51011345295e-05
2052	1.50879381175e-05
2053	1.50639479609e-05
2054	1.50499489708e-05
2055	1.50264999736e-05
2056	1.50129515665e-05
2057	1.49896737766e-05
2058	1.4976020363e-05
2059	1.4952847094e-05
2060	1.493905433e-05
2061	1.49158373563e-05
2062	1.49020271442e-05
2063	1.48788124176e-05
2064	1.48650002144e-05
2065	1.48418443201e-05
2066	1.4828078899e-05
2067	1.48049742406e-05
2068	1.47912551208e-05
2069	1.47680454853e-05
2070	1.47544476315e-05
2071	1.4731446047e-05
2072	1.47182588522e-05
2073	1.46947099295e-05
2074	1.46809219211e-05
2075	1.46578304537e-05
2076	1.46443205357e-05
2077	1.46213869e-05
2078	1.46078238437e-05
2079	1.45850145443e-05
2080	1.4571366905e-05
2081	1.45485107681e-05
2082	1.45348369054e-05
2083	1.45119717031e-05
2084	1.44983022393e-05
2085	1.44754915575e-05
2086	1.44566218133e-05
2087	1.44446688309e-05
2088	1.44217714612e-05
2089	1.44029055744e-05
2090	1.43903541195e-05
2091	1.43677572235e-05
2092	1.43490826646e-05
2093	1.4336143476e-05
2094	1.43133906969e-05
2095	1.42947998076e-05
2096	1.42818646875e-05
2097	1.42591246769e-05
2098	1.42406109103e-05
2099	1.42280849075e-05
2100	1.42049824518e-05
2101	1.41864248399e-05
2102	1.41738373725e-05
2103	1.41514443945e-05
2104	1.41329236172e-05
2105	1.41200896534e-05
2106	1.40977018363e-05
2107	1.40793592901e-05
2108	1.40665853676e-05
2109	1.40441246324e-05
2110	1.40257489192e-05
2111	1.40133611874e-05
2112	1.3990451566e-05
2113	1.39720105708e-05
2114	1.39595912438e-05
2115	1.39373920576e-05
2116	1.39192110807e-05
2117	1.39064661734e-05
2118	1.38841994069e-05
2119	1.38659717598e-05
2120	1.3853291362e-05
2121	1.38310956024e-05
2122	1.38129557934e-05
2123	1.38007452899e-05
2124	1.37780971404e-05
2125	1.37598628756e-05
2126	1.37475143463e-05
2127	1.37256118892e-05
2128	1.37076601973e-05
2129	1.36949732052e-05
2130	1.36730121187e-05
2131	1.36550209413e-05
2132	1.36427773737e-05
2133	1.36204221008e-05
2134	1.36024015825e-05
2135	1.35901195443e-05
2136	1.35683983609e-05
2137	1.35505804777e-05
2138	1.35379645643e-05
2139	1.35161914381e-05
2140	1.34983678485e-05
2141	1.34861212215e-05
2142	1.34640539122e-05
2143	1.34462726313e-05
2144	1.3429352866e-05
2145	1.34172681057e-05
2146	1.33959986585e-05
2147	1.33780602908e-05
2148	1.33609360023e-05
2149	1.33483205303e-05
2150	1.33269276576e-05
2151	1.33090374322e-05
2152	1.32920462417e-05
2153	1.32800054923e-05
2154	1.32582652128e-05
2155	1.32403766776e-05
2156	1.32235934928e-05
2157	1.32117014369e-05
2158	1.31902454887e-05
2159	1.31725391154e-05
2160	1.31557917303e-05
2161	1.31435179366e-05
2162	1.31224787127e-05
2163	1.31048509935e-05
2164	1.30880336379e-05
2165	1.30755977333e-05
2166	1.30546219916e-05
2167	1.30370797553e-05
2168	1.30203918378e-05
2169	1.30084400118e-05
2170	1.29871598976e-05
2171	1.2969643443e-05
2172	1.29531361313e-05
2173	1.29412083326e-05
2174	1.29204029054e-05
2175	1.29030001573e-05
2176	1.28863778607e-05
2177	1.28744537835e-05
2178	1.28533606997e-05
2179	1.28359500269e-05
2180	1.28195786703e-05
2181	1.28078158525e-05
2182	1.27869623345e-05
2183	1.27697625967e-05
2184	1.27534325069e-05
2185	1.27413368468e-05
2186	1.27208927228e-05
2187	1.27037840537e-05
2188	1.26874045486e-05
2189	1.26716188986e-05
2190	1.26591174651e-05
2191	1.26386442893e-05
2192	1.26214392702e-05
2193	1.2605044503e-05
2194	1.25893338605e-05
2195	1.25773609444e-05
2196	1.25565792727e-05
2197	1.25394872006e-05
2198	1.25233545116e-05
2199	1.25078679442e-05
2200	1.24959516707e-05
2201	1.24754362191e-05
2202	1.24584361902e-05
2203	1.24423093855e-05
2204	1.24266576058e-05
2205	1.24146881406e-05
2206	1.23944967864e-05
2207	1.23776713086e-05
2208	1.23616362332e-05
2209	1.23462095432e-05
2210	1.23307295229e-05
2211	1.23150292546e-05
2212	1.22990743419e-05
2213	1.22829591976e-05
2214	1.22667603858e-05
2215	1.22505524132e-05
2216	9.49273476851e-06
2217	9.77681460569e-06
2218	1.04368594132e-05
2219	1.14010606307e-05
2220	1.20840767751e-05
2221	9.77184962713e-06
2222	1.0065712857e-05
2223	1.06459400591e-05
2224	1.1483425934e-05
2225	9.30586720242e-06
2226	9.89657004657e-06
2227	1.06142580095e-05
2228	8.6821845283e-06
