1	1
2	0.996880380624
3	0.0794872211839
4	0.0190586824346
5	0.0747932799994
6	0.202761681518
7	0.169897093746
8	0.0534194866344
9	0.0417326133013
10	0.109847416267
11	0.187986496561
12	0.0842937419734
13	0.0454051582617
14	0.0451464843713
15	0.0507738270985
16	0.0389234299051
17	0.0261326443901
18	0.0228931472056
19	0.0271264357234
20	0.0293580091896
21	0.0298113954464
22	0.026043679758
23	0.0223754787953
24	0.0198561825595
25	0.0171931268929
26	0.0146516057538
27	0.012815343583
28	0.012089037015
29	0.0128389929989
30	0.0139902952693
31	0.0145695115603
32	0.0144501421253
33	0.0136740532739
34	0.0125225983868
35	0.0112090373832
36	0.0100193707357
37	0.00919631437662
38	0.00894263645625
39	0.0092050977762
40	0.00944124185998
41	0.0094885762817
42	0.0092374250416
43	0.00886092000589
44	0.00841982470685
45	0.00798503971211
46	0.0076169248664
47	0.00740254114306
48	0.00741621935985
49	0.00748310327897
50	0.00751291212152
51	0.00746262962598
52	0.0073231455039
53	0.00708632670121
54	0.0068365817709
55	0.00659535838121
56	0.0064151581926
57	0.00633305327687
58	0.00639640211069
59	0.00645343621631
60	0.00644138276661
61	0.00637884294452
62	0.00627880916563
63	0.00615537055687
64	0.00603371689581
65	0.005931397884
66	0.0058840999084
67	0.00587491241009
68	0.00588005122476
69	0.00587032760804
70	0.00583841634674
71	0.00578952275121
72	0.00573325084427
73	0.00567269204569
74	0.00563184202878
75	0.00560330584283
76	0.00559606762806
77	0.00559422788987
78	0.00559073097209
79	0.00557199897405
80	0.00554883137375
81	0.00551295473381
82	0.00547981799274
83	0.00545668647035
84	0.00544537644596
85	0.00544390955015
86	0.00544591341859
87	0.00544768655616
88	0.00544951542013
89	0.00545060178368
90	0.00545177322792
91	0.00545424080624
92	0.00546028379221
93	0.00546286269889
94	0.00547132012017
95	0.00547561522745
96	0.0054822742277
97	0.00548528594723
98	0.00548894928901
99	0.00549223479291
100	0.00549477354653
101	0.00549741221247
102	0.00550058061792
103	0.00550467758733
104	0.00550864544808
105	0.00551325756007
106	0.00551841370892
107	0.00552704722068
108	0.00553189933606
109	0.0055369602986
110	0.00554092082346
111	0.00554938186459
112	0.00555480713416
113	0.00556649197583
114	0.00557274727369
115	0.00557811376249
116	0.00558615319974
117	0.00558903433137
118	0.00559305000216
119	0.00560460349385
120	0.00560928848468
121	0.0056185500241
122	0.00562032854089
123	0.00561044147242
124	0.00557964442416
125	0.00552601996758
126	0.00547559700196
127	0.00541775360837
128	0.00536145182348
129	0.00529766013839
130	0.00522785940488
131	0.00515135675213
132	0.00508181561876
133	0.00501503132888
134	0.00494888072135
135	0.00487847906688
136	0.00480712541189
137	0.0047383490208
138	0.00466639163511
139	0.00459745824765
140	0.00453034062392
141	0.00446100901318
142	0.00439431619361
143	0.00432573726537
144	0.004261632573
145	0.00419477386132
146	0.00413071619058
147	0.00406440608697
148	0.00400050608007
149	0.00393375713858
150	0.00387455249319
151	0.00381226774238
152	0.00375186407755
153	0.00369266284954
154	0.00363271935052
155	0.00357353352631
156	0.00351809301444
157	0.0034624364026
158	0.00340730622882
159	0.00335902315017
160	0.00330815071708
161	0.00325777677295
162	0.00320915304719
163	0.00316383594858
164	0.00311913558855
165	0.00307372539815
166	0.00302904983714
167	0.00298351504483
168	0.0029394354967
169	0.00289724451026
170	0.00285502412081
171	0.00281467958787
172	0.00277445144257
173	0.00273387740096
174	0.00269349544833
175	0.0026556849489
176	0.00262095500188
177	0.00258341896359
178	0.0025497850683
179	0.00251339077422
180	0.00247824429949
181	0.00244495348346
182	0.00241144426211
183	0.00237872384771
184	0.00234697049838
185	0.00231574654061
186	0.00228269090261
187	0.00225175624119
188	0.00221986092946
189	0.00218839805962
190	0.00215947617211
191	0.00213037008038
192	0.00210197175337
193	0.00207162213014
194	0.00204154108184
195	0.00201130259202
196	0.00198195573692
197	0.00195497775915
198	0.0019271400796
199	0.00190287255866
200	0.00187949126675
201	0.00185607376271
202	0.00183210427505
203	0.00180718221048
204	0.00178529125821
205	0.00176466453804
206	0.00174211154154
207	0.00172084616312
208	0.00169826247557
209	0.00167631820133
210	0.00165566100195
211	0.00163443003941
212	0.00161502743121
213	0.00159491304245
214	0.0015756130799
215	0.00155523208021
216	0.00153461146145
217	0.00151515080512
218	0.00149628020013
219	0.00147968359099
220	0.00146171639881
221	0.00144412888786
222	0.00142524863707
223	0.00140773360458
224	0.00139224270929
225	0.0013742380689
226	0.00135621900849
227	0.00133857549737
228	0.00131931506311
229	0.00130385140521
230	0.00128714429056
231	0.00127034873928
232	0.00125583366097
233	0.0012424837116
234	0.0012282563903
235	0.00121505059679
236	0.00120143500752
237	0.00119035284872
238	0.0011771017114
239	0.00116352376352
240	0.00114913960849
241	0.00113650640455
242	0.00112416954809
243	0.00111098092305
244	0.00109832817374
245	0.00108547911069
246	0.00107359550416
247	0.00106141446391
248	0.00104985916218
249	0.00103924695082
250	0.00102735188333
251	0.00101532871969
252	0.00100377977636
253	0.000991661735275
254	0.000980481590894
255	0.000967917042996
256	0.000957687499651
257	0.000945519759116
258	0.000934744068189
259	0.000925067756869
260	0.000914609042142
261	0.000905904966808
262	0.000898072323385
263	0.000888653725939
264	0.00087937555567
265	0.000871211745082
266	0.00086254095582
267	0.000853362504666
268	0.00084353223273
269	0.000833616868444
270	0.00082465766084
271	0.000815609134275
272	0.000806588568244
273	0.000798904044295
274	0.000789760716152
275	0.000781409862064
276	0.000773483169137
277	0.00076402407971
278	0.000755686574119
279	0.000746554836966
280	0.000738119406212
281	0.000730519698234
282	0.000723767137075
283	0.000717058429665
284	0.000710423141345
285	0.00070359819729
286	0.000696145148733
287	0.000690731578429
288	0.000684067144212
289	0.000676166539123
290	0.00067033093796
291	0.00066400933856
292	0.000656594866706
293	0.000650939712518
294	0.000644140279721
295	0.00063908977267
296	0.000636836298819
297	0.000631550824029
298	0.000625883738214
299	0.000623034221363
300	0.000616891124314
301	0.000612163626509
302	0.000607333491141
303	0.000603512717246
304	0.000601237396446
305	0.000596384510976
306	0.000590853662557
307	0.00058618643058
308	0.00059133825712
309	0.000599751863079
310	0.000606759900658
311	0.00061275895637
312	0.000621409898189
313	0.000625991618338
314	0.00063446260219
315	0.000638356080017
316	0.000639488806344
317	0.000641296968563
318	0.000641088503802
319	0.000637718673752
320	0.000640582693477
321	0.000642006433969
322	0.000641884662293
323	0.000640587064762
324	0.000638772340594
325	0.000636910496193
326	0.00063549906442
327	0.000633602511285
328	0.000631777124713
329	0.000629184153624
330	0.000626329303275
331	0.000620358439053
332	0.000618915377537
333	0.000614847716929
334	0.000609582665028
335	0.000605950823727
336	0.000600641314549
337	0.000599060514122
338	0.000596614339391
339	0.000592374192489
340	0.000583961363951
341	0.00058475118898
342	0.000583226630377
343	0.000580833637248
344	0.000577944031215
345	0.000571417391086
346	0.000569954517306
347	0.000567713248265
348	0.000563651822061
349	0.000557415008916
350	0.000554620812446
351	0.000548305173666
352	0.000542591503078
353	0.000537517215929
354	0.00053445797861
355	0.000528429844248
356	0.000520364641294
357	0.000522490179388
358	0.000522817581786
359	0.000521037309384
360	0.000517856162382
361	0.000513613892038
362	0.000510621458501
363	0.00050584459412
364	0.000500016883967
365	0.000493128494079
366	0.000489179342166
367	0.000485497980854
368	0.00048193704633
369	0.000477064368216
370	0.000474821125784
371	0.000475069270368
372	0.000469796885288
373	0.000471297711377
374	0.000464621362707
375	0.000466171577821
376	0.000466041762061
377	0.000463863948809
378	0.000460556149344
379	0.00045661663645
380	0.000452279086272
381	0.000447780628305
382	0.000445673705921
383	0.00043530001682
384	0.000440615343871
385	0.000442568754734
386	0.00044247885107
387	0.000441783657869
388	0.00044077656464
389	0.000439182619473
390	0.000435970413364
391	0.000430450137535
392	0.000428600632566
393	0.000428474566486
394	0.000426874784596
395	0.000421343837687
396	0.000419690984936
397	0.000419753905324
398	0.000419151282381
399	0.000411320677535
400	0.000414773509504
401	0.000415100670997
402	0.00041158959906
403	0.00040974347873
404	0.000410011666146
405	0.000406510046063
406	0.000404856751084
407	0.000404221634258
408	0.000398618286889
409	0.000400130313568
410	0.000394752041112
411	0.000397495536337
412	0.000395774329797
413	0.000395744162804
414	0.000394557730575
415	0.000393496947354
416	0.00039158745414
417	0.000389987745824
418	0.00038753032927
419	0.000385231645609
420	0.000382754539742
421	0.000381871035998
422	0.000381254803559
423	0.000381658445986
424	0.0003802721252
425	0.000377070425319
426	0.000378815196589
427	0.000375944093146
428	0.000370117468265
429	0.000369864727563
430	0.000367628860676
431	0.000361331651236
432	0.000363071299326
433	0.000361272790796
434	0.000362116403669
435	0.000363307957158
436	0.000362842793373
437	0.000360639741819
438	0.000357566398193
439	0.000354386574259
440	0.000354570927386
441	0.000353102110586
442	0.000349773985678
443	0.000349821639538
444	0.000348995082702
445	0.00034582145812
446	0.000339711592107
447	0.000340425606291
448	0.00033850152591
449	0.000336470365798
450	0.000335212459824
451	0.000332828479694
452	0.000326592262601
453	0.000326974300408
454	0.000317834845696
455	0.000318523771924
456	0.000315456126041
457	0.000311571264707
458	0.000310733965483
459	0.000308324760704
460	0.000304838858744
461	0.000299773975864
462	0.000297266153228
463	0.000298900940803
464	0.000298556930974
465	0.000301409945757
466	0.000301174237606
467	0.000297569329919
468	0.000300052015531
469	0.000302107694481
470	0.000303182001566
471	0.000301424275613
472	0.000301663934915
473	0.000297374297065
474	0.000297908129331
475	0.000295041083936
476	0.000294792462383
477	0.000293600075074
478	0.000293076881604
479	0.000291379183059
480	0.000290147694241
481	0.000285984752692
482	0.000287325946112
483	0.000285735514105
484	0.000285153048019
485	0.000280630240189
486	0.000279960826617
487	0.000277088327341
488	0.000276308436981
489	0.000274209380741
490	0.000270956275194
491	0.000270180981609
492	0.000262178274229
493	0.000282509376527
494	0.000290824985944
495	0.000294701224145
496	0.000296665030495
497	0.000297645279111
498	0.000298061023317
499	0.000298123754748
500	0.000297955844057
501	0.000297628864839
502	0.000297190333924
503	0.000296671560101
504	0.00029609175953
505	0.000295469494513
506	0.000294816951987
507	0.000294129110833
508	0.000293410903219
509	0.000292670285757
510	0.000291912761138
511	0.000291129231538
512	0.000290322790837
513	0.000289500364043
514	0.000288668077127
515	0.000287818757049
516	0.000286959049018
517	0.000286091505888
518	0.000285224366991
519	0.000284361329504
520	0.000283502320172
521	0.000282646226997
522	0.00028179400053
523	0.000280945269596
524	0.000280098301181
525	0.000279251111796
526	0.000278401796466
527	0.000277548824862
528	0.000276690772696
529	0.000275826814178
530	0.00027495692892
531	0.000274081795099
532	0.000273202994702
533	0.000272322836708
534	0.000271444034948
535	0.000270569458166
536	0.000269701594276
537	0.000268842140879
538	0.000267991736145
539	0.000267149829316
540	0.000266314806328
541	0.000265484487556
542	0.000264656478032
543	0.000263828461114
544	0.00026299853424
545	0.000262165293077
546	0.000261328100875
547	0.000260487073175
548	0.000259643113692
549	0.000258797644599
550	0.000257952846728
551	0.000257111442422
552	0.000256276126182
553	0.000255448988059
554	0.00025463143945
555	0.000253823515221
556	0.000253024318832
557	0.000252231946242
558	0.0002514440193
559	0.000250658081802
560	0.000249871983138
561	0.000249084022332
562	0.000248293118701
563	0.000247498849297
564	0.000246701517386
565	0.000245902258384
566	0.000245102896048
567	0.000244305757593
568	0.000243513365875
569	0.000242728163407
570	0.000241951852521
571	0.000241185143368
572	0.000240427662732
573	0.000239677988803
574	0.000238934029938
575	0.000238193416654
576	0.000237453632535
577	0.000236712974283
578	0.000235970069639
579	0.000235224142929
580	0.000234475163238
581	0.00023372381644
582	0.000232971692627
583	0.000232220816849
584	0.000231473602904
585	0.000230732462946
586	0.00022999939908
587	0.000229275504931
588	0.000228560804507
589	0.000227854286216
590	0.000227154053087
591	0.000226457843499
592	0.000225763361714
593	0.000225068556294
594	0.000224371875783
595	0.000223672441874
596	0.000222970011565
597	0.000222265051276
598	0.000221558777455
599	0.000220853064015
600	0.000220150214867
601	0.000219452604288
602	0.000218762305279
603	0.000218080639147
604	0.000217407897831
605	0.000216743283261
606	0.000216085119991
607	0.000215431276986
608	0.000214779455433
609	0.00021412762864
610	0.000213474210379
611	0.000212818167667
612	0.000212159152135
613	0.000211497525079
614	0.000210834373535
615	0.000210171418816
616	0.000209510829789
617	0.000208854946519
618	0.000208205865289
619	0.000207564977129
620	0.000206932609597
621	0.000206307928092
622	0.000205689546781
623	0.000205075328875
624	0.000204463176875
625	0.000203851037871
626	0.000203237409016
627	0.000202621272009
628	0.000202002227768
629	0.000201380589359
630	0.000200757400239
631	0.000200134244081
632	0.000199513249725
633	0.0001988967801
634	0.000198286819762
635	0.00019768462782
636	0.00019709052743
637	0.000196503865789
638	0.000195923019274
639	0.000195346139958
640	0.000194771009202
641	0.000194195712469
642	0.000193618799964
643	0.000193039322801
644	0.000192456939335
645	0.000191872008671
646	0.00019128559268
647	0.000190699532595
648	0.000190115796696
649	0.000189536568218
650	0.000188963671871
651	0.00018839827808
652	0.000187840573534
653	0.000187289764014
654	0.00018674424459
655	0.000186202050158
656	0.00018566108683
657	0.000185119513728
658	0.00018457608166
659	0.000184029959254
660	0.000183481035055
661	0.000182929761235
662	0.000182377385609
663	0.000181825563889
664	0.000181276469393
665	0.000180732168742
666	0.000180194331489
667	0.000179663755625
668	0.000179140384132
669	0.000178623194698
670	0.000178110479111
671	0.000177600239778
672	0.000177090541717
673	0.000176579733728
674	0.000176066711032
675	0.000175550930443
676	0.000175032481149
677	0.000174512032625
678	0.000173990969422
679	0.000173471162009
680	0.000172954691598
681	0.000172443486143
682	0.000171938866206
683	0.000171441343594
684	0.000170950313416
685	0.000170464508972
686	0.00016998204882
687	0.000169501100373
688	0.000169019815207
689	0.000168536806933
690	0.000168051206628
691	0.000167562800864
692	0.00016707199039
693	0.000166579833647
694	0.00016608797299
695	0.000165598330742
696	0.000165113347186
697	0.00016463345988
698	0.000164159838534
699	0.000163693769744
700	0.000163233197788
701	0.000162777084985
702	0.000162322194896
703	0.000161867596903
704	0.000161411101861
705	0.000160953034738
706	0.000160491937872
707	0.000160028368684
708	0.0001595627957
709	0.000159097226179
710	0.000158633057918
711	0.000158172228211
712	0.000157717068866
713	0.000157268190322
714	0.000156825182779
715	0.000156388211642
716	0.000155954926046
717	0.000155524221803
718	0.000155094772019
719	0.00015466297633
720	0.000154229774216
721	0.000153793954173
722	0.000153355453217
723	0.000152915115967
724	0.000152473273694
725	0.000152033466045
726	0.000151596245629
727	0.000151163973109
728	0.000150737856166
729	0.000150317013584
730	0.000149901994715
731	0.000149491703725
732	0.000149083094553
733	0.000148675639834
734	0.000148267644991
735	0.000147856775145
736	0.000147443696627
737	0.000147028431638
738	0.000146610893178
739	0.000146192685616
740	0.000145774166067
741	0.000145358686385
742	0.000144947910946
743	0.000144543518276
744	0.000144145068342
745	0.00014375226675
746	0.000143362718483
747	0.000142975557364
748	0.00014258945677
749	0.000142202204863
750	0.000141812569513
751	0.000141419860088
752	0.000141024063655
753	0.000140626287529
754	0.000140227958387
755	0.000139831310021
756	0.000139437913931
757	0.000139049483121
758	0.000138666913195
759	0.000138289783694
760	0.000137917339001
761	0.00013754803102
762	0.000137180283198
763	0.000136812462069
764	0.000136443250778
765	0.000136071745918
766	0.00013569758701
767	0.000135320996945
768	0.000134942845335
769	0.000134564597822
770	0.000134188009436
771	0.000133814928847
772	0.000133446803657
773	0.000133084298331
774	0.000132727136137
775	0.000132374216139
776	0.000132023917636
777	0.000131674469867
778	0.000131324301351
779	0.000130972191117
780	0.000130617446955
781	0.00013025997994
782	0.000129900379872
783	0.000129539805041
784	0.000129179941195
785	0.00012882265561
786	0.000128469594633
787	0.00012812178905
788	0.00012777938536
789	0.000127441628922
790	0.000127107081484
791	0.000126774006246
792	0.000126440726217
793	0.000126105887615
794	0.000125768613612
795	0.000125428587572
796	0.000125086173563
797	0.000124742335754
798	0.000124398609914
799	0.000124056833823
800	0.000123718751762
801	0.0001233855883
802	0.000123057729882
803	0.000122734618347
804	0.000122414954943
805	0.000122097056066
806	0.000121779206426
807	0.000121459981031
808	0.000121138427046
809	0.000120814137741
810	0.000120487394569
811	0.000120159048713
812	0.000119830577452
813	0.00011950379832
814	0.000119180600418
815	0.000118861886426
816	0.000118548441225
817	0.000118239762655
818	0.000117934233351
819	0.000117630536447
820	0.00011732695085
821	0.000117021807048
822	0.000116714333491
823	0.000116404154148
824	0.000116091542579
825	0.000115777430157
826	0.000115463332933
827	0.000115151041662
828	0.00011484228113
829	0.000114538239731
830	0.000114239222929
831	0.000113944592503
832	0.000113652982532
833	0.000113362700248
834	0.000113072086928
835	0.000112779808876
836	0.000112485019081
837	0.000112187512475
838	0.000111887737609
839	0.000111586799006
840	0.000111286309943
841	0.000110988093732
842	0.000110693758099
843	0.000110404234811
844	0.000110119514957
845	0.000109838672962
846	0.000109560189385
847	0.000109282337002
848	0.000109003583431
849	0.000108722761465
850	0.000108439303418
851	0.000108153240133
852	0.000107865313485
853	0.00010757690291
854	0.000107289753941
855	0.000107005634338
856	0.000106725865491
857	0.000106450909465
858	0.000106180256437
859	0.000105912624824
860	0.000105646338423
861	0.000105379738413
862	0.000105111483565
863	0.000104840758369
864	0.000104567344031
865	0.000104291739287
866	0.00010401508067
867	0.00010373901507
868	0.000103465375547
869	0.000103195667388
870	0.000102930640074
871	0.000102670070047
872	0.000102412867397
873	0.000102157411001
874	0.000101902008505
875	0.000101645212968
876	0.000101386097203
877	0.000101124299498
878	0.000100860163816
879	0.00010059471394
880	0.000100329519738
881	0.000100066387307
882	9.98069040662e-05
883	9.95519708858e-05
884	9.93014698973e-05
885	9.90543861751e-05
886	9.88091499608e-05
887	9.85640732446e-05
888	9.83176920386e-05
889	9.8069024451e-05
890	9.78176950714e-05
891	9.7564034616e-05
892	9.73090480901e-05
893	9.70542886176e-05
894	9.68015483187e-05
895	9.65523935152e-05
896	9.63076638638e-05
897	9.60672726018e-05
898	9.58301065378e-05
899	9.55946172738e-05
900	9.5359117639e-05
901	9.51222093661e-05
902	9.48829592367e-05
903	9.46410836618e-05
904	9.43969945772e-05
905	9.41517819465e-05
906	9.39070331212e-05
907	9.36645093969e-05
908	9.34256256677e-05
909	9.31911331281e-05
910	9.2960695459e-05
911	9.27331579682e-05
912	9.25068895922e-05
913	9.22802665098e-05
914	9.20519702334e-05
915	9.18212345103e-05
916	9.15879696964e-05
917	9.13527416942e-05
918	9.11167927022e-05
919	9.08817863511e-05
920	9.06494170966e-05
921	9.04209554767e-05
922	9.01967427991e-05
923	8.99761811551e-05
924	8.97579300682e-05
925	8.95403623467e-05
926	8.93219315052e-05
927	8.91015229157e-05
928	8.88786221476e-05
929	8.86533727762e-05
930	8.84266070649e-05
931	8.81997426653e-05
932	8.79744928815e-05
933	8.77523954802e-05
934	8.75343376615e-05
935	8.73202537281e-05
936	8.71091990523e-05
937	8.68996900757e-05
938	8.6690109396e-05
939	8.64791304251e-05
940	8.62659092896e-05
941	8.60502342304e-05
942	8.58325807941e-05
943	8.5614092451e-05
944	8.53963127807e-05
945	8.51809325788e-05
946	8.49691326397e-05
947	8.47612796699e-05
948	8.45569542237e-05
949	8.43547323471e-05
950	8.41531939203e-05
951	8.39508601062e-05
952	8.37466669372e-05
953	8.35401229356e-05
954	8.33313985606e-05
955	8.31213228451e-05
956	8.29112572568e-05
957	8.27028132037e-05
958	8.24974082012e-05
959	8.22957947918e-05
960	8.20978206257e-05
961	8.19025176002e-05
962	8.17084494177e-05
963	8.1514136458e-05
964	8.13183725789e-05
965	8.11204534408e-05
966	8.09202776673e-05
967	8.07184082769e-05
968	8.0515989329e-05
969	8.0314527724e-05
970	8.01154989057e-05
971	7.99199240135e-05
972	7.97279920764e-05
973	7.95390522686e-05
974	7.93518591454e-05
975	7.91649443429e-05
976	7.89770289337e-05
977	7.87872339348e-05
978	7.85952480318e-05
979	7.84014112877e-05
980	7.82065943192e-05
981	7.80121279609e-05
982	7.78194743258e-05
983	7.76298087881e-05
984	7.74436453271e-05
985	7.72606354032e-05
986	7.7079769345e-05
987	7.68997180258e-05
988	7.67191740322e-05
989	7.65371401848e-05
990	7.63530894076e-05
991	7.61670733572e-05
992	7.59797373251e-05
993	7.57921923021e-05
994	7.5605814293e-05
995	7.54218735514e-05
996	7.52411285164e-05
997	7.50635907024e-05
998	7.48885572357e-05
999	7.47148683872e-05
1000	7.45412122101e-05
1001	7.43664922002e-05
1002	7.41900264792e-05
1003	7.40116298712e-05
1004	7.38320184772e-05
1005	7.36510252591e-05
1006	7.34714490953e-05
1007	7.32933095679e-05
1008	7.31171573632e-05
1009	7.29447409038e-05
1010	7.27742543242e-05
1011	7.26067430098e-05
1012	7.24392794532e-05
1013	7.22716546295e-05
1014	7.21023519511e-05
1015	7.19316902447e-05
1016	7.17589223654e-05
1017	7.15855065786e-05
1018	7.14117706958e-05
1019	7.12384558291e-05
1020	7.1067788558e-05
1021	7.08991612221e-05
1022	7.07345314396e-05
1023	7.05715184673e-05
1024	7.04101532802e-05
1025	7.02484520445e-05
1026	7.00865884758e-05
1027	6.99225498483e-05
1028	6.97579262029e-05
1029	6.95909759803e-05
1030	6.94238137329e-05
1031	6.92560235838e-05
1032	6.90904808664e-05
1033	6.89262568477e-05
1034	6.87652462835e-05
1035	6.86062462087e-05
1036	6.84496666877e-05
1037	6.82933410091e-05
1038	6.81381648935e-05
1039	6.79814031981e-05
1040	6.78237789008e-05
1041	6.76640956113e-05
1042	6.75035802078e-05
1043	6.73423653984e-05
1044	6.71809092827e-05
1045	6.70211509033e-05
1046	6.68631813813e-05
1047	6.67079302369e-05
1048	6.65550123272e-05
1049	6.64034037915e-05
1050	6.62531604213e-05
1051	6.61027691031e-05
1052	6.59518912421e-05
1053	6.57993963631e-05
1054	6.56460299068e-05
1055	6.54911800903e-05
1056	6.53360373524e-05
1057	6.51807018235e-05
1058	6.50266247121e-05
1059	6.48739861008e-05
1060	6.47237722414e-05
1061	6.45754684749e-05
1062	6.44291794468e-05
1063	6.42837260448e-05
1064	6.41387580805e-05
1065	6.39931215968e-05
1066	6.38468270936e-05
1067	6.36989748539e-05
1068	6.35505480851e-05
1069	6.34008076987e-05
1070	6.32509494698e-05
1071	6.31016023244e-05
1072	6.29537503036e-05
1073	6.28075621608e-05
1074	6.26639934172e-05
1075	6.25217355495e-05
1076	6.23809449352e-05
1077	6.2240675009e-05
1078	6.21004885937e-05
1079	6.19595348839e-05
1080	6.18178875808e-05
1081	6.16749770409e-05
1082	6.15313693579e-05
1083	6.13870148933e-05
1084	6.12428593996e-05
1085	6.10992338466e-05
1086	6.09570504952e-05
1087	6.08164553268e-05
1088	6.06778065172e-05
1089	6.05406691161e-05
1090	6.06845000559e-05
1091	6.05167467346e-05
1092	6.05567883047e-05
1093	6.0561549789e-05
1094	6.05046940267e-05
1095	6.03872008558e-05
1096	6.02270117449e-05
1097	6.00540597236e-05
1098	5.98877726977e-05
1099	5.97350731555e-05
1100	5.95977568308e-05
1101	5.94726754488e-05
1102	5.93551891447e-05
1103	5.92408748653e-05
1104	5.91268214001e-05
1105	5.90113835878e-05
1106	5.88937562631e-05
1107	5.87737532209e-05
1108	5.86513442023e-05
1109	5.85270212049e-05
1110	5.83999644925e-05
1111	5.82713188871e-05
1112	5.81411380172e-05
1113	5.80101377679e-05
1114	5.78785765346e-05
1115	5.77484733739e-05
1116	5.76188867747e-05
1117	5.74918785614e-05
1118	5.7366652046e-05
1119	5.72437995229e-05
1120	5.71229624313e-05
1121	5.70036584297e-05
1122	5.68853189015e-05
1123	5.67673424117e-05
1124	5.66491867016e-05
1125	5.65303816888e-05
1126	5.64106236782e-05
1127	5.62898005385e-05
1128	5.61679622202e-05
1129	5.60453121669e-05
1130	5.59221832215e-05
1131	5.57990010302e-05
1132	5.56761927806e-05
1133	5.55542114276e-05
1134	5.54333566088e-05
1135	5.53137889666e-05
1136	5.51955026595e-05
1137	5.50783230959e-05
1138	5.49619968511e-05
1139	5.48461675125e-05
1140	5.47304729805e-05
1141	5.46146378897e-05
1142	5.44984141509e-05
1143	5.43816512594e-05
1144	5.42643096469e-05
1145	5.41464753137e-05
1146	5.40283187796e-05
1147	5.39100903431e-05
1148	5.37920784215e-05
1149	5.36746250842e-05
1150	5.35579812575e-05
1151	5.34423250805e-05
1152	5.3327715741e-05
1153	5.32140644686e-05
1154	5.31011886515e-05
1155	5.29888501748e-05
1156	5.28767662187e-05
1157	5.2764688774e-05
1158	5.26524022665e-05
1159	5.25397388459e-05
1160	5.24266280338e-05
1161	5.23130740779e-05
1162	5.21991652651e-05
1163	5.20850630962e-05
1164	5.19709941367e-05
1165	5.18572200898e-05
1166	5.17440002333e-05
1167	5.16315528997e-05
1168	5.15200085601e-05
1169	5.14093904062e-05
1170	5.12996264232e-05
1171	5.11905671041e-05
1172	5.10819885447e-05
1173	5.09736708805e-05
1174	5.08653642853e-05
1175	5.07568724331e-05
1176	5.06480558144e-05
1177	5.05388408656e-05
1178	5.04292095017e-05
1179	5.0319230261e-05
1180	5.02090485581e-05
1181	5.00988994285e-05
1182	4.99888813587e-05
1183	4.98792941413e-05
1184	4.9770322378e-05
1185	4.96621170467e-05
1186	4.95547546873e-05
1187	4.94482153751e-05
1188	4.93424230396e-05
1189	4.92372569784e-05
1190	4.91323882909e-05
1191	4.90276690528e-05
1192	4.8922896792e-05
1193	4.88179087275e-05
1194	4.87126541661e-05
1195	4.8606979271e-05
1196	4.85009099758e-05
1197	4.83945846768e-05
1198	4.82881481691e-05
1199	4.81816512573e-05
1200	4.80753636664e-05
1201	4.7969492059e-05
1202	4.78642712365e-05
1203	4.77597224308e-05
1204	4.7655999539e-05
1205	4.75529708042e-05
1206	4.74506089323e-05
1207	4.73487580349e-05
1208	4.7247299857e-05
1209	4.71459197867e-05
1210	4.70445830408e-05
1211	4.69430175225e-05
1212	4.68412340354e-05
1213	4.67390496433e-05
1214	4.66365386465e-05
1215	4.65338165338e-05
1216	4.64308662289e-05
1217	4.63279803464e-05
1218	4.6225177761e-05
1219	4.61227512913e-05
1220	4.60207491098e-05
1221	4.59194054892e-05
1222	4.58187371313e-05
1223	4.57186993548e-05
1224	4.56193104246e-05
1225	4.55205208972e-05
1226	4.54220981031e-05
1227	4.53238251719e-05
1228	4.5225671977e-05
1229	4.51274323706e-05
1230	4.50289650432e-05
1231	4.49302991635e-05
1232	4.48313407066e-05
1233	4.47320568933e-05
1234	4.46326280446e-05
1235	4.45330897289e-05
1236	4.44335127618e-05
1237	4.43341835567e-05
1238	4.42351913249e-05
1239	4.41366559861e-05
1240	4.4038633061e-05
1241	4.39413039986e-05
1242	4.38445855992e-05
1243	4.37484299176e-05
1244	4.36527352656e-05
1245	4.35573102402e-05
1246	4.34621363964e-05
1247	4.3367004405e-05
1248	4.32717776745e-05
1249	4.31763663018e-05
1250	4.3080713239e-05
1251	4.29847515821e-05
1252	4.28886259649e-05
1253	4.27923129428e-05
1254	4.26959033755e-05
1255	4.25995017814e-05
1256	4.25032804158e-05
1257	4.24073697104e-05
1258	4.23118683789e-05
1259	4.22168708095e-05
1260	4.21224335839e-05
1261	4.20285112445e-05
1262	4.19351771243e-05
1263	4.18422772104e-05
1264	4.17497015137e-05
1265	4.16573145391e-05
1266	4.15649970768e-05
1267	4.14726222405e-05
1268	4.13801136266e-05
1269	4.12874221966e-05
1270	4.11945043306e-05
1271	4.11013551751e-05
1272	4.10080242653e-05
1273	4.09145843626e-05
1274	4.08211312991e-05
1275	4.07277810596e-05
1276	4.06346550865e-05
1277	4.05418671664e-05
1278	4.04495131322e-05
1279	4.03576460709e-05
1280	4.02663165815e-05
1281	4.01754963437e-05
1282	4.00851203992e-05
1283	3.99950855776e-05
1284	3.99052817646e-05
1285	3.98155933732e-05
1286	3.97259100008e-05
1287	3.96361472152e-05
1288	3.95462216826e-05
1289	3.94560878436e-05
1290	3.9365718346e-05
1291	3.92751789607e-05
1292	3.91845180025e-05
1293	3.90937537445e-05
1294	3.90030696256e-05
1295	3.89125451822e-05
1296	3.8822264856e-05
1297	3.87323217832e-05
1298	3.86427962764e-05
1299	3.8553730042e-05
1300	3.846508072e-05
1301	3.83769174843e-05
1302	3.82891305687e-05
1303	3.82016424033e-05
1304	3.81143058501e-05
1305	3.80270871957e-05
1306	3.79398443146e-05
1307	3.78524813174e-05
1308	3.77649502156e-05
1309	3.7677180063e-05
1310	3.75892692684e-05
1311	3.75011593543e-05
1312	3.74129803694e-05
1313	3.73247454396e-05
1314	3.72365408534e-05
1315	3.71485335651e-05
1316	3.70607515659e-05
1317	3.6973320191e-05
1318	3.68862742793e-05
1319	3.67996032793e-05
1320	3.67134040427e-05
1321	3.66275516695e-05
1322	3.65420651569e-05
1323	3.64567829845e-05
1324	3.63716862523e-05
1325	3.62866725508e-05
1326	3.62015632609e-05
1327	3.61163857707e-05
1328	3.60310032559e-05
1329	3.59454725747e-05
1330	3.58597491431e-05
1331	3.57738216392e-05
1332	3.56878478343e-05
1333	3.56018017576e-05
1334	3.55158524139e-05
1335	3.543005652e-05
1336	3.53444506337e-05
1337	3.52592029189e-05
1338	3.51742923074e-05
1339	3.50898134622e-05
1340	3.5005688015e-05
1341	3.49219429136e-05
1342	3.48384923611e-05
1343	3.47551858998e-05
1344	3.46720472786e-05
1345	3.45888972471e-05
1346	3.45057401186e-05
1347	3.44224084588e-05
1348	3.43389452218e-05
1349	3.42552673299e-05
1350	3.41714485606e-05
1351	3.40874607175e-05
1352	3.40034218612e-05
1353	3.3919318159e-05
1354	3.38353012534e-05
1355	3.37514024254e-05
1356	3.3667772729e-05
1357	3.35843925398e-05
1358	3.35013952032e-05
1359	3.34187174792e-05
1360	3.33364448202e-05
1361	3.32544408765e-05
1362	3.31727202961e-05
1363	3.33999791566e-05
1364	3.3302785638e-05
1365	3.31080187694e-05
1366	3.32091157289e-05
1367	3.33372145339e-05
1368	3.30980073918e-05
1369	3.30938877321e-05
1370	3.31228296708e-05
1371	3.31328614752e-05
1372	3.30993185251e-05
1373	3.3029912886e-05
1374	3.29367323884e-05
1375	3.28381442351e-05
1376	3.27456642381e-05
1377	3.26625523987e-05
1378	3.25882724633e-05
1379	3.25197692584e-05
1380	3.24540549188e-05
1381	3.23885687073e-05
1382	3.23218085348e-05
1383	3.225319274e-05
1384	3.21827782263e-05
1385	3.21108148198e-05
1386	3.20376672518e-05
1387	3.19635286536e-05
1388	3.18887788885e-05
1389	3.18135077194e-05
1390	3.17378358208e-05
1391	3.16620840593e-05
1392	3.1586519137e-05
1393	3.15111504287e-05
1394	3.14362771837e-05
1395	3.13620456575e-05
1396	3.12885246535e-05
1397	3.1215783791e-05
1398	3.11436255281e-05
1399	3.1072046976e-05
1400	3.10009013885e-05
1401	3.09300270229e-05
1402	3.08592349954e-05
1403	3.07883799951e-05
1404	3.07173174843e-05
1405	3.06459451439e-05
1406	3.05742060371e-05
1407	3.0502088359e-05
1408	3.04296230771e-05
1409	3.03568355497e-05
1410	3.02838684252e-05
1411	3.02106630277e-05
1412	3.01374273961e-05
1413	3.00642784778e-05
1414	2.99913006036e-05
1415	2.99185729511e-05
1416	2.98455263983e-05
1417	2.97738780419e-05
1418	2.97023974563e-05
1419	2.96311767564e-05
1420	2.95602039379e-05
1421	2.94893916034e-05
1422	2.94186480983e-05
1423	2.93478663104e-05
1424	2.92769584004e-05
1425	2.92058628641e-05
1426	2.91339449281e-05
1427	2.90627764368e-05
1428	2.89911755167e-05
1429	2.8919295867e-05
1430	2.8847215934e-05
1431	2.87750128395e-05
1432	2.87027452471e-05
1433	2.86304879028e-05
1434	2.85583285802e-05
1435	2.848576784e-05
1436	2.84143254957e-05
1437	2.83430463873e-05
1438	2.82719938722e-05
1439	2.82011503796e-05
1440	2.81304751835e-05
1441	2.80598642586e-05
1442	2.79892223697e-05
1443	2.79179280442e-05
1444	2.78466099114e-05
1445	2.77752956917e-05
1446	2.77040054499e-05
1447	2.76326215344e-05
1448	2.75611255262e-05
1449	2.74895296635e-05
1450	2.74178109298e-05
1451	2.73469313216e-05
1452	2.72753092077e-05
1453	2.72034787144e-05
1454	2.71311138902e-05
1455	2.7058863042e-05
1456	2.69869276468e-05
1457	2.69153906331e-05
1458	2.68441589926e-05
1459	2.67731897558e-05
1460	2.67023824945e-05
1461	2.6631632354e-05
1462	2.65608098069e-05
1463	2.64898131995e-05
1464	2.64185749983e-05
1465	2.63470599738e-05
1466	2.62752774808e-05
1467	2.62032499401e-05
1468	2.61310095918e-05
1469	2.60586324133e-05
1470	2.59861944568e-05
1471	2.59137505727e-05
1472	2.58413757811e-05
1473	2.57691431502e-05
1474	2.56970804677e-05
1475	2.56251874198e-05
1476	2.55534398159e-05
1477	2.54818163139e-05
1478	2.54102227584e-05
1479	2.53385883757e-05
1480	2.52668582904e-05
1481	2.51949675146e-05
1482	2.51228199087e-05
1483	2.5050379569e-05
1484	2.4977670805e-05
1485	2.49047231069e-05
1486	2.48315609704e-05
1487	2.47582991593e-05
1488	2.46849489728e-05
1489	2.46115998031e-05
1490	2.4538287325e-05
1491	2.44650672577e-05
1492	2.43919848991e-05
1493	2.43190304821e-05
1494	2.42461672837e-05
1495	2.41733456946e-05
1496	2.41006067632e-05
1497	2.40277455443e-05
1498	2.39546967847e-05
1499	2.38814001605e-05
1500	2.38077976068e-05
1501	2.37338702063e-05
1502	2.36596066165e-05
1503	2.35850510188e-05
1504	2.35102377323e-05
1505	2.34353086827e-05
1506	2.33603053508e-05
1507	2.32852561413e-05
1508	2.32102258347e-05
1509	2.31352854498e-05
1510	2.30604866436e-05
1511	2.29858929788e-05
1512	2.29113372205e-05
1513	2.28366860922e-05
1514	2.27618555477e-05
1515	2.26867411123e-05
1516	2.26112035089e-05
1517	2.25351426693e-05
1518	2.24584766541e-05
1519	2.23811563051e-05
1520	2.23032253501e-05
1521	2.22247683235e-05
1522	2.21460603666e-05
1523	2.20672016608e-05
1524	2.19884366023e-05
1525	2.19101369398e-05
1526	2.18326066414e-05
1527	2.17558761045e-05
1528	2.16797508357e-05
1529	2.16039774515e-05
1530	2.15282644263e-05
1531	2.14523764358e-05
1532	2.1376119472e-05
1533	2.12994526478e-05
1534	2.12224615642e-05
1535	2.11455266996e-05
1536	2.10689890623e-05
1537	2.0993338808e-05
1538	2.0918807082e-05
1539	2.08455447565e-05
1540	2.07735360658e-05
1541	2.07025163535e-05
1542	2.06320327778e-05
1543	2.05615956521e-05
1544	2.04907435468e-05
1545	2.04191765349e-05
1546	2.03466849674e-05
1547	2.02730974988e-05
1548	2.01983459779e-05
1549	2.01224060794e-05
1550	2.00453563175e-05
1551	1.99674228378e-05
1552	1.98886705442e-05
1553	1.98091336903e-05
1554	1.972887462e-05
1555	1.96479925783e-05
1556	1.95664630459e-05
1557	1.94842184183e-05
1558	1.9401226125e-05
1559	1.93173576232e-05
1560	1.92326938536e-05
1561	1.91474297443e-05
1562	1.90616539743e-05
1563	1.89753027381e-05
1564	1.88883390791e-05
1565	1.880077152e-05
1566	1.87125422707e-05
1567	1.86235677913e-05
1568	1.85338262773e-05
1569	1.84432690184e-05
1570	1.83519547582e-05
1571	1.82598522101e-05
1572	1.81668710088e-05
1573	1.84182765264e-05
1574	1.83346327661e-05
1575	1.81368399673e-05
1576	1.82621647191e-05
1577	1.84373504674e-05
1578	1.8208928132e-05
1579	1.82295672644e-05
1580	1.82950635278e-05
1581	1.79921603218e-05
1582	1.79780158789e-05
1583	1.80401238021e-05
1584	1.81048044983e-05
1585	1.81313939369e-05
1586	1.81108105374e-05
1587	1.80551468667e-05
1588	1.79828193488e-05
1589	1.79078841358e-05
1590	1.78387543424e-05
1591	1.77756090295e-05
1592	1.77171555749e-05
1593	1.76613870368e-05
1594	1.76060962177e-05
1595	1.75496557623e-05
1596	1.74912026213e-05
1597	1.74305515266e-05
1598	1.73679498432e-05
1599	1.7303819245e-05
1600	1.72385481558e-05
1601	1.71723974889e-05
1602	1.71054904919e-05
1603	1.70378442396e-05
1604	1.69694906389e-05
1605	1.69004161168e-05
1606	1.68305863861e-05
1607	1.67600313352e-05
1608	1.66887540677e-05
1609	1.66168109685e-05
1610	1.65442483714e-05
1611	1.64704909356e-05
1612	1.63968385045e-05
1613	1.63222800941e-05
1614	1.62476843127e-05
1615	1.61730262813e-05
1616	1.60996742113e-05
1617	1.60255923655e-05
1618	1.59514476239e-05
1619	1.58757933559e-05
1620	1.58000703065e-05
1621	1.57227423602e-05
1622	1.56452619628e-05
1623	1.55679323673e-05
1624	1.54906467292e-05
1625	1.54116967077e-05
1626	1.53324960922e-05
1627	1.52516567684e-05
1628	1.51720938379e-05
1629	1.50912524535e-05
1630	1.50100056283e-05
1631	1.49271350141e-05
1632	1.48442974317e-05
1633	1.47605651809e-05
1634	1.46762800462e-05
1635	1.45920127732e-05
1636	1.45073297555e-05
1637	1.44211718544e-05
1638	1.43344454546e-05
1639	1.4246242393e-05
1640	1.41571765921e-05
1641	1.40678092771e-05
1642	1.39791652803e-05
1643	1.38891983628e-05
1644	1.37978667305e-05
1645	1.37052037404e-05
1646	1.36116156462e-05
1647	1.35176690519e-05
1648	1.34215790662e-05
1649	1.33245020115e-05
1650	1.32260268151e-05
1651	1.31282269227e-05
1652	1.30276624694e-05
1653	1.29259366199e-05
1654	1.28216854708e-05
1655	1.27160706238e-05
1656	1.26077742248e-05
1657	1.24993155421e-05
1658	1.23893529833e-05
1659	1.22793531307e-05
1660	1.21665647557e-05
1661	1.20511696686e-05
1662	1.1931679942e-05
1663	1.18152936692e-05
1664	1.17178481433e-05
1665	1.16337244052e-05
1666	1.1558218384e-05
1667	1.14961424671e-05
1668	1.1461021332e-05
1669	1.14432018155e-05
1670	1.14248436053e-05
1671	1.14068797651e-05
1672	1.13884145154e-05
1673	1.1372006868e-05
1674	1.13537985815e-05
1675	1.1336196534e-05
1676	1.13189202289e-05
1677	1.13015942027e-05
1678	1.12853630333e-05
1679	1.12715535649e-05
1680	1.12719776984e-05
1681	1.1318631282e-05
1682	1.13577815143e-05
1683	1.13905807598e-05
1684	1.14165042819e-05
1685	1.14407762315e-05
1686	1.1475025216e-05
1687	1.1511928298e-05
1688	1.15510880975e-05
1689	1.15900716539e-05
1690	1.16292971982e-05
1691	1.16674976418e-05
1692	1.17055131921e-05
1693	1.17431006201e-05
1694	1.17785572523e-05
1695	1.18136557037e-05
1696	1.18466716283e-05
1697	1.18778941778e-05
1698	1.19082395951e-05
1699	1.19371285018e-05
1700	1.19645117453e-05
1701	1.19917476533e-05
1702	1.20179426227e-05
1703	1.20429466314e-05
1704	1.20671625446e-05
1705	1.20907611241e-05
1706	1.21128955863e-05
1707	1.21343570359e-05
1708	1.21549048873e-05
1709	1.2177362955e-05
1710	1.22000341512e-05
1711	1.22199709564e-05
1712	1.22371028538e-05
1713	1.22519333418e-05
1714	1.2264495838e-05
1715	1.2274918976e-05
1716	1.22832128598e-05
1717	1.22893843988e-05
1718	1.22931183277e-05
1719	1.22939932299e-05
1720	1.22908468799e-05
1721	1.22829001799e-05
1722	1.22893834812e-05
1723	1.22903483598e-05
1724	1.22844728474e-05
1725	1.22768814428e-05
1726	1.22667653372e-05
1727	1.2254045181e-05
1728	1.22372602032e-05
1729	1.22138302534e-05
1730	1.2177392785e-05
1731	1.2151227592e-05
1732	1.21344187876e-05
1733	1.21493896562e-05
1734	1.21706598955e-05
1735	1.21900129708e-05
1736	1.22361516861e-05
1737	1.23238678285e-05
1738	1.24247100211e-05
1739	1.25079094107e-05
1740	1.25783881292e-05
1741	1.2687208704e-05
1742	1.28266962017e-05
1743	1.2962265261e-05
1744	1.30768145525e-05
1745	1.31738511167e-05
1746	1.32604073847e-05
1747	1.33358038801e-05
1748	1.34043022212e-05
1749	1.34658325709e-05
1750	1.35228488812e-05
1751	1.35747072671e-05
1752	1.36233592398e-05
1753	1.36687422014e-05
1754	1.37108945313e-05
1755	1.37495734189e-05
1756	1.37866878624e-05
1757	1.38217937679e-05
1758	1.38544437757e-05
1759	1.38844252609e-05
1760	1.39135891612e-05
1761	1.39412579612e-05
1762	1.39670963495e-05
1763	1.39910035334e-05
1764	1.40141749309e-05
1765	1.40362239548e-05
1766	1.40568531263e-05
1767	1.40760975042e-05
1768	1.40946389233e-05
1769	1.4112224456e-05
1770	1.41287304146e-05
1771	1.41441946456e-05
1772	1.41590199514e-05
1773	1.41730995348e-05
1774	1.41863186142e-05
1775	1.41987673946e-05
1776	1.42106089506e-05
1777	1.42218226697e-05
1778	1.42323029628e-05
1779	1.42422105732e-05
1780	1.42515473209e-05
1781	1.42603650925e-05
1782	1.42685217725e-05
1783	1.4276393525e-05
1784	1.42838121012e-05
1785	1.42903188162e-05
1786	1.42965871999e-05
1787	1.43024088911e-05
1788	1.43074923044e-05
1789	1.43124363872e-05
1790	1.43170900002e-05
1791	1.43209221452e-05
1792	1.43246315921e-05
1793	1.43280658048e-05
1794	1.43307659938e-05
1795	1.43333811909e-05
1796	1.43358331867e-05
1797	1.43375391562e-05
1798	1.43391638367e-05
1799	1.43405792421e-05
1800	1.43419162508e-05
1801	1.43422833938e-05
1802	1.43425980413e-05
1803	1.43427364043e-05
1804	1.43428225813e-05
1805	1.43420685821e-05
1806	1.43413172577e-05
1807	1.4340431814e-05
1808	1.43393460849e-05
1809	1.43380180614e-05
1810	1.43364209657e-05
1811	1.4334943152e-05
1812	1.43323332726e-05
1813	1.43297706367e-05
1814	1.43271269145e-05
1815	1.43243566349e-05
1816	1.43214396481e-05
1817	1.43183440128e-05
1818	1.43150424922e-05
1819	1.43115276464e-05
1820	1.43078085466e-05
1821	1.43039003124e-05
1822	1.42998143706e-05
1823	1.42955574642e-05
1824	1.42911314465e-05
1825	1.42865373418e-05
1826	1.42817776379e-05
1827	1.42768560904e-05
1828	1.42717775159e-05
1829	1.42665481499e-05
1830	1.42611742645e-05
1831	1.42556606233e-05
1832	1.42500112089e-05
1833	1.42442311836e-05
1834	1.42383214805e-05
1835	1.42321364689e-05
1836	1.42260235552e-05
1837	1.42197564124e-05
1838	1.42133615877e-05
1839	1.42068213379e-05
1840	1.42001505042e-05
1841	1.41933602268e-05
1842	1.41864577099e-05
1843	1.41794475107e-05
1844	1.41723320873e-05
1845	1.4165110951e-05
1846	1.41577843838e-05
1847	1.41503537108e-05
1848	1.4142820667e-05
1849	1.41351871031e-05
1850	1.41274570047e-05
1851	1.41196319887e-05
1852	1.41117143355e-05
1853	1.41037060022e-05
1854	1.4095610288e-05
1855	1.40874277017e-05
1856	1.40791595524e-05
1857	1.40708079427e-05
1858	1.40623742082e-05
1859	1.40538598494e-05
1860	1.40452663411e-05
1861	1.40365946683e-05
1862	1.40278460227e-05
1863	1.40190228031e-05
1864	1.40101260152e-05
1865	1.40011565462e-05
1866	1.39921160195e-05
1867	1.39830070588e-05
1868	1.39738295869e-05
1869	1.39645853474e-05
1870	1.39552759843e-05
1871	1.39459020361e-05
1872	1.39364665854e-05
1873	1.39269691865e-05
1874	1.39174120247e-05
1875	1.39077964713e-05
1876	1.38981228738e-05
1877	1.38883927322e-05
1878	1.38786070906e-05
1879	1.38687665313e-05
1880	1.38588740188e-05
1881	1.38489285093e-05
1882	1.3838931316e-05
1883	1.3828883369e-05
1884	1.38187860271e-05
1885	1.3808639978e-05
1886	1.37984453253e-05
1887	1.37882046668e-05
1888	1.37779176516e-05
1889	1.37675853072e-05
1890	1.37572078205e-05
1891	1.37467867981e-05
1892	1.37363228466e-05
1893	1.37258173186e-05
1894	1.37152709742e-05
1895	1.37046840333e-05
1896	1.3694057612e-05
1897	1.36833919667e-05
1898	1.36726887315e-05
1899	1.36619491308e-05
1900	1.36511903988e-05
1901	1.36403824442e-05
1902	1.3629536819e-05
1903	1.36186550068e-05
1904	1.36077391282e-05
1905	1.35967912069e-05
1906	1.35858115152e-05
1907	1.35748001731e-05
1908	1.35637582252e-05
1909	1.35527040902e-05
1910	1.35416059255e-05
1911	1.35304750145e-05
1912	1.35193129603e-05
1913	1.35081230406e-05
1914	1.34969241764e-05
1915	1.34856846552e-05
1916	1.3474416098e-05
1917	1.3463121225e-05
1918	1.34518020125e-05
1919	1.34404761922e-05
1920	1.34291130225e-05
1921	1.3417719229e-05
1922	1.34062997888e-05
1923	1.33948573047e-05
1924	1.33834148761e-05
1925	1.33719409943e-05
1926	1.33604419385e-05
1927	1.33489202515e-05
1928	1.33373856189e-05
1929	1.33258287709e-05
1930	1.33142609564e-05
1931	1.33026710981e-05
1932	1.32910617107e-05
1933	1.32794375335e-05
1934	1.32677965235e-05
1935	1.32561408538e-05
1936	1.32444683116e-05
1937	1.3232785191e-05
1938	1.32210801816e-05
1939	1.32093568596e-05
1940	1.3197624498e-05
1941	1.31858719878e-05
1942	1.31741113604e-05
1943	1.31623301306e-05
1944	1.31505422669e-05
1945	1.31387361915e-05
1946	1.3126923247e-05
1947	1.31150915077e-05
1948	1.31032521129e-05
1949	1.30914022745e-05
1950	1.30795332524e-05
1951	1.30676593995e-05
1952	1.30557684518e-05
1953	1.30438707619e-05
1954	1.30319659378e-05
1955	1.30200535933e-05
1956	1.30081327194e-05
1957	1.29962023172e-05
1958	1.29842629228e-05
1959	1.29723144753e-05
1960	1.29603574646e-05
1961	1.29483929269e-05
1962	1.29364204446e-05
1963	1.29244399556e-05
1964	1.29137215842e-05
1965	1.29008644278e-05
1966	1.28881882765e-05
1967	1.28768535745e-05
1968	1.28640913773e-05
1969	1.28517296924e-05
1970	1.28409911384e-05
1971	1.2828297733e-05
1972	1.28158212107e-05
1973	1.28047436615e-05
1974	1.27920265848e-05
1975	1.27796093886e-05
1976	1.27687053831e-05
1977	1.27559695491e-05
1978	1.27434760603e-05
1979	1.27324214787e-05
1980	1.27196923335e-05
1981	1.270724153e-05
1982	1.26962454139e-05
1983	1.2683512563e-05
1984	1.26710324179e-05
1985	1.26599723026e-05
1986	1.26472242037e-05
1987	1.26347444573e-05
1988	1.26236974858e-05
1989	1.26109617718e-05
1990	1.25994445695e-05
1991	1.25865832608e-05
1992	1.25741090735e-05
1993	1.25631145837e-05
1994	1.2550446017e-05
1995	1.25389175713e-05
1996	1.25260827593e-05
1997	1.25146007427e-05
1998	1.25017777538e-05
1999	1.24902798887e-05
2000	1.24775020796e-05
2001	1.24660433703e-05
2002	1.24532722171e-05
2003	1.24418431131e-05
2004	1.24291300512e-05
2005	1.24176878214e-05
2006	1.24049538194e-05
2007	1.23934525039e-05
2008	1.2380691632e-05
2009	1.23691989911e-05
2010	1.23564623514e-05
2011	1.23449780753e-05
2012	1.2332254165e-05
2013	1.23207709477e-05
2014	1.23080499449e-05
2015	1.22965645747e-05
2016	1.22838451682e-05
2017	1.22723559391e-05
2018	1.22596393212e-05
2019	1.22481461694e-05
2020	1.22354341086e-05
2021	1.22239378507e-05
2022	1.22112312036e-05
2023	1.2199733528e-05
2024	1.21870337412e-05
2025	1.21755358364e-05
2026	1.21628480202e-05
2027	1.21513536444e-05
2028	1.21386695015e-05
2029	1.21271771192e-05
2030	1.2114499259e-05
2031	1.21030109453e-05
2032	1.20903270664e-05
2033	1.20788852042e-05
2034	1.20662801095e-05
2035	1.20548277969e-05
2036	1.20422073449e-05
2037	1.203070355e-05
2038	1.20180561948e-05
2039	1.20065686143e-05
2040	1.19939536173e-05
2041	1.19824779555e-05
2042	1.19698827105e-05
2043	1.19584143403e-05
2044	1.1945824473e-05
2045	1.19343399101e-05
2046	1.19217810764e-05
2047	1.19103288814e-05
2048	1.18977679873e-05
2049	1.18863161576e-05
2050	1.18737576326e-05
2051	1.18622837335e-05
2052	1.18497326345e-05
2053	1.18383325487e-05
2054	1.18258388028e-05
2055	1.18144294487e-05
2056	1.18019347271e-05
2057	1.17904788323e-05
2058	1.17779658214e-05
2059	1.17665088681e-05
2060	1.17540469364e-05
2061	1.17426140869e-05
2062	1.17301799408e-05
2063	1.17187582268e-05
2064	1.17063333641e-05
2065	1.16949147483e-05
2066	1.16824992254e-05
2067	1.16710884895e-05
2068	1.1658688293e-05
2069	1.16473044801e-05
2070	1.16348987866e-05
2071	1.16234970977e-05
2072	1.1611112563e-05
2073	1.15997890565e-05
2074	1.15874525581e-05
2075	1.15761177031e-05
2076	1.15637657722e-05
2077	1.15523874729e-05
2078	1.15400186497e-05
2079	1.15286445442e-05
2080	1.15163341993e-05
2081	1.15049878514e-05
2082	1.14927102949e-05
2083	1.14813807002e-05
2084	1.14691169508e-05
2085	1.14577951459e-05
2086	1.14461109086e-05
2087	1.14337213575e-05
2088	1.14223521438e-05
2089	1.14106344911e-05
2090	1.13983046997e-05
2091	1.13869910358e-05
2092	1.13753289451e-05
2093	1.13630953509e-05
2094	1.13518059551e-05
2095	1.13401414134e-05
2096	1.13279631735e-05
2097	1.13167167939e-05
2098	1.1305086409e-05
2099	1.12929488525e-05
2100	1.12817652004e-05
2101	1.12701613565e-05
2102	1.12580176102e-05
2103	1.12467842155e-05
2104	1.12351980445e-05
2105	1.12230508287e-05
2106	1.12118161389e-05
2107	1.12002212002e-05
2108	1.11881292282e-05
2109	1.11769417077e-05
2110	1.1165389397e-05
2111	1.11533395093e-05
2112	1.11422264102e-05
2113	1.11307071065e-05
2114	1.11186578616e-05
2115	1.11075001573e-05
2116	1.10959736328e-05
2117	1.10839488894e-05
2118	1.107280308e-05
2119	1.10613028093e-05
2120	1.10493231379e-05
2121	1.10382146912e-05
2122	1.10267519601e-05
2123	1.10148241329e-05
2124	1.10037951132e-05
2125	1.09923727366e-05
2126	1.09804550949e-05
2127	1.09693845303e-05
2128	1.09579564629e-05
2129	1.09460668097e-05
2130	1.09350083194e-05
2131	1.09236082117e-05
2132	1.09117802788e-05
2133	1.09008161499e-05
2134	1.08894726042e-05
2135	1.08776655292e-05
2136	1.08666650889e-05
2137	1.08553155603e-05
2138	1.08435266564e-05
2139	1.08325411563e-05
2140	1.08212181763e-05
2141	1.08094836973e-05
2142	1.07985810804e-05
2143	1.07873052211e-05
2144	1.07760156956e-05
2145	1.07642399813e-05
2146	1.07531981355e-05
2147	1.07419270699e-05
2148	1.07306730327e-05
2149	1.07190327045e-05
2150	1.07080858472e-05
2151	1.06968988267e-05
2152	1.06857103618e-05
2153	1.06741498886e-05
2154	1.06632847037e-05
2155	1.06521319068e-05
2156	1.06409622712e-05
2157	1.06294144126e-05
2158	1.06185668744e-05
2159	1.0607429304e-05
2160	1.05962836738e-05
2161	1.05847558167e-05
2162	1.0573888363e-05
2163	1.05627817353e-05
2164	1.05516810617e-05
2165	1.05402111702e-05
2166	1.0529384733e-05
2167	1.05183258489e-05
2168	1.05072703747e-05
2169	1.04958660892e-05
2170	1.04851229313e-05
2171	1.04741065657e-05
2172	1.04630807218e-05
2173	1.04516802258e-05
2174	1.04409203945e-05
2175	1.04299167012e-05
2176	1.04189201293e-05
2177	1.04075976985e-05
2178	1.03969142205e-05
2179	1.03859761965e-05
2180	1.03750330903e-05
2181	1.03637544192e-05
2182	1.03531075413e-05
2183	1.03421859754e-05
2184	1.03312632517e-05
2185	1.03199969565e-05
2186	1.03093374142e-05
2187	1.029845114e-05
2188	1.02875778922e-05
2189	1.02766336289e-05
2190	1.02654298309e-05
2191	1.02547974006e-05
2192	1.02439841353e-05
2193	1.02332040281e-05
2194	1.02223576432e-05
2195	1.02112813396e-05
2196	1.02007597058e-05
2197	1.01900010064e-05
2198	1.01792587886e-05
2199	1.01684466372e-05
2200	1.01573891999e-05
2201	1.01468903185e-05
2202	1.01361629265e-05
2203	1.01254578292e-05
2204	1.01147074462e-05
2205	1.0103691239e-05
2206	1.00932119846e-05
2207	1.0082529941e-05
2208	1.00718794966e-05
2209	1.00611658543e-05
2210	1.00504090367e-05
2211	1.00396286991e-05
2212	1.00288699034e-05
2213	1.00181579518e-05
2214	1.00075023357e-05
2215	9.99689428091e-06
2216	1.02505969981e-05
2217	1.02114291712e-05
2218	1.01160028754e-05
2219	1.00124937013e-05
2220	9.93746277651e-06
2221	1.01575815818e-05
2222	1.01167365965e-05
2223	1.00337221407e-05
2224	9.94509438356e-06
2225	1.0146206925e-05
2226	1.00882196139e-05
2227	9.99509812813e-06
2228	1.01686117463e-05
