1	1
2	1
3	1
4	1
5	1
6	1
7	1
8	1
9	1
10	1
11	1
12	1
13	1
14	1
15	2
16	2
17	2
18	2
19	2
20	2
21	2
22	2
23	2
24	2
25	2
26	2
27	2
28	2
29	2
30	3
31	3
32	3
33	3
34	3
35	3
36	3
37	3
38	3
39	3
40	3
41	3
42	3
43	3
44	3
45	3
46	4
47	4
48	4
49	4
50	4
51	4
52	4
53	4
54	4
55	4
56	4
57	4
58	4
59	4
60	4
61	5
62	5
63	5
64	5
65	5
66	5
67	5
68	5
69	5
70	5
71	5
72	5
73	5
74	5
75	5
76	6
77	6
78	6
79	6
80	6
81	6
82	6
83	6
84	6
85	6
86	6
87	6
88	6
89	6
90	7
91	7
92	7
93	7
94	7
95	7
96	7
97	7
98	7
99	7
100	7
101	7
102	7
103	7
104	7
105	8
106	8
107	8
108	8
109	8
110	8
111	8
112	8
113	8
114	8
115	8
116	8
117	8
118	8
119	8
120	9
121	9
122	9
123	9
124	9
125	9
126	9
127	9
128	9
129	9
130	9
131	9
132	9
133	9
134	9
135	10
136	10
137	10
138	10
139	10
140	10
141	10
142	10
143	10
144	10
145	10
146	10
147	10
148	10
149	10
150	10
151	11
152	11
153	11
154	11
155	11
156	11
157	11
158	11
159	11
160	11
161	11
162	11
163	11
164	11
165	11
166	11
167	12
168	12
169	12
170	12
171	12
172	12
173	12
174	12
175	12
176	12
177	12
178	12
179	12
180	12
181	12
182	13
183	13
184	13
185	13
186	13
187	13
188	13
189	13
190	13
191	13
192	13
193	13
194	13
195	13
196	13
197	14
198	14
199	14
200	14
201	14
202	14
203	14
204	14
205	14
206	14
207	14
208	14
209	14
210	14
211	14
212	15
213	15
214	15
215	15
216	15
217	15
218	15
219	15
220	15
221	15
222	15
223	15
224	15
225	15
226	15
227	15
228	16
229	16
230	16
231	16
232	16
233	16
234	16
235	16
236	16
237	16
238	16
239	16
240	16
241	16
242	16
243	17
244	17
245	17
246	17
247	17
248	17
249	17
250	17
251	17
252	17
253	17
254	17
255	17
256	17
257	17
258	18
259	18
260	18
261	18
262	18
263	18
264	18
265	18
266	18
267	18
268	18
269	18
270	18
271	18
272	18
273	19
274	19
275	19
276	19
277	19
278	19
279	19
280	19
281	19
282	19
283	19
284	19
285	19
286	19
287	19
288	20
289	20
290	20
291	20
292	20
293	20
294	20
295	20
296	20
297	20
298	20
299	20
300	20
301	20
302	20
303	21
304	21
305	21
306	21
307	21
308	21
309	21
310	21
311	21
312	21
313	21
314	21
315	21
316	21
317	21
318	22
319	22
320	22
321	22
322	22
323	22
324	22
325	22
326	22
327	22
328	22
329	22
330	22
331	22
332	23
333	23
334	23
335	23
336	23
337	23
338	23
339	23
340	23
341	23
342	23
343	23
344	23
345	23
346	23
347	24
348	24
349	24
350	24
351	24
352	24
353	24
354	24
355	24
356	24
357	24
358	24
359	24
360	24
361	24
362	25
363	25
364	25
365	25
366	25
367	25
368	25
369	25
370	25
371	25
372	25
373	25
374	25
375	25
376	26
377	26
378	26
379	26
380	26
381	26
382	26
383	26
384	26
385	26
386	26
387	26
388	26
389	26
390	26
391	27
392	27
393	27
394	27
395	27
396	27
397	27
398	27
399	27
400	27
401	27
402	27
403	27
404	27
405	28
406	28
407	28
408	28
409	28
410	28
411	28
412	28
413	28
414	28
415	28
416	28
417	28
418	28
419	29
420	29
421	29
422	29
423	29
424	29
425	29
426	29
427	29
428	29
429	29
430	29
431	29
432	29
433	29
434	30
435	30
436	30
437	30
438	30
439	30
440	30
441	30
442	30
443	30
444	30
445	30
446	30
447	30
448	31
449	31
450	31
451	31
452	31
453	31
454	31
455	31
456	31
457	31
458	31
459	31
460	31
461	31
462	31
463	32
464	32
465	32
466	32
467	32
468	32
469	32
470	32
471	32
472	32
473	32
474	32
475	32
476	32
477	32
478	33
479	33
480	33
481	33
482	33
483	33
484	33
485	33
486	33
487	33
488	33
489	33
490	33
491	33
492	34
493	34
494	34
495	34
496	34
497	34
498	34
499	34
500	34
501	34
502	34
503	34
504	34
505	34
506	34
507	35
508	35
509	35
510	35
511	35
512	35
513	35
514	35
515	35
516	35
517	35
518	35
519	35
520	35
521	36
522	36
523	36
524	36
525	36
526	36
527	36
528	36
529	36
530	36
531	36
532	36
533	36
534	36
535	36
536	37
537	37
538	37
539	37
540	37
541	37
542	37
543	37
544	37
545	37
546	37
547	37
548	37
549	37
550	37
551	38
552	38
553	38
554	38
555	38
556	38
557	38
558	38
559	38
560	38
561	38
562	38
563	38
564	38
565	38
566	39
567	39
568	39
569	39
570	39
571	39
572	39
573	39
574	39
575	39
576	39
577	39
578	39
579	39
580	39
581	40
582	40
583	40
584	40
585	40
586	40
587	40
588	40
589	40
590	40
591	40
592	40
593	40
594	40
595	40
596	41
597	41
598	41
599	41
600	41
601	41
602	41
603	41
604	41
605	41
606	41
607	41
608	41
609	41
610	41
611	42
612	42
613	42
614	42
615	42
616	42
617	42
618	42
619	42
620	42
621	42
622	42
623	42
624	42
625	42
626	43
627	43
628	43
629	43
630	43
631	43
632	43
633	43
634	43
635	43
636	43
637	43
638	43
639	43
640	43
641	44
642	44
643	44
644	44
645	44
646	44
647	44
648	44
649	44
650	44
651	44
652	44
653	44
654	44
655	44
656	45
657	45
658	45
659	45
660	45
661	45
662	45
663	45
664	45
665	45
666	45
667	45
668	45
669	45
670	46
671	46
672	46
673	46
674	46
675	46
676	46
677	46
678	46
679	46
680	46
681	46
682	46
683	47
684	47
685	47
686	47
687	47
688	47
689	47
690	47
691	47
692	47
693	47
694	47
695	47
696	47
697	48
698	48
699	48
700	48
701	48
702	48
703	48
704	48
705	48
706	48
707	48
708	48
709	48
710	48
711	49
712	49
713	49
714	49
715	49
716	49
717	49
718	49
719	49
720	49
721	49
722	49
723	49
724	49
725	50
726	50
727	50
728	50
729	50
730	50
731	50
732	50
733	50
734	50
735	50
736	50
737	50
738	50
739	50
740	51
741	51
742	51
743	51
744	51
745	51
746	51
747	51
748	51
749	51
750	51
751	51
752	51
753	51
754	51
755	52
756	52
757	52
758	52
759	52
760	52
761	52
762	52
763	52
764	52
765	52
766	52
767	52
768	53
769	53
770	53
771	53
772	53
773	53
774	53
775	53
776	53
777	53
778	53
779	53
780	53
781	53
782	53
783	54
784	54
785	54
786	54
787	54
788	54
789	54
790	54
791	54
792	54
793	54
794	54
795	54
796	54
797	55
798	55
799	55
800	55
801	55
802	55
803	55
804	55
805	55
806	55
807	55
808	55
809	56
810	56
811	56
812	56
813	56
814	56
815	56
816	56
817	56
818	56
819	56
820	56
821	56
822	56
823	56
824	57
825	57
826	57
827	57
828	57
829	57
830	57
831	57
832	57
833	57
834	57
835	57
836	57
837	57
838	58
839	58
840	58
841	58
842	58
843	58
844	58
845	58
846	58
847	58
848	58
849	58
850	58
851	58
852	59
853	59
854	59
855	59
856	59
857	59
858	59
859	59
860	59
861	59
862	59
863	59
864	59
865	59
866	59
867	60
868	60
869	60
870	60
871	60
872	60
873	60
874	60
875	60
876	60
877	60
878	60
879	60
880	60
881	60
882	61
883	61
884	61
885	61
886	61
887	61
888	61
889	61
890	61
891	61
892	61
893	61
894	61
895	61
896	61
897	61
898	62
899	62
900	62
901	62
902	62
903	62
904	62
905	62
906	62
907	62
908	62
909	62
910	62
911	62
912	63
913	63
914	63
915	63
916	63
917	63
918	63
919	63
920	63
921	63
922	63
923	63
924	63
925	63
926	64
927	64
928	64
929	64
930	64
931	64
932	64
933	64
934	64
935	64
936	64
937	64
938	64
939	64
940	64
941	65
942	65
943	65
944	65
945	65
946	65
947	65
948	65
949	65
950	65
951	65
952	65
953	65
954	65
955	65
956	65
957	66
958	66
959	66
960	66
961	66
962	66
963	66
964	66
965	66
966	66
967	66
968	66
969	66
970	66
971	66
972	67
973	67
974	67
975	67
976	67
977	67
978	67
979	67
980	67
981	67
982	67
983	67
984	67
985	67
986	67
987	67
988	68
989	68
990	68
991	68
992	68
993	68
994	68
995	68
996	68
997	68
998	68
999	68
1000	68
1001	68
1002	68
1003	69
1004	69
1005	69
1006	69
1007	69
1008	69
1009	69
1010	69
1011	69
1012	69
1013	69
1014	69
1015	69
1016	69
1017	70
1018	70
1019	70
1020	70
1021	70
1022	70
1023	70
1024	70
1025	70
1026	70
1027	70
1028	70
1029	70
1030	70
1031	70
1032	71
1033	71
1034	71
1035	71
1036	71
1037	71
1038	71
1039	71
1040	71
1041	71
1042	71
1043	71
1044	71
1045	71
1046	71
1047	71
1048	71
1049	72
1050	72
1051	72
1052	72
1053	72
1054	72
1055	72
1056	72
1057	72
1058	72
1059	72
1060	72
1061	72
1062	72
1063	72
1064	72
1065	73
1066	73
1067	73
1068	73
1069	73
1070	73
1071	73
1072	73
1073	73
1074	73
1075	73
1076	73
1077	73
1078	73
1079	73
1080	73
1081	74
1082	74
1083	74
1084	74
1085	74
1086	74
1087	74
1088	74
1089	74
1090	74
1091	74
1092	74
1093	74
1094	74
1095	74
1096	74
1097	75
1098	75
1099	75
1100	75
1101	75
1102	75
1103	75
1104	75
1105	75
1106	75
1107	75
1108	75
1109	75
1110	75
1111	75
1112	75
1113	76
1114	76
1115	76
1116	76
1117	76
1118	76
1119	76
1120	76
1121	76
1122	76
1123	76
1124	76
1125	76
1126	76
1127	76
1128	76
1129	77
1130	77
1131	77
1132	77
1133	77
1134	77
1135	77
1136	77
1137	77
1138	77
1139	77
1140	77
1141	77
1142	77
1143	77
1144	77
1145	78
1146	78
1147	78
1148	78
1149	78
1150	78
1151	78
1152	78
1153	78
1154	78
1155	78
1156	78
1157	78
1158	78
1159	78
1160	78
1161	79
1162	79
1163	79
1164	79
1165	79
1166	79
1167	79
1168	79
1169	79
1170	79
1171	79
1172	79
1173	79
1174	79
1175	79
1176	79
1177	80
1178	80
1179	80
1180	80
1181	80
1182	80
1183	80
1184	80
1185	80
1186	80
1187	80
1188	80
1189	80
1190	80
1191	80
1192	80
1193	80
1194	81
1195	81
1196	81
1197	81
1198	81
1199	81
1200	81
1201	81
1202	81
1203	81
1204	81
1205	81
1206	81
1207	81
1208	81
1209	81
1210	82
1211	82
1212	82
1213	82
1214	82
1215	82
1216	82
1217	82
1218	82
1219	82
1220	82
1221	82
1222	82
1223	82
1224	82
1225	82
1226	83
1227	83
1228	83
1229	83
1230	83
1231	83
1232	83
1233	83
1234	83
1235	83
1236	83
1237	83
1238	83
1239	83
1240	83
1241	83
1242	83
1243	84
1244	84
1245	84
1246	84
1247	84
1248	84
1249	84
1250	84
1251	84
1252	84
1253	84
1254	84
1255	84
1256	84
1257	84
1258	84
1259	85
1260	85
1261	85
1262	85
1263	85
1264	85
1265	85
1266	85
1267	85
1268	85
1269	85
1270	85
1271	85
1272	85
1273	85
1274	85
1275	86
1276	86
1277	86
1278	86
1279	86
1280	86
1281	86
1282	86
1283	86
1284	86
1285	86
1286	86
1287	86
1288	86
1289	86
1290	86
1291	86
1292	87
1293	87
1294	87
1295	87
1296	87
1297	87
1298	87
1299	87
1300	87
1301	87
1302	87
1303	87
1304	87
1305	87
1306	87
1307	87
1308	88
1309	88
1310	88
1311	88
1312	88
1313	88
1314	88
1315	88
1316	88
1317	88
1318	88
1319	88
1320	88
1321	88
1322	88
1323	88
1324	89
1325	89
1326	89
1327	89
1328	89
1329	89
1330	89
1331	89
1332	89
1333	89
1334	89
1335	89
1336	89
1337	89
1338	89
1339	89
1340	89
1341	90
1342	90
1343	90
1344	90
1345	90
1346	90
1347	90
1348	90
1349	90
1350	90
1351	90
1352	90
1353	90
1354	90
1355	90
1356	90
1357	91
1358	91
1359	91
1360	91
1361	91
1362	91
1363	91
1364	91
1365	91
1366	91
1367	91
1368	91
1369	91
1370	91
1371	91
1372	91
1373	91
1374	92
1375	92
1376	92
1377	92
1378	92
1379	92
1380	92
1381	92
1382	92
1383	92
1384	92
1385	92
1386	92
1387	92
1388	92
1389	92
1390	93
1391	93
1392	93
1393	93
1394	93
1395	93
1396	93
1397	93
1398	93
1399	93
1400	93
1401	93
1402	93
1403	93
1404	93
1405	93
1406	94
1407	94
1408	94
1409	94
1410	94
1411	94
1412	94
1413	94
1414	94
1415	94
1416	94
1417	94
1418	94
1419	94
1420	94
1421	95
1422	95
1423	95
1424	95
1425	95
1426	95
1427	95
1428	95
1429	95
1430	95
1431	95
1432	95
1433	95
1434	95
1435	95
1436	95
1437	96
1438	96
1439	96
1440	96
1441	96
1442	96
1443	96
1444	96
1445	96
1446	96
1447	96
1448	96
1449	96
1450	96
1451	96
1452	96
1453	97
1454	97
1455	97
1456	97
1457	97
1458	97
1459	97
1460	97
1461	97
1462	97
1463	97
1464	97
1465	97
1466	97
1467	97
1468	97
1469	97
1470	98
1471	98
1472	98
1473	98
1474	98
1475	98
1476	98
1477	98
1478	98
1479	98
1480	98
1481	98
1482	98
1483	98
1484	98
1485	98
1486	99
1487	99
1488	99
1489	99
1490	99
1491	99
1492	99
1493	99
1494	99
1495	99
1496	99
1497	99
1498	99
1499	99
1500	99
1501	99
1502	100
1503	100
1504	100
1505	100
1506	100
1507	100
1508	100
1509	100
1510	100
1511	100
1512	100
1513	100
1514	100
1515	100
1516	100
1517	100
1518	100
1519	101
1520	101
1521	101
1522	101
1523	101
1524	101
1525	101
1526	101
1527	101
1528	101
1529	101
1530	101
1531	101
1532	101
1533	101
1534	101
1535	102
1536	102
1537	102
1538	102
1539	102
1540	102
1541	102
1542	102
1543	102
1544	102
1545	102
1546	102
1547	102
1548	102
1549	102
1550	102
1551	102
1552	103
1553	103
1554	103
1555	103
1556	103
1557	103
1558	103
1559	103
1560	103
1561	103
1562	103
1563	103
1564	103
1565	103
1566	103
1567	103
1568	103
1569	104
1570	104
1571	104
1572	104
1573	104
1574	104
1575	104
1576	104
1577	104
1578	104
1579	104
1580	104
1581	104
1582	104
1583	104
1584	104
1585	104
1586	105
1587	105
1588	105
1589	105
1590	105
1591	105
1592	105
