1	0.999999999986
2	0.00637008362782
3	0.0132427907147
4	0.379946801444
5	0.032182012779
6	0.0205382263663
7	0.0627604684728
8	0.174710513468
9	0.152790922784
10	0.038382045762
11	0.0406059195462
12	0.0709773969962
13	0.279632015423
14	0.0712729054112
15	0.0614023640531
16	0.0757422048467
17	0.168911879423
18	0.159598675857
19	0.0869685366405
20	0.0713829041247
21	0.0653708524296
22	0.085740531188
23	0.115166723897
24	0.146110555808
25	0.158088588729
26	0.157349021104
27	0.140535035436
28	0.0969687338395
29	0.0791934354033
30	0.0666877456651
31	0.0567203410146
32	0.0529121429378
33	0.0501282414301
34	0.0515532756374
35	0.0529134714425
36	0.0556408021601
37	0.0561677353284
38	0.0539369227828
39	0.0491351248717
40	0.0426123464728
41	0.0359023674449
42	0.0311647289478
43	0.0283991635227
44	0.0277650659667
45	0.0289356580283
46	0.0299536795677
47	0.0289146380208
48	0.0277269765267
49	0.0250879095894
50	0.0223732818876
51	0.0195531479313
52	0.0176357204315
53	0.0170005694048
54	0.0169132689766
55	0.0165779355196
56	0.0160146435134
57	0.0150949084644
58	0.0138645124354
59	0.0123570147274
60	0.0110500172058
61	0.0100408990552
62	0.0094395888594
63	0.00923416901759
64	0.00911433191174
65	0.00899214451763
66	0.00857702449351
67	0.00805530968555
68	0.00734892832192
69	0.00667622118644
70	0.00604150145876
71	0.00547192142823
72	0.00527772947
73	0.00521002867652
74	0.00525932013854
75	0.00502967365945
76	0.00473907560407
77	0.00439014734228
78	0.00403229399323
79	0.00375098618953
80	0.00344770849587
81	0.0032088408589
82	0.00311542366118
83	0.00305446922076
84	0.00301683033087
85	0.00292213435759
86	0.00279035837984
87	0.00257694403597
88	0.00241779657531
89	0.00221086537774
90	0.00210719058651
91	0.0020392421507
92	0.00199685557432
93	0.00197386169492
94	0.00195044821634
95	0.00188929045335
96	0.00182052972199
97	0.00170898762358
98	0.00163749022315
99	0.00154059025184
100	0.00150274921682
101	0.00145932808421
102	0.00142685155239
103	0.00139754987772
104	0.00137150829663
105	0.0013254405212
106	0.00127524020979
107	0.00122675179099
108	0.00118590374392
109	0.00117998597851
110	0.00120123579197
111	0.00118519304405
112	0.00118279307381
113	0.00115444061315
114	0.00111960973991
115	0.00108985592364
116	0.00105383190414
117	0.00102411306082
118	0.000996654757141
119	0.000976714831703
120	0.00096419283326
121	0.000959455463554
122	0.000952482641133
123	0.000942848582539
124	0.000933692709718
125	0.00092479981911
126	0.0009311047183
127	0.000910749691346
128	0.000892343978728
129	0.00088167630875
130	0.000887980646669
131	0.000874340065312
132	0.000866488719367
133	0.000857872685187
134	0.000841614601334
135	0.000823395094418
136	0.000802488379365
137	0.000784418718919
138	0.00078069635212
139	0.000781025367712
140	0.000787664728132
141	0.000801010835525
142	0.000798413857198
143	0.000794086248838
144	0.000783890233745
145	0.000774305614988
146	0.000764058481561
147	0.000744874147254
148	0.000734176117569
149	0.000727917273313
150	0.000723311977673
151	0.000709472572047
152	0.000705000596389
153	0.000710657300585
154	0.000713400347719
155	0.000712720419978
156	0.000704184818153
157	0.000689843620433
158	0.00068071824097
159	0.000679878123571
160	0.000678976525778
161	0.000672422461161
162	0.000665446186662
163	0.000657882626319
164	0.000652408918281
165	0.000648421720387
166	0.000646476289295
167	0.000649528831605
168	0.000642724830095
169	0.000633523096849
170	0.000626745195387
171	0.000616133831573
172	0.000608538792449
173	0.000607774756166
174	0.000605219508783
175	0.000602641377229
176	0.000597882820413
177	0.000592833629992
178	0.000589744506559
179	0.000588918341584
180	0.000579741679151
181	0.000569342800277
182	0.000557770103154
183	0.00055181552089
184	0.00054344976275
185	0.000543177334766
186	0.000548177090013
187	0.000556153378825
188	0.000555563637931
189	0.000545244067433
190	0.000534882614459
191	0.000523400181867
192	0.000514553625912
193	0.00050898586007
194	0.000502039926828
195	0.000496213502715
196	0.000493816757926
197	0.000488957264338
198	0.000487200666243
199	0.000484271880588
200	0.00048164754702
201	0.000471557417741
202	0.000461211211502
203	0.000451067748326
204	0.00044213737912
205	0.000438901801499
206	0.000433709919635
207	0.000432136191889
208	0.000429174572957
209	0.000423922588913
210	0.000417212804958
211	0.000410314822327
212	0.0004042763583
213	0.000397068493809
214	0.000391088382333
215	0.000388982640463
216	0.000387509500828
217	0.000382049684077
218	0.000373687602726
219	0.000369723608854
220	0.000363788026976
221	0.000357629689185
222	0.000351030399508
223	0.000345999637034
224	0.000342184450238
225	0.00033954811145
226	0.000334311636633
227	0.000326471510525
228	0.00032107268134
229	0.000316307962339
230	0.000308849836194
231	0.000301162397125
232	0.000294395238774
233	0.000288826626717
234	0.000286055466889
235	0.000280932395967
236	0.000276750346947
237	0.000271850538361
238	0.000265525631148
239	0.000258781957525
240	0.000253233301064
241	0.000249120413782
242	0.000245436514138
243	0.000242393135382
244	0.000238725891858
245	0.000235659304974
246	0.000226389329267
247	0.000221424369223
248	0.000217637851734
249	0.000214017432176
250	0.0002127400229
251	0.000209565363003
252	0.000204582137902
253	0.000202831659669
254	0.000198029697791
255	0.000191110670227
256	0.000189808978631
257	0.000186189585245
258	0.000181216846973
259	0.000180048515696
260	0.00017759454583
261	0.000176816222628
262	0.000170033225486
263	0.000166620616812
264	0.000160162313735
265	0.000157760862543
266	0.000154720054083
267	0.00015260002942
268	0.000154176399855
269	0.000148135112282
270	0.000142936775131
271	0.000138967904487
272	0.000138177520966
273	0.000137595482017
274	0.000131232587969
275	0.000130407550175
276	0.00012529442
277	0.000122284277523
278	0.000121141720662
279	0.000121573885733
280	0.00011696728926
281	0.000111477082459
282	0.000110990673474
283	0.000111494153419
284	0.00010736726417
285	0.000103502271443
286	0.000101206414463
287	9.93873899607e-05
288	9.7361655669e-05
289	9.53676552702e-05
290	9.40195593769e-05
291	9.30007080326e-05
292	9.06339930718e-05
293	8.94079403227e-05
294	8.7495712896e-05
295	8.49268160993e-05
296	8.37362171458e-05
297	8.3641330052e-05
298	8.02954601239e-05
299	7.97771166668e-05
300	7.8772631855e-05
301	7.78071363852e-05
302	7.67344816926e-05
303	7.55356461686e-05
304	7.49344123832e-05
305	7.41485230301e-05
306	7.29598905405e-05
307	7.08453509952e-05
308	7.12100157663e-05
309	7.11170669264e-05
310	7.14620907253e-05
311	7.0838198189e-05
312	7.00400848234e-05
313	6.93226053737e-05
314	6.87887914087e-05
315	6.83801383164e-05
316	6.80134577664e-05
317	6.76398686438e-05
318	6.72624139769e-05
319	6.68617730162e-05
320	6.64698605781e-05
321	6.60972322646e-05
322	6.57419998842e-05
323	6.5382855334e-05
324	6.50197662267e-05
325	6.46620644553e-05
326	6.43047564327e-05
327	6.39670120274e-05
328	6.36362377136e-05
329	6.25157746142e-05
330	6.29788862646e-05
331	6.24624527115e-05
332	6.24842337447e-05
333	6.09783903874e-05
334	6.15023773013e-05
335	6.03849980759e-05
336	6.12139438031e-05
337	6.06351777439e-05
338	6.01928453511e-05
339	6.01490844043e-05
340	5.91923861433e-05
341	5.97206845789e-05
342	5.9245336816e-05
343	5.88104837383e-05
344	5.87143855658e-05
345	5.72644011771e-05
346	5.80673911188e-05
347	5.74727978534e-05
348	5.84471503522e-05
349	5.79361264789e-05
350	5.66684372315e-05
351	5.69459482622e-05
352	5.73913456019e-05
353	5.61580654405e-05
354	5.62144735732e-05
355	5.53704625937e-05
356	5.5721369255e-05
357	5.49612559873e-05
358	5.47744750458e-05
359	5.45145625366e-05
360	5.42327729528e-05
361	5.40067440926e-05
362	5.38050108923e-05
363	5.36000434812e-05
364	5.33660133877e-05
365	5.31333583131e-05
366	5.29052143298e-05
367	5.26721081588e-05
368	5.24403090125e-05
369	5.22412741981e-05
370	5.20470618638e-05
371	5.18495026002e-05
372	5.20245965261e-05
373	5.15543537269e-05
374	5.14712348772e-05
375	5.13574732831e-05
376	5.08015035469e-05
377	5.08805324706e-05
378	5.03617647963e-05
379	5.04282149001e-05
380	5.02387150186e-05
381	4.96766556991e-05
382	4.97746063151e-05
383	4.96353283665e-05
384	4.93843221946e-05
385	4.90533472001e-05
386	4.88171204306e-05
387	4.86600808649e-05
388	4.85229133171e-05
389	4.83507772884e-05
390	4.81641325241e-05
391	4.7979138871e-05
392	4.77564387157e-05
393	4.75540827738e-05
394	4.73602592602e-05
395	4.71831398949e-05
396	4.69925143423e-05
397	4.68111764082e-05
398	4.65680878147e-05
399	4.64305052941e-05
400	4.66470793e-05
401	4.63665749502e-05
402	4.59343953268e-05
403	4.55049507572e-05
404	4.53784386061e-05
405	4.54539744933e-05
406	4.57739078253e-05
407	4.5158176867e-05
408	4.47370036792e-05
409	4.45301361369e-05
410	4.43031800927e-05
411	4.41850110823e-05
412	4.40610310906e-05
413	4.38902408302e-05
414	4.37193383545e-05
415	4.35682884947e-05
416	4.34114524186e-05
417	4.33172522373e-05
418	4.31332025025e-05
419	4.30424952871e-05
420	4.28333093268e-05
421	4.27015986555e-05
422	4.25396554084e-05
423	4.23621563743e-05
424	4.22135699977e-05
425	4.20706596333e-05
426	4.19394754667e-05
427	4.18079469062e-05
428	4.1642825275e-05
429	4.14518127214e-05
430	4.12863053879e-05
431	4.11438267459e-05
432	4.09970321378e-05
433	4.08512583382e-05
434	4.07381621721e-05
435	4.05984950661e-05
436	4.04252687466e-05
437	4.02663386897e-05
438	4.01238868719e-05
439	3.99741450987e-05
440	3.98262700766e-05
441	3.97036953764e-05
442	3.95668717833e-05
443	3.94047119735e-05
444	3.92362960799e-05
445	3.9086262231e-05
446	3.89316864684e-05
447	3.87933052536e-05
448	3.86702177511e-05
449	3.85448086709e-05
450	3.83948211752e-05
451	3.82309048387e-05
452	3.80832250018e-05
453	3.79567883648e-05
454	3.78241859101e-05
455	3.7707465781e-05
456	3.7607382878e-05
457	3.74748327665e-05
458	3.73262798487e-05
459	3.71767163672e-05
460	3.70576157361e-05
461	3.69288857662e-05
462	3.68174179751e-05
463	3.67101221725e-05
464	3.65817268717e-05
465	3.64323183061e-05
466	3.62699382668e-05
467	3.61355460004e-05
468	3.60074896679e-05
469	3.58896605503e-05
470	3.57749155279e-05
471	3.5658881449e-05
472	3.55180057269e-05
473	3.53630497913e-05
474	3.52176470871e-05
475	3.51039254575e-05
476	3.49810792365e-05
477	3.48663362098e-05
478	3.47563747302e-05
479	3.46202438264e-05
480	3.4467551989e-05
481	3.43148703234e-05
482	3.41943645434e-05
483	3.40705106873e-05
484	3.39592915263e-05
485	3.38487524843e-05
486	3.37256731532e-05
487	3.35796550003e-05
488	3.34256328183e-05
489	3.32940056082e-05
490	3.31849751577e-05
491	3.30811995675e-05
492	3.29747798033e-05
493	3.28796391108e-05
494	3.27494935631e-05
495	3.26148738873e-05
496	3.24689248947e-05
497	3.23596511048e-05
498	3.22430677923e-05
499	3.21332272848e-05
500	3.16517225421e-05
501	3.23367771624e-05
502	3.21413760459e-05
503	3.18114753394e-05
504	3.10038854215e-05
505	3.16878835942e-05
506	3.13953014982e-05
507	3.07636381851e-05
508	3.14250547874e-05
509	3.13193929174e-05
510	3.05351041418e-05
511	3.09531007713e-05
512	3.08350838778e-05
513	3.01348819699e-05
514	3.06810743433e-05
515	3.01307834252e-05
516	3.05836189092e-05
517	3.03547765103e-05
518	2.95531389846e-05
519	3.00673841649e-05
520	2.97797346142e-05
521	2.91596905951e-05
522	2.98275370023e-05
523	2.9289469288e-05
524	2.97109724849e-05
525	2.900227204e-05
526	2.92511702897e-05
527	2.8689306437e-05
528	2.9226310058e-05
529	2.85337930011e-05
530	2.89211229849e-05
531	2.87541418821e-05
532	2.8038939852e-05
533	2.85728942816e-05
534	2.79909710462e-05
535	2.83310509676e-05
536	2.81857190557e-05
537	2.75158738229e-05
538	2.79078069323e-05
539	2.73731296576e-05
540	2.78892493458e-05
541	2.727638559e-05
542	2.75866270531e-05
543	2.74624398825e-05
544	2.68316486043e-05
545	2.71091168539e-05
546	2.67217963557e-05
547	2.71989513268e-05
548	2.66260606747e-05
549	2.67992089682e-05
550	2.62311281487e-05
551	2.61994551936e-05
552	2.67066881663e-05
553	2.6074405003e-05
554	2.59821083592e-05
555	2.64276454587e-05
556	2.57799786979e-05
557	2.565919007e-05
558	2.60787786376e-05
559	2.54537773552e-05
560	2.53624366968e-05
561	2.57890479713e-05
562	2.51699711435e-05
563	2.5081382391e-05
564	2.53900115186e-05
565	2.48485769097e-05
566	2.47319654749e-05
567	2.50320298903e-05
568	2.45395339502e-05
569	2.44614418443e-05
570	2.47652162319e-05
571	2.42834046051e-05
572	2.42093868254e-05
573	2.45077950658e-05
574	2.40066961091e-05
575	2.39063307453e-05
576	2.42022838751e-05
577	2.37305053198e-05
578	2.36443871295e-05
579	2.36533586198e-05
580	2.39384427304e-05
581	2.33964896216e-05
582	2.32747841219e-05
583	2.32641350672e-05
584	2.32433340441e-05
585	2.31736159477e-05
586	2.30782647006e-05
587	2.2968970552e-05
588	2.28647441671e-05
589	2.27820562567e-05
590	2.27199318872e-05
591	2.26424465802e-05
592	2.25540336625e-05
593	2.24479116273e-05
594	2.23521589653e-05
595	2.22737577858e-05
596	2.21902478823e-05
597	2.21018650207e-05
598	2.20150726354e-05
599	2.19466215994e-05
600	2.18718799334e-05
601	2.1794703821e-05
602	2.17098674017e-05
603	2.16171991215e-05
604	2.15353299846e-05
605	2.14673712244e-05
606	2.13881108822e-05
607	2.13087481576e-05
608	2.12264251342e-05
609	2.11539598906e-05
610	2.10819521484e-05
611	2.10074590309e-05
612	2.09223745994e-05
613	2.08264997916e-05
614	2.07445493779e-05
615	2.06734646786e-05
616	2.06033052821e-05
617	2.05162706116e-05
618	2.04400337211e-05
619	2.03543800013e-05
620	2.02917781658e-05
621	2.02196360246e-05
622	2.01479717667e-05
623	2.00606229687e-05
624	1.99726850154e-05
625	1.9892271743e-05
626	1.98268680167e-05
627	1.97538892167e-05
628	1.96756560228e-05
629	1.96011650884e-05
630	1.95233161633e-05
631	1.9463346059e-05
632	1.93992386329e-05
633	4.06889517525e-05
634	4.69187070379e-05
635	4.25112280062e-05
636	3.49951303372e-05
637	2.95840763478e-05
638	2.72484000248e-05
639	2.59422579554e-05
640	2.43880269502e-05
641	2.30193478628e-05
642	2.14965574463e-05
643	2.04802409729e-05
644	1.98497476605e-05
645	1.93151551162e-05
646	1.89102946592e-05
647	1.88237497435e-05
648	1.87164769945e-05
649	1.86233562941e-05
650	1.85162722209e-05
651	1.83216599484e-05
652	1.80660622713e-05
653	1.77948380849e-05
654	1.75473055676e-05
655	1.7346956674e-05
656	1.7197772284e-05
657	1.70737463531e-05
658	1.69539783994e-05
659	1.68271474548e-05
660	1.67145196026e-05
661	1.66304017482e-05
662	1.65891919045e-05
663	1.65776271135e-05
664	1.65749823061e-05
665	1.65688442423e-05
666	1.65467213191e-05
667	1.65052503392e-05
668	1.64395887609e-05
669	1.63640611177e-05
670	1.62765675111e-05
671	1.61825327832e-05
672	1.60847136508e-05
673	1.59923634278e-05
674	1.59136113461e-05
675	1.58580357791e-05
676	1.58205088606e-05
677	1.57868464144e-05
678	1.57520208073e-05
679	1.57159095869e-05
680	1.56792453154e-05
681	1.56407754454e-05
682	1.56051202281e-05
683	1.55665395739e-05
684	1.55241349856e-05
685	1.54723005648e-05
686	1.5412872023e-05
687	1.53479009073e-05
688	1.52805769247e-05
689	1.52219098607e-05
690	1.51655862708e-05
691	1.51078385134e-05
692	1.50521184442e-05
693	1.49997834879e-05
694	1.49528852621e-05
695	1.49088909776e-05
696	1.48740941567e-05
697	1.48432991299e-05
698	1.48124608907e-05
699	1.47762323045e-05
700	1.47335131753e-05
701	1.46834108245e-05
702	1.46287960809e-05
703	1.45805032456e-05
704	1.45307731446e-05
705	1.44782986395e-05
706	1.44209983188e-05
707	1.43640158666e-05
708	1.43128850753e-05
709	1.4265587231e-05
710	1.42228701817e-05
711	1.41859087852e-05
712	1.4147140497e-05
713	1.41066339175e-05
714	1.40599372921e-05
715	1.40106395485e-05
716	1.39578205586e-05
717	1.39082787884e-05
718	1.38673607328e-05
719	1.38235804205e-05
720	1.37765843563e-05
721	1.37264491915e-05
722	1.36776944421e-05
723	1.36347251263e-05
724	1.35938627248e-05
725	1.35593348351e-05
726	1.35242139939e-05
727	1.34906792447e-05
728	1.3454888886e-05
729	1.34134260967e-05
730	1.33182482693e-05
731	1.33732039654e-05
732	1.33276512988e-05
733	1.31564212401e-05
734	1.3268663509e-05
735	1.32948382255e-05
736	1.32008959095e-05
737	1.29596976055e-05
738	1.30422334676e-05
739	1.30874361438e-05
740	1.29819907078e-05
741	1.29937185027e-05
742	1.28391868043e-05
743	1.29274880442e-05
744	1.29407114309e-05
745	1.2793739085e-05
746	1.27801163449e-05
747	1.26166115845e-05
748	1.2702468731e-05
749	1.27213532212e-05
750	1.25802134219e-05
751	1.26288392552e-05
752	1.25901434302e-05
753	1.23880776864e-05
754	1.24423873263e-05
755	1.24680314634e-05
756	1.22991842504e-05
757	1.23652579585e-05
758	1.23837910974e-05
759	1.22048627743e-05
760	1.22547911046e-05
761	1.22541490487e-05
762	1.20643716493e-05
763	1.21119458988e-05
764	1.21246172943e-05
765	1.19432679478e-05
766	1.1994495922e-05
767	1.20102982128e-05
768	1.18237084932e-05
769	1.18770140882e-05
770	1.19887267037e-05
771	1.19538939767e-05
772	1.17141432827e-05
773	1.17252509616e-05
774	1.18235346635e-05
775	1.18057684547e-05
776	1.15712508342e-05
777	1.15811645787e-05
778	1.16708882433e-05
779	1.17192009798e-05
780	1.16437684984e-05
781	1.13608879331e-05
782	1.13519344629e-05
783	1.14384033684e-05
784	1.14972382921e-05
785	1.15042171043e-05
786	1.1465502163e-05
787	1.13958060003e-05
788	1.13226507025e-05
789	1.12618968867e-05
790	1.12224321781e-05
791	1.11892970462e-05
792	1.11614878957e-05
793	1.11303503838e-05
794	1.10975753395e-05
795	1.10611443115e-05
796	1.10212359357e-05
797	1.09788990474e-05
798	1.09377451605e-05
799	1.08979665509e-05
800	1.08603774343e-05
801	1.08310776109e-05
802	1.08063209879e-05
803	1.07767290725e-05
804	1.07426529785e-05
805	1.07031442808e-05
806	1.06662389891e-05
807	1.06253646482e-05
808	1.05888545577e-05
809	1.05514929068e-05
810	1.05187321237e-05
811	1.04826964273e-05
812	1.04444669381e-05
813	1.04044699243e-05
814	1.0372065945e-05
815	1.0335857352e-05
816	1.03073244646e-05
817	1.02841237892e-05
818	1.02575420944e-05
819	1.02236759549e-05
820	1.01889616303e-05
821	1.01493056979e-05
822	1.01104419041e-05
823	1.00697350396e-05
824	3.41378610714e-05
825	2.34712437849e-05
826	2.71861784773e-05
827	2.31376462919e-05
828	2.07251105097e-05
829	2.30316085412e-05
830	2.04976408844e-05
831	1.65781170067e-05
832	1.34231261715e-05
833	1.26492228802e-05
834	1.30240068482e-05
835	1.28812075962e-05
836	1.18970612313e-05
837	1.09219870402e-05
838	1.02177886332e-05
839	9.72667572786e-06
840	9.34723411902e-06
841	9.0345959664e-06
842	8.90832957803e-06
843	8.90557204002e-06
844	8.94367924135e-06
845	8.95688818065e-06
846	8.91852735771e-06
847	8.83471909404e-06
848	8.74632577048e-06
849	8.67420265423e-06
850	8.62493668327e-06
851	8.59787186407e-06
852	8.56734857069e-06
853	8.52077303512e-06
854	8.46064654685e-06
855	8.40255590349e-06
856	8.35332669119e-06
857	8.30844892142e-06
858	8.26868957157e-06
859	8.24028088895e-06
860	8.21556006669e-06
861	8.19120330225e-06
862	8.16279169144e-06
863	8.12567333959e-06
864	8.08284566181e-06
865	8.03441942624e-06
866	7.98767880894e-06
867	7.94725179385e-06
868	7.91562776776e-06
869	7.89107103401e-06
870	7.87131108874e-06
871	7.85364622369e-06
872	7.83795957483e-06
873	7.82450374507e-06
874	7.81156235939e-06
875	7.79534333135e-06
876	7.77753800827e-06
877	7.75514036371e-06
878	7.72842315603e-06
879	7.69888120976e-06
880	7.67114404897e-06
881	7.64810977018e-06
882	7.62816516472e-06
883	7.60684379768e-06
884	7.58261890842e-06
885	7.55924989408e-06
886	7.53533502941e-06
887	7.51537694708e-06
888	7.4942645176e-06
889	7.47081664161e-06
890	7.44591201985e-06
891	7.42277812031e-06
892	7.39936676423e-06
893	7.37377968923e-06
894	7.34705568162e-06
895	7.32351019381e-06
896	7.30013805184e-06
897	7.2739004737e-06
898	7.24394003616e-06
899	7.2140175168e-06
900	7.18430685387e-06
901	7.15358272454e-06
902	7.12194305368e-06
903	7.0963889215e-06
904	7.07423519183e-06
905	7.05163761953e-06
906	7.02921704527e-06
907	7.01345531443e-06
908	7.00216559424e-06
909	6.98873258448e-06
910	6.97490292544e-06
911	6.95793586988e-06
912	6.93851465054e-06
913	6.91674081496e-06
914	6.8930281214e-06
915	6.86921910935e-06
916	6.84615290688e-06
917	6.82184076012e-06
918	6.79892982399e-06
919	6.77539719456e-06
920	6.75365619345e-06
921	6.73331681204e-06
922	6.71286102251e-06
923	6.69428015827e-06
924	6.67499538964e-06
925	6.65438947938e-06
926	6.63431857337e-06
927	6.61999733115e-06
928	6.60758417318e-06
929	6.59469401583e-06
930	6.58087904466e-06
931	6.56693932038e-06
932	6.55362507723e-06
933	6.54351269415e-06
934	6.53324671402e-06
935	6.52205408016e-06
936	6.51188087707e-06
937	6.50179514267e-06
938	6.49355804556e-06
939	6.48515780695e-06
940	6.475152185e-06
941	6.46269297175e-06
942	6.44701090705e-06
943	6.43005623518e-06
944	6.40935167265e-06
945	6.38285502126e-06
946	6.35144037468e-06
947	6.31681671541e-06
948	6.28909730905e-06
949	6.26664823037e-06
950	6.24922439919e-06
951	6.22987050015e-06
952	6.20961761216e-06
953	6.18804601249e-06
954	6.17158294363e-06
955	6.16011570713e-06
956	6.23635295504e-06
957	6.21284842901e-06
958	6.14382257327e-06
959	6.04381222249e-06
960	6.09007592404e-06
961	6.17191631199e-06
962	6.16807650249e-06
963	6.12431813456e-06
964	6.0332571014e-06
965	6.12206968332e-06
966	6.20253754988e-06
967	6.1736900749e-06
968	6.10319726092e-06
969	6.0165681053e-06
970	6.05131247799e-06
971	6.10209909899e-06
972	5.92293202039e-06
973	6.0012549694e-06
974	6.02740877416e-06
975	5.96411056159e-06
976	5.80726717116e-06
977	5.84394680404e-06
978	5.89405567993e-06
979	5.7493971338e-06
980	5.81948073721e-06
981	5.87012113911e-06
982	5.75055461292e-06
983	5.86091787488e-06
984	5.90608849058e-06
985	5.76288297268e-06
986	5.8767578075e-06
987	5.90445810789e-06
988	5.77915277285e-06
989	5.87872336185e-06
990	5.89295896022e-06
991	5.77953895298e-06
992	5.8270493929e-06
993	5.78909325306e-06
994	5.6558455621e-06
995	5.63731894796e-06
996	5.59837969781e-06
997	5.5405967414e-06
998	5.49872213329e-06
999	5.47994827353e-06
1000	5.48759953969e-06
1001	5.50557758186e-06
1002	5.52206428121e-06
1003	5.53905768112e-06
1004	5.54808728481e-06
1005	5.54452621954e-06
1006	3.64547907892e-05
1007	2.36043049195e-05
1008	2.08461267474e-05
1009	2.46900489908e-05
1010	1.83810687184e-05
1011	2.22452947165e-05
1012	2.73366972871e-05
1013	2.61046175616e-05
1014	1.70736199045e-05
1015	1.75066293579e-05
1016	1.71833464768e-05
1017	1.42357846286e-05
1018	1.10606438741e-05
1019	9.03444731999e-06
1020	8.1648019705e-06
1021	7.91549368046e-06
1022	7.52686828736e-06
1023	7.02904008622e-06
1024	6.47101339765e-06
1025	5.96101919292e-06
1026	5.54025981217e-06
1027	5.30783635631e-06
1028	5.05199567745e-06
1029	4.95656981284e-06
1030	4.92503085796e-06
1031	4.85614779847e-06
1032	4.75120457337e-06
1033	4.64185255045e-06
1034	4.55814395852e-06
1035	4.47098050639e-06
1036	4.395439292e-06
1037	4.37258558327e-06
1038	4.36629292507e-06
1039	4.36001436115e-06
1040	4.51430462995e-06
1041	4.41037605401e-06
1042	4.32641889654e-06
1043	4.26745870787e-06
1044	4.24925433069e-06
1045	4.16141333403e-06
1046	4.14015808579e-06
1047	4.056122544e-06
1048	4.04645897504e-06
1049	4.0199779402e-06
1050	4.04207231473e-06
1051	4.03031155104e-06
1052	4.08845774169e-06
1053	4.21804158425e-06
1054	4.2023476262e-06
1055	4.0777272394e-06
1056	3.98859763517e-06
1057	3.87975794659e-06
1058	3.79924178709e-06
1059	3.73181280939e-06
1060	3.68222643004e-06
1061	3.74222147622e-06
1062	3.73574652437e-06
1063	3.66304910163e-06
1064	3.55473529746e-06
1065	3.48814669191e-06
1066	3.40640679233e-06
1067	3.3052222139e-06
1068	3.25219587696e-06
1069	3.12216764924e-06
1070	3.09463760737e-06
1071	3.03348076894e-06
1072	2.92765568012e-06
1073	2.90779799028e-06
1074	2.90271236323e-06
1075	2.86598753295e-06
1076	2.8829765085e-06
1077	2.82451949315e-06
1078	2.83886353758e-06
1079	2.78103305361e-06
1080	2.75725948847e-06
1081	2.72704603175e-06
1082	2.7108447571e-06
1083	2.70072618958e-06
1084	2.69522898094e-06
1085	2.76353755477e-06
1086	2.74009804537e-06
1087	2.71994808124e-06
1088	2.72100731371e-06
1089	2.70680186738e-06
1090	2.65892970824e-06
1091	2.64005365717e-06
1092	2.62831249292e-06
1093	2.61396761122e-06
1094	2.60120787654e-06
1095	2.66730812531e-06
1096	2.71914560736e-06
1097	2.6677288189e-06
1098	2.64829488599e-06
1099	2.60684778248e-06
1100	2.59357513286e-06
1101	2.59232553147e-06
1102	2.59247890167e-06
1103	2.5285801256e-06
1104	2.546760626e-06
1105	2.60885658993e-06
1106	2.65378765534e-06
1107	2.6153631559e-06
1108	2.5848587574e-06
1109	2.53010616033e-06
1110	2.5221493982e-06
1111	2.59523775407e-06
1112	2.63041139084e-06
1113	2.57206739368e-06
1114	2.53872188461e-06
1115	2.55167800544e-06
1116	2.50441731208e-06
1117	2.50040815886e-06
1118	2.55289664013e-06
1119	2.59512264131e-06
1120	2.5521168346e-06
1121	2.51761692753e-06
1122	2.52479176205e-06
1123	2.46414390762e-06
1124	2.47420463564e-06
1125	2.5238287796e-06
1126	2.56132503136e-06
1127	2.51104503019e-06
1128	2.47574543332e-06
1129	2.48948999654e-06
1130	2.41913089734e-06
1131	2.4391470709e-06
1132	2.48630655188e-06
1133	2.52051862712e-06
1134	2.47097950982e-06
1135	2.43840522983e-06
1136	2.45274277212e-06
1137	2.37849411776e-06
1138	2.40503364067e-06
1139	2.45159543998e-06
1140	2.48477743017e-06
1141	2.4355479028e-06
1142	2.40674763273e-06
1143	2.42088078687e-06
1144	2.34437412164e-06
1145	2.37443447061e-06
1146	2.41984924946e-06
1147	2.4453599131e-06
1148	2.45446202114e-06
1149	2.39607086963e-06
1150	2.36585072876e-06
1151	2.41769723591e-06
1152	2.32674869918e-06
1153	2.35339577804e-06
1154	2.53790622045e-06
1155	2.49054290089e-06
1156	2.34356673889e-06
1157	2.34858403781e-06
1158	2.50485775875e-06
1159	2.48111523741e-06
1160	2.32845202666e-06
1161	2.34416367016e-06
1162	2.49633048866e-06
1163	2.46516254485e-06
1164	2.30571192816e-06
1165	2.32162074681e-06
1166	2.47331668965e-06
1167	2.43830251038e-06
1168	2.27861094266e-06
1169	2.29316813994e-06
1170	2.44542943603e-06
1171	2.41150500174e-06
1172	2.25452914359e-06
1173	2.26999008368e-06
1174	2.42188945964e-06
1175	2.39000159072e-06
1176	2.23653399038e-06
1177	2.25385504064e-06
1178	2.40542596373e-06
1179	2.37335357975e-06
1180	2.22302161792e-06
1181	2.24190933174e-06
1182	2.39169790628e-06
1183	2.35904511488e-06
1184	2.21309786657e-06
1185	2.23034957638e-06
1186	2.37794675266e-06
1187	2.2458849459e-06
1188	2.2040818582e-06
1189	2.37515326921e-06
1190	2.22297835403e-06
1191	2.18197569846e-06
1192	2.34685370401e-06
1193	2.21889863577e-06
1194	2.1697897431e-06
1195	2.33512497558e-06
1196	2.21017433396e-06
1197	2.15704077391e-06
1198	2.32204533519e-06
1199	2.19533896291e-06
1200	2.14153421496e-06
1201	2.30582132552e-06
1202	2.17593284577e-06
1203	2.12419617951e-06
1204	2.28827632515e-06
1205	2.15843285854e-06
1206	2.10867140441e-06
1207	2.27268148648e-06
1208	2.1431847547e-06
1209	2.0949861246e-06
1210	2.2587656159e-06
1211	2.13109549369e-06
1212	2.08359031366e-06
1213	2.24690855102e-06
1214	2.12262053178e-06
1215	2.07396151383e-06
1216	2.23671398061e-06
1217	2.11035719755e-06
1218	2.23609137976e-06
1219	2.1803216806e-06
1220	2.16120755706e-06
1221	2.23801059509e-06
1222	2.1734205446e-06
1223	2.07927528069e-06
1224	2.20793229265e-06
1225	2.18063953772e-06
1226	2.24903731937e-06
1227	2.13981302749e-06
1228	2.05535421958e-06
1229	2.19486174903e-06
1230	2.17103047879e-06
1231	2.23106934591e-06
1232	2.14205940277e-06
1233	2.04574560428e-06
1234	2.17820616702e-06
1235	2.15519816525e-06
1236	2.21641969628e-06
1237	2.11770189149e-06
1238	2.02993643531e-06
1239	2.16272361589e-06
1240	2.13164954365e-06
1241	2.19635720228e-06
1242	2.14954476331e-06
1243	2.21622318756e-06
1244	2.1346795713e-06
1245	2.03302079216e-06
1246	2.15637977261e-06
1247	2.1239036233e-06
1248	2.17809210689e-06
1249	2.12900097919e-06
1250	2.19718063881e-06
1251	2.10434483874e-06
1252	2.01314919339e-06
1253	2.13670256329e-06
1254	2.09703136442e-06
1255	2.15314215771e-06
1256	2.10326426554e-06
1257	2.17260751592e-06
1258	2.07738692696e-06
1259	2.14196996891e-06
1260	2.06794926265e-06
1261	2.13229376533e-06
1262	2.07327148255e-06
1263	2.15502148831e-06
1264	2.07032927825e-06
1265	1.96550896251e-06
1266	2.08280814794e-06
1267	2.0618019303e-06
1268	2.11111215628e-06
1269	2.06317961472e-06
1270	2.12627788376e-06
1271	2.07915630078e-06
1272	2.12558697731e-06
1273	2.05400189501e-06
1274	2.09120356592e-06
1275	2.02227806875e-06
1276	2.09641668343e-06
1277	2.03294537298e-06
1278	2.09241319427e-06
1279	2.03802103222e-06
1280	2.09791311108e-06
1281	2.05340134266e-06
1282	2.10020624474e-06
1283	2.05287492848e-06
1284	2.09442657281e-06
1285	2.04358803741e-06
1286	2.08762855238e-06
1287	2.03103685355e-06
1288	2.08089545445e-06
1289	2.02298949492e-06
1290	2.07540818753e-06
1291	2.01819672675e-06
1292	2.07071677497e-06
1293	2.01492178117e-06
1294	2.06645028542e-06
1295	2.01264822456e-06
1296	2.06265261458e-06
1297	2.00975528608e-06
1298	2.05888520718e-06
1299	2.00537162162e-06
1300	2.05414202315e-06
1301	1.99945339247e-06
1302	2.04827331936e-06
1303	1.99265551875e-06
1304	2.04163251518e-06
1305	1.98559854346e-06
1306	2.03468737709e-06
1307	1.97858914284e-06
1308	2.02768848441e-06
1309	1.97173058718e-06
1310	2.02076979182e-06
1311	1.95916794308e-06
1312	2.02657161882e-06
1313	2.00214696949e-06
1314	2.02938597981e-06
1315	1.98119183145e-06
1316	2.01241752227e-06
1317	1.95720826401e-06
1318	1.99932507604e-06
1319	2.06462023012e-06
1320	1.97878534995e-06
1321	2.00637311701e-06
1322	1.9488612014e-06
1323	1.98568645513e-06
1324	2.04325000356e-06
1325	1.96947830187e-06
1326	1.99322418291e-06
1327	2.04428537553e-06
1328	1.98244342698e-06
1329	1.99497534399e-06
1330	2.03915277491e-06
1331	1.98158010224e-06
1332	1.98732067704e-06
1333	2.02907697066e-06
1334	1.97019885379e-06
1335	1.97731590411e-06
1336	2.01950708083e-06
1337	1.95502348666e-06
1338	1.96402527793e-06
1339	2.00683034955e-06
1340	1.9413019879e-06
1341	1.95289110905e-06
1342	1.99674695375e-06
1343	1.93066677082e-06
1344	1.94309026835e-06
1345	1.98758730347e-06
1346	1.9215438912e-06
1347	1.93455565278e-06
1348	1.97915639983e-06
1349	1.91295620779e-06
1350	1.92607254213e-06
1351	1.97021712935e-06
1352	1.90434794905e-06
1353	1.91752121012e-06
1354	1.96108286583e-06
1355	1.89561826801e-06
1356	1.9086963941e-06
1357	1.95177875861e-06
1358	1.88670577074e-06
1359	1.89965130848e-06
1360	1.94246283444e-06
1361	1.87752278745e-06
1362	1.89033053549e-06
1363	1.93300255092e-06
1364	1.86799067926e-06
1365	1.880796731e-06
1366	1.92338897796e-06
1367	1.85822134548e-06
1368	1.87117893884e-06
1369	1.91369354403e-06
1370	1.84842463156e-06
1371	1.86163464525e-06
1372	1.90407806192e-06
1373	1.83879690563e-06
1374	1.85229860509e-06
1375	1.89466182557e-06
1376	1.82943827476e-06
1377	1.84320760804e-06
1378	1.8854660192e-06
1379	1.82035317633e-06
1380	1.83430970122e-06
1381	1.87642047061e-06
1382	1.81144013251e-06
1383	1.82550689089e-06
1384	1.86742683394e-06
1385	1.80258360791e-06
1386	1.81670546621e-06
1387	1.85841884951e-06
1388	1.8797620006e-06
1389	1.82833038484e-06
1390	1.82579188532e-06
1391	1.85724983389e-06
1392	1.87550073375e-06
1393	1.84143962657e-06
1394	1.82540257344e-06
1395	1.85287732289e-06
1396	1.86985671974e-06
1397	1.82841155859e-06
1398	1.81227738341e-06
1399	1.83984690029e-06
1400	1.85708399036e-06
1401	1.80741901981e-06
1402	1.79655543404e-06
1403	1.82547752125e-06
1404	1.84308043575e-06
1405	1.79103610163e-06
1406	1.78393672898e-06
1407	1.81413058421e-06
1408	1.83225574921e-06
1409	1.77940752769e-06
1410	1.77342209203e-06
1411	1.80405326579e-06
1412	1.82175732097e-06
1413	1.76909871599e-06
1414	1.7629712774e-06
1415	1.7934390917e-06
1416	1.81027394881e-06
1417	1.75861430537e-06
1418	1.75208179598e-06
1419	1.78202918851e-06
1420	1.79858991466e-06
1421	1.74798260757e-06
1422	1.74113653849e-06
1423	1.77074908391e-06
1424	1.78723671055e-06
1425	1.78836611429e-06
1426	1.76544131636e-06
1427	1.74706756169e-06
1428	1.77113981339e-06
1429	1.78394249012e-06
1430	1.78320094765e-06
1431	1.76724525673e-06
1432	1.74027751376e-06
1433	1.76194014323e-06
1434	1.77409105829e-06
1435	1.77257234171e-06
1436	1.7456684315e-06
1437	1.72251195738e-06
1438	1.74485822149e-06
1439	1.75758994399e-06
1440	1.75716858567e-06
1441	1.72470041462e-06
1442	1.70650841745e-06
1443	1.73068820877e-06
1444	1.74390510055e-06
1445	1.74367159158e-06
1446	1.73628352454e-06
1447	1.73434348645e-06
1448	1.71076241957e-06
1449	1.73178747726e-06
1450	1.7405023794e-06
1451	1.73608659485e-06
1452	1.72498035675e-06
1453	1.718648518e-06
1454	1.71686360554e-06
1455	1.71715610529e-06
1456	1.71755285605e-06
1457	1.71717136321e-06
1458	1.86860242853e-06
1459	1.79047958273e-06
1460	1.80105602313e-06
1461	1.77694739195e-06
1462	1.74964133846e-06
1463	1.72299859038e-06
1464	1.70696429718e-06
1465	1.70237524041e-06
1466	1.70313618316e-06
1467	1.70538250195e-06
1468	1.7076226054e-06
1469	1.70855504534e-06
1470	1.70707960915e-06
1471	1.70366544564e-06
1472	1.69934888247e-06
1473	1.69461204287e-06
1474	1.68942124712e-06
1475	1.85042679174e-06
1476	1.75970408853e-06
1477	1.76818514205e-06
1478	1.74211095256e-06
1479	1.71331137546e-06
1480	1.68541989094e-06
1481	1.66885416188e-06
1482	1.66384606084e-06
1483	1.66487725525e-06
1484	1.66803286892e-06
1485	1.67162109044e-06
1486	1.6738458333e-06
1487	1.67332299286e-06
1488	1.67045140055e-06
1489	1.66619802166e-06
1490	1.66129053742e-06
1491	1.65579210847e-06
1492	1.64976294144e-06
1493	1.64340229242e-06
1494	1.63706567078e-06
1495	1.79264697708e-06
1496	1.70477188274e-06
1497	1.71198397778e-06
1498	1.68839011044e-06
1499	1.66202190876e-06
1500	1.63732453325e-06
1501	1.62216996161e-06
1502	1.61816214121e-06
1503	1.61895538818e-06
1504	1.62143202222e-06
1505	1.62518183963e-06
1506	1.62784969049e-06
1507	1.62730104374e-06
1508	1.62414656446e-06
1509	1.61969186312e-06
1510	1.61453454165e-06
1511	1.60865296706e-06
1512	1.60212108607e-06
1513	1.59527884914e-06
1514	1.58851834661e-06
1515	1.716067908e-06
1516	1.6438033448e-06
1517	1.65280802309e-06
1518	1.63209547865e-06
1519	1.60702418097e-06
1520	1.58339548148e-06
1521	1.56957583535e-06
1522	1.56656915191e-06
1523	1.56853746887e-06
1524	1.57201568676e-06
1525	1.57567362401e-06
1526	1.57781584521e-06
1527	1.57730586905e-06
1528	1.57464083764e-06
1529	1.57075649518e-06
1530	1.5660542729e-06
1531	1.56062631321e-06
1532	1.55455568949e-06
1533	1.54816641815e-06
1534	1.54181097894e-06
1535	1.53593161209e-06
1536	1.57507269254e-06
1537	1.52720395144e-06
1538	1.54784260223e-06
1539	1.51569017973e-06
1540	1.51732480621e-06
1541	1.52542461317e-06
1542	1.52868168901e-06
1543	1.52880513208e-06
1544	1.52735289545e-06
1545	1.52594007781e-06
1546	1.52421665979e-06
1547	1.52349811558e-06
1548	1.52281217343e-06
1549	1.5607796276e-06
1550	1.52295294554e-06
1551	1.53756352869e-06
1552	1.51357813791e-06
1553	1.51545138191e-06
1554	1.51874298227e-06
1555	1.51693697328e-06
1556	1.51225091701e-06
1557	1.50601692839e-06
1558	1.50009265333e-06
1559	1.49506620087e-06
1560	1.49109770367e-06
1561	1.48776609286e-06
1562	1.48485218965e-06
1563	1.48218946112e-06
1564	1.47982082473e-06
1565	1.47762081702e-06
1566	1.47545784768e-06
1567	1.47325244001e-06
1568	1.47117598129e-06
1569	1.5068113171e-06
1570	1.46859974162e-06
1571	1.46122121443e-06
1572	1.46154289065e-06
1573	1.47776348914e-06
1574	1.45324752018e-06
1575	1.45295250404e-06
1576	1.45657204579e-06
1577	1.4576960016e-06
1578	1.45681939708e-06
1579	1.4547206946e-06
1580	1.45235131215e-06
1581	1.44999069498e-06
1582	1.44772822827e-06
1583	1.44538290712e-06
1584	1.44287804616e-06
1585	1.4401485429e-06
1586	1.46298882687e-06
1587	1.43573841651e-06
1588	1.4301863203e-06
1589	1.42973950036e-06
1590	1.42873673498e-06
1591	3.02805095843e-05
1592	2.11232288455e-05
