1	2
2	3
3	3
4	3
5	3
6	3
7	3
8	3
9	3
10	3
11	3
12	3
13	3
14	3
15	3
16	3
17	3
18	4
19	4
20	4
21	4
22	4
23	4
24	4
25	4
26	4
27	4
28	4
29	4
30	4
31	4
32	4
33	4
34	4
35	4
36	4
37	4
38	4
39	4
40	4
41	4
42	4
43	4
44	4
45	4
46	4
47	4
48	4
49	4
50	4
51	4
52	4
53	4
54	4
55	4
56	4
57	4
58	4
59	4
60	4
61	4
62	4
63	4
64	4
65	4
66	4
67	4
68	4
69	4
70	4
71	4
72	4
73	4
74	4
75	4
76	4
77	4
78	4
79	4
80	4
81	4
82	4
83	4
84	4
85	4
86	4
87	4
88	4
89	4
90	4
91	4
92	4
93	4
94	4
95	4
96	4
97	4
98	4
99	4
100	4
101	4
102	4
103	4
104	4
105	4
106	4
107	4
108	4
109	4
110	4
111	4
112	4
113	4
114	4
115	4
116	4
117	4
118	4
119	4
120	4
121	4
122	4
123	4
124	4
125	4
126	4
127	4
128	4
129	4
130	4
131	4
132	4
133	4
134	4
135	4
136	4
137	4
138	4
139	4
140	4
141	4
142	4
143	4
144	4
145	4
146	4
147	4
148	4
149	4
150	4
151	4
152	4
153	4
154	4
155	4
156	4
157	4
158	4
159	4
160	4
161	4
162	4
163	4
164	4
165	4
166	4
167	4
168	4
169	4
170	4
171	4
172	4
173	4
174	4
175	4
176	4
177	4
178	4
179	4
180	4
181	4
182	4
183	4
184	4
185	4
186	4
187	4
188	4
189	4
190	4
191	4
192	4
193	4
194	4
195	4
196	4
197	4
198	4
199	4
200	4
201	4
202	4
203	4
204	4
205	4
206	4
207	4
208	4
209	4
210	4
211	4
212	4
213	4
214	4
215	4
216	4
217	4
218	4
219	4
220	4
221	4
222	4
223	4
224	4
225	4
226	4
227	4
228	4
229	4
230	4
231	4
232	4
233	4
234	4
235	4
236	4
237	4
238	4
239	4
240	4
241	3
242	4
243	4
244	4
245	4
246	4
247	3
248	3
249	3
250	3
251	3
252	3
253	3
254	3
255	3
256	3
257	3
258	4
259	4
260	4
261	4
262	4
263	3
264	3
265	4
266	4
267	4
268	4
269	3
270	3
271	3
272	3
273	4
274	4
275	3
276	4
277	3
278	4
279	3
280	3
281	4
282	4
283	4
284	4
285	4
286	4
287	4
288	4
289	4
290	3
291	3
292	4
293	3
294	3
295	3
296	3
297	3
298	3
299	3
300	3
301	3
302	4
303	4
304	4
305	4
306	4
307	4
308	4
309	4
310	4
311	4
312	4
313	4
314	4
315	4
316	4
317	4
318	4
319	4
320	4
321	4
322	4
323	4
324	4
325	4
326	4
327	4
328	4
329	4
330	4
331	4
332	4
333	4
334	4
335	4
336	4
337	4
338	4
339	4
340	4
341	4
342	4
343	4
344	4
345	4
346	4
347	4
348	4
349	4
350	4
351	4
352	4
353	4
354	4
355	4
356	4
357	4
358	4
359	4
360	4
361	4
362	4
363	4
364	4
365	4
366	4
367	4
368	4
369	4
370	4
371	4
372	4
373	4
374	4
375	4
376	4
377	4
378	4
379	4
380	4
381	4
382	4
383	4
384	4
385	4
386	4
387	4
388	4
389	4
390	4
391	4
392	4
393	4
394	4
395	4
396	4
397	4
398	4
399	4
400	4
401	4
402	4
403	4
404	4
405	4
406	4
407	4
408	4
409	4
410	4
411	4
412	4
413	4
414	4
415	4
416	4
417	4
418	4
419	4
420	4
421	4
422	4
423	4
424	4
425	4
426	4
427	4
428	4
429	4
430	4
431	4
432	4
433	4
434	4
435	4
436	4
437	4
438	4
439	4
440	4
441	4
442	4
443	4
444	4
445	4
446	4
447	4
448	4
449	4
450	4
451	4
452	4
453	4
454	4
455	4
456	4
457	4
458	4
459	4
460	4
461	4
462	4
463	4
464	4
465	4
466	4
467	4
468	4
469	4
470	4
471	4
472	4
473	4
474	4
475	4
476	4
477	4
478	4
479	4
480	4
481	4
482	4
483	4
484	4
485	4
486	4
487	4
488	4
489	4
490	4
491	4
492	4
493	4
494	4
495	4
496	4
497	4
498	4
499	4
500	4
501	4
502	4
503	4
504	4
505	4
506	4
507	4
508	4
509	4
510	4
511	4
512	4
513	4
514	4
515	4
516	4
517	4
518	4
519	4
520	4
521	4
522	4
523	4
524	4
525	4
526	4
527	4
528	4
529	4
530	4
531	4
532	4
533	4
534	4
535	4
536	4
537	4
538	4
539	3
540	3
541	3
542	3
543	3
544	3
545	3
546	3
547	3
548	3
549	3
550	3
551	3
552	3
553	3
554	3
555	3
556	3
557	3
558	3
559	3
560	3
561	3
562	3
563	3
564	3
565	3
566	3
567	3
568	3
569	3
570	3
571	3
572	3
573	3
574	3
575	3
576	3
577	3
578	3
579	3
580	3
581	3
582	3
583	3
584	3
585	3
586	3
587	3
588	3
589	3
590	3
591	3
592	3
593	3
594	3
595	3
596	3
597	3
598	3
599	3
600	3
601	3
602	3
603	3
604	3
605	3
606	3
607	3
608	3
609	3
610	3
611	3
612	3
613	3
614	3
615	3
616	3
617	3
618	3
619	3
620	3
621	3
622	3
623	3
624	3
625	3
626	3
627	3
628	3
629	3
630	3
631	3
632	3
633	3
634	3
635	3
636	3
637	3
638	3
639	3
640	3
641	3
642	3
643	3
644	3
645	3
646	3
647	3
648	3
649	3
650	3
651	3
652	3
653	3
654	3
655	3
656	3
657	3
658	3
659	3
660	3
661	3
662	3
663	3
664	3
665	3
666	3
667	3
668	3
669	3
670	3
671	3
672	3
673	3
674	3
675	3
676	3
677	3
678	3
679	3
680	3
681	3
682	3
683	3
684	3
685	3
686	3
687	3
688	3
689	3
690	3
691	3
692	3
693	3
694	3
695	3
696	3
697	3
698	3
699	3
700	3
701	3
702	3
703	3
704	3
705	3
706	3
707	3
708	3
709	3
710	3
711	3
712	3
713	3
714	3
715	3
716	3
717	3
718	3
719	3
720	3
721	3
722	3
723	3
724	3
725	3
726	3
727	3
728	3
729	3
730	3
731	3
732	3
733	3
734	3
735	3
736	3
737	3
738	3
739	3
740	3
741	3
742	3
743	3
744	3
745	3
746	3
747	3
748	3
749	3
750	3
751	3
752	3
753	3
754	3
755	3
756	3
757	3
758	3
759	3
760	3
761	3
762	3
763	3
764	3
765	3
766	3
767	3
768	3
769	3
770	3
771	3
772	3
773	3
774	3
775	3
776	3
777	3
778	3
779	3
780	3
781	3
782	3
783	2
784	2
785	2
786	2
787	2
788	2
789	2
790	2
791	2
792	2
793	2
794	2
795	2
796	2
797	2
798	2
799	2
800	2
801	2
802	2
803	2
804	2
805	2
806	2
807	2
808	2
809	2
810	2
811	2
812	2
813	2
814	2
815	2
816	2
817	2
818	2
819	2
820	2
821	2
822	2
823	2
824	2
825	2
826	2
827	2
828	2
829	2
830	2
831	2
832	2
833	2
834	2
835	2
836	2
837	2
838	2
839	2
840	2
841	2
842	2
843	2
844	2
845	2
846	2
847	2
848	2
849	2
850	2
851	2
852	2
853	2
854	2
855	2
856	2
857	2
858	2
859	2
860	2
861	2
862	2
863	2
864	2
865	2
866	2
867	2
868	2
869	2
870	2
871	2
872	2
873	2
874	2
875	2
876	2
877	2
878	2
879	2
880	2
881	2
882	2
883	2
884	2
885	2
886	2
887	2
888	2
889	2
890	2
891	2
892	2
893	2
894	2
895	2
896	2
897	2
898	2
899	2
900	2
901	2
902	2
903	2
904	2
905	2
906	2
907	2
908	2
909	2
910	2
911	2
912	2
913	2
914	2
915	2
916	2
917	2
918	2
919	2
920	2
921	2
922	2
923	2
924	2
925	2
926	2
927	2
928	2
929	2
930	2
931	2
932	2
933	2
934	2
935	2
936	2
937	2
938	2
939	2
940	2
941	2
942	2
943	2
944	2
945	2
946	2
947	2
948	2
949	2
950	2
951	2
952	2
953	2
954	2
955	2
956	2
957	2
958	2
959	2
960	2
961	2
962	2
963	2
964	2
965	2
966	2
967	2
968	2
969	2
970	2
971	2
972	2
973	2
974	2
975	2
976	2
977	2
978	2
979	2
980	2
981	2
982	2
983	2
984	2
985	2
986	2
987	2
988	2
989	2
990	2
991	2
992	2
993	2
994	2
995	2
996	2
997	2
998	2
999	2
1000	2
1001	2
1002	2
1003	2
1004	2
1005	2
1006	2
1007	2
1008	2
1009	2
1010	2
1011	2
1012	2
1013	2
1014	2
1015	2
1016	2
1017	2
1018	2
1019	2
1020	2
1021	2
1022	2
1023	2
1024	2
1025	2
1026	2
1027	2
1028	2
1029	2
1030	2
1031	2
1032	2
1033	2
1034	2
1035	2
1036	2
1037	2
1038	2
1039	2
1040	2
1041	2
1042	2
1043	2
1044	2
1045	2
1046	2
1047	2
1048	2
1049	2
1050	2
1051	2
1052	2
1053	2
1054	2
1055	2
1056	2
1057	2
1058	2
1059	2
1060	2
1061	2
1062	2
1063	2
1064	2
1065	2
1066	2
1067	1
1068	1
1069	1
1070	1
1071	1
1072	1
1073	1
1074	1
1075	1
1076	1
1077	1
1078	1
1079	1
1080	1
1081	1
1082	1
1083	1
1084	1
1085	1
1086	1
1087	1
1088	1
1089	1
1090	1
1091	1
1092	1
1093	1
1094	1
1095	1
1096	1
1097	1
1098	1
1099	1
1100	1
1101	1
1102	1
1103	1
1104	1
1105	1
1106	1
1107	1
1108	1
1109	1
1110	1
1111	1
1112	1
1113	1
1114	1
1115	1
1116	1
1117	1
1118	1
1119	1
1120	1
1121	1
1122	1
1123	1
1124	1
1125	1
1126	1
1127	1
1128	1
1129	1
1130	1
1131	1
1132	1
1133	1
1134	1
1135	1
1136	1
1137	1
1138	1
1139	1
1140	1
1141	1
1142	1
1143	1
1144	1
1145	1
1146	1
1147	1
1148	1
1149	1
1150	1
1151	1
1152	1
1153	1
1154	1
1155	1
1156	1
1157	1
1158	1
1159	1
1160	1
1161	1
1162	1
1163	1
1164	1
1165	1
1166	1
1167	1
1168	1
1169	1
1170	1
1171	1
1172	1
1173	1
1174	1
1175	1
1176	1
1177	1
1178	1
1179	1
1180	1
1181	1
1182	1
1183	1
1184	1
1185	1
1186	1
1187	1
1188	1
1189	1
1190	1
1191	1
1192	1
1193	1
1194	1
1195	1
1196	1
1197	1
1198	1
1199	1
1200	1
1201	1
1202	1
1203	1
1204	1
1205	1
1206	1
1207	1
1208	1
1209	1
1210	1
1211	1
1212	1
1213	1
1214	1
1215	1
1216	1
1217	1
1218	1
1219	1
1220	1
1221	1
1222	1
1223	1
1224	1
1225	1
1226	1
1227	1
1228	1
1229	1
1230	1
1231	1
1232	1
1233	1
1234	1
1235	1
1236	1
1237	1
1238	1
1239	1
1240	1
1241	1
1242	1
1243	1
1244	1
1245	1
1246	1
1247	1
1248	1
1249	1
1250	1
1251	1
1252	1
1253	1
1254	1
1255	1
1256	1
1257	1
1258	1
1259	1
1260	1
1261	1
1262	1
1263	1
1264	1
1265	1
1266	1
1267	1
1268	1
1269	1
1270	1
1271	1
1272	1
1273	1
1274	1
1275	1
1276	1
1277	1
1278	1
1279	1
1280	1
1281	1
1282	1
1283	1
1284	1
1285	1
1286	1
1287	1
1288	1
1289	1
1290	1
1291	1
1292	1
1293	1
1294	1
1295	1
1296	1
1297	1
1298	1
1299	1
1300	1
1301	1
1302	1
1303	1
1304	1
1305	1
1306	1
1307	1
1308	1
1309	1
1310	1
1311	1
1312	1
1313	1
1314	1
1315	1
1316	1
1317	1
1318	1
1319	1
1320	1
1321	1
1322	1
1323	1
1324	1
1325	1
1326	1
1327	1
1328	1
1329	1
1330	1
1331	1
1332	1
1333	1
1334	1
1335	1
1336	1
1337	1
1338	1
1339	1
1340	1
1341	1
1342	1
1343	1
1344	1
1345	1
1346	1
1347	1
1348	1
1349	1
1350	1
1351	1
1352	1
1353	1
1354	1
1355	1
1356	1
1357	1
1358	1
1359	1
1360	1
1361	1
1362	1
1363	1
1364	1
1365	1
1366	1
1367	1
1368	1
1369	1
1370	1
1371	1
1372	1
1373	1
1374	1
1375	1
1376	1
1377	1
1378	1
1379	1
1380	1
1381	1
1382	1
1383	1
1384	1
1385	1
1386	1
1387	1
1388	1
1389	1
1390	1
1391	1
1392	1
1393	1
1394	1
1395	1
1396	1
1397	1
1398	1
1399	1
1400	1
1401	1
1402	1
1403	1
1404	1
1405	1
1406	1
1407	1
1408	1
1409	1
1410	1
1411	1
1412	1
1413	1
1414	1
1415	1
1416	1
1417	1
1418	1
1419	1
1420	0
1421	1
1422	1
1423	0
1424	1
1425	0
1426	1
1427	0
1428	1
1429	0
1430	1
1431	0
1432	1
1433	0
1434	1
1435	0
1436	1
1437	0
1438	1
1439	0
1440	1
1441	0
1442	1
1443	0
1444	1
1445	0
1446	1
1447	0
1448	1
1449	0
1450	1
1451	0
1452	1
1453	0
1454	1
1455	0
1456	1
1457	0
1458	1
1459	0
1460	0
1461	1
1462	0
1463	1
1464	0
1465	1
1466	0
1467	1
1468	0
1469	1
1470	0
1471	0
1472	1
1473	0
1474	0
1475	1
1476	0
1477	1
1478	0
1479	0
1480	1
1481	0
1482	0
1483	1
1484	0
1485	0
1486	1
1487	0
1488	0
1489	1
1490	0
1491	0
1492	1
1493	0
1494	1
1495	0
1496	0
1497	1
1498	0
1499	0
1500	1
1501	0
1502	0
1503	1
1504	0
1505	0
1506	1
1507	0
1508	0
1509	1
1510	0
1511	0
1512	0
1513	1
1514	0
1515	0
1516	1
1517	0
1518	0
1519	1
1520	0
1521	0
1522	1
1523	0
1524	0
1525	0
1526	1
1527	0
1528	0
1529	1
1530	0
1531	0
1532	1
1533	0
1534	0
1535	0
1536	1
1537	0
1538	0
1539	1
1540	0
1541	0
1542	0
1543	1
1544	0
1545	0
1546	1
1547	0
1548	0
1549	0
1550	1
1551	0
1552	0
1553	0
1554	1
1555	0
1556	0
1557	1
1558	0
1559	0
1560	0
1561	0
1562	1
1563	0
1564	0
1565	0
1566	0
1567	1
1568	0
1569	0
1570	0
1571	1
1572	0
1573	0
1574	0
1575	0
1576	1
1577	0
1578	0
1579	1
1580	0
1581	0
1582	0
1583	1
1584	0
1585	0
1586	0
1587	1
1588	0
1589	0
1590	0
1591	1
1592	0
