1	0.999999999999
2	0.962919475194
3	0.082461147426
4	0.0573292854674
5	0.0200177629249
6	0.158784544777
7	0.246183399382
8	0.0646151421172
9	0.028275126956
10	0.106448084336
11	0.409437052058
12	0.087764989562
13	0.0344384874658
14	0.0457808499838
15	0.100754097292
16	0.175858952489
17	0.0805601470369
18	0.0607043925267
19	0.0927784240472
20	0.0626469842027
21	0.041421074399
22	0.0332644360195
23	0.0279472336327
24	0.027761031774
25	0.0265642900914
26	0.0222538955951
27	0.0179077568493
28	0.0164574299767
29	0.0156100046425
30	0.0147237068138
31	0.0137303229531
32	0.0131538560027
33	0.0126084102625
34	0.0122581579652
35	0.011476746385
36	0.0104198003818
37	0.0091738910125
38	0.00821215247735
39	0.00748965489593
40	0.00739169632278
41	0.00740491482621
42	0.00731471858811
43	0.00686732295289
44	0.00633075326097
45	0.00568517907605
46	0.00497967959822
47	0.00459725360881
48	0.0042439817666
49	0.00434585425384
50	0.00443142273882
51	0.00468697454324
52	0.00463896988983
53	0.00439411776256
54	0.00405232037217
55	0.00364099428541
56	0.00331150329261
57	0.00303787998666
58	0.00295057337842
59	0.00294460032242
60	0.00298483595861
61	0.00295495612832
62	0.00286320270552
63	0.00275119958246
64	0.00263270551992
65	0.00251052449115
66	0.00243119217515
67	0.00236678540947
68	0.0023719699045
69	0.00237118988357
70	0.00239327216951
71	0.00236063970633
72	0.00229487047873
73	0.00221796912109
74	0.00213923738048
75	0.00208212300218
76	0.00204529124534
77	0.002027608458
78	0.00203088942782
79	0.00201415181024
80	0.00202115280368
81	0.00200715755662
82	0.00198413497619
83	0.00196038946775
84	0.00193601706411
85	0.00192357279016
86	0.00191950386507
87	0.00191587673965
88	0.00190780879779
89	0.00189859843988
90	0.00188696030327
91	0.00188247926426
92	0.00186632632485
93	0.00184564221697
94	0.00182933119448
95	0.00181438383382
96	0.00180552571385
97	0.00179749922591
98	0.00178650304531
99	0.00177965390467
100	0.00177303964034
101	0.00176498878511
102	0.00175861593114
103	0.00175456073096
104	0.00174980015908
105	0.00174953993402
106	0.0017437495683
107	0.00174119751214
108	0.00173832623261
109	0.00174082973389
110	0.00173834575525
111	0.00173339614138
112	0.00172377629679
113	0.00172010156558
114	0.00171210475515
115	0.00170385263179
116	0.00170146510972
117	0.0016933748788
118	0.00168738857171
119	0.00167929993143
120	0.00167186124839
121	0.0016671346065
122	0.00166586715238
123	0.00166357193158
124	0.00166359625647
125	0.00166268143149
126	0.00166003490957
127	0.00166292449969
128	0.00166007746704
129	0.00165606272319
130	0.00164964602787
131	0.00164816744342
132	0.00164369288183
133	0.00163762151884
134	0.00163332256132
135	0.00162826144181
136	0.0016244929101
137	0.00161800135153
138	0.00161398749569
139	0.00161469786089
140	0.00161340378148
141	0.00161205307952
142	0.00161035849351
143	0.0016078984517
144	0.0016061758892
145	0.00160191579409
146	0.00160050271364
147	0.00159826536379
148	0.00159376163018
149	0.00159037879141
150	0.00158599667666
151	0.00158154197567
152	0.00157738792728
153	0.00157864309918
154	0.00158207104285
155	0.00157956373588
156	0.00157476727795
157	0.00156839784711
158	0.00156257058549
159	0.0015617008977
160	0.00156367779082
161	0.00156332166648
162	0.00156172207236
163	0.00155792067223
164	0.00155560222974
165	0.00155360459366
166	0.00155241209501
167	0.0015509148636
168	0.00154953591372
169	0.00154782412192
170	0.00154314357695
171	0.00153732998054
172	0.00153541342506
173	0.00153471652941
174	0.00153623744827
175	0.00153567944386
176	0.00153326182597
177	0.00153214691635
178	0.00153202955894
179	0.00153025831247
180	0.00152693074761
181	0.00152147775175
182	0.00151718550312
183	0.00151509357497
184	0.0015151491786
185	0.00151205642397
186	0.0015146053117
187	0.00151561032427
188	0.00151612022762
189	0.00151388530862
190	0.0015106753612
191	0.00150687455886
192	0.00150341145175
193	0.00150057375298
194	0.00149971719857
195	0.00149820774021
196	0.00149560155391
197	0.00149692434173
198	0.001496223447
199	0.0014958284151
200	0.00149342035782
201	0.00149264324984
202	0.00148858032335
203	0.00148475273289
204	0.00148332870938
205	0.00148232650086
206	0.00148355206245
207	0.00148150044523
208	0.00147913074842
209	0.001477216901
210	0.00147330141763
211	0.00147138157922
212	0.00147135257456
213	0.00147081233716
214	0.00146894681585
215	0.00146479073398
216	0.00146272237311
217	0.00146155275229
218	0.00146019809312
219	0.00145564478831
220	0.00145550109039
221	0.00145219252856
222	0.00145038546653
223	0.00145002668467
224	0.00144616045432
225	0.00144355746461
226	0.00144376388907
227	0.00144347891377
228	0.00143594526217
229	0.0014382144098
230	0.00143277737861
231	0.00143194469842
232	0.00142696672288
233	0.00142582555396
234	0.00142411181851
235	0.00142009282043
236	0.00141655665113
237	0.00141341793351
238	0.00141098364509
239	0.00140761135694
240	0.00140321909585
241	0.00139585814546
242	0.00139468441615
243	0.00139317313677
244	0.00138896476722
245	0.00138272904718
246	0.00138354094291
247	0.00138305836266
248	0.00138259837284
249	0.00138054054707
250	0.00137509086068
251	0.00137485516513
252	0.00137361334131
253	0.00136928309056
254	0.00136887066358
255	0.00137501351957
256	0.00138011459651
257	0.00138435296847
258	0.00139063549294
259	0.00139282223466
260	0.00139227418924
261	0.00139279374973
262	0.00139413089438
263	0.00139526755793
264	0.0013973316448
265	0.00139837011326
266	0.00139863945368
267	0.00139973570423
268	0.00140066241832
269	0.00139993165153
270	0.0014032001258
271	0.00140334396388
272	0.00140450790381
273	0.00140581263755
274	0.00140757849925
275	0.00140849239785
276	0.00140942378245
277	0.00140766037644
278	0.00140940349102
279	0.00141188694119
280	0.00142238939476
281	0.00143071453825
282	0.00143800735149
283	0.0014436848613
284	0.00144331583858
285	0.00144934915267
286	0.0014531195157
287	0.00145510776304
288	0.00145695878282
289	0.00146033806753
290	0.00146075374325
291	0.00146279642596
292	0.00146203012813
293	0.00146171094367
294	0.00146027293284
295	0.00145067246058
296	0.00143630916618
297	0.00144027616026
298	0.00144041690313
299	0.00143005745768
300	0.00142840764421
301	0.00148940367121
302	0.00151956719725
303	0.00153781163867
304	0.00155106441182
305	0.00156143940074
306	0.00157025317293
307	0.00157818366388
308	0.00158477813397
309	0.00159150139774
310	0.00159747801311
311	0.00160319543986
312	0.00160866522648
313	0.00161393696226
314	0.00161904539249
315	0.00162404165599
316	0.0016289465791
317	0.00163379814307
318	0.0016385925591
319	0.00164329860712
320	0.00164792476825
321	0.00165249558238
322	0.00165702906388
323	0.00166154105851
324	0.00166603267342
325	0.00167055462828
326	0.00167503688991
327	0.00167948418053
328	0.00168389949121
329	0.00168817243254
330	0.00169266209129
331	0.00169713883554
332	0.00170137931583
333	0.00170616389239
334	0.00171024672903
335	0.00171496834348
336	0.00171905833409
337	0.00172363550319
338	0.00172801299223
339	0.00173234719944
340	0.0017369013072
341	0.0017413986651
342	0.00174572484101
343	0.00175018916278
344	0.00175439626484
345	0.00175902253329
346	0.00176318566491
347	0.00176781802574
348	0.00177202489635
349	0.00177653616781
350	0.00178108402349
351	0.00178552723925
352	0.00178981323747
353	0.00179407532759
354	0.0017983647178
355	0.00180268424862
356	0.00180673258917
357	0.0018115862927
358	0.00181576070377
359	0.00182015889872
360	0.00182434288888
361	0.00182855124674
362	0.00183271205674
363	0.00183686302499
364	0.00184095789858
365	0.00184500495278
366	0.00184896765629
367	0.00185273609541
368	0.00185527208188
369	0.00185521332906
370	0.00185471140067
371	0.00185392119023
372	0.00185259199807
373	0.00185190007084
374	0.00185053171985
375	0.00184889783461
376	0.00184795952229
377	0.00184603083369
378	0.00184496470199
379	0.0018428195708
380	0.00184128018289
381	0.00183975195347
382	0.00183738630871
383	0.0018356760486
384	0.00183382721599
385	0.0018318276804
386	0.00182971114772
387	0.0018275394505
388	0.00182533289772
389	0.00182310538233
390	0.00182086864962
391	0.00181863438101
392	0.0018163362501
393	0.00181397202805
394	0.00181156755897
395	0.00180913403706
396	0.00180667569897
397	0.00180420314356
398	0.00180190598414
399	0.00179918231145
400	0.00179662329464
401	0.00179418007601
402	0.00179161965732
403	0.00178914277331
404	0.00178627613761
405	0.00178371953268
406	0.00178105937427
407	0.00177868519759
408	0.00177570033033
409	0.00177330821762
410	0.00177033845521
411	0.0017678238266
412	0.00176501257591
413	0.00176235053343
414	0.00175958730568
415	0.00175681740335
416	0.00175383924338
417	0.00175125416933
418	0.00174822966934
419	0.00174569033976
420	0.00174271102679
421	0.0017401623422
422	0.00173727452426
423	0.00173444119401
424	0.00173154603666
425	0.0017286987919
426	0.00172583846637
427	0.00172301706552
428	0.00172020649016
429	0.0017173490509
430	0.0017144673379
431	0.00171156302873
432	0.00170865723356
433	0.00170576274276
434	0.00170289388864
435	0.00170005526652
436	0.00169717976196
437	0.00169427214246
438	0.00169134506302
439	0.00168841966352
440	0.00168549269955
441	0.00168258671699
442	0.00167971194251
443	0.00167684367684
444	0.00167391378706
445	0.00167096657368
446	0.0016680066434
447	0.0016650583805
448	0.00166213044801
449	0.00165922342559
450	0.00165634818884
451	0.00165343752349
452	0.00165048284087
453	0.00164751638014
454	0.00164456325335
455	0.00164162623283
456	0.00163870862888
457	0.00163583703525
458	0.00163292180466
459	0.0016299783721
460	0.00162701863451
461	0.00162405278733
462	0.001621110248
463	0.00161819076079
464	0.0016152954848
465	0.00161241066149
466	0.00160948902788
467	0.00160653324462
468	0.00160357107282
469	0.00160062479064
470	0.00159769663744
471	0.00159479618506
472	0.00159192659002
473	0.00158902965677
474	0.00158608618876
475	0.00158312912613
476	0.00158018286274
477	0.00157726082547
478	0.00157436508326
479	0.00157150318164
480	0.00156863405839
481	0.00156573290416
482	0.00156280337014
483	0.0015598600335
484	0.00155694283815
485	0.00155405390145
486	0.00155119630891
487	0.00154835439172
488	0.0015454848497
489	0.00154258325392
490	0.00153965958024
491	0.00153674899987
492	0.00153386142519
493	0.00153101468169
494	0.00152819173802
495	0.00152535519014
496	0.0015224861939
497	0.00151959771893
498	0.00151669003652
499	0.00151382156066
500	0.00151087210353
501	0.00150825576028
502	0.00150547882359
503	0.00150256959095
504	0.00149952639562
505	0.00149685619783
506	0.00149401583829
507	0.00149099690193
508	0.00148839946883
509	0.00148566310611
510	0.00148268665422
511	0.00148002944292
512	0.00147720535236
513	0.00147419136988
514	0.00147156850835
515	0.00146865190491
516	0.00146603079468
517	0.00146331555466
518	0.00146032953557
519	0.00145772109886
520	0.0014549020748
521	0.00145191686911
522	0.00144937135863
523	0.00144651220462
524	0.00144392006736
525	0.00144112846478
526	0.00143847160895
527	0.00143559327653
528	0.00143294730869
529	0.0014300674213
530	0.00142747104337
531	0.00142479515857
532	0.00142192974154
533	0.00141941985871
534	0.00141660066523
535	0.00141395704524
536	0.00141124958047
537	0.00140843056161
538	0.00140581236337
539	0.00140306360475
540	0.00140055022979
541	0.00139781983001
542	0.00139524566779
543	0.00139257504619
544	0.00138973179969
545	0.00138713929891
546	0.00138442193877
547	0.00138189830358
548	0.00137922728714
549	0.00137666271068
550	0.00137397623537
551	0.00137140360482
552	0.00136870515855
553	0.00136597964713
554	0.0013634558661
555	0.0013608397878
556	0.00135819059934
557	0.00135573962739
558	0.00135313570923
559	0.0013504392482
560	0.00134791276309
561	0.00134527891074
562	0.00134260571777
563	0.00134012504614
564	0.00133754596613
565	0.00133495777118
566	0.00133249554588
567	0.00132989828005
568	0.00132724597094
569	0.00132474045399
570	0.0013221525994
571	0.00131953649742
572	0.0013170771768
573	0.00131455256773
574	0.00131199419891
575	0.00130956167941
576	0.00130700489112
577	0.00130438628795
578	0.00130191295772
579	0.00129940999797
580	0.00129683373692
581	0.0012942355249
582	0.00129181450968
583	0.00128941525179
584	0.00128693194954
585	0.00128439712207
586	0.0012818434835
587	0.0012792984173
588	0.00127677853257
589	0.00127428423118
590	0.00127180724766
591	0.00126934348126
592	0.00126691232484
593	0.00126446529499
594	0.00126199739336
595	0.00125951048337
596	0.00125701511647
597	0.00125452234768
598	0.00125203700126
599	0.0012495638295
600	0.00124710435763
601	0.00124466447169
602	0.00124224651493
603	0.00123981672273
604	0.00123736941462
605	0.00123490915742
606	0.00123244141552
607	0.00122997641442
608	0.00122751556913
609	0.00122506574434
610	0.00122262795047
611	0.00122020369277
612	0.00121781086794
613	0.00121540515368
614	0.00121297546377
615	0.00121055198529
616	0.00120809703648
617	0.00120565681591
618	0.00120319925616
619	0.00120077384645
620	0.00119833607828
621	0.00119591830497
622	0.00119352596084
623	0.00119114478393
624	0.00118875321314
625	0.00118634576939
626	0.00118392567206
627	0.0011814963879
628	0.00117906606371
629	0.00117663624559
630	0.00117421163499
631	0.00117179449757
632	0.00116938671233
633	0.00116700019823
634	0.00114391551303
635	0.0011210119359
636	0.00110359509955
637	0.00109493287009
638	0.00109302934857
639	0.00109424978513
640	0.00109617751836
641	0.00109702664961
642	0.00109599473278
643	0.00109384099619
644	0.00109101851477
645	0.00108813902239
646	0.00108542919292
647	0.00108292355451
648	0.0010805977891
649	0.00107835072282
650	0.00107612089093
651	0.00107387438861
652	0.00107159066523
653	0.0010692821805
654	0.00106696414029
655	0.00106464746938
656	0.00106234375961
657	0.00106005832482
658	0.00105780741686
659	0.00105558068649
660	0.0010533587899
661	0.0010511339063
662	0.00104890053704
663	0.0010466593556
664	0.00104441421374
665	0.00104217033111
666	0.0010399241615
667	0.00103768153979
668	0.00103544131669
669	0.00103320477839
670	0.00103097089319
671	0.00102875416451
672	0.00102655142371
673	0.00102434231371
674	0.00102212831952
675	0.00101990353735
676	0.0010176704401
677	0.00101543044694
678	0.00101319285027
679	0.00101095616487
680	0.00100872304591
681	0.00100649506843
682	0.00100427207651
683	0.00100205287943
684	0.000999840556608
685	0.000997648710285
686	0.000995460962068
687	0.000993268052616
688	0.000991067882897
689	0.000988859572509
690	0.00098664501658
691	0.000984421850351
692	0.000982198747049
693	0.000979971960267
694	0.000977746447991
695	0.000975522910191
696	0.000973302045397
697	0.000971084559986
698	0.000968874019543
699	0.000966683698836
700	0.000964496458591
701	0.000962307557561
702	0.000960114472345
703	0.000957911730626
704	0.000955702730349
705	0.000953487453007
706	0.000951271283663
707	0.000949052477448
708	0.000946834103244
709	0.000944614647693
710	0.000942392926767
711	0.00094017456861
712	0.000937960339578
713	0.000935758371108
714	0.000933566327255
715	0.000931369135999
716	0.000929167667828
717	0.000926958562306
718	0.000924742577424
719	0.000922519268024
720	0.000920292562213
721	0.000918064167868
722	0.000915833830161
723	0.000913603801458
724	0.000911372833114
725	0.000909143933072
726	0.000906918962714
727	0.000904698614075
728	0.000902493412881
729	0.000900291619863
730	0.000898097018931
731	0.000895974884789
732	0.00089368607945
733	0.000891432276528
734	0.000889065556034
735	0.00088710019103
736	0.000884767890476
737	0.000882536120624
738	0.000880165236747
739	0.000878173260916
740	0.000875812785902
741	0.000873656024102
742	0.000871398842152
743	0.000869058317183
744	0.000867104453388
745	0.000864756464687
746	0.000862616765272
747	0.000860372729342
748	0.0008580272278
749	0.000856047278326
750	0.000853683948799
751	0.000851413068262
752	0.000849358723997
753	0.000847047106613
754	0.000844731105173
755	0.000842663487585
756	0.000840373493634
757	0.000838067708616
758	0.000836027442039
759	0.000833757078584
760	0.000831469392395
761	0.00082943536313
762	0.000827152887933
763	0.000824855893204
764	0.000822809198027
765	0.00082051783127
766	0.00081821390586
767	0.000816156438029
768	0.000813867908969
769	0.000811567845183
770	0.000809362317676
771	0.000807351560731
772	0.000805044645796
773	0.000802763224018
774	0.000800581100128
775	0.000798558008739
776	0.000796285253946
777	0.000794006378266
778	0.000791813068911
779	0.000789615278615
780	0.000787611613015
781	0.000785311450309
782	0.000783022324327
783	0.000780821029586
784	0.000778618429093
785	0.000776444239309
786	0.000774266757393
787	0.000772096125171
788	0.000769918276551
789	0.000767754355677
790	0.000765572504568
791	0.000763394570496
792	0.00076120539461
793	0.000759026593617
794	0.000756836928336
795	0.000754657872704
796	0.000752466389236
797	0.000750284336318
798	0.000748093414385
799	0.000745913171725
800	0.000743723637092
801	0.000741547108708
802	0.000739363107714
803	0.000737193755862
804	0.000735027436243
805	0.000732872245691
806	0.00073070279022
807	0.000728545694771
808	0.000726374772231
809	0.000724212732346
810	0.000722034962987
811	0.000719867222371
812	0.000717686877239
813	0.000715520266436
814	0.000713343410577
815	0.000711179923174
816	0.000709007325548
817	0.000706846688839
818	0.00070467810879
819	0.00070253141397
820	0.000700376462605
821	0.000698228425689
822	0.000696068288702
823	0.000693917076834
824	0.000691751959061
825	0.000663354390159
826	0.000662879844543
827	0.000641330528701
828	0.000652083835027
829	0.00063832816716
830	0.000625421338875
831	0.000613601379731
832	0.00060664696327
833	0.000603590629595
834	0.000603157758261
835	0.000603703163903
836	0.000603657074918
837	0.000602928202122
838	0.000601398298311
839	0.000599384700613
840	0.000597204171205
841	0.000594989179014
842	0.000592887341445
843	0.000590941847021
844	0.000589118754671
845	0.000587342297025
846	0.000585557456712
847	0.000583745022478
848	0.000581903744181
849	0.000580039437604
850	0.000578166486871
851	0.000576292489761
852	0.000574426690638
853	0.000572569752449
854	0.000570723046756
855	0.000568887330436
856	0.00056706104759
857	0.000565242504348
858	0.000563433142721
859	0.000561624267841
860	0.000559825710714
861	0.000558025407535
862	0.000556232349489
863	0.000554435967962
864	0.00055263794144
865	0.000550835658063
866	0.000549022682216
867	0.000547206061038
868	0.000545467729777
869	0.000543728194439
870	0.000541979917537
871	0.000540222846935
872	0.000538456303553
873	0.000536683095275
874	0.000534983092903
875	0.000533285170143
876	0.000531590378982
877	0.000529892637299
878	0.00052819108867
879	0.000526486010804
880	0.000524775585198
881	0.000523085953415
882	0.000521426118512
883	0.000519760388202
884	0.000518087636883
885	0.000516407865881
886	0.000514721995969
887	0.000513029082241
888	0.000511329824892
889	0.000509629261229
890	0.000507921812909
891	0.000506210346578
892	0.000504498339968
893	0.000502781906933
894	0.000501106890066
895	0.000499435699224
896	0.000497762482765
897	0.000496085477772
898	0.000494408783845
899	0.000492729714302
900	0.000491050146283
901	0.000489371731735
902	0.000487694586362
903	0.000486023011678
904	0.000484359972631
905	0.000482700510464
906	0.000481044481168
907	0.000479394684796
908	0.000477747258465
909	0.000476100526608
910	0.000474455443728
911	0.000472813927771
912	0.0004711794052
913	0.000469547522759
914	0.000467917725193
915	0.000466293673515
916	0.00046467264998
917	0.000463057136177
918	0.000461445921707
919	0.00045983890536
920	0.000458233227611
921	0.000456630056434
922	0.000455032742626
923	0.000453439401201
924	0.000451849355299
925	0.000450262981849
926	0.00044868013453
927	0.00044710139261
928	0.000445526454547
929	0.000443954848578
930	0.000442387291972
931	0.000440822737179
932	0.000439261836378
933	0.00043770506398
934	0.000436150072138
935	0.000434599581704
936	0.000433051609503
937	0.000431508671126
938	0.000429968094735
939	0.000428432599599
940	0.000426899805738
941	0.000425371346275
942	0.00042384744696
943	0.000422325239914
944	0.000420808026717
945	0.000419295665602
946	0.000417785175119
947	0.000416277767825
948	0.000414774381882
949	0.000413274211882
950	0.000411775419998
951	0.00041027765377
952	0.000408781888556
953	0.000407287400183
954	0.000405794851906
955	0.000404301177634
956	0.000402782521813
957	0.00040130004848
958	0.000399826199811
959	0.000398362282757
960	0.000396868846639
961	0.000395410348411
962	0.000393923126602
963	0.000392439036669
964	0.000390960690649
965	0.000389475075746
966	0.000388022030319
967	0.000386534107703
968	0.000385045522355
969	0.000383531239792
970	0.000382074468914
971	0.000380648129665
972	0.000379132346977
973	0.000377685505917
974	0.000376246800436
975	0.000374750680034
976	0.000373234076546
977	0.000371775612688
978	0.000370344200799
979	0.000368876783862
980	0.000367346066351
981	0.00036589500101
982	0.000364432711284
983	0.000362909255524
984	0.00036143434689
985	0.000359986068404
986	0.000358426852236
987	0.000356923293977
988	0.000355475500622
989	0.000353891226545
990	0.000352378699041
991	0.000350926746584
992	0.000349313321149
993	0.000347788564827
994	0.000346363740895
995	0.000344750529349
996	0.00034323097653
997	0.000341711633468
998	0.000340187218079
999	0.000338647373976
1000	0.000337097551099
1001	0.000335537010432
1002	0.000333962118996
1003	0.000332374284288
1004	0.000330773843609
1005	0.000329164188163
1006	0.000327549377222
1007	0.000297872456869
1008	0.000298240364312
1009	0.000304832458087
1010	0.000285811549741
1011	0.000294472483674
1012	0.000276154747308
1013	0.000259382304022
1014	0.000275129182009
1015	0.000266032955625
1016	0.000255802683363
1017	0.000245542425252
1018	0.000239002534479
1019	0.000236025141968
1020	0.000235350737104
1021	0.000235807025885
1022	0.000236327765518
1023	0.000236403164083
1024	0.000235959964996
1025	0.000234931203998
1026	0.00023376040101
1027	0.000232593908469
1028	0.000231336449452
1029	0.000230099295203
1030	0.000228964644096
1031	0.000227952323176
1032	0.000226833075128
1033	0.000225730577082
1034	0.000224789030427
1035	0.000223699559242
1036	0.000222373404477
1037	0.000221261144394
1038	0.000219941050882
1039	0.000218833127596
1040	0.000217453182451
1041	0.000216346625972
1042	0.000215092487011
1043	0.00021366946279
1044	0.000212402604392
1045	0.000211441324777
1046	0.000210171133833
1047	0.000209221642591
1048	0.000208067519844
1049	0.000207067193874
1050	0.000206140699588
1051	0.00020540044659
1052	0.000204423907042
1053	0.000203560171369
1054	0.000202686905595
1055	0.000201835533035
1056	0.000200950311228
1057	0.000200259990221
1058	0.000199662099055
1059	0.000199085774384
1060	0.000198772630669
1061	0.000198219067719
1062	0.000197769996799
1063	0.000197360756318
1064	0.000197041002848
1065	0.000196900225359
1066	0.000197030314893
1067	0.000197375753864
1068	0.000198044562307
1069	0.00019883823494
1070	0.000199974063581
1071	0.000201503869235
1072	0.000203070637431
1073	0.000204587575641
1074	0.000206002969255
1075	0.000207097398794
1076	0.00020823752478
1077	0.000209294562651
1078	0.000210174560908
1079	0.000210959136906
1080	0.000211679363281
1081	0.000212334264752
1082	0.000212943135982
1083	0.000213471754295
1084	0.000213979052779
1085	0.000214436066077
1086	0.000214894729556
1087	0.000215280866365
1088	0.00021561544458
1089	0.00021590157101
1090	0.000216214440497
1091	0.000216524149847
1092	0.000216792805046
1093	0.000216953430156
1094	0.000217230832263
1095	0.00021745870813
1096	0.00021766716991
1097	0.000217889544716
1098	0.00021805464898
1099	0.000218040014944
1100	0.000218256380476
1101	0.000218479119986
1102	0.000218605567885
1103	0.000218596073475
1104	0.000218758161826
1105	0.000218868624766
1106	0.000218964511779
1107	0.000219070858463
1108	0.000219154710893
1109	0.000219054510695
1110	0.000219194225195
1111	0.000219276940548
1112	0.00021932907505
1113	0.000219366526232
1114	0.000219410978205
1115	0.000219413869043
1116	0.000219285669801
1117	0.000219373593925
1118	0.000219409057797
1119	0.0002194169804
1120	0.000219415488395
1121	0.000219411498639
1122	0.000219353629996
1123	0.000219160706843
1124	0.000219200699109
1125	0.000219187470849
1126	0.000219147613029
1127	0.000219099144013
1128	0.000219052569694
1129	0.000218951146815
1130	0.000218721106625
1131	0.000218718770162
1132	0.000218662953673
1133	0.000218583212513
1134	0.000218491388625
1135	0.000218413117552
1136	0.000218277665652
1137	0.000218018362754
1138	0.000217980859163
1139	0.00021788958042
1140	0.000217776985669
1141	0.000217649531936
1142	0.000217548170094
1143	0.000217386420354
1144	0.00021710602878
1145	0.000217040505194
1146	0.000216921979699
1147	0.000216801459755
1148	0.000216653733775
1149	0.000216428424161
1150	0.000216299503362
1151	0.000216150336711
1152	0.000215882135333
1153	0.000215788593214
1154	0.000215602383607
1155	0.000215462466767
1156	0.000215210916315
1157	0.000215111937404
1158	0.000214924976851
1159	0.00021476520111
1160	0.000214471728858
1161	0.000214370823347
1162	0.000214175003457
1163	0.000214005851304
1164	0.000213705113877
1165	0.000213595689322
1166	0.000213389591426
1167	0.000213216832805
1168	0.000212917779302
1169	0.000212797224004
1170	0.000212579594596
1171	0.000212400750207
1172	0.000212099626578
1173	0.000211970931901
1174	0.000211743503136
1175	0.000211558114415
1176	0.000211252921552
1177	0.000211118618161
1178	0.000210884461974
1179	0.000210693972715
1180	0.000210384590441
1181	0.000210245206207
1182	0.000210005827561
1183	0.000209810547524
1184	0.000209496629304
1185	0.000209353857412
1186	0.00020911000434
1187	0.000208829639154
1188	0.000208667088289
1189	0.000208425172537
1190	0.000208158292397
1191	0.000207987664939
1192	0.000207744260832
1193	0.000207458871383
1194	0.000207291422376
1195	0.000207047302527
1196	0.00020675549049
1197	0.000206588620913
1198	0.000206343953211
1199	0.000206048609041
1200	0.000205879712363
1201	0.000205632797177
1202	0.0002053371301
1203	0.000205164583442
1204	0.000204914104745
1205	0.000204619508448
1206	0.000204443607837
1207	0.000204189205063
1208	0.00020389582115
1209	0.000203717153727
1210	0.000203459390578
1211	0.000203166580748
1212	0.000202986206565
1213	0.000202726068907
1214	0.0002024327106
1215	0.000202251439807
1216	0.000201989935376
1217	0.000201694693139
1218	0.000201487141321
1219	0.000201314845083
1220	0.000201077402619
1221	0.000200675922098
1222	0.000200440471154
1223	0.000200277348045
1224	0.000199978382148
1225	0.00019977800351
1226	0.000199467414977
1227	0.000199206435999
1228	0.000199043470492
1229	0.000198765475878
1230	0.000198557194534
1231	0.000198214699842
1232	0.000197955697458
1233	0.000197791263297
1234	0.000197501624481
1235	0.000197294563309
1236	0.000196961329594
1237	0.000196698093297
1238	0.000196534689395
1239	0.000196247513154
1240	0.000196038548392
1241	0.000195701337934
1242	0.000195491698512
1243	0.000195201534954
1244	0.000194940307657
1245	0.000194781435461
1246	0.000194503674091
1247	0.000194286183955
1248	0.000193926946935
1249	0.00019371803573
1250	0.000193430506218
1251	0.000193165504207
1252	0.000193008468515
1253	0.000192732909925
1254	0.000192516833899
1255	0.000192160290283
1256	0.000191947873295
1257	0.000191662472008
1258	0.000191398154908
1259	0.000191190054089
1260	0.000191030610712
1261	0.000190677673329
1262	0.000190434163425
1263	0.000190146891901
1264	0.000189884599949
1265	0.00018972324461
1266	0.000189442294417
1267	0.000189223825498
1268	0.000188869405928
1269	0.000188658756159
1270	0.000188369793784
1271	0.000188185575437
1272	0.000187874547761
1273	0.000187613918637
1274	0.000187394099361
1275	0.000187220326998
1276	0.000186891900014
1277	0.000186658488253
1278	0.000186358724372
1279	0.000186157839487
1280	0.000185854832727
1281	0.000185658654583
1282	0.000185356193931
1283	0.000185163351105
1284	0.000184854913076
1285	0.000184661112603
1286	0.000184348542133
1287	0.000184154577482
1288	0.000183844142764
1289	0.000183648929041
1290	0.000183341140856
1291	0.00018314652039
1292	0.000182841673375
1293	0.000182647216423
1294	0.000182342513093
1295	0.00018214784342
1296	0.000181842811525
1297	0.000181647533282
1298	0.000181342462208
1299	0.000181148481222
1300	0.000180843593879
1301	0.000180649298054
1302	0.000180345026036
1303	0.000180150856483
1304	0.000179847568479
1305	0.000179653420811
1306	0.00017935106092
1307	0.000179157014467
1308	0.000178855356708
1309	0.000178661515964
1310	0.000178360315274
1311	0.000178157476297
1312	0.000177869198275
1313	0.000177680227613
1314	0.000177378784813
1315	0.000177190924956
1316	0.000176879443174
1317	0.00017668747684
1318	0.000176379797563
1319	0.000176141167389
1320	0.000175933032984
1321	0.000175649855348
1322	0.000175467572331
1323	0.00017517348778
1324	0.000174934015029
1325	0.000174714664653
1326	0.000174427408556
1327	0.000174201116879
1328	0.000173986716631
1329	0.000173699795991
1330	0.000173476544626
1331	0.000173262391564
1332	0.000172971892954
1333	0.000172745135537
1334	0.000172531940636
1335	0.00017224255365
1336	0.000172017473739
1337	0.000171808319772
1338	0.000171518854186
1339	0.000171292529367
1340	0.000171082919625
1341	0.000170795341628
1342	0.000170570380337
1343	0.000170362290485
1344	0.000170074792775
1345	0.000169849901341
1346	0.000169641866023
1347	0.000169355094812
1348	0.00016913138155
1349	0.000168924160485
1350	0.000168638210529
1351	0.000168415325711
1352	0.00016820827891
1353	0.00016792362549
1354	0.000167701788466
1355	0.000167495177159
1356	0.000167211756533
1357	0.000166990841039
1358	0.0001667846479
1359	0.00016650230285
1360	0.000166282257607
1361	0.000166076631652
1362	0.000165795218229
1363	0.000165576065692
1364	0.000165371139896
1365	0.000165090553741
1366	0.000164872147218
1367	0.000164667848585
1368	0.000164388080027
1369	0.00016417043003
1370	0.000163966857002
1371	0.000163688027916
1372	0.000163471207316
1373	0.000163268428786
1374	0.000162990560573
1375	0.00016277451174
1376	0.000162572358287
1377	0.000162295425324
1378	0.000162080190287
1379	0.000161878648445
1380	0.000161602695674
1381	0.00016138830429
1382	0.000161187318695
1383	0.000160912357776
1384	0.000160698856549
1385	0.000160498473795
1386	0.000160224587057
1387	0.000160012029076
1388	0.000159795508292
1389	0.00015956812538
1390	0.000159309553465
1391	0.000159102243381
1392	0.000158890998669
1393	0.000158663113559
1394	0.000158401020337
1395	0.000158195065291
1396	0.000157983567502
1397	0.00015775916125
1398	0.000157496413794
1399	0.000157290224122
1400	0.000157079532314
1401	0.000156858992882
1402	0.000156598574991
1403	0.00015639273038
1404	0.000156182496066
1405	0.000155962731817
1406	0.000155703910433
1407	0.000155499136623
1408	0.000155289918289
1409	0.000155070588097
1410	0.000154813088415
1411	0.000154610059119
1412	0.000154402088234
1413	0.000154183052845
1414	0.000153927185758
1415	0.000153725720583
1416	0.000153518724827
1417	0.000153300410925
1418	0.00015304612655
1419	0.000152845913827
1420	0.000152639918944
1421	0.000152422912447
1422	0.000152169851495
1423	0.000151970682731
1424	0.000151765658379
1425	0.000151554689915
1426	0.000151320146231
1427	0.000151074028675
1428	0.000150881793547
1429	0.000150681535851
1430	0.000150472680034
1431	0.000150238255276
1432	0.000149990645146
1433	0.000149799985367
1434	0.000149601148329
1435	0.000149393999834
1436	0.000149163975204
1437	0.000148917856639
1438	0.000148727281468
1439	0.000148529079686
1440	0.000148323121359
1441	0.000148095392275
1442	0.000147851483236
1443	0.000147662266213
1444	0.00014746513362
1445	0.000147260212885
1446	0.000147047327958
1447	0.000146809327181
1448	0.0001465759249
1449	0.000146392644581
1450	0.000146199078366
1451	0.000145995400614
1452	0.000145783386544
1453	0.000145570837687
1454	0.000145359848208
1455	0.000145150758887
1456	0.000144942055398
1457	0.000144733237607
1458	0.000144427646283
1459	0.000144231409018
1460	0.000144089249821
1461	0.000143915208475
1462	0.000143717859034
1463	0.000143505802065
1464	0.000143290306942
1465	0.000143077157618
1466	0.000142868046303
1467	0.000142661305986
1468	0.00014245569446
1469	0.000142250232484
1470	0.000142044834484
1471	0.000141839618634
1472	0.000141634852683
1473	0.000141430654257
1474	0.000141227113212
1475	0.000140930970027
1476	0.000140736159233
1477	0.000140600923721
1478	0.000140434093712
1479	0.000140243591565
1480	0.00014003741468
1481	0.000139827057851
1482	0.000139618199729
1483	0.000139413004338
1484	0.000139210085324
1485	0.000139008562458
1486	0.000138807599826
1487	0.000138607106848
1488	0.000138407056973
1489	0.000138207560737
1490	0.000138008589766
1491	0.000137810100984
1492	0.000137612026122
1493	0.000137414349967
1494	0.000137217068793
1495	0.000136931611328
1496	0.000136744527583
1497	0.000136611575498
1498	0.000136448144051
1499	0.000136262015087
1500	0.000136060484745
1501	0.000135856036665
1502	0.000135653306764
1503	0.000135455063697
1504	0.000135257960651
1505	0.000135060613755
1506	0.000134864629461
1507	0.000134669802904
1508	0.000134475871266
1509	0.000134282730698
1510	0.000134090177164
1511	0.000133898032788
1512	0.000133706102819
1513	0.000133514271461
1514	0.000133322550005
1515	0.000133048788105
1516	0.000132865538423
1517	0.000132735955652
1518	0.000132575330741
1519	0.000132393003701
1520	0.000132196552167
1521	0.000131998053473
1522	0.000131801752341
1523	0.000131609099037
1524	0.00013141831884
1525	0.000131228512201
1526	0.00013103898374
1527	0.000130849828476
1528	0.000130661116224
1529	0.000130472963036
1530	0.000130285343354
1531	0.000130098209552
1532	0.000129911435027
1533	0.000129724941585
1534	0.000129538698796
1535	0.000129352756062
1536	0.000129198993716
1537	0.000128986703404
1538	0.000128814115525
1539	0.000128601279691
1540	0.000128401479566
1541	0.000128214445148
1542	0.000128032340929
1543	0.000127855322078
1544	0.000127679200933
1545	0.000127502724332
1546	0.000127324856535
1547	0.000127144212521
1548	0.000126961284853
1549	0.000126804868933
1550	0.000126596734881
1551	0.000126421400296
1552	0.000126217394333
1553	0.000126024947957
1554	0.000125843108406
1555	0.00012566501573
1556	0.000125490901362
1557	0.000125317550929
1558	0.000125143899571
1559	0.000124968364526
1560	0.000124791097924
1561	0.000124612165245
1562	0.00012443237866
1563	0.00012425224307
1564	0.000124072382363
1565	0.000123893081825
1566	0.000123714553897
1567	0.000123536790058
1568	0.000123360887694
1569	0.000123210222848
1570	0.000123011657314
1571	0.000122823342737
1572	0.000122643045593
1573	0.000122486569277
1574	0.00012229644598
1575	0.000122114799056
1576	0.000121940068494
1577	0.000121767486537
1578	0.000121596801475
1579	0.000121425982975
1580	0.000121254852743
1581	0.000121082743121
1582	0.000120909992898
1583	0.000120736748345
1584	0.000120563495407
1585	0.000120390463501
1586	0.00012023611658
1587	0.000120048302392
1588	0.000119867300871
1589	0.000119692870071
1590	0.000119521372021
1591	0.000119352545082
1592	9.3109616634e-05
