1	0.0572562251193
2	0.083936122178
3	0.00696215794919
4	0.00487767349306
5	0.00157338993212
6	0.0134379410097
7	0.021008213062
8	0.00542514454383
9	0.00226827186207
10	0.00902919235994
11	0.0351791332965
12	0.0074534361882
13	0.00284322946608
14	0.00383194537963
15	0.00845870493532
16	0.0145080084482
17	0.00640159456877
18	0.00483901797445
19	0.00770328329251
20	0.00528630110171
21	0.00344676458799
22	0.00274976096819
23	0.0023012846864
24	0.00228921701258
25	0.00216277338733
26	0.0017886540683
27	0.001412601322
28	0.00130028595228
29	0.00125726741255
30	0.00118644610037
31	0.00110801874245
32	0.00106601165008
33	0.00103113401584
34	0.00100699087262
35	0.000932046905717
36	0.000837372592868
37	0.000722412660803
38	0.00063466525967
39	0.000577868396914
40	0.000583324207381
41	0.000596477593696
42	0.000600132148621
43	0.00056515987691
44	0.000518000715646
45	0.000460448036367
46	0.000397930164568
47	0.000365440025792
48	0.000334052361538
49	0.000350282512971
50	0.000361366897866
51	0.000387516054308
52	0.000384006255269
53	0.000363379794862
54	0.000333713489984
55	0.000297281533015
56	0.000269284580391
57	0.00024640647139
58	0.000240924758647
59	0.000245745597801
60	0.000252177256039
61	0.000250056366946
62	0.00024117166599
63	0.000231564295333
64	0.000221239946785
65	0.000210503511322
66	0.000203113110996
67	0.000197804321767
68	0.000200269042466
69	0.000201599061041
70	0.000204013011237
71	0.000201164057483
72	0.000195661488922
73	0.000189000458369
74	0.000182229478197
75	0.000176988815208
76	0.00017395386292
77	0.000173028226955
78	0.000174017097965
79	0.000172454298839
80	0.000173037419422
81	0.000171719803275
82	0.000169562380336
83	0.000167376129668
84	0.000165167039785
85	0.000164173891979
86	0.000164321011371
87	0.00016478097661
88	0.000164576100746
89	0.000163868623374
90	0.000162854664371
91	0.000162258000339
92	0.000160601055667
93	0.000158439040002
94	0.000156807093445
95	0.000155511162566
96	0.000154784134038
97	0.000154002011024
98	0.000153015727459
99	0.000152228755846
100	0.000151533399648
101	0.00015073436263
102	0.000150170381617
103	0.000149853530471
104	0.00014964695265
105	0.00014986681363
106	0.000149801169965
107	0.000149980902877
108	0.000150012855002
109	0.000150062100964
110	0.000149617704184
111	0.000148992837356
112	0.000148031567039
113	0.000147616802558
114	0.000146919987509
115	0.000146229956397
116	0.000145802775078
117	0.000145013186446
118	0.000144316025614
119	0.00014358145617
120	0.000142983676942
121	0.000142583289255
122	0.000142500855587
123	0.000142541588074
124	0.00014283906984
125	0.000143081888605
126	0.000143047293438
127	0.000143301490672
128	0.000143080906913
129	0.000142590300367
130	0.000141947958523
131	0.000141739983619
132	0.000141302042291
133	0.000140780484954
134	0.000140238498997
135	0.000139602139323
136	0.000139169069546
137	0.000138706733081
138	0.0001384539315
139	0.000138538850098
140	0.000138451509071
141	0.000138373824778
142	0.000138419212661
143	0.000138403576108
144	0.000138396034593
145	0.00013803215
146	0.000137845767306
147	0.000137557943584
148	0.000137059764446
149	0.000136670195254
150	0.000136186228316
151	0.000135786076673
152	0.000135491296733
153	0.00013554001425
154	0.000135663246124
155	0.000135415551882
156	0.000134955335607
157	0.000134717560385
158	0.000134697144541
159	0.000134781800501
160	0.000134770449682
161	0.000134500175372
162	0.000134197686399
163	0.000133787664875
164	0.000133626457481
165	0.00013357545907
166	0.000133463901756
167	0.000133264125982
168	0.000132984823672
169	0.000132635079933
170	0.000132262292037
171	0.000132175715237
172	0.000132286422701
173	0.000132464642685
174	0.000132505289107
175	0.000132255968819
176	0.000132007179619
177	0.000131897396929
178	0.000131879761566
179	0.000131650316069
180	0.00013131055267
181	0.000130768474909
182	0.000130335745307
183	0.000130128505662
184	0.000130290894459
185	0.000130218055833
186	0.000130491294077
187	0.000130681666166
188	0.000130722204125
189	0.000130531756749
190	0.000130195050041
191	0.000129774748893
192	0.000129433030538
193	0.000129204214534
194	0.000129058135885
195	0.000128839257183
196	0.000128698110943
197	0.000128751505025
198	0.000128913744166
199	0.00012901132736
200	0.000128954637065
201	0.000128853642596
202	0.000128472952678
203	0.000128019502472
204	0.000127805763362
205	0.000127614816825
206	0.000127608530365
207	0.000127582664493
208	0.00012743305754
209	0.000127198406923
210	0.000126794396409
211	0.000126819727206
212	0.000127026965265
213	0.000127029412201
214	0.000126742893798
215	0.000126278907187
216	0.000125995912146
217	0.000125896418684
218	0.000125824202623
219	0.000125451044013
220	0.000125404264981
221	0.000125140319008
222	0.000125230315333
223	0.000125395513518
224	0.000125110643958
225	0.000124732493828
226	0.000124647324897
227	0.000124644519039
228	0.000124037671864
229	0.000124194589747
230	0.000123768796571
231	0.000123730454037
232	0.000123422303564
233	0.000123509683041
234	0.000123427542319
235	0.000123061802066
236	0.000122713874431
237	0.000122420294903
238	0.000122271132516
239	0.000121999632297
240	0.000121629275011
241	0.000120988788566
242	0.000121170202844
243	0.000121106888043
244	0.000120771664941
245	0.000120210304455
246	0.000120242815389
247	0.000120207782253
248	0.000120173348637
249	0.000119974304966
250	0.000119757461183
251	0.000119824895419
252	0.000119771994576
253	0.000119383837462
254	0.000119375828368
255	0.000119917849459
256	0.000120321641861
257	0.000120685124577
258	0.000121506564977
259	0.000121787593348
260	0.000121801439776
261	0.000121855993405
262	0.000121932362884
263	0.000121988912969
264	0.00012226517595
265	0.00012256836605
266	0.000122690794018
267	0.000122814161098
268	0.00012288047655
269	0.000122748496607
270	0.0001231311095
271	0.000123326811547
272	0.000123498680811
273	0.00012369697328
274	0.000123770575995
275	0.000123827932333
276	0.000124127099138
277	0.000124036316501
278	0.00012432125651
279	0.000124424279923
280	0.000125447250591
281	0.000126372654669
282	0.000127059512601
283	0.000127556731239
284	0.000127600142901
285	0.00012831501375
286	0.000128660682298
287	0.00012890030178
288	0.000129186376678
289	0.000129521562667
290	0.000129561668209
291	0.000129818456465
292	0.000129823483396
293	0.000129774816614
294	0.000129788547656
295	0.000128975823893
296	0.000127749027527
297	0.000128212440395
298	0.000128375147225
299	0.000127535986781
300	0.00012750436304
301	0.000133050611312
302	0.000135780120662
303	0.00013743220932
304	0.000138632372421
305	0.000139576410964
306	0.000140380068222
307	0.000141102977212
308	0.000141707859724
309	0.000142320789152
310	0.000142863820072
311	0.000143383266073
312	0.00014388004807
313	0.000144358731961
314	0.000144822900323
315	0.000145277021873
316	0.000145723351886
317	0.000146162082696
318	0.000146593281888
319	0.00014701761654
320	0.000147435604798
321	0.000147848893706
322	0.000148259607969
323	0.000148669386485
324	0.000149077834834
325	0.000149483803984
326	0.000149887304303
327	0.000150287990424
328	0.000150686587264
329	0.000151073411015
330	0.000151480164165
331	0.000151886309956
332	0.00015226819864
333	0.000152698173136
334	0.000153066317406
335	0.000153493484022
336	0.000153865131386
337	0.000154280935053
338	0.000154679775446
339	0.000155072703785
340	0.000155483004365
341	0.000155888924794
342	0.000156282950385
343	0.000156689451168
344	0.000157074757736
345	0.000157497169376
346	0.000157877624561
347	0.000158297077545
348	0.000158678553388
349	0.000159088092534
350	0.000159502258839
351	0.000159906114114
352	0.000160297612004
353	0.000160688332645
354	0.000161077100889
355	0.000161469647561
356	0.000161836906994
357	0.00016227767165
358	0.000162656555075
359	0.000163058008497
360	0.000163441654062
361	0.000163824226582
362	0.000164200864578
363	0.000164576861389
364	0.000164948504123
365	0.000165316835349
366	0.000165678311889
367	0.000166024878456
368	0.000166259518511
369	0.000166258397232
370	0.000166217193543
371	0.000166151112688
372	0.000166036940254
373	0.000165981417129
374	0.000165866587777
375	0.000165727960328
376	0.000165648262854
377	0.000165477762932
378	0.000165387062757
379	0.00016519971364
380	0.00016506792195
381	0.000164940155884
382	0.000164733336868
383	0.000164585003353
384	0.000164421809337
385	0.000164245664756
386	0.000164060657613
387	0.000163871695104
388	0.00016368035743
389	0.000163487370836
390	0.000163292222088
391	0.000163093624152
392	0.000162890524135
393	0.000162682688607
394	0.000162471745014
395	0.000162258816938
396	0.000162044455993
397	0.000161829015964
398	0.00016162540513
399	0.00016138237691
400	0.000161157634065
401	0.000160941352016
402	0.000160716219266
403	0.000160499806551
404	0.00016024733822
405	0.000160022106991
406	0.000159786048337
407	0.000159576284706
408	0.000159309217828
409	0.000159100288055
410	0.000158837686426
411	0.000158618963332
412	0.000158370840618
413	0.000158133775809
414	0.000157887450945
415	0.000157641616747
416	0.000157377513218
417	0.000157150688639
418	0.00015688419675
419	0.000156663569002
420	0.000156397291226
421	0.000156170809038
422	0.000155913585433
423	0.000155662385188
424	0.000155406600291
425	0.00015515642378
426	0.000154905312314
427	0.000154655503264
428	0.000154403388387
429	0.00015414911783
430	0.000153893307174
431	0.000153636939348
432	0.000153381278021
433	0.000153127526474
434	0.000152875012436
435	0.000152621250606
436	0.00015236518758
437	0.00015210671058
438	0.000151847770842
439	0.000151589802155
440	0.000151332376024
441	0.000151077233639
442	0.000150821335555
443	0.000150565477938
444	0.000150304828236
445	0.000150043252179
446	0.000149781541398
447	0.000149521609377
448	0.000149264079525
449	0.00014900694498
450	0.000148750043189
451	0.000148490986221
452	0.000148228295135
453	0.000147965408162
454	0.000147704198839
455	0.000147445478411
456	0.000147188544441
457	0.000146932357467
458	0.00014667220832
459	0.00014640988362
460	0.000146146250713
461	0.000145883441089
462	0.000145623341021
463	0.00014536610815
464	0.000145109174041
465	0.000144850995695
466	0.000144590032225
467	0.000144325973717
468	0.000144063014487
469	0.000143801796928
470	0.000143543650323
471	0.000143287476678
472	0.000143030649678
473	0.000142771695919
474	0.000142508433554
475	0.000142245267696
476	0.000141983752068
477	0.000141725753247
478	0.000141470341802
479	0.00014121540874
480	0.000140958377738
481	0.000140698537579
482	0.000140436826371
483	0.000140175475055
484	0.000139916987794
485	0.000139661757545
486	0.000139407980316
487	0.000139153093072
488	0.000138895241201
489	0.000138635177884
490	0.000138374639542
491	0.000138116317762
492	0.00013786083525
493	0.000137609480349
494	0.000137357871189
495	0.000137103530873
496	0.000136846798805
497	0.00013658922255
498	0.000136331373372
499	0.000136077274013
500	0.000135815359031
501	0.000135584386302
502	0.000135334959584
503	0.000135073483251
504	0.000134800936987
505	0.000134564087603
506	0.000134312724897
507	0.0001340428265
508	0.000133814225443
509	0.000133569426114
510	0.000133301208185
511	0.000133064521696
512	0.000132811895403
513	0.000132543483047
514	0.000132311759237
515	0.000132051546386
516	0.000131820484982
517	0.000131576469374
518	0.000131307346732
519	0.000131074152394
520	0.000130823140923
521	0.000130555727868
522	0.00013033056307
523	0.000130075256121
524	0.000129845152038
525	0.000129593936644
526	0.000129355442887
527	0.000129095623894
528	0.00012886152316
529	0.000128602025595
530	0.00012837244718
531	0.000128135264371
532	0.000127878486873
533	0.000127652896705
534	0.000127398125465
535	0.00012716211121
536	0.000126920262411
537	0.000126667650319
538	0.000126436370883
539	0.000126191807484
540	0.000125967412778
541	0.000125718976105
542	0.000125488327632
543	0.000125248213849
544	0.00012499368281
545	0.000124762153402
546	0.00012451994709
547	0.000124297388037
548	0.000124056558003
549	0.000123825543105
550	0.000123583583137
551	0.000123353995959
552	0.000123112935956
553	0.000122868455271
554	0.00012264491622
555	0.000122413276801
556	0.000122175179193
557	0.000121954521269
558	0.00012171994204
559	0.000121477291343
560	0.000121252172905
561	0.000121016245794
562	0.000120776734228
563	0.000120557539013
564	0.000120327812514
565	0.000120094044689
566	0.000119872437466
567	0.000119638888114
568	0.000119401167574
569	0.000119177480404
570	0.000118945499587
571	0.000118712122176
572	0.000118494754298
573	0.000118268254718
574	0.000118036791015
575	0.000117817632763
576	0.000117587744911
577	0.000117351946687
578	0.000117130291054
579	0.000116905851177
580	0.000116675533443
581	0.000116444366311
582	0.000116227976059
583	0.000116011349463
584	0.000115786912986
585	0.000115558895575
586	0.000115329149365
587	0.000115100332098
588	0.000114874264277
589	0.000114651271398
590	0.000114430956527
591	0.000114211409911
592	0.00011399194991
593	0.000113770825696
594	0.000113548348563
595	0.00011332444152
596	0.000113099742504
597	0.000112875430502
598	0.000112652534726
599	0.000112432158633
600	0.000112213636799
601	0.000111996029601
602	0.0001117779378
603	0.000111558934868
604	0.000111338611333
605	0.000111117340622
606	0.000110895497113
607	0.000110674177062
608	0.000110453935855
609	0.000110235472721
610	0.000110018475472
611	0.0001098022726
612	0.00010958600839
613	0.000109368883005
614	0.000109150038619
615	0.000108932075843
616	0.000108711260353
617	0.000108491932363
618	0.000108271705097
619	0.00010805483431
620	0.000107837481264
621	0.000107622142631
622	0.000107407224554
623	0.000107192078873
624	0.000106975932035
625	0.000106758661369
626	0.000106540160471
627	0.000106320992606
628	0.000106102164467
629	0.000105884053414
630	0.000105667060751
631	0.000105451214266
632	0.000105236324806
633	0.000105021847916
634	0.000102929313055
635	0.000100899510936
636	9.93361529961e-05
637	9.85461397313e-05
638	9.83595580339e-05
639	9.84583985781e-05
640	9.86271774181e-05
641	9.87044273103e-05
642	9.86182669294e-05
643	9.84316864423e-05
644	9.81827190216e-05
645	9.79260765321e-05
646	9.76820080854e-05
647	9.74557280397e-05
648	9.72455429761e-05
649	9.7042991212e-05
650	9.68422086023e-05
651	9.66398927935e-05
652	9.64342238382e-05
653	9.62265135793e-05
654	9.60179618922e-05
655	9.58100148539e-05
656	9.56036949505e-05
657	9.53991496432e-05
658	9.51964976636e-05
659	9.49950192869e-05
660	9.47941566195e-05
661	9.45933436301e-05
662	9.4392206689e-05
663	9.4190539126e-05
664	9.39883515572e-05
665	9.37859932756e-05
666	9.35839001596e-05
667	9.33824112578e-05
668	9.31816546652e-05
669	9.29814981032e-05
670	9.27818482551e-05
671	9.25825469488e-05
672	9.23831610106e-05
673	9.21834817511e-05
674	9.19833226215e-05
675	9.17824125112e-05
676	9.1580903515e-05
677	9.13790873065e-05
678	9.11771620164e-05
679	9.09754419327e-05
680	9.07743170556e-05
681	9.05739761162e-05
682	9.03745175124e-05
683	9.01758009176e-05
684	8.99775030758e-05
685	8.97793283751e-05
686	8.95811382837e-05
687	8.93827300996e-05
688	8.9183734325e-05
689	8.89839981348e-05
690	8.87836511686e-05
691	8.85828774685e-05
692	8.83819610677e-05
693	8.81813312568e-05
694	8.79809751011e-05
695	8.77810801971e-05
696	8.7581865714e-05
697	8.73832805239e-05
698	8.71851070135e-05
699	8.69871399484e-05
700	8.67892494773e-05
701	8.65913669275e-05
702	8.63929941415e-05
703	8.61939431771e-05
704	8.59943876705e-05
705	8.57944630157e-05
706	8.55943075796e-05
707	8.53941456344e-05
708	8.51942293858e-05
709	8.49945644126e-05
710	8.47952349013e-05
711	8.45962777848e-05
712	8.43975740266e-05
713	8.41991755674e-05
714	8.40007871828e-05
715	8.38021054615e-05
716	8.36028517474e-05
717	8.34029185669e-05
718	8.32022286524e-05
719	8.3001074676e-05
720	8.2799687208e-05
721	8.25981470357e-05
722	8.23965565147e-05
723	8.21951576177e-05
724	8.19942139268e-05
725	8.17936782579e-05
726	8.15934923945e-05
727	8.13935951861e-05
728	8.11939317718e-05
729	8.09942881907e-05
730	8.07956669377e-05
731	8.06023030028e-05
732	8.0395552048e-05
733	8.0191924333e-05
734	7.99772142119e-05
735	7.97991090597e-05
736	7.95882477619e-05
737	7.93875056821e-05
738	7.91727158971e-05
739	7.89927104875e-05
740	7.87801928643e-05
741	7.85854118847e-05
742	7.83827591051e-05
743	7.81703281682e-05
744	7.79930662847e-05
745	7.77805261028e-05
746	7.75863930648e-05
747	7.73838703116e-05
748	7.71710611514e-05
749	7.69917144346e-05
750	7.67781503469e-05
751	7.65728267833e-05
752	7.63869313794e-05
753	7.61788949506e-05
754	7.59695258689e-05
755	7.57831557316e-05
756	7.5577725499e-05
757	7.5369351769e-05
758	7.51843982495e-05
759	7.49793864356e-05
760	7.47715876896e-05
761	7.45870107072e-05
762	7.43808642792e-05
763	7.41722387643e-05
764	7.39865242857e-05
765	7.37796748137e-05
766	7.35705350413e-05
767	7.33840802943e-05
768	7.3177790509e-05
769	7.29694134565e-05
770	7.2770500913e-05
771	7.25887823414e-05
772	7.2381214491e-05
773	7.21742729113e-05
774	7.19763540693e-05
775	7.17922136545e-05
776	7.15867188257e-05
777	7.13796349356e-05
778	7.1180852588e-05
779	7.09812148108e-05
780	7.07990017123e-05
781	7.05911903577e-05
782	7.03835259128e-05
783	7.018428468e-05
784	6.99849794676e-05
785	6.97885086728e-05
786	6.95917403107e-05
787	6.93958380419e-05
788	6.91989859165e-05
789	6.90025371853e-05
790	6.88045103254e-05
791	6.86069174562e-05
792	6.84084056531e-05
793	6.82108303589e-05
794	6.80121223717e-05
795	6.78144482863e-05
796	6.76156869392e-05
797	6.74180568734e-05
798	6.72196627208e-05
799	6.70226298954e-05
800	6.68248888659e-05
801	6.66286146446e-05
802	6.64316662037e-05
803	6.62360484555e-05
804	6.60395336921e-05
805	6.58440398812e-05
806	6.56472771788e-05
807	6.54514770705e-05
808	6.52541166282e-05
809	6.50577984466e-05
810	6.48600929167e-05
811	6.46635330778e-05
812	6.44659214452e-05
813	6.42696350045e-05
814	6.40724883746e-05
815	6.38769002136e-05
816	6.36807043155e-05
817	6.34858384223e-05
818	6.32901453019e-05
819	6.3095575787e-05
820	6.2899856052e-05
821	6.27050082914e-05
822	6.25087941543e-05
823	6.23133064528e-05
824	6.2116577227e-05
825	5.95381304309e-05
826	5.9545915869e-05
827	5.75670842931e-05
828	5.85636280192e-05
829	5.72778895079e-05
830	5.61415936008e-05
831	5.50856492107e-05
832	5.44638203273e-05
833	5.41861185742e-05
834	5.41402846006e-05
835	5.41827970108e-05
836	5.41755109721e-05
837	5.41090225802e-05
838	5.39718696053e-05
839	5.37917302637e-05
840	5.3596434175e-05
841	5.33973112421e-05
842	5.32078603259e-05
843	5.30322601371e-05
844	5.28677145573e-05
845	5.27073461032e-05
846	5.25464990955e-05
847	5.238276341e-05
848	5.22160226037e-05
849	5.20469968565e-05
850	5.18767967646e-05
851	5.17064777296e-05
852	5.15369090288e-05
853	5.13683086097e-05
854	5.12007726056e-05
855	5.10344111469e-05
856	5.08692346685e-05
857	5.07053319501e-05
858	5.05424701736e-05
859	5.03794159899e-05
860	5.0217354757e-05
861	5.00551725978e-05
862	4.98929376754e-05
863	4.97303267271e-05
864	4.95672532685e-05
865	4.94036519463e-05
866	4.92390668718e-05
867	4.90743137301e-05
868	4.89167467651e-05
869	4.87594624961e-05
870	4.8601679933e-05
871	4.8443285898e-05
872	4.8284254485e-05
873	4.81245129867e-05
874	4.79711869459e-05
875	4.7817872478e-05
876	4.76641172482e-05
877	4.75099730236e-05
878	4.73554410323e-05
879	4.72005407522e-05
880	4.70453981214e-05
881	4.68923425951e-05
882	4.67420434704e-05
883	4.65915884932e-05
884	4.64408878653e-05
885	4.62898219597e-05
886	4.6138294937e-05
887	4.59861896373e-05
888	4.58334558087e-05
889	4.56800725386e-05
890	4.5526218067e-05
891	4.53720425042e-05
892	4.52174306107e-05
893	4.50624380923e-05
894	4.4911437201e-05
895	4.47611078272e-05
896	4.4610913526e-05
897	4.44606230632e-05
898	4.43102385831e-05
899	4.4159812897e-05
900	4.40094391844e-05
901	4.38591176406e-05
902	4.37089404474e-05
903	4.35589770195e-05
904	4.34093655539e-05
905	4.32601064671e-05
906	4.31111117792e-05
907	4.29624825545e-05
908	4.28140919175e-05
909	4.2666030522e-05
910	4.25183306143e-05
911	4.23708363932e-05
912	4.2223675405e-05
913	4.20768530572e-05
914	4.19304922932e-05
915	4.17844328607e-05
916	4.16386838432e-05
917	4.14932495601e-05
918	4.13481667181e-05
919	4.12034426099e-05
920	4.10589768817e-05
921	4.09147978894e-05
922	4.07710228965e-05
923	4.06275216031e-05
924	4.04842805099e-05
925	4.03414474953e-05
926	4.01989864643e-05
927	4.00567626257e-05
928	3.9914941991e-05
929	3.97736779769e-05
930	3.96328669299e-05
931	3.94923126993e-05
932	3.93519230777e-05
933	3.92117736154e-05
934	3.90719419419e-05
935	3.89323967306e-05
936	3.87935980042e-05
937	3.86550935006e-05
938	3.85168498544e-05
939	3.83789786366e-05
940	3.82419875201e-05
941	3.81051966765e-05
942	3.79687370532e-05
943	3.78328438966e-05
944	3.76976681281e-05
945	3.75626990343e-05
946	3.74279778737e-05
947	3.72937692697e-05
948	3.71602841695e-05
949	3.70268998702e-05
950	3.6893643495e-05
951	3.67605862353e-05
952	3.66275982414e-05
953	3.64949717311e-05
954	3.63627710824e-05
955	3.62305503951e-05
956	3.60960216874e-05
957	3.59648221456e-05
958	3.58345117633e-05
959	3.57055110364e-05
960	3.55728912955e-05
961	3.54439830558e-05
962	3.53126449279e-05
963	3.51818339981e-05
964	3.50519998165e-05
965	3.49206105415e-05
966	3.47927397652e-05
967	3.46618999764e-05
968	3.45310120618e-05
969	3.43982714694e-05
970	3.42698262984e-05
971	3.41447246007e-05
972	3.4011824546e-05
973	3.38846654776e-05
974	3.37585197349e-05
975	3.36273225395e-05
976	3.34943468366e-05
977	3.33662245447e-05
978	3.32409555841e-05
979	3.31125692992e-05
980	3.29786357839e-05
981	3.28518123012e-05
982	3.27240018595e-05
983	3.25910128869e-05
984	3.2462370378e-05
985	3.23359933896e-05
986	3.22001985089e-05
987	3.20693738501e-05
988	3.19434177225e-05
989	3.18058571062e-05
990	3.16746911894e-05
991	3.15486005402e-05
992	3.14088251163e-05
993	3.12766746557e-05
994	3.11526807071e-05
995	3.10129481553e-05
996	3.0880589752e-05
997	3.07480007638e-05
998	3.06145254633e-05
999	3.04795540913e-05
1000	3.03435419514e-05
1001	3.02064223903e-05
1002	3.0067712331e-05
1003	2.99275633291e-05
1004	2.97860017055e-05
1005	2.96433929224e-05
1006	2.95001146806e-05
1007	2.68114392359e-05
1008	2.6868912272e-05
1009	2.74542160625e-05
1010	2.57279015507e-05
1011	2.65230705196e-05
1012	2.4859915399e-05
1013	2.33638573848e-05
1014	2.47751027286e-05
1015	2.39450585996e-05
1016	2.30371159491e-05
1017	2.21137406487e-05
1018	2.15224266303e-05
1019	2.12480594881e-05
1020	2.11848005542e-05
1021	2.12246937677e-05
1022	2.12723773777e-05
1023	2.12812668983e-05
1024	2.12430217247e-05
1025	2.11519280065e-05
1026	2.10451095097e-05
1027	2.09392477484e-05
1028	2.08263069184e-05
1029	2.0714101011e-05
1030	2.06129379918e-05
1031	2.05206461455e-05
1032	2.04199671421e-05
1033	2.03197203884e-05
1034	2.02325473531e-05
1035	2.01334888672e-05
1036	2.00140111484e-05
1037	1.9912251881e-05
1038	1.97929574245e-05
1039	1.96918547165e-05
1040	1.95677544712e-05
1041	1.94663910627e-05
1042	1.93535518623e-05
1043	1.92257947983e-05
1044	1.91122710839e-05
1045	1.90240357594e-05
1046	1.89096026674e-05
1047	1.88214480838e-05
1048	1.87170105627e-05
1049	1.86250625063e-05
1050	1.85392529059e-05
1051	1.84694883957e-05
1052	1.83795275991e-05
1053	1.82998467594e-05
1054	1.82192924955e-05
1055	1.81418103962e-05
1056	1.80604869016e-05
1057	1.79964093102e-05
1058	1.79398817197e-05
1059	1.78854693635e-05
1060	1.78541738669e-05
1061	1.78033976072e-05
1062	1.7762593899e-05
1063	1.77246819743e-05
1064	1.76960660386e-05
1065	1.76828784102e-05
1066	1.76947928057e-05
1067	1.77269414587e-05
1068	1.77849656509e-05
1069	1.78585718898e-05
1070	1.79605967216e-05
1071	1.80969551813e-05
1072	1.82410521898e-05
1073	1.83789171646e-05
1074	1.8508307284e-05
1075	1.86108699099e-05
1076	1.87158676443e-05
1077	1.88142668858e-05
1078	1.88959460704e-05
1079	1.89705609049e-05
1080	1.90370816811e-05
1081	1.90995878968e-05
1082	1.91559187159e-05
1083	1.92071308991e-05
1084	1.92540679356e-05
1085	1.92978528516e-05
1086	1.9341898874e-05
1087	1.93776587999e-05
1088	1.941034055e-05
1089	1.94390446428e-05
1090	1.94681785403e-05
1091	1.94979784618e-05
1092	1.95232685344e-05
1093	1.95412298677e-05
1094	1.95665330323e-05
1095	1.95887844124e-05
1096	1.96092950813e-05
1097	1.96310901393e-05
1098	1.9646494513e-05
1099	1.96486614339e-05
1100	1.96680644823e-05
1101	1.9689541172e-05
1102	1.97017552104e-05
1103	1.97042343143e-05
1104	1.97187574947e-05
1105	1.97299472466e-05
1106	1.97401568264e-05
1107	1.9751304882e-05
1108	1.97589201695e-05
1109	1.97530747177e-05
1110	1.97652126324e-05
1111	1.97737196703e-05
1112	1.97795086412e-05
1113	1.97844362532e-05
1114	1.97884355119e-05
1115	1.97902106172e-05
1116	1.97813947289e-05
1117	1.97886604217e-05
1118	1.97926705812e-05
1119	1.97943147329e-05
1120	1.979558339e-05
1121	1.97949373594e-05
1122	1.97911137603e-05
1123	1.97764393221e-05
1124	1.97794147946e-05
1125	1.97789025698e-05
1126	1.97761356118e-05
1127	1.9773084251e-05
1128	1.97685739696e-05
1129	1.97607179753e-05
1130	1.97425274522e-05
1131	1.97417252318e-05
1132	1.97372835587e-05
1133	1.97308169413e-05
1134	1.97237631528e-05
1135	1.97163488944e-05
1136	1.97053211888e-05
1137	1.96843187023e-05
1138	1.96803598694e-05
1139	1.96726513243e-05
1140	1.96631516374e-05
1141	1.96528963662e-05
1142	1.96433502301e-05
1143	1.96298735632e-05
1144	1.96068312637e-05
1145	1.96003684104e-05
1146	1.95901452011e-05
1147	1.95799578403e-05
1148	1.95673633102e-05
1149	1.95481096483e-05
1150	1.95360331897e-05
1151	1.95233278779e-05
1152	1.95012888738e-05
1153	1.94922748369e-05
1154	1.94755734935e-05
1155	1.94635949222e-05
1156	1.94433306261e-05
1157	1.94335772399e-05
1158	1.94167162759e-05
1159	1.94028855318e-05
1160	1.93788193817e-05
1161	1.93688922951e-05
1162	1.93512225343e-05
1163	1.93365211221e-05
1164	1.93117892116e-05
1165	1.93011376272e-05
1166	1.92825174424e-05
1167	1.9267450684e-05
1168	1.92428100204e-05
1169	1.92311743275e-05
1170	1.92115078021e-05
1171	1.91958388237e-05
1172	1.9170944305e-05
1173	1.91585912996e-05
1174	1.91380407501e-05
1175	1.91217409075e-05
1176	1.90964310283e-05
1177	1.90835698285e-05
1178	1.90624001479e-05
1179	1.90456262201e-05
1180	1.90198876632e-05
1181	1.90065796211e-05
1182	1.89849286464e-05
1183	1.89676908379e-05
1184	1.89414951824e-05
1185	1.89279007413e-05
1186	1.89058342416e-05
1187	1.88820617336e-05
1188	1.88671043436e-05
1189	1.88452908356e-05
1190	1.88227245654e-05
1191	1.88070460237e-05
1192	1.87850548818e-05
1193	1.8760766454e-05
1194	1.8745400193e-05
1195	1.87233349103e-05
1196	1.86984503109e-05
1197	1.86831327856e-05
1198	1.86610065102e-05
1199	1.86357961902e-05
1200	1.86203076498e-05
1201	1.85979684353e-05
1202	1.85727087041e-05
1203	1.85568872849e-05
1204	1.85342126937e-05
1205	1.85090276898e-05
1206	1.84928903775e-05
1207	1.84698626093e-05
1208	1.8444761856e-05
1209	1.84283645703e-05
1210	1.8405036505e-05
1211	1.83799508172e-05
1212	1.8363404943e-05
1213	1.83398719584e-05
1214	1.83146984991e-05
1215	1.82980805158e-05
1216	1.82744291918e-05
1217	1.82490519545e-05
1218	1.82302010071e-05
1219	1.82140516596e-05
1220	1.81935428526e-05
1221	1.81584920283e-05
1222	1.81372438344e-05
1223	1.8122264335e-05
1224	1.8095657546e-05
1225	1.80779478947e-05
1226	1.80507820275e-05
1227	1.80273493878e-05
1228	1.80123674335e-05
1229	1.79874893899e-05
1230	1.79691435845e-05
1231	1.79393625805e-05
1232	1.7915909913e-05
1233	1.79007725223e-05
1234	1.7874950084e-05
1235	1.78566977107e-05
1236	1.78276163428e-05
1237	1.78038059523e-05
1238	1.77887737917e-05
1239	1.77631355826e-05
1240	1.7744695909e-05
1241	1.7715272784e-05
1242	1.76958644889e-05
1243	1.76704289876e-05
1244	1.76470769885e-05
1245	1.76323615098e-05
1246	1.76074429106e-05
1247	1.75882205847e-05
1248	1.75570033897e-05
1249	1.75376316399e-05
1250	1.75123676612e-05
1251	1.74886699685e-05
1252	1.74741532398e-05
1253	1.74493953391e-05
1254	1.74302739865e-05
1255	1.73992651968e-05
1256	1.73796067836e-05
1257	1.73544940225e-05
1258	1.73308306697e-05
1259	1.73119230099e-05
1260	1.72971282106e-05
1261	1.72663571903e-05
1262	1.72444594422e-05
1263	1.72191559977e-05
1264	1.71956092104e-05
1265	1.71807331451e-05
1266	1.71554601337e-05
1267	1.71360757534e-05
1268	1.71051523997e-05
1269	1.70856127125e-05
1270	1.70601882964e-05
1271	1.70432150308e-05
1272	1.70159640346e-05
1273	1.69924069707e-05
1274	1.69725557981e-05
1275	1.69565628004e-05
1276	1.69277845863e-05
1277	1.6906936925e-05
1278	1.68805151967e-05
1279	1.68618126182e-05
1280	1.68352336042e-05
1281	1.68172002413e-05
1282	1.67906174858e-05
1283	1.67727574433e-05
1284	1.67457100638e-05
1285	1.67278434591e-05
1286	1.67004205634e-05
1287	1.66825342848e-05
1288	1.66552770423e-05
1289	1.66373138982e-05
1290	1.66102664714e-05
1291	1.65923548689e-05
1292	1.65655470418e-05
1293	1.65476505698e-05
1294	1.6520852521e-05
1295	1.65029313329e-05
1296	1.6476106275e-05
1297	1.64581130566e-05
1298	1.64312932994e-05
1299	1.64134119327e-05
1300	1.63866088969e-05
1301	1.63686945853e-05
1302	1.63419464973e-05
1303	1.63240419012e-05
1304	1.6297376324e-05
1305	1.6279476682e-05
1306	1.62528875112e-05
1307	1.62349986886e-05
1308	1.62084631315e-05
1309	1.61905942722e-05
1310	1.61640923627e-05
1311	1.61453863025e-05
1312	1.61199984644e-05
1313	1.61027318075e-05
1314	1.60762005908e-05
1315	1.60586382954e-05
1316	1.60312810912e-05
1317	1.60136451799e-05
1318	1.59865868411e-05
1319	1.59646804432e-05
1320	1.59462246407e-05
1321	1.59213200028e-05
1322	1.59041833085e-05
1323	1.58782575257e-05
1324	1.58563998797e-05
1325	1.58369942874e-05
1326	1.58117274678e-05
1327	1.57907502136e-05
1328	1.5771453459e-05
1329	1.57462825811e-05
1330	1.57256721518e-05
1331	1.57065456457e-05
1332	1.56810643257e-05
1333	1.56600743736e-05
1334	1.5640958959e-05
1335	1.56155965058e-05
1336	1.55947839536e-05
1337	1.55760700175e-05
1338	1.55506749981e-05
1339	1.55297539276e-05
1340	1.55109792436e-05
1341	1.54857321138e-05
1342	1.5464945102e-05
1343	1.54463079921e-05
1344	1.54210579313e-05
1345	1.54002790186e-05
1346	1.53816385225e-05
1347	1.53564550356e-05
1348	1.53357802109e-05
1349	1.53172090796e-05
1350	1.52920975439e-05
1351	1.5271498698e-05
1352	1.52529385904e-05
1353	1.52279422668e-05
1354	1.52074440071e-05
1355	1.51889178511e-05
1356	1.51640294924e-05
1357	1.5143615014e-05
1358	1.51251278137e-05
1359	1.51003316002e-05
1360	1.507999353e-05
1361	1.50615534587e-05
1362	1.50368335536e-05
1363	1.50165718453e-05
1364	1.49981864926e-05
1365	1.49735343777e-05
1366	1.4953337967e-05
1367	1.49350044292e-05
1368	1.49104201762e-05
1369	1.48902927889e-05
1370	1.48720218606e-05
1371	1.48475143085e-05
1372	1.48274624602e-05
1373	1.48092587437e-05
1374	1.47848313262e-05
1375	1.47648501969e-05
1376	1.47467003267e-05
1377	1.47223525313e-05
1378	1.47024457267e-05
1379	1.4684348199e-05
1380	1.46600845177e-05
1381	1.46402572016e-05
1382	1.46222081191e-05
1383	1.45980330479e-05
1384	1.45782884389e-05
1385	1.45602894842e-05
1386	1.45362105793e-05
1387	1.45165512926e-05
1388	1.44970605232e-05
1389	1.44769573055e-05
1390	1.44540605368e-05
1391	1.44347531278e-05
1392	1.44156434194e-05
1393	1.43954591497e-05
1394	1.43723284187e-05
1395	1.43531445854e-05
1396	1.43340331652e-05
1397	1.43141981993e-05
1398	1.42910206133e-05
1399	1.42718056879e-05
1400	1.42527501881e-05
1401	1.42332529599e-05
1402	1.42102584335e-05
1403	1.41910917749e-05
1404	1.41720779814e-05
1405	1.41526395232e-05
1406	1.41297674167e-05
1407	1.41107097546e-05
1408	1.40917910406e-05
1409	1.40723794475e-05
1410	1.40496255557e-05
1411	1.40307279101e-05
1412	1.40119229572e-05
1413	1.39925266942e-05
1414	1.39699219545e-05
1415	1.39511656689e-05
1416	1.39324479357e-05
1417	1.39131078736e-05
1418	1.38906438803e-05
1419	1.3872002215e-05
1420	1.38533741316e-05
1421	1.38341463622e-05
1422	1.38117916377e-05
1423	1.3793248276e-05
1424	1.37747076474e-05
1425	1.3755915725e-05
1426	1.37350771339e-05
1427	1.37132305018e-05
1428	1.36952285195e-05
1429	1.36770710541e-05
1430	1.36584683891e-05
1431	1.36376744914e-05
1432	1.36157420602e-05
1433	1.35978673755e-05
1434	1.35798331059e-05
1435	1.35613811662e-05
1436	1.35409997527e-05
1437	1.35191881232e-05
1438	1.35013316038e-05
1439	1.34833476937e-05
1440	1.34649889789e-05
1441	1.34447881513e-05
1442	1.34231577286e-05
1443	1.34054399943e-05
1444	1.33875577634e-05
1445	1.33692865407e-05
1446	1.33503682676e-05
1447	1.33289892677e-05
1448	1.33082109514e-05
1449	1.3291035325e-05
1450	1.32734798087e-05
1451	1.32553416188e-05
1452	1.32365218656e-05
1453	1.32175183291e-05
1454	1.31985076976e-05
1455	1.31795837684e-05
1456	1.31606862185e-05
1457	1.31418062243e-05
1458	1.31139494661e-05
1459	1.30965889902e-05
1460	1.30833155738e-05
1461	1.30677117237e-05
1462	1.30502546299e-05
1463	1.30314821101e-05
1464	1.30122257263e-05
1465	1.2993016467e-05
1466	1.29740625006e-05
1467	1.29553001732e-05
1468	1.29366698689e-05
1469	1.29180960797e-05
1470	1.28995614939e-05
1471	1.28810639578e-05
1472	1.28626168158e-05
1473	1.28442267785e-05
1474	1.28258979247e-05
1475	1.27989548873e-05
1476	1.27817267882e-05
1477	1.27690691503e-05
1478	1.27541005337e-05
1479	1.27372347939e-05
1480	1.27189640833e-05
1481	1.27001455688e-05
1482	1.26813083201e-05
1483	1.26626966148e-05
1484	1.26442721862e-05
1485	1.26260059725e-05
1486	1.26078349168e-05
1487	1.25897400767e-05
1488	1.25717054199e-05
1489	1.25537311546e-05
1490	1.25358088164e-05
1491	1.25179320206e-05
1492	1.25000915498e-05
1493	1.24822844739e-05
1494	1.24645100922e-05
1495	1.24385088928e-05
1496	1.24219704527e-05
1497	1.24095241268e-05
1498	1.23948449502e-05
1499	1.23783498033e-05
1500	1.23604652071e-05
1501	1.23421667674e-05
1502	1.23238660832e-05
1503	1.23058822012e-05
1504	1.22879784743e-05
1505	1.22700801767e-05
1506	1.22523582194e-05
1507	1.22347698675e-05
1508	1.22172827933e-05
1509	1.21998748565e-05
1510	1.21825226611e-05
1511	1.21652069636e-05
1512	1.21479075587e-05
1513	1.21306131548e-05
1514	1.21133254741e-05
1515	1.20883124399e-05
1516	1.20721660726e-05
1517	1.20600288449e-05
1518	1.20455979047e-05
1519	1.20294209024e-05
1520	1.20119691689e-05
1521	1.19941884196e-05
1522	1.19764633078e-05
1523	1.19589781342e-05
1524	1.19416487523e-05
1525	1.19244384693e-05
1526	1.19072935245e-05
1527	1.18902117332e-05
1528	1.18731868961e-05
1529	1.18562200747e-05
1530	1.18393050111e-05
1531	1.18224336371e-05
1532	1.18055926259e-05
1533	1.17887748927e-05
1534	1.17719774648e-05
1535	1.17552042814e-05
1536	1.17412919678e-05
1537	1.1722283061e-05
1538	1.17065649058e-05
1539	1.16874324532e-05
1540	1.16693079541e-05
1541	1.1652402899e-05
1542	1.16360116487e-05
1543	1.16200931216e-05
1544	1.16042470157e-05
1545	1.15883390953e-05
1546	1.15722858856e-05
1547	1.1555965983e-05
1548	1.15394342713e-05
1549	1.15252618187e-05
1550	1.15065822795e-05
1551	1.14906239654e-05
1552	1.14722648732e-05
1553	1.14548280561e-05
1554	1.14384077452e-05
1555	1.14223767434e-05
1556	1.14067083043e-05
1557	1.13910980979e-05
1558	1.13754358721e-05
1559	1.13595849447e-05
1560	1.13435653701e-05
1561	1.13273920835e-05
1562	1.13111424761e-05
1563	1.12948661801e-05
1564	1.12786193079e-05
1565	1.12624273195e-05
1566	1.12463086924e-05
1567	1.12302618398e-05
1568	1.12143879599e-05
1569	1.12007571056e-05
1570	1.11829424746e-05
1571	1.11658441109e-05
1572	1.11495129171e-05
1573	1.11353746502e-05
1574	1.11183212026e-05
1575	1.11018723718e-05
1576	1.10860673447e-05
1577	1.10704872349e-05
1578	1.10550862075e-05
1579	1.10396719294e-05
1580	1.10242177055e-05
1581	1.10086664567e-05
1582	1.09930515292e-05
1583	1.09773916638e-05
1584	1.09617328498e-05
1585	1.09460982981e-05
1586	1.09321298784e-05
1587	1.09152490027e-05
1588	1.08988348604e-05
1589	1.08830436795e-05
1590	1.08675587729e-05
1591	1.08523319907e-05
1592	8.41462646797e-06
