1	1
2	0.925360950303
3	0.0657805849162
4	0.0134544393293
5	0.0544070712213
6	0.154621063497
7	0.155489946427
8	0.0453664160739
9	0.0376401065669
10	0.101670797144
11	0.144190459226
12	0.0585237860718
13	0.0310116275035
14	0.02977195932
15	0.042611108894
16	0.0460616099536
17	0.0327259752437
18	0.0297704387168
19	0.0333468983541
20	0.0340739782094
21	0.0297205689811
22	0.0240533831571
23	0.0212806106806
24	0.0202987822686
25	0.0194477583739
26	0.0178320790046
27	0.0158971966884
28	0.0147024508525
29	0.0136842184042
30	0.0139428172659
31	0.0142098640233
32	0.0140215230589
33	0.0134205093571
34	0.0123638503102
35	0.0111855866543
36	0.00993966645335
37	0.00884573846734
38	0.00811077412306
39	0.00800375413477
40	0.00831420323221
41	0.00842923678178
42	0.00824816979643
43	0.00785792206036
44	0.00736961233939
45	0.00678480231837
46	0.00625668158362
47	0.00584333778623
48	0.00567255235899
49	0.00562998839485
50	0.00563535505671
51	0.00555891096844
52	0.00541180016737
53	0.00519705065156
54	0.00494839028774
55	0.00470218477823
56	0.0044745677893
57	0.00431953454106
58	0.00428349261777
59	0.00428620513732
60	0.00425259396861
61	0.00417499337456
62	0.00405864804472
63	0.00392142145074
64	0.00377962790369
65	0.00365161500567
66	0.00355439304806
67	0.00349234101268
68	0.00343999000106
69	0.0033881419059
70	0.00332736884901
71	0.0032645822553
72	0.00319030914301
73	0.0031172842039
74	0.00304675037813
75	0.00298834483396
76	0.00294038214629
77	0.0028939307328
78	0.00285029469328
79	0.0028024115797
80	0.00275329673278
81	0.00270381410503
82	0.00265630574695
83	0.00261093690968
84	0.00256793114864
85	0.0025266538467
86	0.00248683810247
87	0.00244797447742
88	0.00240900476683
89	0.00237182273558
90	0.00233404524644
91	0.00229585008524
92	0.0022592579579
93	0.00222326863852
94	0.00218807677087
95	0.0021536132186
96	0.00212001043404
97	0.00208728287292
98	0.00205625244724
99	0.00202674255308
100	0.00199779157994
101	0.00196920615831
102	0.00194102779004
103	0.00191359610173
104	0.00188636745138
105	0.00186007553649
106	0.00183488207997
107	0.00181016069717
108	0.00178523545494
109	0.00176187164943
110	0.0017385385172
111	0.00171599505906
112	0.00169247445272
113	0.00167057640103
114	0.0016482666117
115	0.00162495513475
116	0.00160350090864
117	0.0015810710805
118	0.00155978700285
119	0.00153968964696
120	0.00152040001316
121	0.00150166242097
122	0.00148325156225
123	0.001464705513
124	0.0014468174677
125	0.00143002878488
126	0.00141390329141
127	0.00139877651391
128	0.00138348709638
129	0.00136799683005
130	0.00135198495013
131	0.00133642224425
132	0.00132100188594
133	0.00130518498824
134	0.00128937264559
135	0.00127317118431
136	0.001257610467
137	0.00124218549491
138	0.0012276584113
139	0.00121468345206
140	0.00120144470939
141	0.00118861393635
142	0.00117704235981
143	0.00116605086294
144	0.00115565898305
145	0.00114456893141
146	0.00113329959918
147	0.00112229663725
148	0.00111103426417
149	0.00109971803999
150	0.00108827458042
151	0.00107678809561
152	0.00106518700287
153	0.00105348644684
154	0.00104256373773
155	0.00103290430859
156	0.00102395324241
157	0.00101536712672
158	0.00100757311841
159	0.00100078464881
160	0.000993791869203
161	0.000985994738412
162	0.000978184884109
163	0.000970036975233
164	0.000961429072543
165	0.000952948322733
166	0.000944621291627
167	0.000936157101411
168	0.000927155329518
169	0.00091738117842
170	0.000909057684785
171	0.00090230115141
172	0.000895666933466
173	0.000889584856929
174	0.000883830075583
175	0.000877138001574
176	0.000870821610537
177	0.000864410073911
178	0.000857908885718
179	0.00085051200881
180	0.000842815674602
181	0.000834241673296
182	0.00082539625842
183	0.000817115418694
184	0.000809889351407
185	0.000804865986175
186	0.000798529182684
187	0.000793055167556
188	0.00078785612537
189	0.000782563167246
190	0.000776927995924
191	0.000770581392608
192	0.000764265016179
193	0.00075811494704
194	0.000749360126727
195	0.00074150558024
196	0.000734854193174
197	0.000727608657674
198	0.000722430613408
199	0.000717007012561
200	0.000711862025322
201	0.000707036004906
202	0.0007015100244
203	0.000695628267996
204	0.000690076630622
205	0.00068358421094
206	0.000675877616152
207	0.000669832004287
208	0.000663572600973
209	0.000656364157374
210	0.00064823654914
211	0.000642594566947
212	0.000637968960863
213	0.000633690134811
214	0.000628842886724
215	0.000623982782805
216	0.000615550074305
217	0.000607223238418
218	0.00060202481888
219	0.000594081638005
220	0.000588467321784
221	0.000581518567111
222	0.000576059753082
223	0.000570570064594
224	0.000565209798586
225	0.00055958337231
226	0.000554788069992
227	0.000550086837514
228	0.00054035336995
229	0.000537706670226
230	0.000528948689902
231	0.000523376191993
232	0.000516532205763
233	0.000510993559719
234	0.00050534687684
235	0.000499194894203
236	0.000494127273708
237	0.000487335897821
238	0.0004806805637
239	0.000472705231167
240	0.000464951670281
241	0.000455297245509
242	0.000450206688867
243	0.000444382224988
244	0.000438683830614
245	0.000431934753874
246	0.00042776428145
247	0.000422670355325
248	0.000417064844607
249	0.000410137246677
250	0.000402924360752
251	0.000398372968972
252	0.000393662079215
253	0.000387029529718
254	0.000382745092086
255	0.000382124690156
256	0.000380771378995
257	0.000379051078584
258	0.000377682313753
259	0.000374788547874
260	0.000371969532352
261	0.0003690588481
262	0.000364808204243
263	0.000360449133431
264	0.000356517915947
265	0.000353530028238
266	0.000349694093228
267	0.000347469616828
268	0.00034385415288
269	0.000337885744757
270	0.000334943397529
271	0.000331824913262
272	0.000327801180101
273	0.000325817203249
274	0.000322274072219
275	0.000318027058155
276	0.000314236940604
277	0.000308640927424
278	0.000306098192992
279	0.000302872779839
280	0.000304154279844
281	0.000304775098841
282	0.000305032058255
283	0.00030449687102
284	0.000300012036581
285	0.000299897565302
286	0.000297562849216
287	0.00029471647392
288	0.000291777750238
289	0.000288832575785
290	0.000284715930633
291	0.000280443071332
292	0.000274967225232
293	0.000270177572998
294	0.000265142275187
295	0.000254977246554
296	0.00024286903704
297	0.000240508251479
298	0.000236188867352
299	0.000226323735079
300	0.000220576649066
301	0.000249098481845
302	0.000262667273722
303	0.000269704202052
304	0.000273557082852
305	0.000275642275524
306	0.000276662645875
307	0.000277015488013
308	0.000276926942855
309	0.000276525094914
310	0.000275892345379
311	0.000275077929467
312	0.000274119356333
313	0.000273052188131
314	0.000271911315743
315	0.000270724726998
316	0.000269504850006
317	0.000268250981834
318	0.000266958318396
319	0.000265626015379
320	0.000264260495777
321	0.000262876063437
322	0.00026149029126
323	0.000260112535721
324	0.000258737749845
325	0.00025735523578
326	0.000255956798894
327	0.000254541785932
328	0.000253118724814
329	0.000251707411503
330	0.000250304903411
331	0.000248921808918
332	0.000247543659155
333	0.000246158177302
334	0.000244765323288
335	0.000243364404419
336	0.000241973918585
337	0.000240598198923
338	0.000239244226018
339	0.000237903642855
340	0.000236562101749
341	0.000235208447038
342	0.000233854783333
343	0.000232505253652
344	0.000231174684009
345	0.000229866231873
346	0.000228577360436
347	0.000227288935087
348	0.000225996453337
349	0.000224696977717
350	0.000223398207365
351	0.000222111841643
352	0.000220851881456
353	0.000219616495165
354	0.000218383798929
355	0.000217153798402
356	0.000215915607259
357	0.000214674404195
358	0.000213447394965
359	0.00021224059137
360	0.000211054606249
361	0.0002098796468
362	0.0002087050245
363	0.000207525512193
364	0.00020634390218
365	0.000205170173693
366	0.000204015312065
367	0.000202881751021
368	0.000201762061326
369	0.000200645667964
370	0.000199525671371
371	0.000198402397412
372	0.000197284913822
373	0.000196178793487
374	0.00019509724151
375	0.00019403240733
376	0.000192969173883
377	0.000191908718212
378	0.000190840061355
379	0.000189777617057
380	0.000188722724719
381	0.000187688680924
382	0.000186675586793
383	0.000185665689315
384	0.000184654899212
385	0.000183641764648
386	0.000182629344609
387	0.000181625885662
388	0.0001806394084
389	0.000179670480311
390	0.000178711937095
391	0.000177754929864
392	0.000176794393987
393	0.000175831547843
394	0.000174873979949
395	0.000173930906236
396	0.000173005583312
397	0.000172092926309
398	0.000171184909861
399	0.000170276229586
400	0.000169361144201
401	0.000168446103565
402	0.000167543285377
403	0.00016665982789
404	0.000165793235506
405	0.000164929921333
406	0.000164063905098
407	0.000163194275064
408	0.000162328563988
409	0.000161467415277
410	0.00016062271552
411	0.000159791252053
412	0.000158970103899
413	0.000158149046284
414	0.000157325212577
415	0.000156499073004
416	0.000155677712437
417	0.000154867000771
418	0.000154073676977
419	0.000153289372951
420	0.000152511112724
421	0.000151729028647
422	0.000150945455245
423	0.000150162379246
424	0.00014938845954
425	0.000148628246593
426	0.000147880901176
427	0.000147139693426
428	0.000146398250174
429	0.000145653493353
430	0.000144907569455
431	0.000144166926936
432	0.000143438278669
433	0.000142723023453
434	0.000142016536968
435	0.000141312209461
436	0.000140605564377
437	0.000139896385175
438	0.000139189369247
439	0.000138491431724
440	0.000137806321486
441	0.000137131879849
442	0.000136461971301
443	0.00013579087731
444	0.000135116759756
445	0.000134442226143
446	0.000133773688554
447	0.000133116573817
448	0.000132471092075
449	0.000131832470936
450	0.000131194600041
451	0.000130553920452
452	0.000129911324568
453	0.000129271654272
454	0.000128641167731
455	0.000128022417979
456	0.000127412491255
457	0.000126805440031
458	0.000126196818333
459	0.000125585442013
460	0.000124974474754
461	0.000124369887728
462	0.000123776089843
463	0.000123192394969
464	0.000122613906183
465	0.000122035372677
466	0.000121454112255
467	0.000120871563938
468	0.000120292509336
469	0.000119722413018
470	0.000119162811073
471	0.000118610294177
472	0.000118059597184
473	0.000117506825026
474	0.000116951775413
475	0.000116397865334
476	0.000115850505573
477	0.000115313169468
478	0.000114784367547
479	0.000114259386052
480	0.000113733636107
481	0.000113205314862
482	0.000112676249556
483	0.000112151254104
484	0.000111634872914
485	0.000111127748417
486	0.000110626376843
487	0.000110125957525
488	0.000109623442815
489	0.000109118988792
490	0.000108616185091
491	0.000108120005269
492	0.000107632962615
493	0.00010715315683
494	0.000106676162069
495	0.000106198175364
496	0.000105717871114
497	0.000105237214733
498	0.000104760882688
499	0.000104292535675
500	0.000103831316845
501	0.000103374304637
502	0.000102919711231
503	0.000102464937274
504	0.000102006843538
505	0.000101547616352
506	0.00010109814702
507	0.000100656812713
508	0.000100220158819
509	9.9787037371e-05
510	9.93533032588e-05
511	9.89158891608e-05
512	9.84793874896e-05
513	9.80466849931e-05
514	9.76205654832e-05
515	9.72009883415e-05
516	9.6785575843e-05
517	9.63722273965e-05
518	9.59582126512e-05
519	9.55395410883e-05
520	9.5125484471e-05
521	9.47160086048e-05
522	9.43128789406e-05
523	9.39148458491e-05
524	9.35185609916e-05
525	9.31243359557e-05
526	9.27293661097e-05
527	9.23328318944e-05
528	9.19387907257e-05
529	9.15487569934e-05
530	9.11650918602e-05
531	9.07873618353e-05
532	9.04121012181e-05
533	9.00355015595e-05
534	8.96567005567e-05
535	8.92780653899e-05
536	8.89029265037e-05
537	8.85324913492e-05
538	8.81691261449e-05
539	8.78084561611e-05
540	8.74502768657e-05
541	8.7090498343e-05
542	8.67299031864e-05
543	8.63702736239e-05
544	8.60128076951e-05
545	8.56609177185e-05
546	8.53130530727e-05
547	8.49701613508e-05
548	8.46271322754e-05
549	8.42858998844e-05
550	8.39414558155e-05
551	8.3597456284e-05
552	8.32578155215e-05
553	8.29200632843e-05
554	8.25873845706e-05
555	8.22607840952e-05
556	8.1934172882e-05
557	8.16078160041e-05
558	8.12827457413e-05
559	8.09549986658e-05
560	8.06285353454e-05
561	8.03072051109e-05
562	7.99880727426e-05
563	7.96732545194e-05
564	7.93630091519e-05
565	7.90517525834e-05
566	7.87405198386e-05
567	7.84303841721e-05
568	7.81183771076e-05
569	7.78083885328e-05
570	7.7503427188e-05
571	7.72005826801e-05
572	7.69015256699e-05
573	7.66064181012e-05
574	7.63100235909e-05
575	7.60135456562e-05
576	7.57184095736e-05
577	7.5421754568e-05
578	7.5127055788e-05
579	7.48356595411e-05
580	7.45494808012e-05
581	7.42645360777e-05
582	7.39817969035e-05
583	7.36999353376e-05
584	7.34181602022e-05
585	7.31361139751e-05
586	7.28543505338e-05
587	7.25739745044e-05
588	7.22961528448e-05
589	7.20215320557e-05
590	7.17499871895e-05
591	7.14807113729e-05
592	7.12126140904e-05
593	7.09447839388e-05
594	7.06767345322e-05
595	7.04086036019e-05
596	7.01410585701e-05
597	6.9875075585e-05
598	6.96115452619e-05
599	6.93508628905e-05
600	6.90928015672e-05
601	6.88367056151e-05
602	6.85816469549e-05
603	6.83268980248e-05
604	6.80721085622e-05
605	6.78174130434e-05
606	6.75633485099e-05
607	6.731071173e-05
608	6.70602000388e-05
609	6.68122053822e-05
610	6.6566610031e-05
611	6.63228697303e-05
612	6.60802368901e-05
613	6.58381350754e-05
614	6.55961773936e-05
615	6.5354127876e-05
616	6.51126415781e-05
617	6.48719957191e-05
618	6.46331176844e-05
619	6.43961655106e-05
620	6.41616197633e-05
621	6.39290077336e-05
622	6.36978539197e-05
623	6.34676013415e-05
624	6.32377484865e-05
625	6.30080418058e-05
626	6.27784925226e-05
627	6.25494465041e-05
628	6.2321353717e-05
629	6.20947614979e-05
630	6.18700311944e-05
631	6.16473064533e-05
632	6.14263972536e-05
633	6.12068988834e-05
634	6.12307002768e-05
635	6.12425188206e-05
636	6.11734442014e-05
637	6.10063467555e-05
638	6.07744494743e-05
639	6.05213765239e-05
640	6.02700997613e-05
641	6.00353529723e-05
642	5.98215415741e-05
643	5.96223377834e-05
644	5.94326068399e-05
645	5.92463279817e-05
646	5.90599663223e-05
647	5.88717627482e-05
648	5.86812787152e-05
649	5.84889670659e-05
650	5.82953272402e-05
651	5.81008520428e-05
652	5.79060615657e-05
653	5.77114263286e-05
654	5.75174970756e-05
655	5.73246868087e-05
656	5.71332305449e-05
657	5.69431959611e-05
658	5.6754510993e-05
659	5.65670376311e-05
660	5.63805837773e-05
661	5.61949365696e-05
662	5.60099205586e-05
663	5.58254471507e-05
664	5.56415624031e-05
665	5.54583267869e-05
666	5.52758996618e-05
667	5.50944241837e-05
668	5.49140127625e-05
669	5.47346829541e-05
670	5.4556350058e-05
671	5.43788406963e-05
672	5.42019415073e-05
673	5.40254263923e-05
674	5.38491544826e-05
675	5.36730548021e-05
676	5.34971773121e-05
677	5.33216034946e-05
678	5.31465215607e-05
679	5.29721580328e-05
680	5.27987498255e-05
681	5.26264877793e-05
682	5.24554753208e-05
683	5.22856652501e-05
684	5.21169262305e-05
685	5.19490434074e-05
686	5.17817875555e-05
687	5.16149669218e-05
688	5.14484049369e-05
689	5.12820096214e-05
690	5.111578099e-05
691	5.09498116928e-05
692	5.0784241116e-05
693	5.06192817317e-05
694	5.04551138621e-05
695	5.02918922538e-05
696	5.01297026713e-05
697	4.99685575805e-05
698	4.98083859397e-05
699	4.96490072407e-05
700	4.94902376712e-05
701	4.93318986141e-05
702	4.9173858497e-05
703	4.90160291049e-05
704	4.88584109736e-05
705	4.87010698464e-05
706	4.8544099979e-05
707	4.83876514593e-05
708	4.82319292205e-05
709	4.80770521242e-05
710	4.79230794309e-05
711	4.77700741939e-05
712	4.76179185118e-05
713	4.74664981988e-05
714	4.73156781411e-05
715	4.7165291165e-05
716	4.70152333689e-05
717	4.68653905619e-05
718	4.67157492897e-05
719	4.65663594379e-05
720	4.64172740229e-05
721	4.62686147385e-05
722	4.61205172858e-05
723	4.59731099329e-05
724	4.58265108974e-05
725	4.5680768228e-05
726	4.55358689137e-05
727	4.5391727468e-05
728	4.52482277688e-05
729	4.51052848984e-05
730	4.49632514314e-05
731	4.48203784845e-05
732	4.46783716091e-05
733	4.45372036503e-05
734	4.43957729589e-05
735	4.42529370752e-05
736	4.41113599185e-05
737	4.39713371952e-05
738	4.38319232892e-05
739	4.36918404049e-05
740	4.35541871027e-05
741	4.34157072199e-05
742	4.32796795031e-05
743	4.31438068288e-05
744	4.30068625152e-05
745	4.28719803055e-05
746	4.27357791705e-05
747	4.26015147087e-05
748	4.24669936637e-05
749	4.23312597562e-05
750	4.2197441301e-05
751	4.20638439038e-05
752	4.19286517398e-05
753	4.17964470436e-05
754	4.16644922004e-05
755	4.15314531431e-05
756	4.14012795656e-05
757	4.12712950044e-05
758	4.11401681033e-05
759	4.10116526353e-05
760	4.08829729884e-05
761	4.07527644538e-05
762	4.06249372716e-05
763	4.0496800475e-05
764	4.03671010855e-05
765	4.02398186432e-05
766	4.01123678579e-05
767	3.99836929019e-05
768	3.98576864083e-05
769	3.97317546379e-05
770	3.96063396689e-05
771	3.94795696813e-05
772	3.93559541016e-05
773	3.92324071138e-05
774	3.91091258526e-05
775	3.89842346633e-05
776	3.88619828969e-05
777	3.87393959683e-05
778	3.86168970318e-05
779	3.84942363535e-05
780	3.83700433752e-05
781	3.82486311346e-05
782	3.81272573867e-05
783	3.80062936535e-05
784	3.78855886264e-05
785	3.77652345274e-05
786	3.7645328832e-05
787	3.7525988655e-05
788	3.74072350046e-05
789	3.72888974468e-05
790	3.71709113349e-05
791	3.70530843479e-05
792	3.69353782327e-05
793	3.68177453662e-05
794	3.6700222821e-05
795	3.65828257539e-05
796	3.64656865418e-05
797	3.63488770196e-05
798	3.623252885e-05
799	3.61166390542e-05
800	3.60012994169e-05
801	3.58864620684e-05
802	3.57721489267e-05
803	3.56582078485e-05
804	3.55446188805e-05
805	3.54312410595e-05
806	3.53180518217e-05
807	3.52049167068e-05
808	3.50919058484e-05
809	3.49789510613e-05
810	3.4866199327e-05
811	3.47536025988e-05
812	3.46413559817e-05
813	3.45294422703e-05
814	3.44180234672e-05
815	3.43070171345e-05
816	3.41965204507e-05
817	3.40864393434e-05
818	3.39767572526e-05
819	3.38672993776e-05
820	3.37580565626e-05
821	3.36488851204e-05
822	3.3539819283e-05
823	3.34307781629e-05
824	3.33218415844e-05
825	3.34944975129e-05
826	3.33723514967e-05
827	3.34504744073e-05
828	3.32156963205e-05
829	3.32167233714e-05
830	3.32421571189e-05
831	3.32396725169e-05
832	3.3182952397e-05
833	3.30857611359e-05
834	3.29668049948e-05
835	3.28432045524e-05
836	3.27285978206e-05
837	3.26230558137e-05
838	3.25262045988e-05
839	3.24349887126e-05
840	3.23459732093e-05
841	3.22573208797e-05
842	3.2167634313e-05
843	3.20765618711e-05
844	3.19842057076e-05
845	3.18909217455e-05
846	3.17970109525e-05
847	3.17026480089e-05
848	3.16079729293e-05
849	3.15130484546e-05
850	3.14179557091e-05
851	3.13228920741e-05
852	3.12279860976e-05
853	3.11334154475e-05
854	3.10393140441e-05
855	3.09457795249e-05
856	3.08528609175e-05
857	3.0760555887e-05
858	3.06687805991e-05
859	3.05775379517e-05
860	3.04866649805e-05
861	3.03959016287e-05
862	3.03050712761e-05
863	3.02140250561e-05
864	3.01226691214e-05
865	3.00309310526e-05
866	2.99389692172e-05
867	2.98467570823e-05
868	2.97589722004e-05
869	2.96717090993e-05
870	2.95842106208e-05
871	2.94964224179e-05
872	2.94083044678e-05
873	2.93197690938e-05
874	2.92352661436e-05
875	2.91507942009e-05
876	2.90660660943e-05
877	2.89810640662e-05
878	2.8895786493e-05
879	2.88102434437e-05
880	2.87245421862e-05
881	2.86401201595e-05
882	2.85574354187e-05
883	2.84746853307e-05
884	2.8391780101e-05
885	2.83086557641e-05
886	2.82252581159e-05
887	2.81415401119e-05
888	2.80574333336e-05
889	2.79729185098e-05
890	2.78880153181e-05
891	2.78027259907e-05
892	2.77171002843e-05
893	2.76311976252e-05
894	2.75479742957e-05
895	2.74650297199e-05
896	2.73819932489e-05
897	2.72988533772e-05
898	2.72155903314e-05
899	2.71321932129e-05
900	2.7048684493e-05
901	2.69651951582e-05
902	2.68817483179e-05
903	2.67983934898e-05
904	2.67151625345e-05
905	2.66320304544e-05
906	2.65489768305e-05
907	2.64659959624e-05
908	2.63831008223e-05
909	2.63002969712e-05
910	2.62175968627e-05
911	2.61350213084e-05
912	2.60525511843e-05
913	2.59701762223e-05
914	2.58879071291e-05
915	2.5805733641e-05
916	2.57236418345e-05
917	2.56416386033e-05
918	2.55597077133e-05
919	2.54778554683e-05
920	2.53960735471e-05
921	2.53143732543e-05
922	2.52327274506e-05
923	2.51511389207e-05
924	2.50696003337e-05
925	2.4988089083e-05
926	2.49066014568e-05
927	2.48251643637e-05
928	2.47437494792e-05
929	2.46623406205e-05
930	2.45809393193e-05
931	2.44995268801e-05
932	2.44181112465e-05
933	2.43366945085e-05
934	2.42552672018e-05
935	2.41738178259e-05
936	2.4092353236e-05
937	2.40108615378e-05
938	2.39293376549e-05
939	2.38478007523e-05
940	2.37662469655e-05
941	2.36846828979e-05
942	2.36031067964e-05
943	2.35215231232e-05
944	2.34399200488e-05
945	2.33583326787e-05
946	2.32767497714e-05
947	2.31951915586e-05
948	2.31136342876e-05
949	2.30320686627e-05
950	2.2950494882e-05
951	2.28689092868e-05
952	2.27872968478e-05
953	2.27056267071e-05
954	2.26238713944e-05
955	2.25420220568e-05
956	2.24600876067e-05
957	2.2378308968e-05
958	2.22967889412e-05
959	2.2215113062e-05
960	2.2134214055e-05
961	2.20529634858e-05
962	2.19714442404e-05
963	2.1889650377e-05
964	2.18076164042e-05
965	2.17256289296e-05
966	2.1643429379e-05
967	2.15617889998e-05
968	2.14800924105e-05
969	2.13985749443e-05
970	2.13166467993e-05
971	2.12344103862e-05
972	2.11529776238e-05
973	2.10715290538e-05
974	2.09898240162e-05
975	2.09084184895e-05
976	2.08272502563e-05
977	2.07454104233e-05
978	2.06632027383e-05
979	2.05808362228e-05
980	2.04988507559e-05
981	2.04170208728e-05
982	2.03344690633e-05
983	2.02520848925e-05
984	2.01689478298e-05
985	2.00847278711e-05
986	2.00012050464e-05
987	1.99169005812e-05
988	1.98320107977e-05
989	1.97481536899e-05
990	1.96636117707e-05
991	1.95774998898e-05
992	1.9493005089e-05
993	1.94080977456e-05
994	1.93217837872e-05
995	1.92382461664e-05
996	1.91540110819e-05
997	1.90689325661e-05
998	1.89831191365e-05
999	1.88966795674e-05
1000	1.88101234104e-05
1001	1.87232422227e-05
1002	1.86356289147e-05
1003	1.85473103239e-05
1004	1.84582569043e-05
1005	1.83686751171e-05
1006	1.82788944431e-05
1007	1.8495102413e-05
1008	1.83924832722e-05
1009	1.81989160495e-05
1010	1.83010307569e-05
1011	1.8123800476e-05
1012	1.82108922217e-05
1013	1.83100154077e-05
1014	1.80496872753e-05
1015	1.8036813236e-05
1016	1.80713410095e-05
1017	1.80956275315e-05
1018	1.80787974208e-05
1019	1.80230533771e-05
1020	1.79450384887e-05
1021	1.78563491741e-05
1022	1.7768004529e-05
1023	1.76848965589e-05
1024	1.7606976114e-05
1025	1.75347061642e-05
1026	1.74625138911e-05
1027	1.73898978174e-05
1028	1.73175338076e-05
1029	1.72429581134e-05
1030	1.71693985714e-05
1031	1.70949199085e-05
1032	1.70215737868e-05
1033	1.69466974336e-05
1034	1.68676103264e-05
1035	1.678797172e-05
1036	1.67087938755e-05
1037	1.66254352088e-05
1038	1.65412701763e-05
1039	1.64541495229e-05
1040	1.63673577575e-05
1041	1.62761753298e-05
1042	1.61856021795e-05
1043	1.60976678102e-05
1044	1.60092263917e-05
1045	1.59236593483e-05
1046	1.58441803106e-05
1047	1.576750567e-05
1048	1.56999524e-05
1049	1.56341857622e-05
1050	1.55687860307e-05
1051	1.55040666766e-05
1052	1.54470094986e-05
1053	1.53878971416e-05
1054	1.532368811e-05
1055	1.52682293031e-05
1056	1.5222313074e-05
1057	1.51786450026e-05
1058	1.51356591577e-05
1059	1.50932391832e-05
1060	1.50621586167e-05
1061	1.50334017944e-05
1062	1.5004886893e-05
1063	1.49858747923e-05
1064	1.49682627012e-05
1065	1.49621565851e-05
1066	1.49730239857e-05
1067	1.50077812289e-05
1068	1.50581870644e-05
1069	1.51236362015e-05
1070	1.52057968174e-05
1071	1.53058799439e-05
1072	1.54376049884e-05
1073	1.5553705432e-05
1074	1.56522213405e-05
1075	1.57453551088e-05
1076	1.58337204814e-05
1077	1.59107937283e-05
1078	1.59805250641e-05
1079	1.6043176698e-05
1080	1.60997898206e-05
1081	1.61512390398e-05
1082	1.61984902304e-05
1083	1.62421471479e-05
1084	1.62822914583e-05
1085	1.63200645013e-05
1086	1.63534871391e-05
1087	1.63844319764e-05
1088	1.64149527246e-05
1089	1.64428218071e-05
1090	1.6468192595e-05
1091	1.64911611311e-05
1092	1.65136792925e-05
1093	1.65353827732e-05
1094	1.6554047575e-05
1095	1.65727696635e-05
1096	1.65906414797e-05
1097	1.66055487918e-05
1098	1.66197189015e-05
1099	1.66358819935e-05
1100	1.66488875096e-05
1101	1.66604524829e-05
1102	1.6672661437e-05
1103	1.6684910448e-05
1104	1.66946560479e-05
1105	1.67044599649e-05
1106	1.67140773435e-05
1107	1.67213277271e-05
1108	1.67282095158e-05
1109	1.67375180688e-05
1110	1.67433681906e-05
1111	1.67498835929e-05
1112	1.67555927194e-05
1113	1.67593521304e-05
1114	1.67629508269e-05
1115	1.67678679349e-05
1116	1.6772989701e-05
1117	1.67748705255e-05
1118	1.67773838524e-05
1119	1.67792506235e-05
1120	1.6779269451e-05
1121	1.67787240419e-05
1122	1.67796875607e-05
1123	1.67809915422e-05
1124	1.67791039934e-05
1125	1.67778468111e-05
1126	1.67760776159e-05
1127	1.67726547676e-05
1128	1.67688840453e-05
1129	1.67665284622e-05
1130	1.67646189361e-05
1131	1.67597388908e-05
1132	1.67554984929e-05
1133	1.67508576092e-05
1134	1.67447158772e-05
1135	1.6738223627e-05
1136	1.6733176438e-05
1137	1.67286002182e-05
1138	1.67212338967e-05
1139	1.67145325488e-05
1140	1.67074842686e-05
1141	1.66991864408e-05
1142	1.66905050058e-05
1143	1.66833269745e-05
1144	1.66766634323e-05
1145	1.66673783681e-05
1146	1.6658798852e-05
1147	1.66495650033e-05
1148	1.66400154794e-05
1149	1.66304787176e-05
1150	1.66205365205e-05
1151	1.66110237576e-05
1152	1.66020991478e-05
1153	1.65909379453e-05
1154	1.65814630553e-05
1155	1.65698930499e-05
1156	1.65590981436e-05
1157	1.6546784267e-05
1158	1.65365665187e-05
1159	1.65246286767e-05
1160	1.6513697587e-05
1161	1.65008262805e-05
1162	1.64899026816e-05
1163	1.64773400569e-05
1164	1.64658007359e-05
1165	1.64523810105e-05
1166	1.64408233212e-05
1167	1.64276447874e-05
1168	1.64154544522e-05
1169	1.64015538017e-05
1170	1.63894608759e-05
1171	1.63757647927e-05
1172	1.63630416076e-05
1173	1.63486809111e-05
1174	1.63361015636e-05
1175	1.63219336492e-05
1176	1.63087353382e-05
1177	1.62939271715e-05
1178	1.6280894661e-05
1179	1.6266313734e-05
1180	1.62527044554e-05
1181	1.62375084619e-05
1182	1.62240590124e-05
1183	1.62091183764e-05
1184	1.61951746873e-05
1185	1.61796591407e-05
1186	1.61658299157e-05
1187	1.61511057151e-05
1188	1.61354787016e-05
1189	1.61213112727e-05
1190	1.6106165367e-05
1191	1.60903577388e-05
1192	1.60759342755e-05
1193	1.60607748235e-05
1194	1.60448555842e-05
1195	1.603023725e-05
1196	1.60149964508e-05
1197	1.59989011458e-05
1198	1.59840541706e-05
1199	1.59686402593e-05
1200	1.59523579469e-05
1201	1.59373091789e-05
1202	1.59216975556e-05
1203	1.59052417947e-05
1204	1.5890026797e-05
1205	1.58742309901e-05
1206	1.58576234148e-05
1207	1.58422681728e-05
1208	1.58263147007e-05
1209	1.58095775249e-05
1210	1.57940943372e-05
1211	1.57780088352e-05
1212	1.57611616654e-05
1213	1.57455568427e-05
1214	1.57293658966e-05
1215	1.57124200164e-05
1216	1.56966933331e-05
1217	1.56804182814e-05
1218	1.5663825447e-05
1219	1.5646206472e-05
1220	1.56296549953e-05
1221	1.56153037711e-05
1222	1.55980416935e-05
1223	1.55809391465e-05
1224	1.55656636915e-05
1225	1.55485712675e-05
1226	1.55326945874e-05
1227	1.55153513491e-05
1228	1.54979708811e-05
1229	1.54821502083e-05
1230	1.54648901466e-05
1231	1.54492536674e-05
1232	1.54316918769e-05
1233	1.54142074063e-05
1234	1.5398445621e-05
1235	1.53811499212e-05
1236	1.53652689867e-05
1237	1.5347729408e-05
1238	1.53301801958e-05
1239	1.53142479104e-05
1240	1.52968680443e-05
1241	1.52809224085e-05
1242	1.52629194094e-05
1243	1.5246539032e-05
1244	1.52293670708e-05
1245	1.52119048025e-05
1246	1.51956903207e-05
1247	1.51782835286e-05
1248	1.51625296153e-05
1249	1.51444846791e-05
1250	1.5127942677e-05
1251	1.51106974016e-05
1252	1.50931533077e-05
1253	1.50768089014e-05
1254	1.50593355776e-05
1255	1.50434601867e-05
1256	1.50254170442e-05
1257	1.50087721057e-05
1258	1.4991512813e-05
1259	1.49744010124e-05
1260	1.49565895116e-05
1261	1.49408142306e-05
1262	1.49233532556e-05
1263	1.49066583184e-05
1264	1.48892086571e-05
1265	1.48716152819e-05
1266	1.48552240281e-05
1267	1.48377039888e-05
1268	1.48216970696e-05
1269	1.48036255203e-05
1270	1.47869635808e-05
1271	1.47690522261e-05
1272	1.47527154182e-05
1273	1.47354542281e-05
1274	1.47185605854e-05
1275	1.47010223924e-05
1276	1.46848994532e-05
1277	1.46671811534e-05
1278	1.46504705771e-05
1279	1.46324353577e-05
1280	1.46160331811e-05
1281	1.45984358598e-05
1282	1.4582009893e-05
1283	1.45643846491e-05
1284	1.45480623017e-05
1285	1.45304933086e-05
1286	1.4514185936e-05
1287	1.4496528481e-05
1288	1.44801840905e-05
1289	1.44624990684e-05
1290	1.44461151002e-05
1291	1.44284100081e-05
1292	1.4412000511e-05
1293	1.43943201661e-05
1294	1.43779276919e-05
1295	1.43602967441e-05
1296	1.43439292144e-05
1297	1.43263528327e-05
1298	1.43100088007e-05
1299	1.42924611943e-05
1300	1.42761270254e-05
1301	1.42585970182e-05
1302	1.42422692557e-05
1303	1.42247556827e-05
1304	1.42084311484e-05
1305	1.4190935616e-05
1306	1.41746180782e-05
1307	1.41571462507e-05
1308	1.41408390644e-05
1309	1.41233933006e-05
1310	1.41071003173e-05
1311	1.40898280082e-05
1312	1.40734889864e-05
1313	1.40560955706e-05
1314	1.40397654363e-05
1315	1.40222571877e-05
1316	1.40061663847e-05
1317	1.39888989615e-05
1318	1.39727177611e-05
1319	1.39559823129e-05
1320	1.39385323906e-05
1321	1.39220349003e-05
1322	1.39046256481e-05
1323	1.38884836686e-05
1324	1.38719817929e-05
1325	1.38549049595e-05
1326	1.38385375138e-05
1327	1.38217924926e-05
1328	1.3804702851e-05
1329	1.37884902087e-05
1330	1.37718902987e-05
1331	1.37549734691e-05
1332	1.3738789988e-05
1333	1.37222041832e-05
1334	1.37052570362e-05
1335	1.36891226701e-05
1336	1.36725795564e-05
1337	1.36556446305e-05
1338	1.36395144255e-05
1339	1.3622981805e-05
1340	1.36060607153e-05
1341	1.35899586584e-05
1342	1.35734662107e-05
1343	1.35566026305e-05
1344	1.35405371551e-05
1345	1.35240830264e-05
1346	1.35072734439e-05
1347	1.34912513414e-05
1348	1.34748379841e-05
1349	1.34580835227e-05
1350	1.3442098967e-05
1351	1.34257238553e-05
1352	1.34090221961e-05
1353	1.33930757746e-05
1354	1.33767428479e-05
1355	1.33600995219e-05
1356	1.33441934922e-05
1357	1.33279041203e-05
1358	1.33113189934e-05
1359	1.32954537349e-05
1360	1.32792077774e-05
1361	1.32626802938e-05
1362	1.32468566018e-05
1363	1.32306539152e-05
1364	1.32141809726e-05
1365	1.31983997279e-05
1366	1.31822397902e-05
1367	1.31658180251e-05
1368	1.31500785643e-05
1369	1.31339605788e-05
1370	1.31175888283e-05
1371	1.31018901803e-05
1372	1.30858140589e-05
1373	1.30694929973e-05
1374	1.30538355111e-05
1375	1.30378039559e-05
1376	1.30215362841e-05
1377	1.30059216601e-05
1378	1.29899349448e-05
1379	1.29737217881e-05
1380	1.29581509196e-05
1381	1.29422097101e-05
1382	1.29260544559e-05
1383	1.29105288614e-05
1384	1.28946340577e-05
1385	1.28785374042e-05
1386	1.28630563174e-05
1387	1.28472088475e-05
1388	1.2831369034e-05
1389	1.28154519761e-05
1390	1.2799802794e-05
1391	1.27840221982e-05
1392	1.27683052667e-05
1393	1.27526338286e-05
1394	1.27371421096e-05
1395	1.27214499439e-05
1396	1.27058142662e-05
1397	1.26901497399e-05
1398	1.26747128709e-05
1399	1.26590589374e-05
1400	1.2643455929e-05
1401	1.26277987082e-05
1402	1.26124017422e-05
1403	1.25968076699e-05
1404	1.25812663321e-05
1405	1.25656903521e-05
1406	1.25503611857e-05
1407	1.25348416029e-05
1408	1.25193743016e-05
1409	1.25038987515e-05
1410	1.24886437208e-05
1411	1.24731932536e-05
1412	1.24577978828e-05
1413	1.24424103214e-05
1414	1.242722125e-05
1415	1.2411836759e-05
1416	1.23965116371e-05
1417	1.2381199515e-05
1418	1.23660744245e-05
1419	1.23507556676e-05
1420	1.23354975987e-05
1421	1.2320254826e-05
1422	1.23051938297e-05
1423	1.22899412478e-05
1424	1.22747504556e-05
1425	1.22594988448e-05
1426	1.22444111228e-05
1427	1.22293891839e-05
1428	1.2214240527e-05
1429	1.21991936775e-05
1430	1.21840949544e-05
1431	1.21691717321e-05
1432	1.21542597744e-05
1433	1.21391795607e-05
1434	1.21241954961e-05
1435	1.21091512958e-05
1436	1.20942339686e-05
1437	1.20793850466e-05
1438	1.20643761712e-05
1439	1.20494664028e-05
1440	1.20345034116e-05
1441	1.20196789467e-05
1442	1.20049185848e-05
1443	1.19900034807e-05
1444	1.19751883693e-05
1445	1.19603205491e-05
1446	1.19454244422e-05
1447	1.19308462714e-05
1448	1.19161770365e-05
1449	1.19014336872e-05
1450	1.18867857339e-05
1451	1.18720688951e-05
1452	1.18572871259e-05
1453	1.18424828265e-05
1454	1.18277514193e-05
1455	1.18131311783e-05
1456	1.17986215415e-05
1457	1.17841908223e-05
1458	1.17707307961e-05
1459	1.17561495992e-05
1460	1.17413920142e-05
1461	1.17267876664e-05
1462	1.1712095354e-05
1463	1.16973131907e-05
1464	1.16824986224e-05
1465	1.16677632961e-05
1466	1.16531596004e-05
1467	1.16386964761e-05
1468	1.16243458853e-05
1469	1.16100798188e-05
1470	1.15958749497e-05
1471	1.15817148961e-05
1472	1.15675865465e-05
1473	1.15534773019e-05
1474	1.15393756188e-05
1475	1.15261950624e-05
1476	1.15118948144e-05
1477	1.14973352517e-05
1478	1.14829369402e-05
1479	1.14684607994e-05
1480	1.14539149113e-05
1481	1.14393537015e-05
1482	1.14248838544e-05
1483	1.14105532196e-05
1484	1.13963690913e-05
1485	1.13823028284e-05
1486	1.13683250383e-05
1487	1.13544104039e-05
1488	1.13405440401e-05
1489	1.13267133903e-05
1490	1.1312905748e-05
1491	1.12991104796e-05
1492	1.12853168078e-05
1493	1.12715193631e-05
1494	1.12577129707e-05
1495	1.12447556584e-05
1496	1.12307563772e-05
1497	1.12165472027e-05
1498	1.12024863224e-05
1499	1.11883447485e-05
1500	1.11741413414e-05
1501	1.11599234411e-05
1502	1.11458005989e-05
1503	1.1131806729e-05
1504	1.11179573353e-05
1505	1.1104234963e-05
1506	1.10905959754e-05
1507	1.10770131788e-05
1508	1.10634729972e-05
1509	1.10499652469e-05
1510	1.10364854208e-05
1511	1.10230242379e-05
1512	1.10095745956e-05
1513	1.09961292722e-05
1514	1.09826831581e-05
1515	1.09701079607e-05
1516	1.09565056219e-05
1517	1.09426884948e-05
1518	1.09290000047e-05
1519	1.09152135798e-05
1520	1.0901358362e-05
1521	1.08874890373e-05
1522	1.08737141807e-05
1523	1.08600791532e-05
1524	1.08465847446e-05
1525	1.08332019971e-05
1526	1.08199012021e-05
1527	1.08066582405e-05
1528	1.07934595979e-05
1529	1.07802958616e-05
1530	1.07671585941e-05
1531	1.07540375017e-05
1532	1.07409232808e-05
1533	1.07278095592e-05
1534	1.07146916095e-05
1535	1.07015673983e-05
1536	1.06882525896e-05
1537	1.06752410018e-05
1538	1.06620451812e-05
1539	1.06490390787e-05
1540	1.06359695186e-05
1541	1.06227803915e-05
1542	1.06095419625e-05
1543	1.05962621708e-05
1544	1.05830024729e-05
1545	1.05697833542e-05
1546	1.05566260412e-05
1547	1.05435390004e-05
1548	1.05305253077e-05
1549	1.05174070652e-05
1550	1.050460396e-05
1551	1.04916912939e-05
1552	1.04789256007e-05
1553	1.04661159371e-05
1554	1.04532217593e-05
1555	1.04402953989e-05
1556	1.04273498455e-05
1557	1.0414428432e-05
1558	1.04015478857e-05
1559	1.03887279501e-05
1560	1.03759657375e-05
1561	1.03632561564e-05
1562	1.03505847623e-05
1563	1.03379380245e-05
1564	1.03253030674e-05
1565	1.0312671988e-05
1566	1.03000400962e-05
1567	1.02874059607e-05
1568	1.02747602529e-05
1569	1.02619808817e-05
1570	1.02494503506e-05
1571	1.02369076157e-05
1572	1.02243162758e-05
1573	1.02115782607e-05
1574	1.01990055373e-05
1575	1.01864250119e-05
1576	1.01738159995e-05
1577	1.01612123357e-05
1578	1.01486147001e-05
1579	1.01360491857e-05
1580	1.01235215066e-05
1581	1.01110417833e-05
1582	1.00986068108e-05
1583	1.00862134271e-05
1584	1.00738532651e-05
1585	1.0061519943e-05
1586	1.00491174791e-05
1587	1.00368890965e-05
1588	1.00246634263e-05
1589	1.00124063574e-05
1590	1.00001319319e-05
1591	9.98783918893e-06
1592	1.02300089053e-05
