1	0.0816529803376
2	0.0785686905806
3	0.00557305478917
4	0.000949659341164
5	0.00451023728306
6	0.0130544434358
7	0.0130047938824
8	0.00368349571651
9	0.00306544773111
10	0.0086175910658
11	0.0123363042379
12	0.00501338784001
13	0.00262152459512
14	0.00250788018817
15	0.00357264511216
16	0.00382646768908
17	0.00266746820249
18	0.00241854545608
19	0.00276752076016
20	0.00289004673047
21	0.00254002243173
22	0.00204268717581
23	0.00180160283011
24	0.00172235931003
25	0.00165192945923
26	0.00150009728244
27	0.00132100575465
28	0.00121290621899
29	0.00113588887628
30	0.00118741548936
31	0.00122096080488
32	0.00120859194888
33	0.00115856153738
34	0.00106496810036
35	0.000957854749519
36	0.000841436602974
37	0.000740443515946
38	0.000675212075255
39	0.000673697636058
40	0.000711756806627
41	0.000725036766524
42	0.000709248868392
43	0.000676223599716
44	0.000633193566155
45	0.000581872732875
46	0.000534555703086
47	0.00049889806397
48	0.000486199908888
49	0.000486849182229
50	0.00049052580289
51	0.000484776574889
52	0.000472432868415
53	0.00045385554128
54	0.000432026405343
55	0.000410156342643
56	0.000389738953606
57	0.00037646315821
58	0.000374148290453
59	0.000374907951169
60	0.00037284028022
61	0.000366489679721
62	0.000356612123133
63	0.000344774926252
64	0.0003324949561
65	0.000321488368376
66	0.000313222125423
67	0.000308150979351
68	0.000303903938129
69	0.000299789146605
70	0.000294894906317
71	0.000289731648433
72	0.00028363680501
73	0.000277451156602
74	0.000271399222637
75	0.000266516259279
76	0.000262377533841
77	0.000258368295624
78	0.000254599220766
79	0.00025046169491
80	0.000246286914185
81	0.000242069475735
82	0.000237999609768
83	0.000234091468016
84	0.000230294701856
85	0.000226631533604
86	0.000223080144412
87	0.000219679492361
88	0.000216216314594
89	0.000212882483587
90	0.000209532643558
91	0.000206209882709
92	0.000203024986864
93	0.000199930958445
94	0.000196958004419
95	0.000194110858166
96	0.000191338714715
97	0.000188677092708
98	0.000186050871603
99	0.000183547006929
100	0.000181051193657
101	0.000178606356052
102	0.000176210095317
103	0.000173829197739
104	0.000171478590693
105	0.000169114855593
106	0.000166810562002
107	0.000164513229569
108	0.000162244154159
109	0.000159987168837
110	0.000157755013374
111	0.000155631061584
112	0.000153554332313
113	0.000151556000284
114	0.000149627005407
115	0.000147755986157
116	0.000145998881298
117	0.000144290973711
118	0.000142641986188
119	0.000141019286971
120	0.000139412354994
121	0.000137815590857
122	0.000136220220326
123	0.00013463699188
124	0.000133061438002
125	0.000131480518497
126	0.000129868770772
127	0.000128245429196
128	0.000126646257545
129	0.000125065362711
130	0.000123509719515
131	0.000122033081609
132	0.000120597657317
133	0.000119235735428
134	0.0001179478788
135	0.000116738740189
136	0.000115607776694
137	0.000114519164113
138	0.000113438954211
139	0.000112324599841
140	0.000111192854414
141	0.000110033693377
142	0.000108789040612
143	0.000107526286165
144	0.000106256887089
145	0.000105034610909
146	0.000103858372103
147	0.00010272308875
148	0.000101653309291
149	0.000100645021728
150	9.97031277601e-05
151	9.88318499235e-05
152	9.80316080993e-05
153	9.72596862828e-05
154	9.64898013075e-05
155	9.57140822518e-05
156	9.49095626201e-05
157	9.40498414732e-05
158	9.31389312528e-05
159	9.22138130934e-05
160	9.1294904286e-05
161	9.0417617896e-05
162	8.9576906709e-05
163	8.87945523142e-05
164	8.80586671466e-05
165	8.73448784872e-05
166	8.66475942852e-05
167	8.59766254909e-05
168	8.53579893868e-05
169	8.48270011081e-05
170	8.42772543197e-05
171	8.36268998683e-05
172	8.29144147478e-05
173	8.21571076043e-05
174	8.13957509197e-05
175	8.06415229331e-05
176	7.99056146726e-05
177	7.91666609101e-05
178	7.84268183687e-05
179	7.77000129547e-05
180	7.70172126355e-05
181	7.64199692113e-05
182	7.59370079508e-05
183	7.55195575047e-05
184	7.50372280413e-05
185	7.44767806136e-05
186	7.38717515242e-05
187	7.32096849511e-05
188	7.24936967378e-05
189	7.17381979591e-05
190	7.09818261217e-05
191	7.02624041516e-05
192	6.96332223256e-05
193	6.90866135027e-05
194	6.86382673592e-05
195	6.82326404132e-05
196	6.78105993603e-05
197	6.73380346614e-05
198	6.67526886194e-05
199	6.61168137387e-05
200	6.54504296092e-05
201	6.47746048977e-05
202	6.40923429202e-05
203	6.34446117743e-05
204	6.28844905691e-05
205	6.23841866448e-05
206	6.1898321353e-05
207	6.13590777221e-05
208	6.0794644527e-05
209	6.02371196118e-05
210	5.95787073155e-05
211	5.90442587088e-05
212	5.85544360474e-05
213	5.79988136325e-05
214	5.73846344857e-05
215	5.67357775579e-05
216	5.60036767618e-05
217	5.52889151982e-05
218	5.47895020502e-05
219	5.41014389567e-05
220	5.36911611099e-05
221	5.3215430396e-05
222	5.27119320333e-05
223	5.21293270972e-05
224	5.15017926419e-05
225	5.09113388925e-05
226	5.03884972186e-05
227	4.98083015902e-05
228	4.88391444773e-05
229	4.86034021045e-05
230	4.78865272452e-05
231	4.75529110972e-05
232	4.70706626332e-05
233	4.65378128207e-05
234	4.58952539926e-05
235	4.51330814481e-05
236	4.45028962364e-05
237	4.37883072554e-05
238	4.31671738588e-05
239	4.25169255384e-05
240	4.19503067847e-05
241	4.12511115118e-05
242	4.06809957101e-05
243	4.00432099474e-05
244	3.93562448677e-05
245	3.86212361412e-05
246	3.8196744091e-05
247	3.77389294087e-05
248	3.72579272759e-05
249	3.67704868115e-05
250	3.61262200272e-05
251	3.56512496459e-05
252	3.5144635758e-05
253	3.44084394793e-05
254	3.39357684626e-05
255	3.38671995391e-05
256	3.3838126244e-05
257	3.37956216854e-05
258	3.36725424955e-05
259	3.33151091327e-05
260	3.29625504612e-05
261	3.26176128876e-05
262	3.22237608014e-05
263	3.19186638946e-05
264	3.16617459506e-05
265	3.13220443122e-05
266	3.09265621742e-05
267	3.06221663134e-05
268	3.0244358506e-05
269	2.97830936171e-05
270	2.95685634554e-05
271	2.91964739569e-05
272	2.88102954925e-05
273	2.85566059171e-05
274	2.82393658343e-05
275	2.78917867929e-05
276	2.75321467607e-05
277	2.69762553372e-05
278	2.673690144e-05
279	2.64785231637e-05
280	2.662538868e-05
281	2.66014861091e-05
282	2.65996024876e-05
283	2.65580589611e-05
284	2.61440044318e-05
285	2.60694735918e-05
286	2.58530972979e-05
287	2.56202173658e-05
288	2.53395879278e-05
289	2.50288570929e-05
290	2.46374552884e-05
291	2.42750592053e-05
292	2.37140007581e-05
293	2.32849754173e-05
294	2.27818778841e-05
295	2.18082581331e-05
296	2.0727001657e-05
297	2.04768220617e-05
298	2.00302094063e-05
299	1.91455166235e-05
300	1.86710436318e-05
301	2.1167581933e-05
302	2.23830002172e-05
303	2.3036441775e-05
304	2.34128136388e-05
305	2.36327876006e-05
306	2.37566477785e-05
307	2.38190316737e-05
308	2.38394553691e-05
309	2.38297115285e-05
310	2.37971842671e-05
311	2.37466078214e-05
312	2.36815649086e-05
313	2.36054396924e-05
314	2.35214688796e-05
315	2.3432248584e-05
316	2.33390114965e-05
317	2.32418329394e-05
318	2.3140431657e-05
319	2.30348407738e-05
320	2.29257165393e-05
321	2.28143882114e-05
322	2.2702424362e-05
323	2.25906028048e-05
324	2.24785523983e-05
325	2.23653961523e-05
326	2.22504845552e-05
327	2.21338197633e-05
328	2.20161636149e-05
329	2.18993502952e-05
330	2.17828203503e-05
331	2.16678608481e-05
332	2.15530231204e-05
333	2.14374117185e-05
334	2.13208774949e-05
335	2.12035552945e-05
336	2.10868707716e-05
337	2.09713197408e-05
338	2.08575006957e-05
339	2.07446865147e-05
340	2.06317212711e-05
341	2.05174474858e-05
342	2.04030784756e-05
343	2.02889401372e-05
344	2.01763162036e-05
345	2.00656435183e-05
346	1.995647336e-05
347	1.98472904274e-05
348	1.97375274329e-05
349	1.9627127563e-05
350	1.9516792732e-05
351	1.94073924296e-05
352	1.93002113111e-05
353	1.91951292519e-05
354	1.90901107145e-05
355	1.89853094057e-05
356	1.88796382999e-05
357	1.87737754851e-05
358	1.86690817187e-05
359	1.85660840796e-05
360	1.84648152275e-05
361	1.8364444385e-05
362	1.82640403584e-05
363	1.81631618245e-05
364	1.80620507843e-05
365	1.79615989633e-05
366	1.78627453096e-05
367	1.77656948362e-05
368	1.76697958125e-05
369	1.7574136804e-05
370	1.74781386726e-05
371	1.73818261363e-05
372	1.72859735777e-05
373	1.71911454392e-05
374	1.70983945723e-05
375	1.70070293826e-05
376	1.69158410013e-05
377	1.68247809595e-05
378	1.67330189445e-05
379	1.66417041341e-05
380	1.65510602653e-05
381	1.64622656195e-05
382	1.63751927137e-05
383	1.62883888156e-05
384	1.62014705614e-05
385	1.61143191811e-05
386	1.60272147589e-05
387	1.59408797408e-05
388	1.58560091579e-05
389	1.57726315543e-05
390	1.56901237664e-05
391	1.5607715702e-05
392	1.55249748717e-05
393	1.54420182924e-05
394	1.53595070108e-05
395	1.52782467422e-05
396	1.51985080525e-05
397	1.51198405859e-05
398	1.50415751688e-05
399	1.49632286155e-05
400	1.48842111897e-05
401	1.48052540639e-05
402	1.47273628628e-05
403	1.46511768224e-05
404	1.45764278566e-05
405	1.45019259135e-05
406	1.44270660875e-05
407	1.43519859207e-05
408	1.42772123893e-05
409	1.42028303829e-05
410	1.41298630281e-05
411	1.40580464305e-05
412	1.39870995426e-05
413	1.39161318658e-05
414	1.38449061779e-05
415	1.37734689791e-05
416	1.37024567589e-05
417	1.36323775429e-05
418	1.35637953535e-05
419	1.34960110019e-05
420	1.34287301986e-05
421	1.33611062313e-05
422	1.32933295455e-05
423	1.32256023077e-05
424	1.31586679746e-05
425	1.30929267062e-05
426	1.30282902104e-05
427	1.29641745746e-05
428	1.29000176361e-05
429	1.28355627748e-05
430	1.27710037888e-05
431	1.27069102424e-05
432	1.26438690878e-05
433	1.25819891709e-05
434	1.25208535329e-05
435	1.24598786018e-05
436	1.23986765623e-05
437	1.23372475005e-05
438	1.22760053159e-05
439	1.2215552475e-05
440	1.21562234604e-05
441	1.20978047851e-05
442	1.20397627873e-05
443	1.19816011007e-05
444	1.19231888301e-05
445	1.18647431103e-05
446	1.18068203338e-05
447	1.17499018654e-05
448	1.16939933985e-05
449	1.16386657292e-05
450	1.15833810326e-05
451	1.15278412704e-05
452	1.14721324487e-05
453	1.1416681841e-05
454	1.13620301767e-05
455	1.13083983813e-05
456	1.12555255373e-05
457	1.12028903579e-05
458	1.1150102273e-05
459	1.1097063745e-05
460	1.10440670817e-05
461	1.09916293015e-05
462	1.09401305679e-05
463	1.08895023215e-05
464	1.08393134201e-05
465	1.07891025153e-05
466	1.07386432623e-05
467	1.06880710341e-05
468	1.06378089633e-05
469	1.0588329947e-05
470	1.05397606116e-05
471	1.04918006118e-05
472	1.04439890258e-05
473	1.03959864243e-05
474	1.03477795731e-05
475	1.02996754367e-05
476	1.0252150819e-05
477	1.02055006224e-05
478	1.01595860558e-05
479	1.01139923499e-05
480	1.00683215038e-05
481	1.00224205595e-05
482	9.9764546128e-06
483	9.93084738777e-06
484	9.88599430472e-06
485	9.84194683307e-06
486	9.79838739986e-06
487	9.75490202292e-06
488	9.7112286965e-06
489	9.66739101736e-06
490	9.62370263108e-06
491	9.58059947103e-06
492	9.53829477176e-06
493	9.49661239808e-06
494	9.45516398413e-06
495	9.41362016893e-06
496	9.37187259741e-06
497	9.33010165614e-06
498	9.28871072721e-06
499	9.24802006073e-06
500	9.20799693655e-06
501	9.16821737797e-06
502	9.12870139998e-06
503	9.08915122838e-06
504	9.04937782644e-06
505	9.00937941877e-06
506	8.97031854924e-06
507	8.93200227866e-06
508	8.89398003245e-06
509	8.85631276e-06
510	8.8186282882e-06
511	8.78051890845e-06
512	8.74254763139e-06
513	8.70495891296e-06
514	8.66786563918e-06
515	8.63140205659e-06
516	8.59522662272e-06
517	8.55927819404e-06
518	8.52331073238e-06
519	8.48681838684e-06
520	8.45080517918e-06
521	8.41523389007e-06
522	8.38012153751e-06
523	8.34550668861e-06
524	8.31095071142e-06
525	8.27668361619e-06
526	8.24226322936e-06
527	8.20776138271e-06
528	8.17342171043e-06
529	8.13950684274e-06
530	8.10607485526e-06
531	8.07319931677e-06
532	8.04058299616e-06
533	8.00774915462e-06
534	7.97477747808e-06
535	7.94174953624e-06
536	7.909081142e-06
537	7.87685493539e-06
538	7.84518979542e-06
539	7.81381692811e-06
540	7.78258177548e-06
541	7.75125544387e-06
542	7.71978626969e-06
543	7.68844607249e-06
544	7.65733363531e-06
545	7.62665780858e-06
546	7.59639630602e-06
547	7.5664850642e-06
548	7.53660248004e-06
549	7.50683926231e-06
550	7.47685162554e-06
551	7.44688009003e-06
552	7.41725413527e-06
553	7.38784688872e-06
554	7.35886413879e-06
555	7.3303738852e-06
556	7.30192599313e-06
557	7.27347724658e-06
558	7.24509698372e-06
559	7.21654061774e-06
560	7.18807969465e-06
561	7.16003041719e-06
562	7.13222892747e-06
563	7.10478516105e-06
564	7.07769803041e-06
565	7.05057456381e-06
566	7.02342569452e-06
567	6.99633553851e-06
568	6.96913561808e-06
569	6.94209426281e-06
570	6.91546476956e-06
571	6.88907434596e-06
572	6.8629868735e-06
573	6.837200937e-06
574	6.81135326485e-06
575	6.78547156326e-06
576	6.75967148092e-06
577	6.73379541334e-06
578	6.70807219767e-06
579	6.68263097661e-06
580	6.65761531093e-06
581	6.63276391021e-06
582	6.60808132774e-06
583	6.58346072638e-06
584	6.55884151128e-06
585	6.53419619641e-06
586	6.50957903824e-06
587	6.48508311528e-06
588	6.46080891847e-06
589	6.43681353784e-06
590	6.41308745116e-06
591	6.38955495941e-06
592	6.36611932122e-06
593	6.3427022416e-06
594	6.31926579305e-06
595	6.29582146081e-06
596	6.27242937691e-06
597	6.24917421454e-06
598	6.22613309444e-06
599	6.20334057301e-06
600	6.18077312559e-06
601	6.15836929472e-06
602	6.13605059886e-06
603	6.11375629038e-06
604	6.09145676924e-06
605	6.0691636346e-06
606	6.04692612259e-06
607	6.02481518035e-06
608	6.00289144283e-06
609	5.98118754758e-06
610	5.95969093061e-06
611	5.93835273074e-06
612	5.91710726881e-06
613	5.89590332886e-06
614	5.87470931058e-06
615	5.85350101959e-06
616	5.83234513903e-06
617	5.81126125494e-06
618	5.79033438134e-06
619	5.76957474568e-06
620	5.74902724853e-06
621	5.72864758879e-06
622	5.70839244473e-06
623	5.68821024766e-06
624	5.66805841056e-06
625	5.64791549212e-06
626	5.62778649083e-06
627	5.60769784022e-06
628	5.58769128953e-06
629	5.56781390192e-06
630	5.54810091106e-06
631	5.52856193512e-06
632	5.50918033712e-06
633	9.98811656753e-06
634	9.99367842857e-06
635	9.99700039648e-06
636	9.98709363151e-06
637	9.96127821899e-06
638	9.92495232625e-06
639	9.88508335509e-06
640	9.84526382002e-06
641	9.80780891831e-06
642	9.77360101667e-06
643	9.74168519462e-06
644	9.7112605567e-06
645	9.68137875823e-06
646	9.65149253021e-06
647	9.62132726725e-06
648	9.59081100811e-06
649	9.56000889024e-06
650	9.5289951056e-06
651	9.49783798505e-06
652	9.46661388062e-06
653	9.43540051775e-06
654	9.40429020804e-06
655	9.37334887496e-06
656	9.34261373769e-06
657	9.31209512656e-06
658	9.28178361242e-06
659	9.25165263566e-06
660	9.22167617104e-06
661	9.19182021369e-06
662	9.16205930392e-06
663	9.13238122736e-06
664	9.10279146701e-06
665	9.07330606998e-06
666	9.04394938774e-06
667	9.01474684217e-06
668	8.98571572307e-06
669	8.95685879702e-06
670	8.92816023519e-06
671	8.89958962289e-06
672	8.87111002089e-06
673	8.84268773498e-06
674	8.81429928981e-06
675	8.78593420078e-06
676	8.7575970705e-06
677	8.72930574061e-06
678	8.7010927031e-06
679	8.67299754939e-06
680	8.64505590376e-06
681	8.61729555613e-06
682	8.58972875527e-06
683	8.56235188784e-06
684	8.53514325038e-06
685	8.50806969591e-06
686	8.48109458147e-06
687	8.45418444051e-06
688	8.42731241343e-06
689	8.40046586016e-06
690	8.37364583723e-06
691	8.34686626619e-06
692	8.3201520951e-06
693	8.29353303428e-06
694	8.26703995756e-06
695	8.2406977341e-06
696	8.21451988465e-06
697	8.18850610998e-06
698	8.16264083881e-06
699	8.1368987078e-06
700	8.1112518491e-06
701	8.08567185651e-06
702	8.06013813128e-06
703	8.03463856637e-06
704	8.00917100867e-06
705	7.98374508856e-06
706	7.95838023963e-06
707	7.93310096983e-06
708	7.90793491462e-06
709	7.88290258554e-06
710	7.8580166316e-06
711	7.83328119596e-06
712	7.80868030765e-06
713	7.78419426942e-06
714	7.75980157869e-06
715	7.73547892957e-06
716	7.71120507335e-06
717	7.68696519469e-06
718	7.66275549607e-06
719	7.63858080452e-06
720	7.61445498945e-06
721	7.59039649396e-06
722	7.56642973753e-06
723	7.54257563912e-06
724	7.51884955426e-06
725	7.49525926808e-06
726	7.47180274158e-06
727	7.44846662576e-06
728	7.42523007668e-06
729	7.40207194034e-06
730	7.37910464417e-06
731	7.35590839976e-06
732	7.33288347313e-06
733	7.31005839654e-06
734	7.2871570096e-06
735	7.2639599812e-06
736	7.24099861696e-06
737	7.21836289147e-06
738	7.19578750116e-06
739	7.17303011383e-06
740	7.15074458624e-06
741	7.12825070256e-06
742	7.10623531946e-06
743	7.08421608643e-06
744	7.06195932491e-06
745	7.04011508569e-06
746	7.01798526491e-06
747	6.99625143107e-06
748	6.97443917592e-06
749	6.95236545911e-06
750	6.9306812344e-06
751	6.90901093045e-06
752	6.88703298131e-06
753	6.86561525153e-06
754	6.84421280148e-06
755	6.82257810147e-06
756	6.80148495218e-06
757	6.78039070179e-06
758	6.75904998178e-06
759	6.73820995758e-06
760	6.71731641096e-06
761	6.69612126731e-06
762	6.67538998872e-06
763	6.65458458108e-06
764	6.63347417803e-06
765	6.61283182847e-06
766	6.59213738568e-06
767	6.57118471599e-06
768	6.55073938697e-06
769	6.53028308588e-06
770	6.50989949597e-06
771	6.48925001086e-06
772	6.46918598893e-06
773	6.44911134571e-06
774	6.42906657627e-06
775	6.40871484767e-06
776	6.38886345954e-06
777	6.3689364239e-06
778	6.34901225913e-06
779	6.32905598574e-06
780	6.30881155727e-06
781	6.28909190363e-06
782	6.26935772793e-06
783	6.24968044041e-06
784	6.23003763608e-06
785	6.21044657924e-06
786	6.19092715405e-06
787	6.1714990178e-06
788	6.15216451344e-06
789	6.13289788433e-06
790	6.11368606701e-06
791	6.09450014327e-06
792	6.07533319801e-06
793	6.05617277464e-06
794	6.03703030053e-06
795	6.01791018265e-06
796	5.99883268363e-06
797	5.97980789096e-06
798	5.96085330782e-06
799	5.94197280034e-06
800	5.92318109497e-06
801	5.90446764679e-06
802	5.88583613697e-06
803	5.86726523026e-06
804	5.8487508282e-06
805	5.83026902868e-06
806	5.81181453593e-06
807	5.7933690043e-06
808	5.77494376903e-06
809	5.75652506894e-06
810	5.73813571744e-06
811	5.71977209322e-06
812	5.70146429171e-06
813	5.6832115446e-06
814	5.66503661719e-06
815	5.64692873177e-06
816	5.62890089065e-06
817	5.61093625147e-06
818	5.59303257474e-06
819	5.5751667955e-06
820	5.55733471436e-06
821	5.53951416614e-06
822	5.5217076843e-06
823	5.50390627248e-06
824	9.9780512551e-06
825	5.51435583598e-06
826	9.99287468561e-06
827	5.5076341378e-06
828	9.94740614093e-06
829	9.94843975365e-06
830	9.95641911946e-06
831	9.95610827007e-06
832	9.93991290113e-06
833	9.91181236252e-06
834	9.87718669405e-06
835	9.84098626276e-06
836	9.8072253617e-06
837	9.77603521678e-06
838	9.74729340919e-06
839	9.7201779997e-06
840	9.69371785545e-06
841	9.66738154822e-06
842	9.64075976548e-06
843	9.61373478872e-06
844	9.5863319963e-06
845	9.55865165344e-06
846	9.53077933697e-06
847	9.50276874867e-06
848	9.4746475607e-06
849	9.44644649318e-06
850	9.41819670574e-06
851	9.38993408755e-06
852	9.36170162125e-06
853	9.33355399234e-06
854	9.3055353558e-06
855	9.27767956557e-06
856	9.24999784551e-06
857	9.22249488174e-06
858	9.19514587906e-06
859	9.16793881392e-06
860	9.14082098426e-06
861	9.11374392361e-06
862	9.08665802676e-06
863	9.05952293109e-06
864	9.03230547014e-06
865	9.00498228339e-06
866	8.9775641489e-06
867	8.95006533973e-06
868	8.92395144221e-06
869	8.89790566125e-06
870	8.87179410499e-06
871	8.84559697388e-06
872	8.81929278613e-06
873	8.79286400516e-06
874	8.7676373659e-06
875	8.74242530413e-06
876	8.71714662356e-06
877	8.69179263718e-06
878	8.66635939547e-06
879	8.64084586318e-06
880	8.61525673082e-06
881	8.59003001467e-06
882	8.56531101628e-06
883	8.54057512551e-06
884	8.5157901965e-06
885	8.49094296352e-06
886	8.46601784534e-06
887	8.44099821468e-06
888	8.41586995809e-06
889	8.39062932572e-06
890	8.3652740367e-06
891	8.3398090254e-06
892	8.31424862759e-06
893	8.28861365773e-06
894	8.26372486423e-06
895	8.23892059046e-06
896	8.21409575885e-06
897	8.18923849439e-06
898	8.16434748771e-06
899	8.13942510729e-06
900	8.11447916866e-06
901	8.08952369854e-06
902	8.06457551111e-06
903	8.03964845111e-06
904	8.01475198704e-06
905	7.98988570992e-06
906	7.96504695788e-06
907	7.94023040482e-06
908	7.91543677017e-06
909	7.89066759184e-06
910	7.86592779125e-06
911	7.84121900456e-06
912	7.81654153779e-06
913	7.79189512992e-06
914	7.76727798851e-06
915	7.74268624959e-06
916	7.71811731382e-06
917	7.69357044519e-06
918	7.66904475441e-06
919	7.64454167702e-06
920	7.62005761456e-06
921	7.59559060796e-06
922	7.57113870746e-06
923	7.54669957474e-06
924	7.52227278728e-06
925	7.49785659997e-06
926	7.47344681826e-06
927	7.4490429546e-06
928	7.42464190272e-06
929	7.40024184543e-06
930	7.37584415834e-06
931	7.35144596009e-06
932	7.32704416613e-06
933	7.30263845997e-06
934	7.27822701605e-06
935	7.25380841364e-06
936	7.22938342031e-06
937	7.20495105031e-06
938	7.18051142618e-06
939	7.15606653526e-06
940	7.13161418087e-06
941	7.10715542293e-06
942	7.08269213494e-06
943	7.0582258891e-06
944	7.03375796716e-06
945	7.00928840443e-06
946	6.98481847145e-06
947	6.96035067586e-06
948	6.9358824066e-06
949	6.91141003802e-06
950	6.8869309114e-06
951	6.86244157806e-06
952	6.83793908074e-06
953	6.81341521031e-06
954	6.78886539193e-06
955	6.76428842574e-06
956	6.73967400106e-06
957	6.7151061398e-06
958	6.69061788644e-06
959	6.66610033232e-06
960	6.64179064086e-06
961	6.61737544098e-06
962	6.59288104578e-06
963	6.56830653979e-06
964	6.54367503152e-06
965	6.51904351384e-06
966	6.49434354505e-06
967	6.46980649827e-06
968	6.44525503058e-06
969	6.42077172878e-06
970	6.3961598184e-06
971	6.37143873011e-06
972	6.34696538455e-06
973	6.32247474156e-06
974	6.29790221975e-06
975	6.27341261252e-06
976	6.24899677864e-06
977	6.22436313377e-06
978	6.19961172993e-06
979	6.17482773973e-06
980	6.15013438336e-06
981	6.12546967882e-06
982	6.10062819711e-06
983	6.07579744503e-06
984	6.05073658248e-06
985	6.02539576438e-06
986	6.00020616374e-06
987	5.97479608705e-06
988	5.94926057167e-06
989	5.92396926277e-06
990	5.89849064514e-06
991	5.8726101134e-06
992	5.84713904987e-06
993	5.82155386447e-06
994	5.79561075516e-06
995	5.77039684499e-06
996	5.74499535875e-06
997	5.71935551039e-06
998	5.69349753846e-06
999	5.66745562276e-06
1000	5.64136723668e-06
1001	5.61517881027e-06
1002	5.58878473351e-06
1003	5.56217946315e-06
1004	5.53535287881e-06
1005	5.50837734168e-06
1006	9.99141012565e-06
1007	5.5432634572e-06
1008	5.51333070035e-06
1009	9.9469321661e-06
1010	5.48549444327e-06
1011	9.90566899763e-06
1012	9.95144514145e-06
1013	5.48701297497e-06
1014	9.86486756896e-06
1015	9.85721478782e-06
1016	9.87524366257e-06
1017	9.88801106217e-06
1018	9.87882106759e-06
1019	9.84876331324e-06
1020	9.80665661144e-06
1021	9.75874252817e-06
1022	9.71087477859e-06
1023	9.66569542814e-06
1024	9.62322159802e-06
1025	9.58372123736e-06
1026	9.54427193123e-06
1027	9.50460719963e-06
1028	9.46509095212e-06
1029	9.42440743809e-06
1030	9.38428013022e-06
1031	9.34364714253e-06
1032	9.30356500082e-06
1033	9.26265391731e-06
1034	9.21945171036e-06
1035	9.17592708676e-06
1036	9.13262082533e-06
1037	9.08710205385e-06
1038	9.04107332712e-06
1039	8.9935018336e-06
1040	8.94606379003e-06
1041	8.8962515681e-06
1042	8.84673998279e-06
1043	8.79864698483e-06
1044	8.75036335441e-06
1045	8.70364295422e-06
1046	8.6600844406e-06
1047	8.61810223447e-06
1048	8.58103925258e-06
1049	8.54500198312e-06
1050	8.50919759806e-06
1051	8.4738351356e-06
1052	8.442590365e-06
1053	8.41030367845e-06
1054	8.37516072658e-06
1055	8.3447750484e-06
1056	8.31943360865e-06
1057	8.29534921627e-06
1058	8.27162611246e-06
1059	8.24824340387e-06
1060	8.23116130286e-06
1061	8.21537930453e-06
1062	8.1997228006e-06
1063	8.18930606725e-06
1064	8.17965145014e-06
1065	8.17652474447e-06
1066	8.18259445559e-06
1067	8.20126805988e-06
1068	8.2285314173e-06
1069	8.26405577559e-06
1070	8.30892792916e-06
1071	8.36356758693e-06
1072	8.43538105734e-06
1073	8.49894765534e-06
1074	8.55304931554e-06
1075	8.60419685625e-06
1076	8.65283623595e-06
1077	8.69531280662e-06
1078	8.73378982444e-06
1079	8.76837294405e-06
1080	8.7996699106e-06
1081	8.82811236836e-06
1082	8.85426543654e-06
1083	8.8784101633e-06
1084	8.90065911975e-06
1085	8.92157736341e-06
1086	8.94010180341e-06
1087	8.95728486267e-06
1088	8.9742095385e-06
1089	8.98963929087e-06
1090	9.00376060238e-06
1091	9.01652361275e-06
1092	9.02906618297e-06
1093	9.04108657958e-06
1094	9.0515117498e-06
1095	9.06194107911e-06
1096	9.07189161899e-06
1097	9.08021194842e-06
1098	9.08813560131e-06
1099	9.09706501529e-06
1100	9.1043669169e-06
1101	9.11086274593e-06
1102	9.11768815412e-06
1103	9.12446950204e-06
1104	9.1299632118e-06
1105	9.13548051666e-06
1106	9.14085788328e-06
1107	9.14494515338e-06
1108	9.14885966383e-06
1109	9.15400563372e-06
1110	9.15736403797e-06
1111	9.16109850869e-06
1112	9.16436624412e-06
1113	9.16653560917e-06
1114	9.16863775499e-06
1115	9.17144037579e-06
1116	9.17427229432e-06
1117	9.17543565603e-06
1118	9.17692739177e-06
1119	9.17805556676e-06
1120	9.1781489351e-06
1121	9.17796089748e-06
1122	9.17857821096e-06
1123	9.17930740214e-06
1124	9.17839477442e-06
1125	9.17781398561e-06
1126	9.17694157771e-06
1127	9.17513906463e-06
1128	9.17317978464e-06
1129	9.17197583564e-06
1130	9.17093965477e-06
1131	9.16837878489e-06
1132	9.16615744039e-06
1133	9.16370487184e-06
1134	9.16040610562e-06
1135	9.15694574406e-06
1136	9.15425922441e-06
1137	9.15175721378e-06
1138	9.1478276694e-06
1139	9.14425073667e-06
1140	9.14047180139e-06
1141	9.13597879285e-06
1142	9.13131504266e-06
1143	9.1274547491e-06
1144	9.12380458762e-06
1145	9.11881736424e-06
1146	9.11420889946e-06
1147	9.10921954882e-06
1148	9.10406027383e-06
1149	9.09887260489e-06
1150	9.09352104551e-06
1151	9.08837767253e-06
1152	9.08349020015e-06
1153	9.07746749733e-06
1154	9.07238017484e-06
1155	9.06609653643e-06
1156	9.06018601871e-06
1157	9.05352455003e-06
1158	9.04803133199e-06
1159	9.04153820766e-06
1160	9.03554057343e-06
1161	9.02856983983e-06
1162	9.02269044703e-06
1163	9.01585473502e-06
1164	9.00952237345e-06
1165	9.00224937829e-06
1166	8.99602032005e-06
1167	8.9888481255e-06
1168	8.98216133699e-06
1169	8.97462280606e-06
1170	8.96809488006e-06
1171	8.96063748362e-06
1172	8.95365862378e-06
1173	8.94586606514e-06
1174	8.93906912635e-06
1175	8.93135256652e-06
1176	8.92411359612e-06
1177	8.91607306104e-06
1178	8.90902464759e-06
1179	8.90108000498e-06
1180	8.89361271595e-06
1181	8.88535838194e-06
1182	8.87808035272e-06
1183	8.86993725823e-06
1184	8.86228452252e-06
1185	8.85385442926e-06
1186	8.84636800834e-06
1187	8.83828715677e-06
1188	8.82980493146e-06
1189	8.82212139855e-06
1190	8.81380898311e-06
1191	8.80522458367e-06
1192	8.79740001525e-06
1193	8.7890717269e-06
1194	8.78042476915e-06
1195	8.77249359198e-06
1196	8.76411572282e-06
1197	8.75537228162e-06
1198	8.74731674485e-06
1199	8.73884286043e-06
1200	8.72999550111e-06
1201	8.72182828239e-06
1202	8.7132475777e-06
1203	8.7043046875e-06
1204	8.69604592657e-06
1205	8.68736622904e-06
1206	8.67834001297e-06
1207	8.67000268604e-06
1208	8.66123769356e-06
1209	8.65213884387e-06
1210	8.64372971063e-06
1211	8.63489325154e-06
1212	8.62573170612e-06
1213	8.61725373243e-06
1214	8.60835767044e-06
1215	8.59914085056e-06
1216	8.59059511635e-06
1217	8.58165228825e-06
1218	8.57265678483e-06
1219	8.56302814937e-06
1220	8.55399619049e-06
1221	8.54615899311e-06
1222	8.53670144888e-06
1223	8.52739008105e-06
1224	8.51907332913e-06
1225	8.5097291086e-06
1226	8.50108739471e-06
1227	8.49157549792e-06
1228	8.48211148976e-06
1229	8.47350487547e-06
1230	8.46406821996e-06
1231	8.45554698041e-06
1232	8.44591808554e-06
1233	8.43639466931e-06
1234	8.42781432629e-06
1235	8.41835607721e-06
1236	8.40970393504e-06
1237	8.40008478198e-06
1238	8.39052389221e-06
1239	8.38185098316e-06
1240	8.37234743357e-06
1241	8.36365619452e-06
1242	8.35380735935e-06
1243	8.34489059759e-06
1244	8.33545934584e-06
1245	8.32594456221e-06
1246	8.31712265965e-06
1247	8.30760168713e-06
1248	8.29900732178e-06
1249	8.28913779109e-06
1250	8.280133512e-06
1251	8.2706606961e-06
1252	8.26110096326e-06
1253	8.25220568156e-06
1254	8.24264830338e-06
1255	8.23398583788e-06
1256	8.22411514808e-06
1257	8.21505348075e-06
1258	8.20557226382e-06
1259	8.19627234338e-06
1260	8.18653272134e-06
1261	8.17792301864e-06
1262	8.16837963907e-06
1263	8.15928403805e-06
1264	8.14969660478e-06
1265	8.14010854081e-06
1266	8.13118414139e-06
1267	8.1215987756e-06
1268	8.11286419019e-06
1269	8.10297497093e-06
1270	8.09390093518e-06
1271	8.08409337699e-06
1272	8.07518779221e-06
1273	8.06570825613e-06
1274	8.05651723794e-06
1275	8.04693223695e-06
1276	8.03813446769e-06
1277	8.02843983342e-06
1278	8.01933535829e-06
1279	8.0094634279e-06
1280	8.00052183136e-06
1281	7.99088222215e-06
1282	7.98193042828e-06
1283	7.97227484357e-06
1284	7.9633809503e-06
1285	7.95375789628e-06
1286	7.94487073029e-06
1287	7.93520248539e-06
1288	7.92629437796e-06
1289	7.91661221715e-06
1290	7.90768167564e-06
1291	7.89798886487e-06
1292	7.88904404174e-06
1293	7.87936397933e-06
1294	7.87042759336e-06
1295	7.86077248794e-06
1296	7.85184911038e-06
1297	7.84222257538e-06
1298	7.83331202622e-06
1299	7.82370099946e-06
1300	7.81479659001e-06
1301	7.80519549841e-06
1302	7.79629456729e-06
1303	7.78670282196e-06
1304	7.77780315761e-06
1305	7.76822157303e-06
1306	7.75932516446e-06
1307	7.74975601883e-06
1308	7.74086487645e-06
1309	7.73130968248e-06
1310	7.72242613587e-06
1311	7.712976558e-06
1312	7.70406467876e-06
1313	7.69452802099e-06
1314	7.68562825272e-06
1315	7.67603466408e-06
1316	7.66726047886e-06
1317	7.65780119302e-06
1318	7.64897809159e-06
1319	7.6398432517e-06
1320	7.6302735179e-06
1321	7.62127864907e-06
1322	7.61173834392e-06
1323	7.60293577258e-06
1324	7.59392494609e-06
1325	7.58455660426e-06
1326	7.57563323918e-06
1327	7.56649455336e-06
1328	7.55711527864e-06
1329	7.54827491288e-06
1330	7.53921563141e-06
1331	7.5299287761e-06
1332	7.52110610731e-06
1333	7.51205561828e-06
1334	7.50275270607e-06
1335	7.49395671602e-06
1336	7.48492872816e-06
1337	7.47563427936e-06
1338	7.46683958247e-06
1339	7.45781645007e-06
1340	7.448530435e-06
1341	7.43975010789e-06
1342	7.43074868726e-06
1343	7.42149445678e-06
1344	7.41273334129e-06
1345	7.40375188988e-06
1346	7.39452655175e-06
1347	7.38578835494e-06
1348	7.37682974521e-06
1349	7.36763497734e-06
1350	7.35891795642e-06
1351	7.34998052851e-06
1352	7.34081479245e-06
1353	7.33211837517e-06
1354	7.32320310499e-06
1355	7.31406823684e-06
1356	7.30539271521e-06
1357	7.29650039695e-06
1358	7.28739726101e-06
1359	7.27874418222e-06
1360	7.26987605205e-06
1361	7.26080450878e-06
1362	7.25217433963e-06
1363	7.24332992286e-06
1364	7.23428894482e-06
1365	7.22568166796e-06
1366	7.21686061477e-06
1367	7.20784742656e-06
1368	7.19926230352e-06
1369	7.19046403085e-06
1370	7.1814782701e-06
1371	7.17291570624e-06
1372	7.16414062401e-06
1373	7.15518246072e-06
1374	7.14664214991e-06
1375	7.13789058024e-06
1376	7.1289612695e-06
1377	7.12044432212e-06
1378	7.11171727382e-06
1379	7.10281816739e-06
1380	7.0943246672e-06
1381	7.08562235109e-06
1382	7.07675474868e-06
1383	7.06828537544e-06
1384	7.0596085011e-06
1385	7.05077302938e-06
1386	7.04232813082e-06
1387	7.03367656151e-06
1388	7.02501812259e-06
1389	7.01627441642e-06
1390	7.00774229238e-06
1391	6.99912689112e-06
1392	6.9905358566e-06
1393	6.98192161015e-06
1394	6.9734749831e-06
1395	6.96490878905e-06
1396	6.9563620221e-06
1397	6.9477524732e-06
1398	6.93933535243e-06
1399	6.93079011046e-06
1400	6.92226148685e-06
1401	6.913658721e-06
1402	6.90526329542e-06
1403	6.89674997204e-06
1404	6.88825453805e-06
1405	6.87969666969e-06
1406	6.87133694445e-06
1407	6.86286307319e-06
1408	6.85440721698e-06
1409	6.8459041998e-06
1410	6.83758500244e-06
1411	6.82914977246e-06
1412	6.82073423439e-06
1413	6.81227972988e-06
1414	6.80399643542e-06
1415	6.79559695109e-06
1416	6.78721891567e-06
1417	6.77880468998e-06
1418	6.77055562076e-06
1419	6.76219188876e-06
1420	6.75385028538e-06
1421	6.74547409858e-06
1422	6.73726021316e-06
1423	6.72893283217e-06
1424	6.72062810956e-06
1425	6.71228851797e-06
1426	6.70399292718e-06
1427	6.69580133112e-06
1428	6.68753070863e-06
1429	6.67930501973e-06
1430	6.67104913567e-06
1431	6.66284056269e-06
1432	6.65470989832e-06
1433	6.64647758538e-06
1434	6.63828647789e-06
1435	6.6300603895e-06
1436	6.6218582336e-06
1437	6.61376109622e-06
1438	6.60556721171e-06
1439	6.59741619929e-06
1440	6.58923419854e-06
1441	6.58108375778e-06
1442	6.57303363894e-06
1443	6.56489031785e-06
1444	6.55679041363e-06
1445	6.54866005876e-06
1446	6.54051286787e-06
1447	6.53249273953e-06
1448	6.52449361012e-06
1449	6.51644376145e-06
1450	6.50843563189e-06
1451	6.50038817335e-06
1452	6.49230409836e-06
1453	6.48420765458e-06
1454	6.47614987043e-06
1455	6.46815155191e-06
1456	6.46021302313e-06
1457	6.45231745246e-06
1458	6.44488098645e-06
1459	6.43693701572e-06
1460	6.42888616793e-06
1461	6.42090715935e-06
1462	6.41287861136e-06
1463	6.40479867906e-06
1464	6.39669996677e-06
1465	6.38864234549e-06
1466	6.38065510781e-06
1467	6.37274275831e-06
1468	6.36489110424e-06
1469	6.35708529426e-06
1470	6.34931233766e-06
1471	6.34156425919e-06
1472	6.33383401967e-06
1473	6.32611509023e-06
1474	6.31840066384e-06
1475	6.31111994315e-06
1476	6.30332773033e-06
1477	6.29538556258e-06
1478	6.2875187501e-06
1479	6.27960806859e-06
1480	6.27165734375e-06
1481	6.26369684629e-06
1482	6.25578395815e-06
1483	6.2479446978e-06
1484	6.24018396663e-06
1485	6.23248704799e-06
1486	6.22483817639e-06
1487	6.217224076e-06
1488	6.20963630778e-06
1489	6.20206805281e-06
1490	6.19451365491e-06
1491	6.18696641831e-06
1492	6.17942104007e-06
1493	6.1718734988e-06
1494	6.16432160094e-06
1495	6.15716591112e-06
1496	6.14953920258e-06
1497	6.14178804919e-06
1498	6.13410584943e-06
1499	6.12637718041e-06
1500	6.11861286294e-06
1501	6.11083940469e-06
1502	6.10311561451e-06
1503	6.09546046909e-06
1504	6.08788252223e-06
1505	6.08037288598e-06
1506	6.07290822862e-06
1507	6.06547438089e-06
1508	6.05806417262e-06
1509	6.05067225987e-06
1510	6.04329556366e-06
1511	6.03593005899e-06
1512	6.02857134926e-06
1513	6.02121557842e-06
1514	6.0138597736e-06
1515	6.00691571883e-06
1516	5.99950387485e-06
1517	5.99196557249e-06
1518	5.98448613079e-06
1519	5.97695113818e-06
1520	5.96937632442e-06
1521	5.96179264677e-06
1522	5.95425888709e-06
1523	5.94679901786e-06
1524	5.93941500407e-06
1525	5.93209079223e-06
1526	5.92481075777e-06
1527	5.91756256466e-06
1528	5.91033872657e-06
1529	5.90313441524e-06
1530	5.89594502973e-06
1531	5.88876493501e-06
1532	5.88158938162e-06
1533	5.87441444227e-06
1534	5.86723760434e-06
1535	5.86005797338e-06
1536	5.85276201157e-06
1537	5.8456482242e-06
1538	5.83842020842e-06
1539	5.83131057728e-06
1540	5.82416312181e-06
1541	5.81695139014e-06
1542	5.80971152401e-06
1543	5.80244911547e-06
1544	5.79519601261e-06
1545	5.78796455483e-06
1546	5.78076544804e-06
1547	5.77360444576e-06
1548	5.76648263552e-06
1549	5.75929316858e-06
1550	5.75228984706e-06
1551	5.74521570111e-06
1552	5.73823306934e-06
1553	5.73122486489e-06
1554	5.72417127464e-06
1555	5.71709980033e-06
1556	5.71001794263e-06
1557	5.70294861941e-06
1558	5.6959012988e-06
1559	5.68888653893e-06
1560	5.68190298036e-06
1561	5.67494779923e-06
1562	5.66801324788e-06
1563	5.66109248666e-06
1564	5.65417869204e-06
1565	5.64726740703e-06
1566	5.64035571093e-06
1567	5.63344308309e-06
1568	5.62652452561e-06
1569	5.61952286508e-06
1570	5.61267003188e-06
1571	5.60580773384e-06
1572	5.59891928413e-06
1573	5.59194344934e-06
1574	5.5850676676e-06
1575	5.57818528546e-06
1576	5.57128748414e-06
1577	5.56439163066e-06
1578	5.55749911738e-06
1579	5.55062387039e-06
1580	5.54376893951e-06
1581	5.53693975149e-06
1582	5.53013468853e-06
1583	5.52335201429e-06
1584	5.51658735676e-06
1585	5.50983774811e-06
1586	5.50304289893e-06
1587	5.49635263365e-06
1588	5.48966226659e-06
1589	5.48295562634e-06
1590	5.47623946691e-06
1591	9.98783918893e-06
1592	5.59832885918e-06
