1	0
2	0
3	0
4	0
5	0
6	0
7	0
8	0
9	1
10	1
11	1
12	1
13	1
14	1
15	1
16	1
17	1
18	1
19	2
20	2
21	2
22	2
23	2
24	2
25	2
26	2
27	2
28	3
29	3
30	3
31	3
32	3
33	3
34	3
35	3
36	3
37	3
38	4
39	4
40	4
41	4
42	4
43	4
44	4
45	4
46	4
47	4
48	5
49	5
50	5
51	5
52	5
53	5
54	5
55	5
56	5
57	5
58	6
59	6
60	6
61	6
62	6
63	6
64	6
65	6
66	6
67	6
68	6
69	7
70	7
71	7
72	7
73	7
74	7
75	7
76	7
77	7
78	7
79	8
80	8
81	8
82	8
83	8
84	8
85	8
86	8
87	8
88	8
89	8
90	9
91	9
92	9
93	9
94	9
95	9
96	9
97	9
98	9
99	9
100	10
101	10
102	10
103	10
104	10
105	10
106	10
107	10
108	10
109	10
110	11
111	11
112	11
113	11
114	11
115	11
116	11
117	11
118	11
119	11
120	11
121	12
122	12
123	12
124	12
125	12
126	12
127	12
128	12
129	12
130	12
131	13
132	13
133	13
134	13
135	13
136	13
137	13
138	13
139	13
140	13
141	13
142	14
143	14
144	14
145	14
146	14
147	14
148	14
149	14
150	14
151	14
152	14
153	15
154	15
155	15
156	15
157	15
158	15
159	15
160	15
161	15
162	15
163	16
164	16
165	16
166	16
167	16
168	16
169	16
170	16
171	16
172	16
173	16
174	17
175	17
176	17
177	17
178	17
179	17
180	17
181	17
182	17
183	17
184	17
185	18
186	18
187	18
188	18
189	18
190	18
191	18
192	18
193	18
194	18
195	19
196	19
197	19
198	19
199	19
200	19
201	19
202	19
203	19
204	19
205	20
206	20
207	20
208	20
209	20
210	20
211	20
212	20
213	20
214	20
215	20
216	21
217	21
218	21
219	21
220	21
221	21
222	21
223	21
224	21
225	21
226	21
227	22
228	22
229	22
230	22
231	22
232	22
233	22
234	22
235	22
236	22
237	23
238	23
239	23
240	23
241	23
242	23
243	23
244	23
245	24
246	24
247	24
248	24
249	24
250	24
251	24
252	24
253	24
254	25
255	25
256	25
257	25
258	25
259	25
260	25
261	25
262	25
263	25
264	26
265	26
266	26
267	26
268	26
269	26
270	26
271	26
272	26
273	26
274	27
275	27
276	27
277	27
278	27
279	27
280	27
281	27
282	27
283	28
284	28
285	28
286	28
287	28
288	28
289	28
290	28
291	28
292	28
293	29
294	29
295	29
296	29
297	29
298	29
299	29
300	29
301	29
302	29
303	30
304	30
305	30
306	30
307	30
308	30
309	30
310	30
311	30
312	30
313	30
314	31
315	31
316	31
317	31
318	31
319	31
320	31
321	31
322	31
323	31
324	32
325	32
326	32
327	32
328	32
329	32
330	32
331	32
332	32
333	32
334	33
335	33
336	33
337	33
338	33
339	33
340	33
341	33
342	33
343	33
344	33
345	34
346	34
347	34
348	34
349	34
350	34
351	34
352	34
353	34
354	34
355	34
356	35
357	35
358	35
359	35
360	35
361	35
362	35
363	35
364	35
365	35
366	36
367	36
368	36
369	36
370	36
371	36
372	36
373	36
374	36
375	36
376	37
377	37
378	37
379	37
380	37
381	37
382	37
383	37
384	37
385	37
386	37
387	38
388	38
389	38
390	38
391	38
392	38
393	38
394	38
395	38
396	39
397	39
398	39
399	39
400	39
401	39
402	39
403	39
404	39
405	39
406	40
407	40
408	40
409	40
410	40
411	40
412	40
413	40
414	40
415	40
416	41
417	41
418	41
419	41
420	41
421	41
422	41
423	41
424	41
425	41
426	42
427	42
428	42
429	42
430	42
431	42
432	42
433	42
434	42
435	43
436	43
437	43
438	43
439	43
440	43
441	43
442	43
443	44
444	44
445	44
446	44
447	44
448	44
449	44
450	44
451	44
452	44
453	45
454	45
455	45
456	45
457	45
458	45
459	45
460	45
461	45
462	45
463	46
464	46
465	46
466	46
467	46
468	46
469	46
470	46
471	46
472	46
473	47
474	47
475	47
476	47
477	47
478	47
479	47
480	47
481	47
482	47
483	48
484	48
485	48
486	48
487	48
488	48
489	48
490	48
491	48
492	48
493	49
494	49
495	49
496	49
497	49
498	49
499	49
500	49
501	49
502	49
503	50
504	50
505	50
506	50
507	50
508	50
509	50
510	50
511	50
512	50
513	51
514	51
515	51
516	51
517	51
518	51
519	51
520	51
521	51
522	52
523	52
524	52
525	52
526	52
527	52
528	52
529	52
530	52
531	53
532	53
533	53
534	53
535	53
536	53
537	53
538	53
539	53
540	53
541	54
542	54
543	54
544	54
545	54
546	54
547	54
548	54
549	54
550	55
551	55
552	55
553	55
554	55
555	55
556	55
557	55
558	55
559	56
560	56
561	56
562	56
563	56
564	56
565	56
566	56
567	56
568	56
569	57
570	57
571	57
572	57
573	57
574	57
575	57
576	57
577	57
578	57
579	58
580	58
581	58
582	58
583	58
584	58
585	58
586	58
587	58
588	58
589	59
590	59
591	59
592	59
593	59
594	59
595	59
596	59
597	59
598	59
599	60
600	60
601	60
602	60
603	60
604	60
605	60
606	60
607	61
608	61
609	61
610	61
611	61
612	61
613	61
614	61
615	61
616	62
617	62
618	62
619	62
620	62
621	62
622	62
623	62
624	62
625	62
626	63
627	63
628	63
629	63
630	63
631	63
632	63
633	63
634	63
635	64
636	64
637	64
638	64
639	64
640	64
641	64
642	64
643	64
644	64
645	65
646	65
647	65
648	65
649	65
650	65
651	65
652	65
653	65
654	66
655	66
656	66
657	66
658	66
659	66
660	66
661	66
662	66
663	66
664	67
665	67
666	67
667	67
668	67
669	67
670	67
671	67
672	67
673	67
674	68
675	68
676	68
677	68
678	68
679	68
680	68
681	68
682	68
683	68
684	69
685	69
686	69
687	69
688	69
689	69
690	69
691	69
692	69
693	69
694	70
695	70
696	70
697	70
698	70
699	70
700	70
701	70
702	70
703	71
704	71
705	71
706	71
707	71
708	71
709	71
710	71
711	71
712	72
713	72
714	72
715	72
716	72
717	72
718	72
719	72
720	72
721	73
722	73
723	73
724	73
725	73
726	73
727	73
728	73
729	73
730	73
731	74
732	74
733	74
734	74
735	74
736	74
737	74
738	74
739	74
740	75
741	75
742	75
743	75
744	75
745	75
746	75
747	75
748	75
749	75
750	75
751	76
752	76
753	76
754	76
755	76
756	76
757	76
758	76
759	76
760	76
761	77
762	77
763	77
764	77
765	77
766	77
767	77
768	77
769	77
770	78
771	78
772	78
773	78
774	78
775	78
776	78
777	78
778	78
779	78
780	78
781	79
782	79
783	79
784	79
785	79
786	79
787	79
788	79
789	79
790	80
791	80
792	80
793	80
794	80
795	80
796	80
797	80
798	80
799	80
800	81
801	81
802	81
803	81
804	81
805	81
806	81
807	81
808	82
809	82
810	82
811	82
812	82
813	82
814	82
815	82
816	82
817	82
818	83
819	83
820	83
821	83
822	83
823	83
824	83
825	83
826	83
827	84
828	84
829	84
830	84
831	84
832	84
833	84
834	84
835	84
836	84
837	85
838	85
839	85
840	85
841	85
842	85
843	85
844	85
845	86
846	86
847	86
848	86
849	86
850	86
851	86
852	86
853	86
854	87
855	87
856	87
857	87
858	87
859	87
860	87
861	87
862	87
863	88
864	88
865	88
866	88
867	88
868	88
869	88
870	88
871	88
872	89
873	89
874	89
875	89
876	89
877	89
878	89
879	89
880	89
881	89
882	90
883	90
884	90
885	90
886	90
887	90
888	90
889	90
890	90
891	90
892	90
893	91
894	91
895	91
896	91
897	91
898	91
899	91
900	91
901	92
902	92
903	92
904	92
905	92
906	92
