1	-7.71368774252e-06
2	0.043016156894
3	0.0742955376338
4	0.127899571303
5	0.261060009663
6	0.156512949276
7	0.124585700756
8	0.107364645144
9	0.102660601427
10	0.129214964045
11	0.164557435392
12	0.17155040382
13	0.174615090946
14	0.191330256031
15	0.189911902484
16	0.180296371144
17	0.179157349809
18	0.178391611983
19	0.178025762212
20	0.174766983547
21	0.175583279559
22	0.176885831352
23	0.178044164653
24	0.179734472852
25	0.180122559454
26	0.180125546176
27	0.178930488489
28	0.177904061779
29	0.177676975164
30	0.176886428895
31	0.17648660052
32	0.176400198276
33	0.176488830753
34	0.17714722092
35	0.177702914275
36	0.177526437676
37	0.177468560433
38	0.177200179691
39	0.176929658808
40	0.176823285273
41	0.176765782854
42	0.176505741323
43	0.176205898836
44	0.176007111225
45	0.175926409883
46	0.17588408243
47	0.175931321629
48	0.17600868542
49	0.176154696837
50	0.176253681588
51	0.176343151006
52	0.176349284693
53	0.176383236126
54	0.176471768968
55	0.176570486998
56	0.176632002699
57	0.176657473047
58	0.176686824796
59	0.176744717767
60	0.176804557037
61	0.17690303937
62	0.176962737833
63	0.176976398253
64	0.176988848903
65	0.177022314847
66	0.176932011452
67	0.176939988788
68	0.176957359626
69	0.176926532125
70	0.176954118577
71	0.176952669426
72	0.176959428786
73	0.176957798299
74	0.176921753782
75	0.176896246857
76	0.176907498018
77	0.176946828304
78	0.176948602081
79	0.176936528544
80	0.17693660825
81	0.176944013473
82	0.17695272029
83	0.176956188824
84	0.176966719278
85	0.176988992981
86	0.177017795724
87	0.177026856655
88	0.177040375867
89	0.177061715244
90	0.177087279762
91	0.177098987174
92	0.177113855074
93	0.17711926977
94	0.177113146538
95	0.177110974612
96	0.177115148492
97	0.177111827916
98	0.177112500109
99	0.177132228217
100	0.177155242617
101	0.177168536654
102	0.177189863283
103	0.177209816295
104	0.17723094965
105	0.177252390956
106	0.177272244344
107	0.177291465701
108	0.177305707864
109	0.177323017839
110	0.177335468063
111	0.177346124448
112	0.177359464525
113	0.177368830322
114	0.17737599261
115	0.177382300102
116	0.177389087475
117	0.177395833431
118	0.17740551771
119	0.177414125153
120	0.177421622232
121	0.17742881607
122	0.177434967922
123	0.177440562208
124	0.177445989452
125	0.177451146289
126	0.177457665591
127	0.177462677022
128	0.177466358482
129	0.177469623034
130	0.177472614929
131	0.17747565567
132	0.177478600065
133	0.177481242662
134	0.177483552556
135	0.177485646673
136	0.177487507048
137	0.177489087413
138	0.177490332118
139	0.177491360852
140	0.177492163725
141	0.177493013897
142	0.177493524423
143	0.177493758869
144	0.177493979887
145	0.177494371866
146	0.177494483698
147	0.177494411975
148	0.177494084438
149	0.177493987534
150	0.177493947683
151	0.177493874917
152	0.177493572945
153	0.177493373666
154	0.17749294522
155	0.177492276994
156	0.177491516431
157	0.177490784618
158	0.177490003329
159	0.177489128411
160	0.177488199964
161	0.177487404601
162	0.177486477729
163	0.177485492718
164	0.177484422951
165	0.177483124047
166	0.177481797235
167	0.177479861343
168	0.177477777788
169	0.17747570987
170	0.177473792082
171	0.177472660828
172	0.177471512172
173	0.177470403469
174	0.177469265233
175	0.177467914569
176	0.177466436346
177	0.177465261613
178	0.177464101358
179	0.177463149279
180	0.177462265562
181	0.177461323214
182	0.177460510747
183	0.177459806751
184	0.177459180548
185	0.177458649632
186	0.177458171688
187	0.177457707448
188	0.177457288145
189	0.177456830047
190	0.177456331328
191	0.177455981609
192	0.177455710182
193	0.177455486178
194	0.177455543076
195	0.177455414256
196	0.177455270683
197	0.177455039925
198	0.177454891073
199	0.17745475172
200	0.177454474538
201	0.177454175072
202	0.177453896949
203	0.177453790525
204	0.177453581523
205	0.177453311767
206	0.177453027417
207	0.177452782133
208	0.177452579415
209	0.177452374319
210	0.177452144193
211	0.177451899916
212	0.177451662238
213	0.1774516877
214	0.177451490043
215	0.177451318258
216	0.17745117013
217	0.177451053435
218	0.177451499953
219	0.17745193076
220	0.177452372659
221	0.177452193937
222	0.177452615638
223	0.177452326101
224	0.177452007144
225	0.17745172146
226	0.177451488857
227	0.177451296488
228	0.177451129758
229	0.17745100208
230	0.177451389354
231	0.17745143079
232	0.177451912152
233	0.177452398297
234	0.177452884507
235	0.177452858357
236	0.177452704085
237	0.17745250201
238	0.177452297665
239	0.1774521078
240	0.177451935167
241	0.177451837475
242	0.177451950635
243	0.177452486327
244	0.177453047927
245	0.17745312789
246	0.177453187653
247	0.177453321728
248	0.177453463769
249	0.177453553316
250	0.17745359544
251	0.177453648518
252	0.177454195829
253	0.177455109805
254	0.177455893836
255	0.177456422854
256	0.177456549585
257	0.177456857546
258	0.177457168614
259	0.17745736257
260	0.177457451148
261	0.177457966954
262	0.177458977585
263	0.177459742281
264	0.177460496953
265	0.177460666157
266	0.177460918283
267	0.177461557662
268	0.177461561756
269	0.177462025926
270	0.177463173256
271	0.177463819762
272	0.177463834618
273	0.177463776017
274	0.177463714075
275	0.177463656399
276	0.177464169949
277	0.177464743748
278	0.17746508042
279	0.177465048294
280	0.177464682108
281	0.177464455454
282	0.177464434322
283	0.177464729445
284	0.177464914536
285	0.177464900204
286	0.177464548867
287	0.177464291376
288	0.177464667488
289	0.177464405402
290	0.177464783368
291	0.177465003733
292	0.177465225703
293	0.177465528561
294	0.17746591896
295	0.177466206412
296	0.17746638575
297	0.177466641569
298	0.177466833951
299	0.17746702286
300	0.177467209914
301	0.177467404604
302	0.177466922855
303	0.177467197126
304	0.177467412268
305	0.177467594199
306	0.177467791634
307	0.177467994536
308	0.177467414792
309	0.177467574799
310	0.177467737993
311	0.177467162533
312	0.177466922353
313	0.177467008324
314	0.177467334062
315	0.177467817595
316	0.177468410187
317	0.177468960696
318	0.177469552846
319	0.177470164386
320	0.177470784809
321	0.177471406707
322	0.177472027716
323	0.177472648942
324	0.177473259098
325	0.177473852217
326	0.177474421701
327	0.177474959499
328	0.177475457848
329	0.177476162328
330	0.177476629412
331	0.177477040978
332	0.177477642286
333	0.177477993801
334	0.177478537452
335	0.177478824493
336	0.177479262704
337	0.177479664258
338	0.177480032828
339	0.177480349287
340	0.177480574034
341	0.177480665198
342	0.17748061372
343	0.177480453496
344	0.177480158276
345	0.177479690098
346	0.177479056918
347	0.177478487654
348	0.177477936694
349	0.177477428356
350	0.177476968298
351	0.177476422582
352	0.177475794855
353	0.177475193183
354	0.177474602872
355	0.177473940727
356	0.177473179337
357	0.177473202242
358	0.177473624029
359	0.177473932456
360	0.177474139422
361	0.177474354212
362	0.177474769306
363	0.177474964673
364	0.177475375015
365	0.177475790895
366	0.177476204031
367	0.177476603743
368	0.17747699629
369	0.177477363955
370	0.177477707518
371	0.177478028558
372	0.17747832684
373	0.177478564191
374	0.177478730686
375	0.177478842306
376	0.177478919805
377	0.177478971658
378	0.177479013056
379	0.177479079387
380	0.177479167535
381	0.17747927468
382	0.177479400897
383	0.177479549727
384	0.177479724482
385	0.177479935096
386	0.177480189776
387	0.177480495758
388	0.177480806589
389	0.177481154883
390	0.177481616518
391	0.177482119261
392	0.177482586936
393	0.177483148784
394	0.177483678946
395	0.17748422243
396	0.177484828312
397	0.177485386008
398	0.177485931168
399	0.177486460815
400	0.177486975192
401	0.177487472379
402	0.177486800815
403	0.177486330893
404	0.177486166171
405	0.177486047581
406	0.177486058537
407	0.177486280558
408	0.177486395756
409	0.17748651064
410	0.177486610172
411	0.177486788687
412	0.177486974844
413	0.177487078724
414	0.1774871692
415	0.177487347214
416	0.177487434864
417	0.177487511358
418	0.177487575691
419	0.177487627182
420	0.177487666992
421	0.1774876967
422	0.177487718597
423	0.17748773491
424	0.177487747594
425	0.177487758946
426	0.177487767134
427	0.177487775069
428	0.177487909357
429	0.177487930121
430	0.177487941257
431	0.177487937664
432	0.177487915368
433	0.177487872344
434	0.177487954617
435	0.177487860089
436	0.177488060347
437	0.177488190553
438	0.17748867676
439	0.17748812598
440	0.177488555094
441	0.177488850708
442	0.177489144267
443	0.177489417743
444	0.177489686137
445	0.177489964135
446	0.177490255797
447	0.177490640585
448	0.17749095346
449	0.177491259218
450	0.177491555364
451	0.177491843532
452	0.177492129139
453	0.177492415336
454	0.177492698724
455	0.177492982721
456	0.177493266621
457	0.177493549313
458	0.177493828622
459	0.1774941025
460	0.177494367789
461	0.177494624791
462	0.177494872256
463	0.177495108425
464	0.177495331565
465	0.177495542444
466	0.17749574253
467	0.177495934431
468	0.177496125086
469	0.177496319363
470	0.177496520595
471	0.177496729426
472	0.17749694502
473	0.177497164816
474	0.177497385339
475	0.17749759969
476	0.177497810716
477	0.177498017737
478	0.17749821818
479	0.177498411988
480	0.177498596437
481	0.177498773872
482	0.177498944647
483	0.177499111643
484	0.177499277572
485	0.177499444509
486	0.1774996144
487	0.177499787865
488	0.177499963388
489	0.177500140541
490	0.177500310765
491	0.177500476883
492	0.177500637712
493	0.177500794227
494	0.177500949187
495	0.177501104013
496	0.177501271726
497	0.177501428205
498	0.177501585806
499	0.177501743639
500	0.177501920229
501	0.17750207689
502	0.177502230961
503	0.177502404772
504	0.177502562588
505	0.177502722603
506	0.177502885999
507	0.177503052295
508	0.177503222139
509	0.177503397022
510	0.177503580245
511	0.17750377597
512	0.177503991267
513	0.177504040501
514	0.177504264947
515	0.177504315694
516	0.177504396882
517	0.17750444586
518	0.177504528602
519	0.177504577139
520	0.177504655181
521	0.177504701713
522	0.177504775261
523	0.177504821825
524	0.177504892029
525	0.177504937008
526	0.177505004325
527	0.177505049057
528	0.177505113582
529	0.177505157509
530	0.177505219934
531	0.177505263978
532	0.177505324677
533	0.17750536856
534	0.177505427401
535	0.177505471301
536	0.177505528204
537	0.177505572123
538	0.177505627058
539	0.17750567109
540	0.177505724045
541	0.177505768195
542	0.177505819252
543	0.177505863667
544	0.177505913242
545	0.177505958086
546	0.177506006312
547	0.177506051201
548	0.177506097739
549	0.177506142035
550	0.177506186918
551	0.177506230434
552	0.177506273925
553	0.177506316497
554	0.177506358754
555	0.177506400382
556	0.177506441601
557	0.177506482309
558	0.177506522539
559	0.177506562151
560	0.177506601199
561	0.177506639746
562	0.177506677888
563	0.177506715633
564	0.177506752968
565	0.17750678988
566	0.177506826352
567	0.177506862376
568	0.177506897956
569	0.177506933107
570	0.177506967856
571	0.177507002208
572	0.177507036192
573	0.177507069809
574	0.177507103071
575	0.177507135988
576	0.17750716857
577	0.177507200826
578	0.17750723279
579	0.177507264348
580	0.177507295466
581	0.177507326826
582	0.1775073578
583	0.177507388646
584	0.177507418745
585	0.177507448885
586	0.177507478828
587	0.177507508164
588	0.177507537184
589	0.177507565993
590	0.177507594557
591	0.177507622882
592	0.177507651178
593	0.177507679048
594	0.177507706983
595	0.177507734357
596	0.177507761392
597	0.177507788189
598	0.177507815186
599	0.177507840974
600	0.177507867306
601	0.177507894593
602	0.177507920337
603	0.177507946395
604	0.177507972135
605	0.177507997392
606	0.177508015664
607	0.177508040242
608	0.17750805808
609	0.177508082178
610	0.177508099547
611	0.177508123128
612	0.177508140061
613	0.177508157142
614	0.177508180104
615	0.177508196484
616	0.177508212878
617	0.177508229144
618	0.177508251482
619	0.17750826707
620	0.177508282644
621	0.177508304247
622	0.177508319273
623	0.177508340355
624	0.177508354932
625	0.177508375562
626	0.177508389791
627	0.177508410007
628	0.177508429945
629	0.177508443616
630	0.177508463221
631	0.177508482619
632	0.177508501792
633	0.177508520756
634	0.177508539546
635	0.177508558176
636	0.177508576649
637	0.177508594954
638	0.177508613112
639	0.177508631261
640	0.177508649144
641	0.177508666871
642	0.177508684446
643	0.177508701868
644	0.177508719238
645	0.177508736493
646	0.177508753613
647	0.177508770598
648	0.17750878745
649	0.177508804172
650	0.177508820763
651	0.177508837226
652	0.177508853565
653	0.177508869779
654	0.177508885871
655	0.177508901845
656	0.177508917703
657	0.177508933451
658	0.177508949094
659	0.177508964627
660	0.177508980063
661	0.177508995404
662	0.177509010654
663	0.177509025812
664	0.177509040873
665	0.177509055838
666	0.177509070709
667	0.177509085489
668	0.177509100181
669	0.177509114787
670	0.177509129307
671	0.177509143738
672	0.177509158081
673	0.177509172339
674	0.177509186515
675	0.177509200612
676	0.177509214633
677	0.177509228578
678	0.177509242449
679	0.177509256246
680	0.177509269989
681	0.177509283652
682	0.177509297261
683	0.177509310794
684	0.177509324248
685	0.17750933762
686	0.177509350909
687	0.177509364114
688	0.177509377237
689	0.177509390277
690	0.177509403234
691	0.177509416103
692	0.177509428855
693	0.177509441523
694	0.177509454104
695	0.177509466597
696	0.177509479
697	0.17750949131
698	0.17750950376
699	0.177509516041
700	0.177509517221
701	0.177509500901
702	0.177509495079
703	0.177509490279
704	0.177509493284
705	0.177509504124
706	0.177509511829
707	0.177509519957
708	0.177509526897
709	0.177509533346
710	0.177509544005
711	0.177509554095
712	0.177509562846
713	0.177509572006
714	0.177509580678
715	0.177509590026
716	0.17750959982
717	0.177509609866
718	0.177509619931
719	0.177509629807
720	0.177509639707
721	0.17750964937
722	0.177509658594
723	0.177509667635
724	0.177509676527
725	0.177509685314
726	0.177509694032
727	0.1775097027
728	0.177509711324
729	0.177509719893
730	0.177509728392
731	0.177509736803
732	0.177509745113
733	0.177509753312
734	0.17750976137
735	0.177509768549
736	0.177509775626
737	0.177509782633
738	0.177509789571
739	0.177509796474
740	0.177509803339
741	0.177509810958
742	0.177509817934
743	0.177509825595
744	0.177509833361
745	0.177509840168
746	0.17750984765
747	0.17750985516
748	0.177509862692
749	0.177509870216
750	0.1775098777
751	0.177509885123
752	0.177509892474
753	0.17750989975
754	0.177509908797
755	0.177509916494
756	0.177509922804
757	0.177509928929
758	0.177509937788
759	0.177509944051
760	0.177509953079
761	0.177509959358
762	0.177509968416
763	0.177509977558
764	0.177509983815
765	0.177509992693
766	0.17751000168
767	0.177510010772
768	0.177510019914
769	0.177510029042
770	0.177510038106
771	0.177510047074
772	0.177510055928
773	0.177510064658
774	0.177510073261
775	0.177510081571
776	0.177510089704
777	0.177510097689
778	0.177510105544
779	0.177510113299
780	0.177510120972
781	0.177510128569
782	0.177510136083
783	0.177510143501
784	0.177510150692
785	0.177510158115
786	0.177510165276
787	0.177510172633
788	0.177510179661
789	0.177510186664
790	0.177510193627
791	0.177510200524
792	0.177510207323
793	0.177510213992
794	0.177510220501
795	0.177510229579
796	0.177510236379
797	0.177510245927
798	0.177510252635
799	0.177510262107
800	0.177510268599
801	0.177510277575
802	0.177510286314
803	0.177510295156
804	0.177510304019
805	0.177510312857
806	0.177510321585
807	0.177510330102
808	0.177510338294
809	0.177510345798
810	0.177510352647
811	0.177510358561
812	0.177510363333
813	0.177510366988
814	0.1775103691
815	0.177510369274
816	0.177510367657
817	0.177510364327
818	0.177510363287
819	0.177510362471
820	0.177510359012
821	0.177510355146
822	0.177510354357
823	0.177510351044
824	0.177510347338
825	0.177510346483
826	0.17751034272
827	0.177510341801
828	0.177510337778
829	0.177510336639
830	0.177510335728
831	0.177510335053
832	0.177510331173
833	0.177510330021
834	0.177510328935
835	0.177510327944
836	0.177510327019
837	0.177510326109
838	0.177510325187
839	0.177510324182
840	0.177510323042
841	0.177510321796
842	0.17751032044
843	0.177510318981
844	0.177510317432
845	0.177510315804
846	0.177510314109
847	0.177510312397
848	0.177510310637
849	0.177510308799
850	0.17751030724
851	0.177510305659
852	0.177510304208
853	0.177510302609
854	0.177510298693
855	0.177510296933
856	0.177510295205
857	0.17751029354
858	0.177510291906
859	0.177510290256
860	0.177510288583
861	0.177510286841
862	0.177510285022
863	0.177510283128
864	0.17751028117
865	0.177510279158
866	0.177510275529
867	0.177510271826
868	0.177510268003
869	0.177510264095
870	0.177510260127
871	0.177510256548
872	0.177510252684
873	0.177510248775
874	0.177510245164
875	0.177510241609
876	0.177510237706
877	0.177510234041
878	0.177510230374
879	0.177510226703
880	0.177510223015
881	0.177510219293
882	0.177510215529
883	0.177510214145
884	0.177510210352
885	0.177510206589
886	0.17751020514
887	0.17751020152
888	0.177510200118
889	0.177510196525
890	0.177510195092
891	0.177510191408
892	0.177510189906
893	0.177510188532
894	0.177510184882
895	0.177510183389
896	0.177510181962
897	0.177510180606
898	0.177510179281
899	0.177510177947
900	0.17751017661
901	0.177510175237
902	0.177510173832
903	0.177510172398
904	0.177510170944
905	0.177510169475
906	0.177510167995
