1	0.0146486189039
2	12.9307637759
3	27.536946135
4	48.2793188687
5	37.961683398
6	20.590861168
7	17.5032055601
8	15.4665214147
9	13.8062297399
10	13.2580208165
11	7.50696474373
12	6.57329416229
13	4.76965794341
14	3.06914974764
15	3.34120132232
16	1.77208180033
17	1.90917790848
18	1.22928204625
19	1.08417930239
20	0.778845071003
21	0.903134646584
22	0.680335395326
23	0.554671228314
24	0.431279545856
25	0.274822673594
26	0.330923900353
27	0.245469831172
28	0.170857749625
29	0.191061852366
30	0.158283270507
31	0.0955630950199
32	0.127053303252
33	0.114954375851
34	0.0781314039314
35	0.0572244874356
36	0.0520429602802
37	0.0609635612608
38	0.0487020694162
39	0.0425901485334
40	0.0274316491255
41	0.0235073094106
42	0.0328767969039
43	0.0284885415402
44	0.0227955800909
45	0.0139991205324
46	0.0221291356656
47	0.00935535807648
48	0.0121247167457
49	0.0117103399969
50	0.00936917671982
51	0.0139241751976
52	0.0126007328608
53	0.00739230831572
54	0.0116886021298
55	0.00708673267722
56	0.00535093165505
57	0.00857424589358
58	0.00934132354313
59	0.00561307136631
60	0.00754235911274
61	0.00285700910105
62	0.0028269606577
63	0.00577190183082
64	0.00320829473835
65	0.00560848589094
66	0.00503495222947
67	0.00276588285006
68	0.00440425802322
69	0.00254193844409
70	0.0039360652564
71	0.00208915268144
72	0.0016402676395
73	0.00318706974628
74	0.00172401912643
75	0.00150572444032
76	0.00279027494837
77	0.00124499193648
78	0.00127243738727
79	0.00120716734488
80	0.00115804193564
81	0.00110020927757
82	0.00105015772283
83	0.00101707136648
84	0.000960143157732
85	0.000870350258903
86	0.000829032667867
87	0.00092360765301
88	0.000870155201934
89	0.00079727873792
90	0.000765514632828
91	0.000837275355132
92	0.000788818882434
93	0.000837747846348
94	0.000873811232756
95	0.000842611891996
96	0.000788324633306
97	0.000827020010571
98	0.000789279753385
99	0.000656748803588
100	0.000634893880673
101	0.000696339342689
102	0.000607805176263
103	0.000598511955211
104	0.000579090071403
105	0.000574972758614
106	0.000566070652539
107	0.000554332408062
108	0.000480486409494
109	0.000544323295862
110	0.000458304490383
111	0.000452979764197
112	0.000541828588675
113	0.000419148008656
114	0.000402140822593
115	0.000391623683694
116	0.000392540025982
117	0.000386711602373
118	0.000484266771665
119	0.000451157752948
120	0.000352890396236
121	0.00034943177837
122	0.00034356719954
123	0.000336191369776
124	0.000333502496041
125	0.000327943033902
126	0.000447860047356
127	0.0004048273846
128	0.000369253491487
129	0.00036489514765
130	0.000355143659303
131	0.0003596526203
132	0.000361996078782
133	0.000359113992216
134	0.000356817646211
135	0.000349229757187
136	0.000342996237574
137	0.000335831962211
138	0.000330581471587
139	0.000327082442142
140	0.000324094508684
141	0.000318366127901
142	0.000316065172928
143	0.000312808331207
144	0.000303854154738
145	0.000298907941604
146	0.000291077799007
147	0.000292128243494
148	0.000299583191235
149	0.000288161408178
150	0.000276869727732
151	0.000269913588731
152	0.00027040115542
153	0.000267815175785
154	0.000264035857778
155	0.000266160317772
156	0.000266888962592
157	0.000268288397346
158	0.000264360344297
159	0.000266673139328
160	0.000271004478443
161	0.00027331560682
162	0.000270724493515
163	0.000274570518147
164	0.000279358830575
165	0.000293269410487
166	0.000288850579544
167	0.000318827099824
168	0.000318210297742
169	0.000318116248178
170	0.000316656427875
171	0.000282808522479
172	0.000286804102669
173	0.000286656633714
174	0.000283337885603
175	0.000304391432344
176	0.000301536430023
177	0.000297375259853
178	0.000294895326639
179	0.000294713499609
180	0.000297745288869
181	0.000299820565707
182	0.000299976475427
183	0.000298972649558
184	0.000298304808292
185	0.000297114060919
186	0.000296912185778
187	0.000298048226568
188	0.000299852172215
189	0.000301866184605
190	0.000303142934326
191	0.00030454471997
192	0.000304333128609
193	0.000301103900988
194	0.000286374555415
195	0.000297167666663
196	0.000295005014368
197	0.000291752005921
198	0.000280954152729
199	0.000282886440671
200	0.000297231097656
201	0.000300008488007
202	0.000299993541857
203	0.000283895795078
204	0.000283449952688
205	0.000266062120099
206	0.000248879196136
207	0.00023762431742
208	0.000229038110007
209	0.000222276582903
210	0.000216723019803
211	0.000212544346624
212	0.000209452309769
213	0.000188916795918
214	0.000205895789459
215	0.000203093925652
216	0.000204179074456
217	0.00020969559911
218	8.3248068217e-05
219	7.96504049653e-05
220	7.62832984452e-05
221	0.000205238982988
222	7.34759390901e-05
223	0.000202837932087
224	0.000201588753264
225	0.000197058337448
226	0.000192138336164
227	0.000189761360103
228	0.00019077218102
229	0.000193704657143
230	7.06409705874e-05
231	0.000191520467146
232	8.01359853466e-05
233	7.92750911532e-05
234	7.27277526186e-05
235	0.000181865377861
236	0.000179628828132
237	0.000178395124255
238	0.000179639631819
239	0.000180215154146
240	0.000178622891774
241	0.000177603405144
242	0.000182625669223
243	9.30272543548e-05
244	8.58694933469e-05
245	0.000177842298753
246	0.000175984871322
247	0.000171624622185
248	0.000172566807397
249	0.000170869955194
250	0.000169035125554
251	0.000173745205822
252	8.02656227116e-05
253	0.000176945703956
254	0.00010266847244
255	7.75115133747e-05
256	0.000179790999024
257	0.000176313390351
258	0.000176349200185
259	0.000176201369512
260	0.000179147275881
261	8.2293612588e-05
262	0.000150439943412
263	0.000115188335412
264	7.38766792106e-05
265	0.000165466174824
266	0.000167574945813
267	8.57568424047e-05
268	0.000160743389281
269	7.88285433432e-05
270	0.000128269255206
271	9.0010293424e-05
272	0.00015062436434
273	0.000150091998012
274	0.000151588330855
275	0.000153004213312
276	6.22247167546e-05
277	6.14486749848e-05
278	0.000137228145393
279	0.000139994598374
280	0.000133404676483
281	0.00013049287537
282	0.000131304041473
283	5.10554646167e-05
284	0.000128124772159
285	0.00012876698805
286	0.000120089560006
287	0.000121173966517
288	5.14349671432e-05
289	0.000113338213965
290	4.98298216721e-05
291	4.47781421962e-05
292	4.37814656229e-05
293	4.46316513309e-05
294	4.5772019934e-05
295	4.49627701834e-05
296	4.29298048234e-05
297	4.489477653e-05
298	4.28409457099e-05
299	4.32360167048e-05
300	4.34935866639e-05
301	4.41370067896e-05
302	0.000110567987576
303	4.70150033952e-05
304	4.51616909174e-05
305	4.33852993105e-05
306	4.26641176273e-05
307	4.22242721511e-05
308	0.00012140987082
309	4.27041707347e-05
310	4.1047094478e-05
311	0.000114192130363
312	0.000107827693353
313	9.88164847779e-05
314	9.28985487388e-05
315	9.07955694114e-05
316	7.31443849623e-05
317	8.6665086852e-05
318	8.61207907889e-05
319	8.54210827996e-05
320	8.45553056414e-05
321	8.36862600427e-05
322	8.29926152803e-05
323	8.26295184982e-05
324	8.20254515641e-05
325	8.1476070573e-05
326	8.10231099665e-05
327	8.04557806045e-05
328	7.96385359389e-05
329	7.76726150893e-05
330	7.88880995224e-05
331	7.81461768588e-05
332	7.69829220384e-05
333	7.91288165364e-05
334	7.89739696494e-05
335	8.15136504197e-05
336	8.20943120003e-05
337	8.3283610228e-05
338	8.4466485618e-05
339	8.50877443542e-05
340	8.65367272051e-05
341	8.88393749931e-05
342	9.0416804727e-05
343	8.8976316755e-05
344	8.76669987467e-05
345	8.6525874024e-05
346	8.3612880094e-05
347	8.99263326041e-05
348	8.60893196963e-05
349	8.22468101887e-05
350	7.88389468811e-05
351	7.08424511935e-05
352	7.08620460574e-05
353	8.02071006042e-05
354	7.90392149777e-05
355	7.04404722285e-05
356	7.20729604605e-05
357	4.79485642586e-05
358	4.93578147104e-05
359	3.83635839202e-05
360	3.52661601104e-05
361	3.58814008565e-05
362	3.90394200329e-05
363	3.6320969608e-05
364	4.0501953445e-05
365	4.04537759617e-05
366	4.01116961271e-05
367	3.95786377639e-05
368	3.90929668925e-05
369	3.83227826079e-05
370	3.73129755657e-05
371	3.61855316383e-05
372	3.50628605643e-05
373	3.35279026561e-05
374	3.21670586151e-05
375	3.13054710278e-05
376	3.08205885194e-05
377	3.05904000225e-05
378	3.20511862529e-05
379	3.39665609934e-05
380	3.37580344655e-05
381	3.22963273203e-05
382	3.05438338124e-05
383	2.90417094693e-05
384	2.77304130865e-05
385	2.69710858182e-05
386	2.65759755104e-05
387	2.6525454074e-05
388	2.68660543831e-05
389	2.76280661526e-05
390	2.84728924884e-05
391	2.82935216297e-05
392	2.79761364887e-05
393	2.7980454741e-05
394	2.75975891057e-05
395	2.73197339839e-05
396	2.65499007002e-05
397	2.57276478478e-05
398	2.57362583122e-05
399	2.60925314362e-05
400	2.60780400568e-05
401	2.55565394098e-05
402	5.30285415437e-05
403	5.11770876211e-05
404	4.78095046452e-05
405	4.58662829277e-05
406	4.5105557525e-05
407	4.52354249935e-05
408	4.58884828849e-05
409	4.54444302744e-05
410	4.46758405119e-05
411	4.44301845185e-05
412	4.38881124641e-05
413	4.37278949484e-05
414	4.38458121175e-05
415	4.42295523044e-05
416	4.41885665973e-05
417	4.36514826748e-05
418	4.28900695946e-05
419	4.20893880625e-05
420	4.13706605219e-05
421	4.07960927949e-05
422	4.03604064194e-05
423	4.00413380589e-05
424	3.98082438473e-05
425	3.96442108982e-05
426	3.9348724964e-05
427	3.9130350693e-05
428	3.8972871155e-05
429	3.92248923035e-05
430	3.88686209259e-05
431	3.8393463668e-05
432	3.78852658493e-05
433	3.74443214582e-05
434	3.69428286293e-05
435	3.80521272993e-05
436	2.27825037973e-05
437	1.82859454895e-05
438	2.07304170975e-05
439	3.81945689054e-05
440	1.82753086129e-05
441	1.74181527179e-05
442	1.6594314043e-05
443	1.55733663012e-05
444	1.55553239583e-05
445	1.6484647905e-05
446	1.74535383558e-05
447	1.75221425391e-05
448	1.7159760413e-05
449	1.67535618644e-05
450	1.63263037671e-05
451	1.59739039925e-05
452	1.58548012264e-05
453	1.58226080434e-05
454	1.54872975791e-05
455	1.5618249182e-05
456	1.5553167649e-05
457	1.54412319009e-05
458	1.52148908446e-05
459	1.48668554428e-05
460	1.42237951009e-05
461	1.37370116472e-05
462	1.3197798455e-05
463	1.26257942724e-05
464	1.20829945296e-05
465	1.16684692409e-05
466	1.12622402475e-05
467	1.08981212272e-05
468	1.0744936407e-05
469	1.08204890592e-05
470	1.10077513368e-05
471	1.12237393232e-05
472	1.13841378809e-05
473	1.15071815249e-05
474	1.1511102167e-05
475	1.1238751654e-05
476	1.11520251558e-05
477	1.10139783574e-05
478	1.08198601537e-05
479	1.05186667697e-05
480	1.02598744825e-05
481	1.01559456158e-05
482	1.0126694892e-05
483	1.01271239962e-05
484	1.0040037238e-05
485	1.00005433443e-05
486	1.00257012479e-05
487	1.00582948621e-05
488	9.98077843536e-06
489	1.00464139796e-05
490	9.69678289657e-06
491	9.63801619149e-06
492	9.50505305916e-06
493	9.44984580876e-06
494	9.34349290607e-06
495	9.30735635042e-06
496	9.26716295247e-06
497	9.18515204251e-06
498	9.2045292717e-06
499	9.14639259949e-06
500	9.15770656745e-06
501	8.92900814638e-06
502	8.88056257568e-06
503	9.00889652943e-06
504	8.80902234628e-06
505	8.84322635716e-06
506	8.85873286615e-06
507	8.86743219843e-06
508	8.89174195927e-06
509	8.96405557798e-06
510	9.12091389082e-06
511	9.46150655209e-06
512	1.04600201185e-05
513	5.87568299449e-06
514	1.00872033096e-05
515	6.60153212441e-06
516	6.71168242526e-06
517	6.63677951521e-06
518	7.10739233451e-06
519	6.76304594582e-06
520	7.05142149608e-06
521	6.68414116699e-06
522	6.9914770284e-06
523	6.67566346515e-06
524	6.95311654384e-06
525	6.65195516842e-06
526	6.92734450262e-06
527	6.57509661916e-06
528	6.83536526099e-06
529	6.47030262413e-06
530	6.7496416605e-06
531	6.36789611705e-06
532	6.65416294954e-06
533	6.26828142678e-06
534	6.556940462e-06
535	6.17314282804e-06
536	6.45015764593e-06
537	6.07978929237e-06
538	6.33796588403e-06
539	5.99165298829e-06
540	6.22195158065e-06
541	5.90972020329e-06
542	6.10533489772e-06
543	5.84895324796e-06
544	6.00245873047e-06
545	5.80378102599e-06
546	5.9003444499e-06
547	5.74889337742e-06
548	5.79055101534e-06
549	5.68066618372e-06
550	5.68272857225e-06
551	5.6103852728e-06
552	5.58579860063e-06
553	5.52433572955e-06
554	5.48970624231e-06
555	5.44178955424e-06
556	5.40437769875e-06
557	5.36271417484e-06
558	5.32324077845e-06
559	5.27878740111e-06
560	5.23448497089e-06
561	5.19103588552e-06
562	5.15295361103e-06
563	5.11297669042e-06
564	5.07320781318e-06
565	5.03361801428e-06
566	4.99387893172e-06
567	4.95400494882e-06
568	4.91421493955e-06
569	4.87483004328e-06
570	4.82983169546e-06
571	4.79331717171e-06
572	4.75741814994e-06
573	4.72161679505e-06
574	4.68661380054e-06
575	4.65224420099e-06
576	4.61835358767e-06
577	4.58479249349e-06
578	4.55348554196e-06
579	3.87745002895e-06
580	4.27756190804e-06
581	4.34736488134e-06
582	4.39410782807e-06
583	3.79509195576e-06
584	4.19767412268e-06
585	4.25889398407e-06
586	3.68999161709e-06
587	4.10423959047e-06
588	3.57632941266e-06
589	4.01521845418e-06
590	3.52485569804e-06
591	3.97099096352e-06
592	3.49488060897e-06
593	3.93135182431e-06
594	3.45815498786e-06
595	3.87995011692e-06
596	3.41663163144e-06
597	3.81851220597e-06
598	3.35219744892e-06
599	3.21097338986e-06
600	3.66427824502e-06
601	3.23852142156e-06
602	3.14892789728e-06
603	3.57876982885e-06
604	3.1926006035e-06
605	3.09523882523e-06
606	3.29495758185e-06
607	3.00636429813e-06
608	3.23992338673e-06
609	2.96230530939e-06
610	3.18533880507e-06
611	2.91395494275e-06
612	3.13117171635e-06
613	3.12397378448e-06
614	2.86196718679e-06
615	3.05474514126e-06
616	3.03358742682e-06
617	3.02049806062e-06
618	2.76958030615e-06
619	2.94033629773e-06
620	2.9213984011e-06
621	2.68764839392e-06
622	2.86247618908e-06
623	2.62518250617e-06
624	2.80534906421e-06
625	2.58335486354e-06
626	2.76194517859e-06
627	2.54734375937e-06
628	2.50499481215e-06
629	2.68342164913e-06
630	2.48419846976e-06
631	2.45351552959e-06
632	2.41982078674e-06
633	2.39460935992e-06
634	2.3783456226e-06
635	2.36627855327e-06
636	2.35458633827e-06
637	2.34212260618e-06
638	2.32911371352e-06
639	2.31812744098e-06
640	2.29823715802e-06
641	2.28184946771e-06
642	2.26522625543e-06
643	2.24806024943e-06
644	2.24321700117e-06
645	2.23465587349e-06
646	2.22195933961e-06
647	2.20929043675e-06
648	2.19732779719e-06
649	2.18611669908e-06
650	2.17601024048e-06
651	2.16626567783e-06
652	2.15616958516e-06
653	2.14548667534e-06
654	2.13444874121e-06
655	2.12342597939e-06
656	2.11271229046e-06
657	2.10244255109e-06
658	2.09260282925e-06
659	2.08181850776e-06
660	2.07263802468e-06
661	2.06361710816e-06
662	2.05460964776e-06
663	2.04558636951e-06
664	2.0365656664e-06
665	2.02772022923e-06
666	2.0190856477e-06
667	2.01050610941e-06
668	2.00194536167e-06
669	1.99333891321e-06
670	1.98468817487e-06
671	1.97697926445e-06
672	1.96964778055e-06
673	1.96155731805e-06
674	1.95278721303e-06
675	1.94377252602e-06
676	1.93486594025e-06
677	1.92621239327e-06
678	1.91794918318e-06
679	1.90995327936e-06
680	1.90326610928e-06
681	1.89545892221e-06
682	1.88942554683e-06
683	1.87962852775e-06
684	1.86991974545e-06
685	1.86076235654e-06
686	1.85232054008e-06
687	1.84440568893e-06
688	1.8366111506e-06
689	1.8286467346e-06
690	1.82040252546e-06
691	1.81204146896e-06
692	1.80534937533e-06
693	1.79660558091e-06
694	1.78758983113e-06
695	1.77850409673e-06
696	1.76967264977e-06
697	1.761322284e-06
698	1.71802690264e-06
699	1.70375068863e-06
700	6.33377340052e-06
701	4.92276595489e-06
702	3.63587997378e-06
703	2.52199667645e-06
704	2.44749652518e-06
705	1.70218738346e-06
706	2.08075033745e-06
707	2.03076077838e-06
708	1.61240946143e-06
709	1.60830101621e-06
710	1.67186975458e-06
711	1.78534554941e-06
712	1.83220693728e-06
713	1.94482873343e-06
714	1.52457649854e-06
715	1.5006849055e-06
716	1.49352707365e-06
717	1.42085174855e-06
718	1.41495102904e-06
719	1.44393779452e-06
720	1.47351300296e-06
721	1.46259752941e-06
722	1.4650640781e-06
723	1.46189140442e-06
724	1.45386705661e-06
725	1.44317245978e-06
726	1.43196249587e-06
727	1.42160668901e-06
728	1.41273208669e-06
729	1.40550370148e-06
730	1.39980892521e-06
731	1.3952621548e-06
732	1.39137041506e-06
733	1.38760197828e-06
734	1.37602432105e-06
735	1.3563776374e-06
736	1.35334414518e-06
737	1.34780651884e-06
738	1.33930961571e-06
739	1.33280636101e-06
740	1.32692355956e-06
741	1.57476366293e-06
742	1.28917041968e-06
743	1.54948956027e-06
744	1.53522285971e-06
745	1.26201431885e-06
746	1.51523207275e-06
747	1.50079117903e-06
748	1.48816538652e-06
749	1.47703871095e-06
750	1.46654551798e-06
751	1.45607627771e-06
752	1.44543141054e-06
753	1.4346626887e-06
754	1.21497367353e-06
755	1.44758931905e-06
756	1.28519695026e-06
757	1.2881831146e-06
758	1.19958355081e-06
759	1.27737540601e-06
760	1.18117078304e-06
761	1.26189363662e-06
762	1.16538428646e-06
763	1.16204248372e-06
764	1.24222546139e-06
765	1.15719422206e-06
766	1.15231645653e-06
767	1.14427093954e-06
768	1.13689956925e-06
769	1.13195648508e-06
770	1.12949366804e-06
771	1.12886590125e-06
772	1.12933937506e-06
773	1.13033525033e-06
774	1.13140669028e-06
775	1.13333043055e-06
776	1.13559686123e-06
777	1.13741207237e-06
778	1.13784309634e-06
779	1.13720631408e-06
780	1.13587902703e-06
781	1.13436382303e-06
782	1.13305192132e-06
783	1.13215003948e-06
784	1.30829194378e-06
785	1.11563698912e-06
786	1.29730103634e-06
787	1.10990935039e-06
788	1.2842302855e-06
789	1.27846264268e-06
790	1.27200218697e-06
791	1.26482084786e-06
792	1.25670657242e-06
793	1.24741493094e-06
794	1.23701442397e-06
795	1.15854317622e-06
796	1.24733226412e-06
797	1.15533463151e-06
798	1.25419417097e-06
799	1.14977870082e-06
800	1.24099731193e-06
801	1.1430330187e-06
802	1.15010065412e-06
803	1.14959913101e-06
804	1.14915601235e-06
805	1.14626859612e-06
806	1.14293609326e-06
807	1.13954703797e-06
808	1.13684570841e-06
809	1.13749225518e-06
810	1.13412681991e-06
811	1.1310387887e-06
812	1.12823916587e-06
813	1.13592528645e-06
814	1.13388590564e-06
815	1.12322524662e-06
816	1.12248033965e-06
817	1.11909705174e-06
818	1.15773246836e-06
819	1.14898876001e-06
820	1.11112342151e-06
821	1.11252096837e-06
822	1.14435739129e-06
823	1.10861186712e-06
824	1.10921546685e-06
825	1.14247607479e-06
826	1.10469332265e-06
827	1.14173233099e-06
828	1.10231613808e-06
829	1.14732597584e-06
830	1.13636483767e-06
831	1.12720665931e-06
832	1.09271561165e-06
833	1.14268950572e-06
834	1.13829038194e-06
835	1.13324345095e-06
836	1.12956524145e-06
837	1.12782479894e-06
838	1.12783361968e-06
839	1.12970243136e-06
840	1.13260292602e-06
841	1.13597972582e-06
842	1.14010861121e-06
843	1.14440046471e-06
844	1.14844097889e-06
845	1.15205743765e-06
846	1.15525836988e-06
847	1.15782401877e-06
848	1.16029290719e-06
849	7.64181642421e-07
850	1.12834387991e-06
851	7.82456714585e-07
852	1.13645691188e-06
853	7.79454554479e-07
854	7.50637120908e-07
855	8.0058598914e-07
856	8.11486464326e-07
857	8.16876084104e-07
858	8.17799346036e-07
859	8.16380662601e-07
860	8.14192218719e-07
861	8.11801768984e-07
862	8.09671753879e-07
863	8.07898584255e-07
864	8.06516235238e-07
865	8.05523329273e-07
866	8.02453123739e-07
867	8.03271382805e-07
868	8.0276657311e-07
869	8.02232961409e-07
870	8.01739680833e-07
871	7.49374812432e-07
872	8.0039522949e-07
873	7.99728783602e-07
874	7.47571644538e-07
875	7.48692345398e-07
876	7.9911789843e-07
877	7.45488315666e-07
878	7.45352176004e-07
879	7.45053034907e-07
880	7.44498160468e-07
881	7.43661909941e-07
882	7.4259303865e-07
883	7.8427954213e-07
884	8.01292203856e-07
885	7.45754890197e-07
886	7.85771969677e-07
887	7.49316933663e-07
888	7.87401764617e-07
889	7.50834327539e-07
890	7.87761166464e-07
891	7.48749836504e-07
892	7.87203731961e-07
893	7.89317802571e-07
894	7.50646162102e-07
895	7.88720520712e-07
896	7.8949676099e-07
897	7.91205675348e-07
898	7.92374503123e-07
899	7.92755724635e-07
900	7.92892130024e-07
901	7.92356543144e-07
902	7.91806932066e-07
903	7.91356040122e-07
904	7.91044990657e-07
905	7.90845373984e-07
906	7.90700721358e-07
