1	-7.71368774252e-06
2	0.0430238705818
3	0.0312793807397
4	0.0536040336691
5	0.13316043836
6	-0.104547060387
7	-0.0319272485198
8	-0.0172210556119
9	-0.00470404371729
10	0.0265543626183
11	0.0353424713466
12	0.0069929684281
13	0.00306468712647
14	0.0167151650844
15	-0.00141835354668
16	-0.00961553133996
17	-0.00113902133518
18	-0.000765737825966
19	-0.00036584977068
20	-0.00325877866578
21	0.000816296012677
22	0.0013025517926
23	0.00115833330089
24	0.0016903081992
25	0.000388086602275
26	2.9867220107e-06
27	-0.00119505768737
28	-0.00102642670973
29	-0.000227086614821
30	-0.000790546269244
31	-0.000399828375364
32	-8.64022440624e-05
33	8.86324770994e-05
34	0.000658390166746
35	0.000555693355243
36	-0.000176476599144
37	-5.78772423507e-05
38	-0.000268380741968
39	-0.000270520883399
40	-0.000106373535349
41	-5.75024185155e-05
42	-0.000260041530612
43	-0.000299842487862
44	-0.000198787610137
45	-8.07013427422e-05
46	-4.23274531555e-05
47	4.72391998663e-05
48	7.73637907264e-05
49	0.000146011416488
50	9.8984751612e-05
51	8.9469417751e-05
52	6.13368649246e-06
53	3.39514331507e-05
54	8.85328426265e-05
55	9.8718029805e-05
56	6.1515700585e-05
57	2.54703482929e-05
58	2.93517495054e-05
59	5.78929701221e-05
60	5.98392704634e-05
61	9.84823328728e-05
62	5.96984633571e-05
63	1.3660419717e-05
64	1.24506495614e-05
65	3.34659442989e-05
66	-9.03033952659e-05
67	7.97733661983e-06
68	1.73708378036e-05
69	-3.08275014008e-05
70	2.75864526524e-05
71	-1.44915160852e-06
72	6.75936014945e-06
73	-1.63048726872e-06
74	-3.60445164397e-05
75	-2.55069253582e-05
76	1.12511611959e-05
77	3.9330285551e-05
78	1.77377773953e-06
79	-1.20735371736e-05
80	7.9706004527e-08
81	7.40522318463e-06
82	8.70681654278e-06
83	3.46853415632e-06
84	1.05304542705e-05
85	2.22737026137e-05
86	2.88027431408e-05
87	9.0609305427e-06
88	1.35192122934e-05
89	2.13393775497e-05
90	2.55645172641e-05
91	1.17074128016e-05
92	1.48678995997e-05
93	5.41469619054e-06
94	-6.12323177804e-06
95	-2.17192624268e-06
96	4.17388026341e-06
97	-3.32057696228e-06
98	6.72193940684e-07
99	1.97281075849e-05
100	2.30143997045e-05
101	1.32940372801e-05
102	2.13266285767e-05
103	1.99530124096e-05
104	2.11333550487e-05
105	2.14413062545e-05
106	1.98533879639e-05
107	1.9221356595e-05
108	1.42421629961e-05
109	1.73099746368e-05
110	1.24502249664e-05
111	1.06563845682e-05
112	1.3340076837e-05
113	9.36579680549e-06
114	7.16228865235e-06
115	6.30749167222e-06
116	6.78737284574e-06
117	6.74595656402e-06
118	9.68427822698e-06
119	8.60744329349e-06
120	7.4970795296e-06
121	7.19383735872e-06
122	6.15185226128e-06
123	5.59428542928e-06
124	5.42724449012e-06
125	5.15683732118e-06
126	6.51930142938e-06
127	5.01143169546e-06
128	3.68145967762e-06
129	3.26455158626e-06
130	2.99189533328e-06
131	3.04074111769e-06
132	2.94439465147e-06
133	2.64259689645e-06
134	2.30989408106e-06
135	2.09411690647e-06
136	1.86037579051e-06
137	1.58036428157e-06
138	1.2447047925e-06
139	1.02873449861e-06
140	8.02872747769e-07
141	8.50171938075e-07
142	5.10525969556e-07
143	2.34446685186e-07
144	2.2101749701e-07
145	3.91978979993e-07
146	1.1183256722e-07
147	-7.17229896481e-08
148	-3.2753700349e-07
149	-9.69043257201e-08
150	-3.98514168497e-08
151	-7.27655410344e-08
152	-3.01971799535e-07
153	-1.992791264e-07
154	-4.28446408173e-07
155	-6.68225668604e-07
156	-7.60563665995e-07
157	-7.31812158675e-07
158	-7.81289600237e-07
159	-8.74917778634e-07
160	-9.28446483137e-07
161	-7.95363360607e-07
162	-9.26871875766e-07
163	-9.85010799136e-07
164	-1.06976728968e-06
165	-1.29890386555e-06
166	-1.32681185104e-06
167	-1.93589248477e-06
168	-2.08355490699e-06
169	-2.06791844549e-06
170	-1.91778754291e-06
171	-1.13125452148e-06
172	-1.1486553931e-06
173	-1.10870348206e-06
174	-1.13823541239e-06
175	-1.35066378416e-06
176	-1.47822364466e-06
177	-1.17473305808e-06
178	-1.1602547547e-06
179	-9.5207946162e-07
180	-8.83716709526e-07
181	-9.42347464998e-07
182	-8.12466877181e-07
183	-7.03996902009e-07
184	-6.2620223368e-07
185	-5.30916636806e-07
186	-4.77943279888e-07
187	-4.6423996266e-07
188	-4.193039168e-07
189	-4.58097386167e-07
190	-4.98718694608e-07
191	-3.4971916034e-07
192	-2.71427715191e-07
193	-2.24003194466e-07
194	5.68971219545e-08
195	-1.28819686902e-07
196	-1.43573031012e-07
197	-2.3075735642e-07
198	-1.48851991442e-07
199	-1.39353095202e-07
200	-2.77182721769e-07
201	-2.99466120248e-07
202	-2.78122952623e-07
203	-1.06423145425e-07
204	-2.09002816359e-07
205	-2.69755401648e-07
206	-2.84350315417e-07
207	-2.45284401664e-07
208	-2.02717643971e-07
209	-2.05096294481e-07
210	-2.30125192939e-07
211	-2.4427765183e-07
212	-2.37677380009e-07
213	2.54612928591e-08
214	-1.97656667132e-07
215	-1.71785186448e-07
216	-1.4812781367e-07
217	-1.16694976785e-07
218	4.46518280911e-07
219	4.30806413397e-07
220	4.41899812585e-07
221	-1.78722567315e-07
222	4.2170121865e-07
223	-2.89536645962e-07
224	-3.1895702395e-07
225	-2.85684380674e-07
226	-2.32603169365e-07
227	-1.9236853461e-07
228	-1.6672992477e-07
229	-1.27678054985e-07
230	3.8727327855e-07
231	4.14365130801e-08
232	4.81362248114e-07
233	4.86144517151e-07
234	4.86210342388e-07
235	-2.61498834847e-08
236	-1.54272372801e-07
237	-2.02074927731e-07
238	-2.04345581511e-07
239	-1.89864627518e-07
240	-1.72632636849e-07
241	-9.76926910587e-08
242	1.13160466229e-07
243	5.35691482242e-07
244	5.61600483997e-07
245	7.99628715475e-08
246	5.9763406996e-08
247	1.34074317237e-07
248	1.42041119229e-07
249	8.95474239796e-08
250	4.21235875981e-08
251	5.30784586251e-08
252	5.47310515839e-07
253	9.13976400288e-07
254	7.84030866505e-07
255	5.29017612504e-07
256	1.26731487317e-07
257	3.07960940239e-07
258	3.11067477761e-07
259	1.93956322879e-07
260	8.85786561981e-08
261	5.15805028922e-07
262	1.01063186155e-06
263	7.64695415789e-07
264	7.54671804706e-07
265	1.69203993287e-07
266	2.52126393441e-07
267	6.39378654293e-07
268	4.09389326374e-09
269	4.64170606646e-07
270	1.14732957097e-06
271	6.46506355055e-07
272	1.48554378566e-08
273	-5.86000920543e-08
274	-6.19419570499e-08
275	-5.76768220178e-08
276	5.13550675094e-07
277	5.73799082735e-07
278	3.36671914217e-07
279	-3.21264648935e-08
280	-3.66185396376e-07
281	-2.26654716292e-07
282	-2.11316124403e-08
283	2.9512253781e-07
284	1.85091268798e-07
285	-1.43324133091e-08
286	-3.51336158084e-07
287	-2.57491699036e-07
288	3.76112005487e-07
289	-2.62085868713e-07
290	3.77965820949e-07
291	2.20365839909e-07
292	2.21969906292e-07
293	3.0285737982e-07
294	3.90399502269e-07
295	2.8745224329e-07
296	1.79337422132e-07
297	2.55819510954e-07
298	1.92381110673e-07
299	1.88909443136e-07
300	1.87053684493e-07
301	1.94690433801e-07
302	-4.8174886819e-07
303	2.74270868523e-07
304	2.15141819343e-07
305	1.81930614705e-07
306	1.97435187496e-07
307	2.02901995336e-07
308	-5.79744049691e-07
309	1.60007617442e-07
310	1.63193521254e-07
311	-5.75459904857e-07
312	-2.40180295815e-07
313	8.59716694365e-08
314	3.25737624199e-07
315	4.83533172221e-07
316	5.92592123368e-07
317	5.50508352368e-07
318	5.92150682922e-07
319	6.11539997668e-07
320	6.20422319571e-07
321	6.21898854729e-07
322	6.21008632542e-07
323	6.2122611906e-07
324	6.10155611156e-07
325	5.93118771038e-07
326	5.69484261894e-07
327	5.37798333987e-07
328	4.98348688673e-07
329	7.0447984521e-07
330	4.67083956308e-07
331	4.11566640387e-07
332	6.01308216497e-07
333	3.51514923351e-07
334	5.43650766748e-07
335	2.87041151346e-07
336	4.38210356282e-07
337	4.01554045878e-07
338	3.68570215647e-07
339	3.16459126447e-07
340	2.24747180076e-07
341	9.11641218929e-08
342	-5.14785295566e-08
343	-1.60223831071e-07
344	-2.95219727331e-07
345	-4.68178395036e-07
346	-6.33179424913e-07
347	-5.69264820854e-07
348	-5.50959146913e-07
349	-5.08338934977e-07
350	-4.60057826727e-07
351	-5.45715417857e-07
352	-6.27727210166e-07
353	-6.01671980673e-07
354	-5.90311287977e-07
355	-6.62144469603e-07
356	-7.61389965557e-07
357	2.29050662605e-08
358	4.21786838599e-07
359	3.08426674875e-07
360	2.06966231527e-07
361	2.14789554088e-07
362	4.15094290278e-07
363	1.95366901458e-07
364	4.10341700368e-07
365	4.15879901861e-07
366	4.13136011043e-07
367	3.99712875637e-07
368	3.92546133861e-07
369	3.67665700554e-07
370	3.43563116512e-07
371	3.21039822615e-07
372	2.98281873552e-07
373	2.37350737988e-07
374	1.66495032215e-07
375	1.11620191823e-07
376	7.74993080871e-08
377	5.18525198785e-08
378	4.13978783962e-08
379	6.63316017637e-08
380	8.81477638526e-08
381	1.07144786606e-07
382	1.26217410064e-07
383	1.4882990004e-07
384	1.7475490653e-07
385	2.1061421043e-07
386	2.54679530424e-07
387	3.05982205362e-07
388	3.10831157295e-07
389	3.48293458716e-07
390	4.61635283349e-07
391	5.02743213303e-07
392	4.67674970654e-07
393	5.61847949369e-07
394	5.30162404376e-07
395	5.43483416942e-07
396	6.05882196342e-07
397	5.57696022578e-07
398	5.4516032975e-07
399	5.29646635827e-07
400	5.14377029872e-07
401	4.97187253373e-07
402	-6.71564011313e-07
403	-4.69922383051e-07
404	-1.64721686963e-07
405	-1.18590239584e-07
406	1.09555278633e-08
407	2.22021669069e-07
408	1.15197374188e-07
409	1.14884106457e-07
410	9.95322081881e-08
411	1.78515514912e-07
412	1.86156391308e-07
413	1.03880465261e-07
414	9.04753262086e-08
415	1.78014565889e-07
416	8.76502035598e-08
417	7.64935144802e-08
418	6.43331557993e-08
419	5.14906758634e-08
420	3.98098763697e-08
421	2.97078820293e-08
422	2.18973174398e-08
423	1.63136593678e-08
424	1.26832911005e-08
425	1.13523823137e-08
426	8.18753892357e-09
427	7.93557058667e-09
428	1.34287310413e-07
429	2.07639230262e-08
430	1.11361780385e-08
431	-3.59261125738e-09
432	-2.22957970365e-08
433	-4.30247015215e-08
434	8.22738539337e-08
435	-9.45286027308e-08
436	2.00257745328e-07
437	1.30206640447e-07
438	4.86206464608e-07
439	-5.50780161616e-07
440	4.29114345124e-07
441	2.95614273394e-07
442	2.93558573034e-07
443	2.73476126039e-07
444	2.68394618441e-07
445	2.77997996578e-07
446	2.91661550713e-07
447	3.84788437468e-07
448	3.12874559022e-07
449	3.05757995667e-07
450	2.96145652476e-07
451	2.88168432917e-07
452	2.85607339568e-07
453	2.8619651423e-07
454	2.83388356991e-07
455	2.83997022065e-07
456	2.83899321446e-07
457	2.82692318343e-07
458	2.7930899449e-07
459	2.73877853866e-07
460	2.65289312247e-07
461	2.57002119828e-07
462	2.47464584282e-07
463	2.36169472097e-07
464	2.23139569139e-07
465	2.10879330297e-07
466	2.00085645675e-07
467	1.91900851407e-07
468	1.90655694708e-07
469	1.94276279453e-07
470	2.0123208622e-07
471	2.08831110282e-07
472	2.15594173382e-07
473	2.19796004718e-07
474	2.20522810599e-07
475	2.14351506497e-07
476	2.11026098418e-07
477	2.07020774148e-07
478	2.00442961976e-07
479	1.93807975105e-07
480	1.84448570647e-07
481	1.77434989263e-07
482	1.70775655796e-07
483	1.66995699672e-07
484	1.65929378626e-07
485	1.66936727492e-07
486	1.69891130934e-07
487	1.73464772238e-07
488	1.75523037677e-07
489	1.77152524412e-07
490	1.70224790741e-07
491	1.66117511104e-07
492	1.60828964933e-07
493	1.56514648971e-07
494	1.549600124e-07
495	1.54826781469e-07
496	1.67713117029e-07
497	1.56478470225e-07
498	1.57601242059e-07
499	1.57832627255e-07
500	1.76590602593e-07
501	1.56661049365e-07
502	1.54070816346e-07
503	1.73811201637e-07
504	1.57815802246e-07
505	1.6001423573e-07
506	1.63396740558e-07
507	1.66295651335e-07
508	1.69843977317e-07
509	1.74883328724e-07
510	1.83223001332e-07
511	1.95724793503e-07
512	2.15296767336e-07
513	4.92344743512e-08
514	2.24445834915e-07
515	5.07464345477e-08
516	8.11884420433e-08
517	4.89779981268e-08
518	8.27422992032e-08
519	4.85366324782e-08
520	7.80419847384e-08
521	4.65316565325e-08
522	7.35486551383e-08
523	4.65635191788e-08
524	7.02042862342e-08
525	4.4979369011e-08
526	6.73170138823e-08
527	4.47315060866e-08
528	6.45249234351e-08
529	4.39275378353e-08
530	6.24244269421e-08
531	4.40445163234e-08
532	6.06983252572e-08
533	4.38835698009e-08
534	5.88406511392e-08
535	4.39000411864e-08
536	5.69031173884e-08
537	4.39191374863e-08
538	5.49350608947e-08
539	4.4031327825e-08
540	5.29553955902e-08
541	4.41504870907e-08
542	5.10570373802e-08
543	4.44140970884e-08
544	4.95751275454e-08
545	4.48446908862e-08
546	4.82259508453e-08
547	4.48888117017e-08
548	4.65376338033e-08
549	4.42967160345e-08
550	4.48821740809e-08
551	4.35163361528e-08
552	4.34905278645e-08
553	4.25720797439e-08
554	4.22576778942e-08
555	4.1627847249e-08
556	4.12185439068e-08
557	4.07086417252e-08
558	4.02300329973e-08
559	3.96118443207e-08
560	3.90476238707e-08
561	3.85472476111e-08
562	3.81418642666e-08
563	3.77446492328e-08
564	3.73354294781e-08
565	3.69119706975e-08
566	3.6471598541e-08
567	3.60240604886e-08
568	3.55807131185e-08
569	3.51508403822e-08
570	3.47492735231e-08
571	3.43518699949e-08
572	3.39841383908e-08
573	3.36165798118e-08
574	3.3261740768e-08
575	3.29171349121e-08
576	3.25820629989e-08
577	3.22557409871e-08
578	3.19640637085e-08
579	3.15587201799e-08
580	3.11173234262e-08
581	3.13606646522e-08
582	3.09731245092e-08
583	3.08468087835e-08
584	3.00985172645e-08
585	3.01396511312e-08
586	2.99429436659e-08
587	2.93368423258e-08
588	2.90200390154e-08
589	2.88081959691e-08
590	2.8564329753e-08
591	2.83251214919e-08
592	2.829574322e-08
593	2.78699807967e-08
594	2.7934821762e-08
595	2.73748388029e-08
596	2.70341382604e-08
597	2.67971023738e-08
598	2.69975771932e-08
599	2.57880664611e-08
600	2.63317467487e-08
601	2.72873946497e-08
602	2.57434708837e-08
603	2.60582719494e-08
604	2.57401216862e-08
605	2.52568315777e-08
606	1.82713418759e-08
607	2.45781819962e-08
608	1.78385386536e-08
609	2.40977130958e-08
610	1.73689003196e-08
611	2.35808172998e-08
612	1.69332866995e-08
613	1.70806603969e-08
614	2.29626115443e-08
615	1.63799059889e-08
616	1.63935860763e-08
617	1.62665256636e-08
618	2.23380691524e-08
619	1.55881845549e-08
620	1.55736912787e-08
621	2.16023336368e-08
622	1.50265485375e-08
623	2.10822760052e-08
624	1.45766803182e-08
625	2.06304322387e-08
626	1.42284884355e-08
627	2.02165237759e-08
628	1.99373285532e-08
629	1.36707478246e-08
630	1.96059199097e-08
631	1.93977714917e-08
632	1.9172716023e-08
633	1.89644977617e-08
634	1.87893091576e-08
635	1.8630405761e-08
636	1.84728893957e-08
637	1.83045514236e-08
638	1.81579354548e-08
639	1.81497404523e-08
640	1.78825212138e-08
641	1.77276837939e-08
642	1.75747270423e-08
643	1.74219577869e-08
644	1.73701580834e-08
645	1.72548932161e-08
646	1.71201283541e-08
647	1.69845572083e-08
648	1.68516506622e-08
649	1.67220562769e-08
650	1.6591138827e-08
651	1.64635157199e-08
652	1.63383335978e-08
653	1.62145143171e-08
654	1.60923396559e-08
655	1.59730820273e-08
656	1.58581120425e-08
657	1.57482146873e-08
658	1.56433994296e-08
659	1.55331512778e-08
660	1.54355530404e-08
661	1.53414792503e-08
662	1.52495584912e-08
663	1.51584674804e-08
664	1.50607401513e-08
665	1.49643409861e-08
666	1.48709812315e-08
667	1.47805053604e-08
668	1.46922005688e-08
669	1.46054612612e-08
670	1.45200054398e-08
671	1.44317005954e-08
672	1.43427120381e-08
673	1.4257438287e-08
674	1.41760159507e-08
675	1.40974690066e-08
676	1.40206194226e-08
677	1.39448816042e-08
678	1.38716907917e-08
679	1.37968375342e-08
680	1.37428303941e-08
681	1.36633945292e-08
682	1.36085158944e-08
683	1.35330825542e-08
684	1.34541121122e-08
685	1.33718215309e-08
686	1.32886980255e-08
687	1.32058674417e-08
688	1.31229236682e-08
689	1.30399651695e-08
690	1.29571519177e-08
691	1.2868687995e-08
692	1.27520918632e-08
693	1.26675424952e-08
694	1.25813030656e-08
695	1.24932012809e-08
696	1.24027997452e-08
697	1.23100967804e-08
698	1.24493619345e-08
699	1.22813250938e-08
700	1.1803532435e-09
701	-1.63199702309e-08
702	-5.82206137645e-09
703	-4.80014478013e-09
704	3.00510604569e-09
705	1.08395165622e-08
706	7.7058339595e-09
707	8.12725778339e-09
708	6.94033884496e-09
709	6.44892969633e-09
710	1.06590173581e-08
711	1.00896327582e-08
712	8.75167067242e-09
713	9.15923193083e-09
714	8.67290889405e-09
715	9.34720598196e-09
716	9.79456082942e-09
717	1.00456848616e-08
718	1.0064790831e-08
719	9.87581329518e-09
720	9.90026853136e-09
721	9.66349593441e-09
722	9.22322184512e-09
723	9.04108544943e-09
724	8.89262739717e-09
725	8.78688781635e-09
726	8.71741235696e-09
727	8.6685950082e-09
728	8.62355293578e-09
729	8.56937911522e-09
730	8.4990640185e-09
731	8.41126395706e-09
732	8.30923572364e-09
733	8.19924861161e-09
734	8.05779233998e-09
735	7.17970777691e-09
736	7.07618771293e-09
737	7.00718718816e-09
738	6.93876180692e-09
739	6.9028644745e-09
740	6.86416797623e-09
741	7.61901551009e-09
742	6.97652781381e-09
743	7.66073757919e-09
744	7.76658307427e-09
745	6.80677711452e-09
746	7.48163031046e-09
747	7.50973234735e-09
748	7.53247667795e-09
749	7.5240022835e-09
750	7.48411947517e-09
751	7.42282740249e-09
752	7.35080562976e-09
753	7.27617568039e-09
754	9.04656194466e-09
755	7.69728868083e-09
756	6.31037888419e-09
757	6.12489116009e-09
758	8.85904930111e-09
759	6.26243702112e-09
760	9.02801902669e-09
761	6.27924061849e-09
762	9.05852676117e-09
763	9.14213365959e-09
764	6.25687441871e-09
765	8.87779277244e-09
766	8.98711606561e-09
767	9.09217479798e-09
768	9.14146992988e-09
769	9.12770763501e-09
770	9.06421862235e-09
771	8.96832139361e-09
772	8.85386317514e-09
773	8.730069579e-09
774	8.60300632929e-09
775	8.30981183459e-09
776	8.13316378389e-09
777	7.98535892114e-09
778	7.85492794786e-09
779	7.75437757904e-09
780	7.67301999555e-09
781	7.59687268094e-09
782	7.51425095645e-09
783	7.41820302688e-09
784	7.19083387055e-09
785	7.4230166572e-09
786	7.16067845975e-09
787	7.3573990661e-09
788	7.02792694225e-09
789	7.00308155101e-09
790	6.96347368366e-09
791	6.89691319327e-09
792	6.79886659973e-09
793	6.66880009732e-09
794	6.50868304903e-09
795	9.07790296355e-09
796	6.79993719867e-09
797	9.5487177935e-09
798	6.70725665604e-09
799	9.47292355365e-09
800	6.4911707028e-09
801	8.97589206258e-09
802	8.73947881612e-09
803	8.84150931484e-09
804	8.86303549466e-09
805	8.83805841317e-09
806	8.72864817599e-09
807	8.51674788852e-09
808	8.19171370662e-09
809	7.5039113181e-09
810	6.84968494625e-09
811	5.9133584052e-09
812	4.77242410912e-09
813	3.65482729677e-09
814	2.11254613195e-09
815	1.73670509806e-10
816	-1.61733455835e-09
817	-3.32938399058e-09
818	-1.04036538819e-09
819	-8.16235633139e-10
820	-3.45914095963e-09
821	-3.86547474141e-09
822	-7.89388846367e-10
823	-3.31311964768e-09
824	-3.70599739906e-09
825	-8.55072730587e-10
826	-3.76252793254e-09
827	-9.19298921874e-10
828	-4.02247210257e-09
829	-1.13939577881e-09
830	-9.11382890361e-10
831	-6.74127802739e-10
832	-3.88050240887e-09
833	-1.15229772927e-09
834	-1.08522463714e-09
835	-9.90935211192e-10
836	-9.25499538463e-10
837	-9.10219895796e-10
838	-9.21885035831e-10
839	-1.00534161103e-09
840	-1.13951188555e-09
841	-1.24616626628e-09
842	-1.35574234557e-09
843	-1.45864774601e-09
844	-1.54976274792e-09
845	-1.62788811566e-09
846	-1.69456851602e-09
847	-1.7124276912e-09
848	-1.75941795308e-09
849	-1.83856133469e-09
850	-1.55848757145e-09
851	-1.58141352012e-09
852	-1.45117653344e-09
853	-1.59919655326e-09
854	-3.91522532058e-09
855	-1.76070992721e-09
856	-1.72809460617e-09
857	-1.66419030278e-09
858	-1.63463485044e-09
859	-1.64986373396e-09
860	-1.67294994904e-09
861	-1.74200502719e-09
862	-1.81915471378e-09
863	-1.89328102045e-09
864	-1.95824475506e-09
865	-2.01246938374e-09
866	-3.62838941105e-09
867	-3.70320559384e-09
868	-3.82284326468e-09
869	-3.90782953067e-09
870	-3.96807877592e-09
871	-3.57935307587e-09
872	-3.86427181612e-09
873	-3.90840332905e-09
874	-3.61138342237e-09
875	-3.55510055995e-09
876	-3.90271546699e-09
877	-3.66543865114e-09
878	-3.66649773509e-09
879	-3.6707558046e-09
880	-3.68875899116e-09
881	-3.72132787755e-09
882	-3.76400530759e-09
883	-1.38487235698e-09
884	-3.79245863211e-09
885	-3.76341355405e-09
886	-1.44827176861e-09
887	-3.62008062332e-09
888	-1.40243622588e-09
889	-3.59308435795e-09
890	-1.43233774896e-09
891	-3.68491118485e-09
892	-1.50144360544e-09
893	-1.3738541461e-09
894	-3.6501802966e-09
895	-1.49333068706e-09
896	-1.42709024428e-09
897	-1.35527886301e-09
898	-1.32573489447e-09
899	-1.33397227564e-09
900	-1.33708643951e-09
901	-1.37215329953e-09
902	-1.40577136944e-09
903	-1.4333224076e-09
904	-1.45391833048e-09
905	-1.46888828897e-09
906	-1.48046715484e-09
