1	0.18
2	0.28
3	0.37
4	0.46
5	0.56
6	0.65
7	0.75
8	0.84
9	0.93
10	1.02
11	1.11
12	1.21
13	1.31
14	1.4
15	1.54
16	1.66
17	1.77
18	1.89
19	1.99
20	2.09
21	2.18
22	2.32
23	2.43
24	2.54
25	2.66
26	2.78
27	2.89
28	3.02
29	3.12
30	3.21
31	3.31
32	3.41
33	3.5
34	3.6
35	3.69
36	3.78
37	3.88
38	3.98
39	4.07
40	4.17
41	4.26
42	4.35
43	4.46
44	4.55
45	4.63
46	4.74
47	4.85
48	4.95
49	5.04
50	5.15
51	5.25
52	5.35
53	5.46
54	5.55
55	5.65
56	5.75
57	5.86
58	5.95
59	6.04
60	6.14
61	6.25
62	6.35
63	6.44
64	6.53
65	6.62
66	6.71
67	6.81
68	6.9
69	6.99
70	7.09
71	7.18
72	7.27
73	7.36
74	7.45
75	7.54
76	7.63
77	7.73
78	7.82
79	7.91
80	7.99
81	8.08
82	8.16
83	8.25
84	8.38
85	8.51
86	8.61
87	8.7
88	8.79
89	8.88
90	8.98
91	9.08
92	9.17
93	9.26
94	9.36
95	9.45
96	9.54
97	9.64
98	9.73
99	9.83
100	9.92
101	10.05
102	10.14
103	10.25
104	10.34
105	10.45
106	10.54
107	10.63
108	10.73
109	10.82
110	10.93
111	11.03
112	11.13
113	11.23
114	11.32
115	11.42
116	11.5
117	11.61
118	11.71
119	11.8
120	11.89
121	12
122	12.09
123	12.19
124	12.28
125	12.38
126	12.47
127	12.56
128	12.65
129	12.75
130	12.85
131	12.94
132	13.05
133	13.15
134	13.24
135	13.32
136	13.42
137	13.51
138	13.6
139	13.7
140	13.78
141	13.87
142	13.97
143	14.06
144	14.15
145	14.24
146	14.33
147	14.43
148	14.53
149	14.62
150	14.71
151	14.8
152	14.9
153	14.99
154	15.08
155	15.18
156	15.27
157	15.36
158	15.45
159	15.54
160	15.63
161	15.73
162	15.83
163	15.91
164	16.01
165	16.1
166	16.19
167	16.28
168	16.36
169	16.46
170	16.55
171	16.63
172	16.73
173	16.82
174	16.91
175	17
176	17.09
177	17.19
178	17.29
179	17.38
180	17.48
181	17.57
182	17.67
183	17.76
184	17.86
185	17.95
186	18.05
187	18.15
188	18.25
189	18.34
190	18.43
191	18.53
192	18.62
193	18.72
194	18.81
195	18.91
196	19.01
197	19.11
198	19.21
199	19.3
200	19.4
201	19.54
202	19.64
203	19.72
204	19.81
205	19.91
206	20
207	20.1
208	20.2
209	20.29
210	20.37
211	20.47
212	20.57
213	20.67
214	20.76
215	20.85
216	20.95
217	21.04
218	21.13
219	21.23
220	21.32
221	21.41
222	21.52
223	21.61
224	21.71
225	21.81
226	21.9
227	21.99
228	22.08
229	22.18
230	22.28
231	22.37
232	22.46
233	22.56
234	22.65
235	22.74
236	22.84
237	22.94
238	23.03
239	23.12
240	23.22
241	23.43
242	23.59
243	23.7
244	23.8
245	23.92
246	24.02
247	24.12
248	24.22
249	24.32
250	24.42
251	24.53
252	24.69
253	24.81
254	24.94
255	25.05
256	25.16
257	25.26
258	25.35
259	25.44
260	25.55
261	25.65
262	25.76
263	25.87
264	26
265	26.12
266	26.22
267	26.32
268	26.42
269	26.52
270	26.61
271	26.71
272	26.8
273	26.89
274	26.99
275	27.11
276	27.23
277	27.32
278	27.41
279	27.51
280	27.63
281	27.73
282	27.83
283	27.94
284	28.03
285	28.15
286	28.25
287	28.34
288	28.45
289	28.55
290	28.65
291	28.75
292	28.84
293	28.93
294	29.03
295	29.14
296	29.25
297	29.34
298	29.44
299	29.53
300	29.63
301	29.77
302	29.86
303	29.95
304	30.04
305	30.13
306	30.22
307	30.31
308	30.4
309	30.49
310	30.58
311	30.68
312	30.77
313	30.89
314	30.98
315	31.09
316	31.2
317	31.3
318	31.41
319	31.5
320	31.59
321	31.68
322	31.79
323	31.9
324	32
325	32.1
326	32.19
327	32.29
328	32.38
329	32.47
330	32.56
331	32.66
332	32.75
333	32.84
334	32.94
335	33.03
336	33.13
337	33.22
338	33.31
339	33.4
340	33.5
341	33.6
342	33.69
343	33.77
344	33.86
345	33.95
346	34.04
347	34.14
348	34.23
349	34.32
350	34.42
351	34.5
352	34.59
353	34.69
354	34.78
355	34.87
356	34.97
357	35.08
358	35.19
359	35.3
360	35.39
361	35.48
362	35.58
363	35.68
364	35.77
365	35.86
366	35.96
367	36.06
368	36.16
369	36.26
370	36.35
371	36.45
372	36.55
373	36.66
374	36.76
375	36.85
376	36.94
377	37.03
378	37.13
379	37.23
380	37.32
381	37.42
382	37.51
383	37.61
384	37.71
385	37.8
386	37.89
387	38.01
388	38.11
389	38.21
390	38.31
391	38.42
392	38.51
393	38.63
394	38.75
395	38.85
396	38.95
397	39.04
398	39.14
399	39.24
400	39.33
401	39.47
402	39.57
403	39.66
404	39.74
405	39.84
406	39.95
407	40.05
408	40.15
409	40.24
410	40.33
411	40.43
412	40.52
413	40.63
414	40.73
415	40.84
416	40.96
417	41.05
418	41.15
419	41.26
420	41.37
421	41.48
422	41.58
423	41.68
424	41.77
425	41.87
426	41.98
427	42.09
428	42.21
429	42.33
430	42.44
431	42.56
432	42.68
433	42.79
434	42.89
435	42.99
436	43.1
437	43.21
438	43.34
439	43.46
440	43.58
441	43.7
442	43.81
443	43.93
444	44.03
445	44.12
446	44.22
447	44.33
448	44.43
449	44.52
450	44.62
451	44.7
452	44.82
453	44.93
454	45.03
455	45.11
456	45.22
457	45.31
458	45.43
459	45.55
460	45.65
461	45.74
462	45.86
463	45.95
464	46.06
465	46.16
466	46.25
467	46.35
468	46.44
469	46.54
470	46.64
471	46.74
472	46.83
473	46.92
474	47.01
475	47.1
476	47.22
477	47.31
478	47.41
479	47.52
480	47.63
481	47.73
482	47.83
483	47.94
484	48.02
485	48.14
486	48.25
487	48.35
488	48.45
489	48.54
490	48.64
491	48.73
492	48.83
493	48.93
494	49.01
495	49.12
496	49.2
497	49.31
498	49.41
499	49.5
500	49.6
501	49.76
502	49.88
503	49.98
504	50.08
505	50.17
506	50.26
507	50.37
508	50.47
509	50.57
510	50.68
511	50.8
512	50.9
513	51.02
514	51.15
515	51.27
516	51.38
517	51.5
518	51.6
519	51.69
520	51.78
521	51.89
522	52
523	52.12
524	52.22
525	52.33
526	52.43
527	52.55
528	52.65
529	52.74
530	52.85
531	52.96
532	53.05
533	53.15
534	53.28
535	53.38
536	53.48
537	53.59
538	53.69
539	53.79
540	53.88
541	53.98
542	54.08
543	54.17
544	54.32
545	54.43
546	54.53
547	54.61
548	54.73
549	54.84
550	54.94
551	55.06
552	55.15
553	55.25
554	55.35
555	55.48
556	55.59
557	55.7
558	55.8
559	55.93
560	56.03
561	56.13
562	56.23
563	56.31
564	56.43
565	56.52
566	56.62
567	56.74
568	56.85
569	56.94
570	57.05
571	57.14
572	57.23
573	57.34
574	57.44
575	57.54
576	57.65
577	57.75
578	57.85
579	57.94
580	58.04
581	58.14
582	58.25
583	58.34
584	58.46
585	58.56
586	58.68
587	58.79
588	58.88
589	58.98
590	59.11
591	59.21
592	59.31
593	59.41
594	59.5
595	59.6
596	59.7
597	59.78
598	59.89
599	59.99
600	60.08
601	60.23
602	60.35
603	60.46
604	60.58
605	60.69
606	60.84
607	60.95
608	61.07
609	61.18
610	61.29
611	61.4
612	61.5
613	61.61
614	61.69
615	61.79
616	61.91
617	62.03
618	62.13
619	62.25
620	62.35
621	62.46
622	62.56
623	62.66
624	62.77
625	62.88
626	62.98
627	63.11
628	63.22
629	63.36
630	63.47
631	63.58
632	63.68
633	63.78
634	63.88
635	63.99
636	64.07
637	64.18
638	64.29
639	64.39
640	64.5
641	64.59
642	64.69
643	64.77
644	64.9
645	65
646	65.11
647	65.22
648	65.33
649	65.41
650	65.53
651	65.66
652	65.76
653	65.86
654	65.96
655	66.07
656	66.15
657	66.26
658	66.34
659	66.45
660	66.55
661	66.65
662	66.74
663	66.83
664	66.93
665	67.03
666	67.14
667	67.23
668	67.34
669	67.43
670	67.53
671	67.64
672	67.73
673	67.81
674	67.91
675	68.02
676	68.15
677	68.25
678	68.38
679	68.48
680	68.57
681	68.67
682	68.76
683	68.87
684	68.98
685	69.08
686	69.18
687	69.26
688	69.37
689	69.47
690	69.56
691	69.66
692	69.77
693	69.88
694	69.99
695	70.11
696	70.21
697	70.31
698	70.42
699	70.51
700	70.63
701	70.78
702	70.89
703	71.01
704	71.12
705	71.23
706	71.31
707	71.42
708	71.52
709	71.63
710	71.74
711	71.85
712	71.98
713	72.12
714	72.24
715	72.34
716	72.44
717	72.54
718	72.65
719	72.77
720	72.87
721	72.97
722	73.1
723	73.2
724	73.3
725	73.39
726	73.5
727	73.6
728	73.69
729	73.79
730	73.88
731	73.99
732	74.1
733	74.21
734	74.31
735	74.43
736	74.55
737	74.63
738	74.76
739	74.86
740	74.96
741	75.05
742	75.14
743	75.24
744	75.33
745	75.41
746	75.52
747	75.61
748	75.71
749	75.81
750	75.9
751	75.99
752	76.08
753	76.19
754	76.28
755	76.38
756	76.47
757	76.55
758	76.66
759	76.76
760	76.85
761	76.97
762	77.08
763	77.19
764	77.3
765	77.4
766	77.51
767	77.6
768	77.69
769	77.81
770	77.9
771	78
772	78.11
773	78.21
774	78.3
775	78.4
776	78.51
777	78.6
778	78.69
779	78.8
780	78.9
781	79
782	79.09
783	79.22
784	79.33
785	79.43
786	79.56
787	79.67
788	79.76
789	79.88
790	79.98
791	80.11
792	80.2
793	80.3
794	80.39
795	80.51
796	80.61
797	80.69
798	80.8
799	80.89
800	81
801	81.15
802	81.25
803	81.38
804	81.48
805	81.58
806	81.68
807	81.78
808	81.91
809	82.02
810	82.15
811	82.26
812	82.36
813	82.44
814	82.57
815	82.68
816	82.78
817	82.86
818	82.98
819	83.1
820	83.19
821	83.33
822	83.43
823	83.53
824	83.64
825	83.75
826	83.85
827	83.94
828	84.05
829	84.15
830	84.26
831	84.36
832	84.46
833	84.56
834	84.66
835	84.78
836	84.88
837	84.98
838	85.08
839	85.21
840	85.33
841	85.45
842	85.58
843	85.72
844	85.83
845	85.97
846	86.1
847	86.23
848	86.34
849	86.47
850	86.57
851	86.66
852	86.76
853	86.89
854	87.01
855	87.11
856	87.22
857	87.34
858	87.48
859	87.59
860	87.69
861	87.78
862	87.88
863	87.99
864	88.1
865	88.2
866	88.3
867	88.43
868	88.52
869	88.62
870	88.72
871	88.83
872	88.93
873	89.04
874	89.13
875	89.22
876	89.32
877	89.43
878	89.54
879	89.64
880	89.73
881	89.84
882	89.93
883	90.03
884	90.13
885	90.24
886	90.34
887	90.44
888	90.52
889	90.61
890	90.71
891	90.8
892	90.9
893	91
894	91.13
895	91.28
896	91.36
897	91.46
898	91.57
899	91.65
900	91.77
901	91.91
902	92.01
903	92.1
904	92.19
905	92.3
906	92.39
