1	0.999999999986
2	0.00656967330732
3	0.0344644357126
4	0.21123007087
5	0.233761497078
6	0.110627287369
7	0.124229790296
8	0.242117493174
9	0.269472096865
10	0.218397544674
11	0.202870103877
12	0.217826301681
13	0.236494204912
14	0.223355867277
15	0.212173064119
16	0.195217802509
17	0.181576106843
18	0.173260336988
19	0.172618233677
20	0.161560117214
21	0.150276855681
22	0.138250687601
23	0.126252688673
24	0.118482970816
25	0.119276501868
26	0.118553040482
27	0.114995998111
28	0.108654672789
29	0.100779119971
30	0.0951966208227
31	0.0940034461244
32	0.0919884746122
33	0.0858729290747
34	0.0821134453834
35	0.0793772477032
36	0.0779532135103
37	0.0781843530614
38	0.0759268969608
39	0.0728318825267
40	0.0696697506246
41	0.0669081442624
42	0.0641631965768
43	0.0616833470159
44	0.0592640375562
45	0.0566918305945
46	0.0540786200399
47	0.0518393682326
48	0.049757259877
49	0.0476794195658
50	0.0454678967244
51	0.0434261065784
52	0.0418850765803
53	0.0400361052562
54	0.0380021973462
55	0.0360485675453
56	0.034285722964
57	0.0325422025317
58	0.0313856691443
59	0.0298394939196
60	0.0282596930028
61	0.026730243089
62	0.0253758255617
63	0.0246442197539
64	0.023463289615
65	0.0221696244295
66	0.0210530794045
67	0.0199766843945
68	0.0189772592
69	0.0185850384253
70	0.0177402468086
71	0.0168678983006
72	0.0160678879823
73	0.0153376661515
74	0.0151585126679
75	0.0145870539167
76	0.0139810706739
77	0.0134205626644
78	0.0133242723089
79	0.0128801790911
80	0.0123943616566
81	0.0119476566524
82	0.0115375881738
83	0.0115541833115
84	0.0112412215041
85	0.0109001516385
86	0.0105951354061
87	0.0106472050723
88	0.0104065308675
89	0.0101327366647
90	0.0098690011817
91	0.00988888255772
92	0.00968885064172
93	0.0094583427093
94	0.0094581779471
95	0.00928625484093
96	0.00908300499266
97	0.009048006088
98	0.00888683444134
99	0.00870944010646
100	0.00853828336137
101	0.0086243116919
102	0.00840980632694
103	0.00833425400298
104	0.00822187924946
105	0.00810771220761
106	0.00807627730587
107	0.00796602152929
108	0.00783142125909
109	0.0077806224936
110	0.00766685508815
111	0.00751266457816
112	0.00749593094362
113	0.00731999042174
114	0.00724392002692
115	0.00714614210702
116	0.00706632451098
117	0.00701650951014
118	0.00700279769094
119	0.00696233059048
120	0.00687580151087
121	0.00679589562285
122	0.00672093548541
123	0.00661859231098
124	0.00653417401463
125	0.00646846635805
126	0.00638523973836
127	0.00631415280832
128	0.00622768103807
129	0.00617529365249
130	0.00609715872859
131	0.00604549314525
132	0.00596466796895
133	0.00587737185088
134	0.0058101111997
135	0.00573292908374
136	0.00568624022722
137	0.0056421084392
138	0.00561598184353
139	0.00556670631985
140	0.00554935766697
141	0.00550631838332
142	0.00546948555028
143	0.00543728017023
144	0.00539783899726
145	0.00533300015138
146	0.00528439250994
147	0.00524257411276
148	0.00516890320638
149	0.00512644561845
150	0.00509168603296
151	0.0050324199235
152	0.00501007836359
153	0.0049716242913
154	0.00494428147149
155	0.0049166340412
156	0.00487148365599
157	0.00483201078934
158	0.00478155025514
159	0.00472164934317
160	0.00467661429624
161	0.00461395613393
162	0.00456324444841
163	0.00451919466051
164	0.00447823601354
165	0.004442340391
166	0.00438624275565
167	0.00434606675469
168	0.00430045070342
169	0.0042548668366
170	0.00422395866655
171	0.00420599276506
172	0.00418676277
173	0.00416387138311
174	0.00412833278595
175	0.00408550470429
176	0.00404834976692
177	0.00402040950472
178	0.00400148522087
179	0.00398940775117
180	0.00398532674054
181	0.00398550789216
182	0.00397028560791
183	0.00394697587212
184	0.00391987426267
185	0.003894123809
186	0.00387367390359
187	0.00385817981095
188	0.00385179959159
189	0.00385972557372
190	0.00387439851043
191	0.00390085432
192	0.00394268543296
193	0.00397325689834
194	0.00399805209152
195	0.00401217376128
196	0.00403241957681
197	0.00403290158663
198	0.00403650669083
199	0.00403241207427
200	0.0039911455026
201	0.00393692669824
202	0.00385179402841
203	0.00376539048182
204	0.00367874813825
205	0.00358988602139
206	0.00349422182725
207	0.00340127336765
208	0.00331754075083
209	0.00324350861475
210	0.00317771370735
211	0.00311645679018
212	0.00306339277231
213	0.00301990841686
214	0.00298718859397
215	0.00296352009269
216	0.002942731839
217	0.00292761836475
218	0.00292035224846
219	0.00291283124102
220	0.00291037640015
221	0.00290648743819
222	0.00290136303629
223	0.00289068389828
224	0.00288383089877
225	0.00287775922844
226	0.00287233623652
227	0.00286847103569
228	0.00286333575853
229	0.00285921923733
230	0.00285941466155
231	0.00285422660553
232	0.00285868583567
233	0.00285997349516
234	0.00285788527953
235	0.00284843402296
236	0.00283687499306
237	0.00282867378764
238	0.0028229972189
239	0.0028220616866
240	0.00282172807478
241	0.0028300375152
242	0.00284141982737
243	0.00285233179605
244	0.00285252935968
245	0.00285109958497
246	0.00284517597361
247	0.00284369925029
248	0.00284677395865
249	0.00286044690877
250	0.00288787744823
251	0.00291300891515
252	0.00292304191497
253	0.00292958006745
254	0.00294823496977
255	0.00296290583785
256	0.00297363038547
257	0.00299468328204
258	0.00302542249857
259	0.00305056905714
260	0.00306982624763
261	0.0030855711582
262	0.00308364704727
263	0.00307802238817
264	0.00304905058395
265	0.00300198003098
266	0.00296454615934
267	0.00293773107528
268	0.00290822586392
269	0.00289574184952
270	0.00288011269863
271	0.0028610161617
272	0.0028211334394
273	0.00278540172926
274	0.0027529248038
275	0.00272483948642
276	0.00269246860477
277	0.00264402342919
278	0.00259755547546
279	0.00255589752258
280	0.00251953709227
281	0.00248798304782
282	0.00246350384203
283	0.00243959730323
284	0.00240837979256
285	0.0023832409444
286	0.00236274823645
287	0.00234583980189
288	0.00233710099164
289	0.00231919266605
290	0.00230819391172
291	0.00229381234858
292	0.00228635289275
293	0.00228277091784
294	0.00227903105774
295	0.0022763228402
296	0.00227528165699
297	0.00227828094587
298	0.0022808347842
299	0.00228597681659
300	0.00229425698728
301	0.00230650153667
302	0.00232059439556
303	0.00234441253822
304	0.00236354422542
305	0.00238399164387
306	0.00239586566768
307	0.00239943127293
308	0.00240556849021
309	0.00240758547298
310	0.00237956531117
311	0.00234530893466
312	0.00231967348113
313	0.00229197873863
314	0.00225677997895
315	0.00222036908939
316	0.00218403472403
317	0.00214636426367
318	0.00211509010246
319	0.00209079098482
320	0.00207346836672
321	0.00206087733689
322	0.00205088724953
323	0.00204435627901
324	0.00203852130032
325	0.00202940532061
326	0.00201927650846
327	0.00201320176596
328	0.00201277609052
329	0.00201495653191
330	0.00201723888205
331	0.00202067449883
332	0.00202508116616
333	0.00203125031828
334	0.0020392463415
335	0.00204845463786
336	0.00205858821572
337	0.00206960165665
338	0.00208248316845
339	0.00209823785603
340	0.00211381604618
341	0.00212684069067
342	0.00213382716917
343	0.00212388315862
344	0.00210597816062
345	0.00208359018765
346	0.00204890709849
347	0.00201313338287
348	0.00197612557388
349	0.001942704626
350	0.00191339453228
351	0.00188372525419
352	0.00185755722309
353	0.00184190122077
354	0.00183475643197
355	0.00182340876885
356	0.00181089010419
357	0.00180574922827
358	0.00179557218831
359	0.00179533630127
360	0.00178968520148
361	0.00178881538412
362	0.00179094259236
363	0.00179627082655
364	0.00180509513631
365	0.0018189896117
366	0.00182718882933
367	0.00183534754437
368	0.00183518070572
369	0.0018364862659
370	0.00183745495252
371	0.00183319298909
372	0.00182567432945
373	0.00181751394311
374	0.00180938222919
375	0.00180213981855
376	0.00179651432852
377	0.00179214169003
378	0.00177342843045
379	0.00174825151909
380	0.00172631070633
381	0.00170443772456
382	0.00168055201527
383	0.00165665110891
384	0.0016349026473
385	0.00161712602376
386	0.00160287070787
387	0.00159119380209
388	0.00158053264393
389	0.00157189771242
390	0.0015643806818
391	0.0015585802587
392	0.00155325930873
393	0.00154822079932
394	0.00154179724493
395	0.00153274452857
396	0.00151723624831
397	0.00149402348963
398	0.00146681039248
399	0.00143854126466
400	0.00140976984574
401	0.00138029188312
402	0.00135241226997
403	0.00133497042197
404	0.00132247222043
405	0.00131224983736
406	0.00130446175318
407	0.0012982918148
408	0.00129263779205
409	0.00128802325053
410	0.00128342000865
411	0.00127741278879
412	0.00126809844487
413	0.00125624978283
414	0.00124295093048
415	0.00122995750304
416	0.00121713906282
417	0.00120455413637
418	0.00119247612326
419	0.0011815529516
420	0.00117174879849
421	0.00116260859656
422	0.00115331998779
423	0.00114354045111
424	0.00113300692054
425	0.00112195388286
426	0.0011101590635
427	0.0010986920982
428	0.00108775207666
429	0.00107753875214
430	0.0010686495
431	0.00106096399741
432	0.00105481630603
433	0.00105030537378
434	0.00104745531165
435	0.00104611338751
436	0.00104674462342
437	0.00105212302082
438	0.00106531082026
439	0.00104146365335
440	0.00100318492578
441	0.000992168718255
442	0.000991316946658
443	0.000978155590338
444	0.000960344351909
445	0.000942059089647
446	0.000924949596712
447	0.00090832417167
448	0.000892031696946
449	0.000876520440436
450	0.000862223305288
451	0.000849013593412
452	0.000836497985276
453	0.00082488872001
454	0.000813456382212
455	0.000802580694133
456	0.000792568863083
457	0.000783256800037
458	0.000775525191058
459	0.000769432902568
460	0.000763642695962
461	0.00075703210438
462	0.000746002015661
463	0.000728022343256
464	0.000706576286191
465	0.000690910040162
466	0.000681131713628
467	0.000674202026215
468	0.000665210670666
469	0.000653943873683
470	0.000641153908854
471	0.00062830925689
472	0.000616232636797
473	0.00060467997164
474	0.000593996901043
475	0.000583485236552
476	0.00057609734182
477	0.00057024418839
478	0.000564905473407
479	0.000556779580689
480	0.000543177486726
481	0.00052867600812
482	0.000518709790353
483	0.00051464877405
484	0.00051089193567
485	0.000505173850452
486	0.000497622396873
487	0.000490124824372
488	0.000483748736828
489	0.000478908146098
490	0.000475680910542
491	0.000470231043557
492	0.000460185836771
493	0.000449632247664
494	0.000442366699875
495	0.000439451094446
496	0.000435427820078
497	0.00042964001262
498	0.000424035752823
499	0.000420768111472
500	0.000415045640587
501	0.000406217224448
502	0.000399101464495
503	0.000393370037991
504	0.000388242831013
505	0.000383928853018
506	0.000378726069891
507	0.000372535191903
508	0.000366259991731
509	0.000360314726675
510	0.000354375853312
511	0.00034834563091
512	0.000342740430021
513	0.000336541975723
514	0.000327976925303
515	0.000320290988759
516	0.000312580616586
517	0.000306633423032
518	0.000301854962705
519	0.000296501260881
520	0.000291292499983
521	0.000285890939444
522	0.000281278962782
523	0.000276826221896
524	0.000273154973575
525	0.000269404606788
526	0.000266219328288
527	0.000262806769085
528	0.000259923913965
529	0.000256793782783
530	0.000254163197749
531	0.00025130792766
532	0.000248880237413
533	0.00024619527707
534	0.000243925259701
535	0.000241455242114
536	0.000239359684531
537	0.000237008755476
538	0.000234958407806
539	0.000232713142804
540	0.000230774970486
541	0.000228668374472
542	0.000226779568997
543	0.000224806463145
544	0.000223046619702
545	0.000221205655102
546	0.000219470949204
547	0.000217697863519
548	0.000216084732235
549	0.000214429980897
550	0.000212830252615
551	0.000211223894349
552	0.000209653163422
553	0.000208097559269
554	0.000206547463844
555	0.000205009238356
556	0.000203494449888
557	0.000202017421099
558	0.000200530170062
559	0.00019898680664
560	0.000197501460999
561	0.000196088969231
562	0.000194720037266
563	0.00019335225729
564	0.000192002411504
565	0.000190689952614
566	0.000189391989698
567	0.000188098735166
568	0.000186808066141
569	0.000185566871216
570	0.000184336868036
571	0.000183093196419
572	0.000181854614882
573	0.000180637112401
574	0.000179474205008
575	0.000178307252391
576	0.000177125678158
577	0.000175955315484
578	0.000174800996974
579	0.000173663184189
580	0.000172560377666
581	0.000171396264395
582	0.000170265421819
583	0.000169162806631
584	0.000168103642927
585	0.000166972566043
586	0.000165871771223
587	0.000164824377864
588	0.00016370708824
589	0.000162663112053
590	0.000161577686003
591	0.000160581968567
592	0.000159532840041
593	0.000158553367424
594	0.000157538988909
595	0.000156589092678
596	0.0001555856196
597	0.000154646112647
598	0.000153679209645
599	0.000152761891526
600	0.000151801586715
601	0.000150827126039
602	0.000149943488544
603	0.000149041704738
604	0.000148092002805
605	0.00014723682145
606	0.000146366830987
607	0.000145474312576
608	0.000144537051767
609	0.000143621461526
610	0.000142752633194
611	0.000141895341716
612	0.000141022104222
613	0.000140165155631
614	0.000139299254095
615	0.0001384551282
616	0.000137617971087
617	0.00013677738658
618	0.000135956138507
619	0.000135182333412
620	0.000134403287849
621	0.000133623058117
622	0.000132850312282
623	0.000132091430951
624	0.000131337091414
625	0.000130572580183
626	0.000129812679516
627	0.000129069551622
628	0.000128331199174
629	0.000127583989299
630	0.000126833532093
631	0.00012611229993
632	0.000125403096337
633	0.000124678246229
634	0.000123956973602
635	0.00012324476415
636	0.000122543928396
637	0.000121834253169
638	0.000121122177184
639	0.000120424981045
640	0.000119741914532
641	0.000119056682728
642	0.000118374484303
643	0.000117688099568
644	0.00011701287498
645	0.000116341428585
646	0.00011568014675
647	0.000115013883955
648	0.000114349638801
649	0.000113691914153
650	0.000113057157921
651	0.000112426533544
652	0.000111795495488
653	0.000111168452791
654	0.000110551517875
655	0.000109922271991
656	0.000109292482533
657	0.000108675136831
658	0.000108065939674
659	0.000107449147181
660	0.000106832873957
661	0.000106231078393
662	0.000105629613252
663	0.000105026527642
664	0.000104428510336
665	0.000103847405449
666	0.000103267119729
667	0.000102685657831
668	0.000102105051707
669	0.000101531748025
670	0.000100960722972
671	0.000100395584272
672	9.98336401451e-05
673	9.92792460896e-05
674	9.87209441454e-05
675	9.81642480297e-05
676	9.76173159771e-05
677	9.70758397286e-05
678	9.65428276361e-05
679	9.60052496361e-05
680	9.54795845388e-05
681	9.49525139018e-05
682	9.44234139437e-05
683	9.38909047068e-05
684	9.33755201378e-05
685	9.2859808348e-05
686	9.23394993603e-05
687	9.18152496751e-05
688	9.13156346346e-05
689	9.0815698125e-05
690	9.03125365693e-05
691	8.98249214969e-05
692	8.9349185773e-05
693	8.88672193038e-05
694	8.83808538082e-05
695	8.79003712143e-05
696	8.74273620208e-05
697	8.69451583615e-05
698	8.64621113759e-05
699	8.59891055121e-05
700	0.000242920724707
701	0.000209324058819
702	0.000134489191288
703	0.000111964382605
704	0.000112888120971
705	0.000106059203914
706	9.6160416612e-05
707	8.81334756324e-05
708	8.34684690087e-05
709	8.1458666507e-05
710	8.0824876305e-05
711	8.03661784389e-05
712	7.96097985609e-05
713	7.86859400508e-05
714	7.78389228701e-05
715	7.71332795223e-05
716	7.65398543377e-05
717	7.60078712716e-05
718	7.55208377903e-05
719	7.5035083554e-05
720	7.45473538691e-05
721	7.40816379852e-05
722	7.36291573433e-05
723	7.31836661968e-05
724	7.27496448706e-05
725	7.23356702338e-05
726	7.19222736721e-05
727	7.15096418614e-05
728	7.11060243574e-05
729	7.07082287154e-05
730	7.03054367788e-05
731	6.99067949746e-05
732	6.95228013641e-05
733	6.91398142544e-05
734	6.87512851796e-05
735	6.83707866424e-05
736	6.80022248216e-05
737	6.76323537545e-05
738	6.725672251e-05
739	6.68903510051e-05
740	6.65282147339e-05
741	6.61664636246e-05
742	6.58151614485e-05
743	6.54645412201e-05
744	6.51289940118e-05
745	6.47861569418e-05
746	6.44431923671e-05
747	6.411871595e-05
748	6.3790374363e-05
749	6.34593822351e-05
750	6.31339250218e-05
751	6.28089999642e-05
752	6.24898829733e-05
753	6.21791574018e-05
754	6.18669201772e-05
755	6.15548562946e-05
756	6.12553810123e-05
757	6.09525263943e-05
758	6.06477947892e-05
759	6.03492983237e-05
760	6.00618681663e-05
761	5.97700282103e-05
762	5.9472025208e-05
763	5.91784047616e-05
764	5.88914020583e-05
765	5.85963080104e-05
766	5.82999601305e-05
767	5.80146255221e-05
768	5.77346038165e-05
769	5.74466945425e-05
770	5.71590163344e-05
771	5.6873539162e-05
772	5.65925194819e-05
773	5.63121294737e-05
774	5.6032235921e-05
775	5.57520633421e-05
776	5.54736073191e-05
777	5.51993751319e-05
778	5.49269119486e-05
779	5.46560467423e-05
780	5.43849299064e-05
781	5.41159555774e-05
782	5.38457291199e-05
783	5.35799048076e-05
784	5.33070502667e-05
785	5.30321980588e-05
786	5.27583887562e-05
787	5.2492908719e-05
788	5.22286797586e-05
789	5.19705413369e-05
790	5.17104974584e-05
791	5.14477314326e-05
792	5.1188231691e-05
793	5.09280095027e-05
794	5.06730573123e-05
795	5.04226378987e-05
796	5.01766474993e-05
797	4.99270027826e-05
798	4.96786166517e-05
799	4.94262042445e-05
800	4.9185657075e-05
801	4.89492981754e-05
802	4.8718896719e-05
803	4.84848402032e-05
804	4.82573676895e-05
805	4.80336148998e-05
806	4.7808407585e-05
807	4.75855670611e-05
808	4.73697022934e-05
809	4.71581169548e-05
810	4.69444282524e-05
811	4.67342910392e-05
812	4.65237142771e-05
813	4.63134038446e-05
814	4.61035706355e-05
815	4.58943798782e-05
816	4.56888143812e-05
817	4.54846908981e-05
818	4.52807396572e-05
819	4.50754723127e-05
820	4.48697756812e-05
821	4.46647407779e-05
822	4.44604974081e-05
823	4.42580625699e-05
824	4.40573422884e-05
825	4.38572135578e-05
826	4.36566893433e-05
827	4.34539378331e-05
828	4.32538063659e-05
829	4.30557450264e-05
830	4.28595750881e-05
831	4.26635825533e-05
832	4.24686331714e-05
833	4.22737615422e-05
834	4.20773968076e-05
835	4.18841597934e-05
836	4.16914638657e-05
837	4.14988355771e-05
838	4.13071608037e-05
839	4.11151835052e-05
840	4.09238016037e-05
841	4.07348466905e-05
842	4.05478914321e-05
843	4.03605024025e-05
844	4.01718243073e-05
845	3.99875928716e-05
846	3.98069642983e-05
847	3.96268185178e-05
848	3.94457046204e-05
849	3.92667338047e-05
850	3.91675596635e-05
851	3.89279227747e-05
852	3.8817706717e-05
853	3.85859565279e-05
854	3.84877836666e-05
855	3.83398283642e-05
856	3.81877195154e-05
857	3.80361845359e-05
858	3.78862551665e-05
859	3.7742434212e-05
860	3.75970846633e-05
861	3.74499344023e-05
862	3.73010556698e-05
863	3.71517624809e-05
864	3.7000085912e-05
865	3.68482347634e-05
866	3.66986832855e-05
867	3.65502655037e-05
868	3.64014416385e-05
869	3.62499842754e-05
870	3.60993572123e-05
871	3.59484744413e-05
872	3.5789430391e-05
873	3.56428115785e-05
874	3.54976874879e-05
875	3.5341973142e-05
876	3.51893883062e-05
877	3.50467804555e-05
878	3.48949287645e-05
879	3.4745151205e-05
880	3.45964416632e-05
881	3.44479942747e-05
882	3.43010164839e-05
883	3.41535286986e-05
884	3.40132397748e-05
885	3.38711724153e-05
886	3.37189218964e-05
887	3.35774764108e-05
888	3.34283914281e-05
889	3.32888428562e-05
890	3.31393237897e-05
891	3.30043416401e-05
892	3.28598536155e-05
893	3.27259003669e-05
894	3.25891241498e-05
895	3.24437513082e-05
896	3.23115118563e-05
897	3.2176727594e-05
898	3.2040122892e-05
899	3.19046134585e-05
900	3.17691239561e-05
901	3.16345166595e-05
902	3.15000681323e-05
903	3.13668592191e-05
904	3.1234576682e-05
905	3.11032901918e-05
906	3.09722308495e-05
