1	28
2	16
3	17
4	13
5	10
6	12
7	13
8	11
9	12
10	11
11	9
12	9
13	9
14	10
15	10
16	10
17	10
18	10
19	10
20	10
21	9
22	9
23	7
24	7
25	9
26	8
27	8
28	8
29	7
30	6
31	8
32	7
33	6
34	5
35	5
36	6
37	6
38	6
39	4
40	4
41	4
42	4
43	4
44	4
45	4
46	3
47	4
48	4
49	4
50	4
51	2
52	2
53	4
54	2
55	4
56	4
57	2
58	2
59	4
60	2
61	4
62	4
63	2
64	4
65	2
66	3
67	4
68	3
69	4
70	3
71	4
72	4
73	3
74	4
75	4
76	3
77	4
78	4
79	4
80	4
81	4
82	4
83	4
84	4
85	4
86	4
87	4
88	4
89	4
90	4
91	4
92	4
93	4
94	4
95	4
96	4
97	4
98	4
99	4
100	4
101	4
102	4
103	4
104	4
105	4
106	4
107	4
108	4
109	4
110	4
111	4
112	4
113	4
114	4
115	4
116	4
117	4
118	4
119	4
120	4
121	4
122	4
123	4
124	4
125	4
126	4
127	4
128	4
129	4
130	4
131	4
132	4
133	4
134	4
135	4
136	4
137	4
138	4
139	4
140	4
141	4
142	4
143	4
144	4
145	4
146	4
147	4
148	4
149	4
150	4
151	4
152	4
153	4
154	4
155	4
156	4
157	4
158	4
159	4
160	4
161	4
162	4
163	4
164	4
165	4
166	4
167	4
168	4
169	4
170	4
171	4
172	4
173	4
174	4
175	4
176	4
177	4
178	4
179	4
180	4
181	4
182	4
183	4
184	4
185	4
186	4
187	4
188	4
189	4
190	4
191	4
192	4
193	4
194	4
195	4
196	4
197	4
198	4
199	4
200	4
201	4
202	4
203	4
204	4
205	4
206	4
207	4
208	4
209	4
210	4
211	4
212	4
213	4
214	4
215	4
216	4
217	4
218	5
219	5
220	5
221	4
222	5
223	4
224	4
225	4
226	4
227	4
228	4
229	4
230	5
231	4
232	5
233	5
234	5
235	4
236	4
237	4
238	4
239	4
240	4
241	4
242	4
243	5
244	5
245	4
246	4
247	4
248	4
249	4
250	4
251	4
252	5
253	4
254	5
255	5
256	4
257	4
258	4
259	4
260	4
261	5
262	4
263	5
264	5
265	4
266	4
267	5
268	4
269	5
270	4
271	5
272	4
273	4
274	4
275	4
276	5
277	5
278	4
279	4
280	4
281	4
282	4
283	5
284	4
285	4
286	4
287	4
288	5
289	4
290	5
291	5
292	5
293	5
294	5
295	5
296	5
297	5
298	5
299	5
300	5
301	5
302	4
303	5
304	5
305	5
306	5
307	5
308	4
309	5
310	5
311	4
312	4
313	4
314	4
315	4
316	4
317	4
318	4
319	4
320	4
321	4
322	4
323	4
324	4
325	4
326	4
327	4
328	4
329	4
330	4
331	4
332	4
333	4
334	4
335	4
336	4
337	4
338	4
339	4
340	4
341	4
342	4
343	4
344	4
345	4
346	4
347	4
348	4
349	4
350	4
351	4
352	4
353	4
354	4
355	4
356	4
357	5
358	5
359	5
360	5
361	5
362	5
363	5
364	5
365	5
366	5
367	5
368	5
369	5
370	5
371	5
372	5
373	5
374	5
375	5
376	5
377	5
378	5
379	5
380	5
381	5
382	5
383	5
384	5
385	5
386	5
387	5
388	5
389	5
390	5
391	5
392	5
393	5
394	5
395	5
396	5
397	5
398	5
399	5
400	5
401	5
402	4
403	4
404	4
405	4
406	4
407	4
408	4
409	4
410	4
411	4
412	4
413	4
414	4
415	4
416	4
417	4
418	4
419	4
420	4
421	4
422	4
423	4
424	4
425	4
426	4
427	4
428	4
429	4
430	4
431	4
432	4
433	4
434	4
435	4
436	5
437	5
438	5
439	4
440	5
441	5
442	5
443	5
444	5
445	5
446	5
447	5
448	5
449	5
450	5
451	5
452	5
453	5
454	5
455	5
456	5
457	5
458	5
459	5
460	5
461	5
462	5
463	5
464	5
465	5
466	5
467	5
468	5
469	5
470	5
471	5
472	5
473	5
474	5
475	5
476	5
477	5
478	5
479	5
480	5
481	5
482	5
483	5
484	5
485	5
486	5
487	5
488	5
489	5
490	5
491	5
492	5
493	5
494	5
495	5
496	5
497	5
498	5
499	5
500	5
501	5
502	5
503	5
504	5
505	5
506	5
507	5
508	5
509	5
510	5
511	5
512	5
513	7
514	5
515	7
516	7
517	7
518	7
519	7
520	7
521	7
522	7
523	7
524	7
525	7
526	7
527	7
528	7
529	7
530	7
531	7
532	7
533	7
534	7
535	7
536	7
537	7
538	7
539	7
540	7
541	7
542	7
543	7
544	7
545	7
546	7
547	7
548	7
549	7
550	7
551	7
552	7
553	7
554	7
555	7
556	7
557	7
558	7
559	7
560	7
561	7
562	7
563	7
564	7
565	7
566	7
567	7
568	7
569	7
570	7
571	7
572	7
573	7
574	7
575	7
576	7
577	7
578	7
579	7
580	7
581	7
582	7
583	7
584	7
585	7
586	7
587	7
588	7
589	7
590	7
591	7
592	7
593	7
594	7
595	7
596	7
597	7
598	7
599	7
600	7
601	7
602	7
603	7
604	7
605	7
606	7
607	7
608	7
609	7
610	7
611	7
612	7
613	7
614	7
615	7
616	7
617	7
618	7
619	7
620	7
621	7
622	7
623	7
624	7
625	7
626	7
627	7
628	7
629	7
630	7
631	7
632	7
633	7
634	7
635	7
636	7
637	7
638	7
639	7
640	7
641	7
642	7
643	7
644	7
645	7
646	7
647	7
648	7
649	7
650	7
651	7
652	7
653	7
654	7
655	7
656	7
657	7
658	7
659	7
660	7
661	7
662	7
663	7
664	7
665	7
666	7
667	7
668	7
669	7
670	7
671	7
672	7
673	7
674	7
675	7
676	7
677	7
678	7
679	7
680	7
681	7
682	7
683	7
684	7
685	7
686	7
687	7
688	7
689	7
690	7
691	7
692	7
693	7
694	7
695	7
696	7
697	7
698	7
699	7
700	9
701	6
702	8
703	8
704	7
705	7
706	7
707	7
708	7
709	7
710	7
711	7
712	7
713	7
714	7
715	7
716	7
717	7
718	7
719	7
720	7
721	7
722	7
723	7
724	7
725	7
726	7
727	7
728	7
729	7
730	7
731	7
732	7
733	7
734	7
735	7
736	7
737	7
738	7
739	7
740	7
741	7
742	7
743	7
744	7
745	7
746	7
747	7
748	7
749	7
750	7
751	7
752	7
753	7
754	7
755	7
756	7
757	7
758	7
759	7
760	7
761	7
762	7
763	7
764	7
765	7
766	7
767	7
768	7
769	7
770	7
771	7
772	7
773	7
774	7
775	7
776	7
777	7
778	7
779	7
780	7
781	7
782	7
783	7
784	7
785	7
786	7
787	7
788	7
789	7
790	7
791	7
792	7
793	7
794	7
795	7
796	7
797	7
798	7
799	7
800	7
801	7
802	7
803	7
804	7
805	7
806	7
807	7
808	7
809	7
810	7
811	7
812	7
813	7
814	7
815	7
816	7
817	7
818	7
819	7
820	7
821	7
822	7
823	7
824	7
825	7
826	7
827	7
828	7
829	7
830	7
831	7
832	7
833	7
834	7
835	7
836	7
837	7
838	7
839	7
840	7
841	7
842	7
843	7
844	7
845	7
846	7
847	7
848	7
849	8
850	7
851	8
852	7
853	8
854	8
855	8
856	8
857	8
858	8
859	8
860	8
861	8
862	8
863	8
864	8
865	8
866	8
867	8
868	8
869	8
870	8
871	8
872	8
873	8
874	8
875	8
876	8
877	8
878	8
879	8
880	8
881	8
882	8
883	8
884	8
885	8
886	8
887	8
888	8
889	8
890	8
891	8
892	8
893	8
894	8
895	8
896	8
897	8
898	8
899	8
900	8
901	8
902	8
903	8
904	8
905	8
906	8
