1	0.999993114871
2	0.950708332
3	0.292910800261
4	0.0165072611428
5	0.0056133459003
6	0.00267092984456
7	0.00174045455559
8	0.00128658522786
9	0.00106943122962
10	0.000868144922753
11	0.000729826476702
12	0.000633208601169
13	0.000603891244702
14	0.000618452030818
15	0.000634459429712
16	0.000607149188109
17	0.000608612823294
18	0.000540677299605
19	0.000527929570204
20	0.000502087778573
21	0.00049322355142
22	0.000474775920462
23	0.000476878692434
24	0.000486067089253
25	0.000494897504071
26	0.000495576831298
27	0.000488005833802
28	0.000486122806727
29	0.000481535262862
30	0.000475461169671
31	0.00047137355621
32	0.000471027555945
33	0.000468414578842
34	0.000467281871666
35	0.000465155146002
36	0.000463253938122
37	0.00045954983687
38	0.000452861046919
39	0.000446269640274
40	0.000440171363653
41	0.000434722469
42	0.000429645886389
43	0.000424592036553
44	0.000419728635606
45	0.000414375270737
46	0.000408877837181
47	0.000404174404045
48	0.000398876113471
49	0.000393688711033
50	0.000388577965923
51	0.00038373865777
52	0.000379331760101
53	0.000374640848832
54	0.000370249935118
55	0.000366086007659
56	0.000362220773185
57	0.000358775193786
58	0.00035631534438
59	0.000353585536639
60	0.000350893479492
61	0.000348675404795
62	0.000346741562081
63	0.000345245790207
64	0.000343424568328
65	0.000341957346042
66	0.000340770698436
67	0.000339427091435
68	0.000338275868711
69	0.0003376533814
70	0.000336060826575
71	0.000335140728426
72	0.000334036211245
73	0.000333348197938
74	0.000332248049174
75	0.000331516998684
76	0.000330339203777
77	0.000329016530197
78	0.000327545605769
79	0.000326367511876
80	0.000325669496384
81	0.000325320627305
82	0.000324901639546
83	0.000324801540557
84	0.000324112014524
85	0.000323692740307
86	0.000323022149732
87	0.000322751549383
88	0.000322242045959
89	0.000321725200261
90	0.000321187185018
91	0.000320779371334
92	0.000320460651865
93	0.00031994341592
94	0.000319641267991
95	0.00031931708083
96	0.000318894461739
97	0.000318770801027
98	0.00031828568911
99	0.000317722010915
100	0.000317270970417
101	0.000316920782646
102	0.000316193712692
103	0.000315497465583
104	0.000314286430044
105	0.000313526191441
106	0.000313135641454
107	0.000311573052522
108	0.000312518337355
109	0.000309603211479
110	0.000303095534872
111	0.000298095127969
112	0.000294488365822
113	0.000291613784347
114	0.000289165933859
115	0.00028700514464
116	0.000285338317333
117	0.00028385607395
118	0.000282283611812
119	0.000280958059529
120	0.000279553473792
121	0.000278270873699
122	0.000277253768141
123	0.000276151675467
124	0.000275134274009
125	0.000273991822474
126	0.000273323674845
127	0.000272422135204
128	0.000271792731662
129	0.000270932344772
130	0.00027019527972
131	0.000269501139104
132	0.0002690531305
133	0.000268563458748
134	0.000267850939168
135	0.000267335350122
136	0.000266551388617
137	0.000266202246104
138	0.000265647824243
139	0.000265284786956
140	0.000264612086375
141	0.000263841889033
142	0.000263595787159
143	0.00026287960235
144	0.000262706979874
145	0.000261874674371
146	0.000261488729955
147	0.000260785504023
148	0.000260557969819
149	0.000259831135387
150	0.000259179333716
151	0.000258908827597
152	0.000258260932801
153	0.000257761113024
154	0.000257785245885
155	0.000257062135623
156	0.000256521926821
157	0.000256140854657
158	0.000255725009535
159	0.000256069247034
160	0.000256147063106
161	0.000253373579209
162	0.000251417583389
163	0.00025103849976
164	0.00025059521523
165	0.000250543664588
166	0.000250515224851
167	0.000250241723891
168	0.000249515444673
169	0.000249177191858
170	0.000248906016553
171	0.000248569788877
172	0.000247794688592
173	0.00024750739226
174	0.000247367969752
175	0.000247009459141
176	0.000246291363252
177	0.000245971587964
178	0.000245672879646
179	0.000245009673598
180	0.000244502465396
181	0.000244429441274
182	0.00024437398167
183	0.000243640550426
184	0.000243510456742
185	0.000243440470967
186	0.000242651050355
187	0.00024225862718
188	0.000242241601829
189	0.000241965382754
190	0.000241456240675
191	0.000241576242448
192	0.000241759683182
193	0.000241177275747
194	0.000241084656545
195	0.000241261775449
196	0.000240515370689
197	0.000240787731083
198	0.000241143883859
199	0.000240633101646
200	0.000241086829224
201	0.00024128347334
202	0.000240578936412
203	0.000241040303998
204	0.000241127562818
205	0.000240768562249
206	0.000241535927791
207	0.000241466414145
208	0.000241228459989
209	0.000241803511109
210	0.000241206340544
211	0.000241739667737
212	0.000242219443932
213	0.000242230444173
214	0.000243005920667
215	0.000242166490095
216	0.00024273598719
217	0.000243446482714
218	0.00024351916755
219	0.00024485614072
220	0.00024383675009
221	0.00024421848114
222	0.00024452162533
223	0.000244899007457
224	0.000246192239893
225	0.000245909012438
226	0.00024662654099
227	0.000246058074464
228	0.000247329855598
229	0.000247719553575
230	0.000248747105391
231	0.000248562693689
232	0.000248929072894
233	0.000249556766081
234	0.000250390024949
235	0.000250891207415
236	0.000250509306558
237	0.000251803568263
238	0.000252293006659
239	0.000253692105466
240	0.000252849852667
241	0.000254194184436
242	0.000255227119427
243	0.000256869604146
244	0.000255578297581
245	0.000255952098311
246	0.000257413612257
247	0.000257803956595
248	0.000258277892955
249	0.000258153489287
250	0.000261159529052
251	0.000259758999783
252	0.000261143169456
253	0.000263316503218
254	0.000263029093792
255	0.000263265805261
256	0.000263059159623
257	0.000265333629134
258	0.000264573101113
259	0.000265280340782
260	0.000268574678937
261	0.000267446859493
262	0.00027038975317
263	0.000271821448861
264	0.000268908543583
265	0.000270808572216
266	0.000271564173938
267	0.000272018472892
268	0.000273729145672
269	0.000273776491539
270	0.000280360069227
271	0.000277175279968
272	0.000275659624803
273	0.000276516384952
274	0.000277692240516
275	0.000280985975455
276	0.000281167169148
277	0.00028506746194
278	0.000284610526578
279	0.000281983469704
280	0.000282594852713
281	0.000283456491802
282	0.000286680020984
283	0.000288631100018
284	0.000297977541704
285	0.000287653241927
286	0.00028869053596
287	0.000294709913963
288	0.000297055028953
289	0.000300686233208
290	0.000296169633399
291	0.000300191239968
292	0.000299924405658
293	0.000303503270402
294	0.000317612106444
295	0.000306691260477
296	0.000307991513566
297	0.000314657167969
298	0.000328062193097
299	0.000317776178027
300	0.000322076860912
301	0.000338162580044
302	0.000333423551062
303	0.000339764451508
304	0.000360087712086
305	0.000362963188482
306	0.000364043618531
307	0.000351472029709
308	0.000266187332097
309	0.000240643321678
310	0.000235087918436
311	0.000233650459794
312	0.000233046786846
313	0.00023246892019
314	0.000231954278659
315	0.000231463648855
316	0.000231025606759
317	0.000230649572492
318	0.000230306748511
319	0.000229985535252
320	0.000229679690754
321	0.000229384384796
322	0.000229097297176
323	0.000228810671389
324	0.000228523027567
325	0.000228253259226
326	0.00022798082904
327	0.0002276964505
328	0.000227402333097
329	0.000227098933742
330	0.000226790948402
331	0.000226482440504
332	0.000226175590794
333	0.000225876948782
334	0.000225584657479
335	0.000225298000862
336	0.000225015348673
337	0.000224740230133
338	0.000224466749611
339	0.000224183698539
340	0.0002238809524
341	0.0002235774426
342	0.00022323643503
343	0.000222905585114
344	0.000222488316875
345	0.00022203375123
346	0.000221552265549
347	0.000221048539785
348	0.000220529884011
349	0.000219992638795
350	0.000219446390432
351	0.000218889550219
352	0.000218316970269
353	0.000217721817652
354	0.000217088796374
355	0.000216451976557
356	0.000215794030413
357	0.000215096674595
358	0.000214372285801
359	0.000213628600742
360	0.000212871728891
361	0.000212109593525
362	0.000211345134767
363	0.000210577920272
364	0.000209804646662
365	0.000209014197912
366	0.000208219869739
367	0.000207456155942
368	0.000206695308825
369	0.000205879632169
370	0.000205063491389
371	0.000204239540097
372	0.000203400915622
373	0.000202547766256
374	0.000201690320766
375	0.000200825044703
376	0.000199933027379
377	0.000199008701357
378	0.000198101999601
379	0.000197174087159
380	0.000196218834838
381	0.000195260465563
382	0.000194302834627
383	0.000193342222426
384	0.000192389631006
385	0.000191437330078
386	0.000190482661389
387	0.000189531677937
388	0.000188580841538
389	0.000187628384214
390	0.000186680485473
391	0.000185731496244
392	0.000184787714524
393	0.000183842508183
394	0.000182895153542
395	0.000181933631805
396	0.000181007940109
397	0.000180142071682
398	0.000179258652289
399	0.000178362756119
400	0.000177462277097
401	0.000176564747359
402	0.000175686669918
403	0.0001748239617
404	0.000173978198585
405	0.00017314331672
406	0.000172317838134
407	0.000171500167684
408	0.000170689700823
409	0.000169887999738
410	0.000169093151277
411	0.000168317930307
412	0.000167587058583
413	0.00016687578028
414	0.000166172401116
415	0.000165471673033
416	0.000164771768747
417	0.000164072731001
418	0.000163376219452
419	0.000162684503441
420	0.000162000822427
421	0.00016132681178
422	0.0001606653705
423	0.000160012639379
424	0.000159364961129
425	0.000158721128374
426	0.000158080827946
427	0.000157447407748
428	0.000156819550337
429	0.000156199958259
430	0.000155590332581
431	0.000154986509461
432	0.000154384641933
433	0.000153785642479
434	0.000153196473038
435	0.000152626103253
436	0.000152079499782
437	0.000151616139425
438	0.000151074895349
439	0.000150243580523
440	0.000149799590558
441	0.000149255261142
442	0.00014867005661
443	0.000148099609288
444	0.000147545117694
445	0.000146999119939
446	0.000146457221276
447	0.000145918459537
448	0.000145377914643
449	0.000144837335341
450	0.000144295828072
451	0.000143752371671
452	0.000143206375759
453	0.000142657852151
454	0.000142109329374
455	0.000141557275011
456	0.000140999557991
457	0.000140434963516
458	0.000139861306584
459	0.000139274419314
460	0.000138665724535
461	0.000138016822151
462	0.000137341026433
463	0.000136627251716
464	0.00013593366721
465	0.000135232014129
466	0.000134514499256
467	0.000133777704422
468	0.000133032675485
469	0.000132287148805
470	0.000131549259207
471	0.000130827142776
472	0.000130131476613
473	0.000129463221969
474	0.000128825266246
475	0.000128226792824
476	0.000127668419289
477	0.000127141459708
478	0.00012663740334
479	0.000126128539538
480	0.000125670893158
481	0.000125249338215
482	0.000124857952267
483	0.000124498622066
484	0.000124168050923
485	0.000123862098057
486	0.000123580251995
487	0.000123322341712
488	0.000123092079342
489	0.000122891315254
490	0.00012269978809
491	0.000122501869376
492	0.000122336194279
493	0.000122183028686
494	0.000122041021377
495	0.000121908313595
496	0.000121782687388
497	0.000121662176081
498	0.000121545887625
499	0.000121434803171
500	0.000121331691474
501	0.000121235940736
502	0.000121144547414
503	0.000121054433884
504	0.000120968878459
505	0.000120881557352
506	0.000120792729455
507	0.000120698847697
508	0.000120592514781
509	0.000120485510495
510	0.000120336450172
511	0.000120110882783
512	0.000119758814586
513	0.000119140738392
514	0.000117888213815
515	0.000115815823466
516	0.000113506225708
517	0.000111446984636
518	0.000109643856606
519	0.000108085003028
520	0.000106742416634
521	0.000105566119937
522	0.000104521926529
523	0.000103586793406
524	0.000102747081666
525	0.000101986924199
526	0.000101293277656
527	0.000100656724457
528	0.000100073555407
529	9.95355299019e-05
530	9.90398333316e-05
531	9.85843322895e-05
532	9.81679688219e-05
533	9.77932745869e-05
534	9.74693053607e-05
535	9.71796290413e-05
536	9.691190937e-05
537	9.6658771111e-05
538	9.6421192649e-05
539	9.61957634047e-05
540	9.59820008576e-05
541	9.57752058254e-05
542	9.55765528557e-05
543	9.5384724424e-05
544	9.52013549303e-05
545	9.50226644476e-05
546	9.48494105859e-05
547	9.46810361562e-05
548	9.45179745761e-05
549	9.43578451426e-05
550	9.42016711307e-05
551	9.40489506697e-05
552	9.38994323714e-05
553	9.37523031104e-05
554	9.36062268075e-05
555	9.34609134405e-05
556	9.33163680822e-05
557	9.31727711308e-05
558	9.30301386489e-05
559	9.28887908446e-05
560	9.27487016598e-05
561	9.26101280268e-05
562	9.24729204377e-05
563	9.23370724888e-05
564	9.22024773964e-05
565	9.20687099097e-05
566	9.19354890274e-05
567	9.18024356339e-05
568	9.16696500836e-05
569	9.15383828272e-05
570	9.14081033528e-05
571	9.12775434994e-05
572	9.11458802012e-05
573	9.10127543026e-05
574	9.08780887702e-05
575	9.07407087047e-05
576	9.06009419946e-05
577	9.04584804732e-05
578	9.03135070404e-05
579	9.01660829593e-05
580	9.00163404497e-05
581	8.98641786093e-05
582	8.97097812556e-05
583	8.95533630073e-05
584	8.93949008529e-05
585	8.92344784491e-05
586	8.90721463558e-05
587	8.89080750848e-05
588	8.87420551988e-05
589	8.85742273195e-05
590	8.84046846205e-05
591	8.82335961168e-05
592	8.80609115447e-05
593	8.78865605885e-05
594	8.77107767856e-05
595	8.75336147845e-05
596	8.7355219207e-05
597	8.71754418737e-05
598	8.6994498641e-05
599	8.6812440347e-05
600	8.66292578274e-05
601	8.64449571142e-05
602	8.62597054751e-05
603	8.60735782747e-05
604	8.58865937886e-05
605	8.56987303662e-05
606	8.55101983777e-05
607	8.53210761228e-05
608	8.51313064739e-05
609	8.49408626736e-05
610	8.47501448706e-05
611	8.45590532361e-05
612	8.43677169371e-05
613	8.41758908945e-05
614	8.39838948186e-05
615	8.37916108485e-05
616	8.35990708674e-05
617	8.34062288743e-05
618	8.32131874175e-05
619	8.30200715198e-05
620	8.28265906301e-05
621	8.26330881059e-05
622	8.24394656148e-05
623	8.22458266158e-05
624	8.20520023191e-05
625	8.18581703204e-05
626	8.16643453619e-05
627	8.14704893993e-05
628	8.12767720725e-05
629	8.1083013103e-05
630	8.08896774762e-05
631	8.06963346642e-05
632	8.0503292213e-05
633	8.03104014475e-05
634	8.01179112937e-05
635	7.99258044971e-05
636	7.97340886959e-05
637	7.95430243211e-05
638	7.93523435022e-05
639	7.91621082956e-05
640	7.89722396443e-05
641	7.87828177454e-05
642	7.85940111562e-05
643	7.84055467292e-05
644	7.82177371109e-05
645	7.8030165669e-05
646	7.78432281648e-05
647	7.76567113436e-05
648	7.74707750551e-05
649	7.72855089929e-05
650	7.71006652651e-05
651	7.6916520849e-05
652	7.67328893984e-05
653	7.65497957371e-05
654	7.63674809648e-05
655	7.61857014518e-05
656	7.60049037122e-05
657	7.58247127202e-05
658	7.56450961191e-05
659	7.5466465514e-05
660	7.52882919422e-05
661	7.51109772623e-05
662	7.49343068241e-05
663	7.47585370547e-05
664	7.45835392517e-05
665	7.44092434685e-05
666	7.42359279432e-05
667	7.4063406422e-05
668	7.38915443122e-05
669	7.37205015802e-05
670	7.35501490357e-05
671	7.3380745113e-05
672	7.32119134989e-05
673	7.3044126505e-05
674	7.28772377894e-05
675	7.27112242341e-05
676	7.25462425994e-05
677	7.23820391205e-05
678	7.22188089473e-05
679	7.20562059299e-05
680	7.18945505034e-05
681	7.17337664624e-05
682	7.15740176082e-05
683	7.14151316916e-05
684	7.12572072585e-05
685	7.11001591832e-05
686	7.09442199721e-05
687	7.07891014859e-05
688	7.06350272667e-05
689	7.04818644089e-05
690	7.0329667629e-05
691	7.01784882224e-05
692	7.00279775041e-05
693	6.98786614492e-05
694	6.97301233993e-05
695	6.95826831739e-05
696	6.94361098228e-05
697	6.92904025896e-05
698	6.91457564741e-05
699	6.90018892985e-05
700	6.88589303969e-05
701	6.8669863377e-05
702	6.8486824501e-05
703	6.83085506299e-05
704	6.81338654339e-05
705	6.79627272764e-05
706	6.77944118855e-05
707	6.76287011739e-05
708	6.74655285801e-05
709	6.7304696186e-05
710	6.71463117888e-05
711	6.69898691427e-05
712	6.6835161507e-05
713	6.66827021793e-05
714	6.65317014248e-05
715	6.63825310873e-05
716	6.6235251724e-05
717	6.60897369119e-05
718	6.59459656309e-05
719	6.58037819953e-05
720	6.56629919074e-05
721	6.55239542448e-05
722	6.53862138756e-05
723	6.52498540287e-05
724	6.51151783836e-05
725	6.49816225283e-05
726	6.4849476238e-05
727	6.47190125381e-05
728	6.45897978312e-05
729	6.44619818189e-05
730	6.43357127914e-05
731	6.42109536781e-05
732	6.40874527085e-05
733	6.39652135095e-05
734	6.3844308116e-05
735	6.37246455057e-05
736	6.36061374324e-05
737	6.34888326466e-05
738	6.33729114101e-05
739	6.32967622796e-05
740	6.32199153262e-05
741	6.31430312487e-05
742	6.30659832339e-05
743	6.29887898282e-05
744	6.29118704397e-05
745	6.28353787254e-05
746	6.27590461804e-05
747	6.26828634108e-05
748	6.26072998503e-05
749	6.2532323728e-05
750	6.24577655687e-05
751	6.23836080881e-05
752	6.23104016237e-05
753	6.22378517886e-05
754	6.2165717113e-05
755	6.20944540704e-05
756	6.20237916647e-05
757	6.19535009893e-05
758	6.18838640064e-05
759	6.18150448036e-05
760	6.17467266251e-05
761	6.16787959595e-05
762	6.16117369382e-05
763	6.15455013858e-05
764	6.14796760296e-05
765	6.14143978067e-05
766	6.13500270229e-05
767	6.12862266881e-05
768	6.12227902778e-05
769	6.11601016072e-05
770	6.10980260298e-05
771	6.10363253799e-05
772	6.09751864239e-05
773	6.09148828705e-05
774	6.08551318365e-05
775	6.0795740449e-05
776	6.07370736983e-05
777	6.06790312377e-05
778	6.06214083183e-05
779	6.05641955394e-05
780	6.05076732811e-05
781	6.04517658846e-05
782	6.03961522093e-05
783	6.03412919903e-05
784	6.02870339346e-05
785	6.02329782735e-05
786	6.01795580386e-05
787	6.01268110499e-05
788	6.00743642101e-05
789	6.00222932334e-05
790	5.99709579162e-05
791	5.99201517989e-05
792	5.98696678061e-05
793	5.98195738108e-05
794	5.97701543887e-05
795	5.97210463146e-05
796	5.96722537157e-05
797	5.96241828832e-05
798	5.95765461771e-05
799	5.95292353677e-05
800	5.94822213795e-05
801	5.94359611597e-05
802	5.93898103936e-05
803	5.93439446841e-05
804	5.92990764473e-05
805	5.92542866811e-05
806	5.92098339033e-05
807	5.91659166288e-05
808	5.91224048687e-05
809	5.90792264126e-05
810	5.90364716498e-05
811	5.89943044186e-05
812	5.89524947324e-05
813	5.89107693516e-05
814	5.88697420749e-05
815	5.88290406852e-05
816	5.87884325657e-05
817	5.87485624287e-05
818	5.87090653778e-05
819	5.86696831126e-05
820	5.86307084998e-05
821	5.85923016956e-05
822	5.85540078298e-05
823	5.85161561344e-05
824	5.84788194449e-05
825	5.84416322199e-05
826	5.84047255568e-05
827	5.83683252662e-05
828	5.83321418561e-05
829	5.82961781853e-05
830	5.82606861905e-05
831	5.82254388974e-05
832	5.81904745429e-05
833	5.81558772595e-05
834	5.81215908039e-05
835	5.80875088482e-05
836	5.8053699244e-05
837	5.80202920232e-05
838	5.7987055573e-05
839	5.79540781106e-05
840	5.79214511767e-05
841	5.78890721795e-05
842	5.78568346557e-05
843	5.78250068071e-05
844	5.77934563762e-05
845	5.77619060348e-05
846	5.77306939273e-05
847	5.76998443642e-05
848	5.76689824966e-05
849	5.76384351643e-05
850	5.76082421426e-05
851	5.75779428793e-05
852	5.75479267053e-05
853	5.75181860744e-05
854	5.74884408425e-05
855	5.74589015697e-05
856	5.74296658881e-05
857	5.74004223574e-05
858	5.73714531558e-05
859	5.73426003862e-05
860	5.73137925522e-05
861	5.72852788494e-05
862	5.72567741021e-05
863	5.72283004785e-05
864	5.720001609e-05
865	5.71716811774e-05
866	5.71435359011e-05
867	5.71152868253e-05
868	5.70869346672e-05
869	5.70589424748e-05
870	5.70305967808e-05
871	5.70022349234e-05
872	5.69740063674e-05
873	5.69454091033e-05
874	5.69169917201e-05
875	5.68885649683e-05
876	5.68599339214e-05
877	5.68312433231e-05
878	5.68025182646e-05
879	5.67735727353e-05
880	5.67446134601e-05
881	5.67156979821e-05
882	5.66865665359e-05
883	5.66574216195e-05
884	5.66281177533e-05
885	5.65988708624e-05
886	5.65694337067e-05
887	5.65400682338e-05
888	5.65104655741e-05
889	5.64810012624e-05
890	5.645147305e-05
891	5.64217744714e-05
892	5.63921636885e-05
893	5.63622907954e-05
894	5.63325033154e-05
895	5.6302748888e-05
896	5.62731409316e-05
897	5.62438104202e-05
898	5.62144231799e-05
899	5.61851657708e-05
900	5.61558400597e-05
901	5.61266537863e-05
902	5.60975109267e-05
903	5.60683041699e-05
904	5.60391681666e-05
905	5.60100951969e-05
906	5.59809804872e-05
