1	0.0919436853756
2	0.0832618666448
3	0.0162352990309
4	0.000905945747689
5	0.000345862629876
6	0.000262661942814
7	0.000132994848099
8	9.48145020083e-05
9	8.52948459018e-05
10	7.63640418573e-05
11	7.02257326101e-05
12	3.27999668362e-05
13	3.33197489521e-05
14	3.42272026843e-05
15	3.48125025724e-05
16	3.35073011318e-05
17	3.17983748835e-05
18	3.06723422372e-05
19	2.98160620556e-05
20	2.92204459329e-05
21	2.87346800259e-05
22	2.83096427526e-05
23	2.87285317247e-05
24	2.94752114866e-05
25	3.01077649844e-05
26	3.03556083667e-05
27	3.04791192462e-05
28	3.05986231939e-05
29	3.06169610747e-05
30	3.05319738602e-05
31	3.05274920631e-05
32	3.08033181286e-05
33	3.09273346455e-05
34	3.10439821033e-05
35	3.11169414737e-05
36	3.11827746184e-05
37	3.11520776822e-05
38	3.10525454508e-05
39	3.09597436451e-05
40	3.08354493187e-05
41	3.07151684868e-05
42	3.06432941038e-05
43	3.05365186073e-05
44	3.04273623628e-05
45	3.02919345333e-05
46	3.01163037057e-05
47	2.99822584524e-05
48	2.9800063379e-05
49	2.96129256935e-05
50	2.9417181667e-05
51	2.9223701651e-05
52	2.90293932509e-05
53	2.881191416e-05
54	2.86071690122e-05
55	2.84063788268e-05
56	2.82113552982e-05
57	2.80537813984e-05
58	2.79294356193e-05
59	2.77800546081e-05
60	2.76245057238e-05
61	2.75029799797e-05
62	2.73975506482e-05
63	2.73037602335e-05
64	2.71891964917e-05
65	2.7121590134e-05
66	2.70622672626e-05
67	2.69870908256e-05
68	2.69309116883e-05
69	2.6875408283e-05
70	2.68125541535e-05
71	2.67772178856e-05
72	2.67152155749e-05
73	2.66613013135e-05
74	2.66385657572e-05
75	2.659041364e-05
76	2.65226427085e-05
77	2.63862472231e-05
78	2.62616320665e-05
79	2.62432199415e-05
80	2.62363463879e-05
81	2.62516835611e-05
82	2.62496309596e-05
83	2.62614474755e-05
84	2.6213899537e-05
85	2.62069820271e-05
86	2.61617824418e-05
87	2.61544306647e-05
88	2.61257419656e-05
89	2.60967225764e-05
90	2.6053346565e-05
91	2.60335797719e-05
92	2.60194536916e-05
93	2.59586951705e-05
94	2.59500771028e-05
95	2.59265802899e-05
96	2.5866630984e-05
97	2.58633965133e-05
98	2.58059072447e-05
99	2.57602808156e-05
100	2.57255375724e-05
101	2.56550098927e-05
102	2.55893995009e-05
103	2.55114900647e-05
104	2.54068006564e-05
105	2.53304848123e-05
106	2.52165511398e-05
107	2.50868368043e-05
108	2.49459482827e-05
109	2.46992495461e-05
110	2.43729522014e-05
111	2.41253224864e-05
112	2.38822454545e-05
113	2.36984819409e-05
114	2.35255670785e-05
115	2.33607062674e-05
116	2.32389787578e-05
117	2.31185416926e-05
118	2.29888302686e-05
119	2.2900186973e-05
120	2.27764251102e-05
121	2.26852313447e-05
122	2.25786814144e-05
123	2.24816340326e-05
124	2.23836719205e-05
125	2.23061683774e-05
126	2.22251641306e-05
127	2.21606724408e-05
128	2.20696156437e-05
129	2.20049201978e-05
130	2.19288637402e-05
131	2.18733590176e-05
132	2.1827465054e-05
133	2.17591781354e-05
134	2.17187910699e-05
135	2.16564558714e-05
136	2.16215213085e-05
137	2.15695581499e-05
138	2.15280298798e-05
139	2.14788054841e-05
140	2.14244969445e-05
141	2.13944822977e-05
142	2.13518373865e-05
143	2.1319530159e-05
144	2.12709129019e-05
145	2.1247097623e-05
146	2.11879578977e-05
147	2.11830479613e-05
148	2.11419518839e-05
149	2.10998724183e-05
150	2.10700258292e-05
151	2.10140373679e-05
152	2.09956206166e-05
153	2.0977921666e-05
154	2.09044204786e-05
155	2.0865947643e-05
156	2.08334254671e-05
157	2.08054776004e-05
158	2.07693883582e-05
159	2.07081065542e-05
160	2.06241213387e-05
161	2.05829690082e-05
162	2.06058197908e-05
163	2.06093686909e-05
164	2.0617860864e-05
165	2.0620034178e-05
166	2.06160591583e-05
167	2.05901120486e-05
168	2.05789487774e-05
169	2.05648567536e-05
170	2.05436733566e-05
171	2.05113210702e-05
172	2.04951356602e-05
173	2.04783594039e-05
174	2.04570488857e-05
175	2.04256688328e-05
176	2.04079969153e-05
177	2.03871076437e-05
178	2.03544970452e-05
179	2.03271682664e-05
180	2.03114973849e-05
181	2.02949858277e-05
182	2.02670674572e-05
183	2.02563954115e-05
184	2.02453582974e-05
185	2.02223492347e-05
186	2.02041850077e-05
187	2.01968760996e-05
188	2.01837706717e-05
189	2.01664385784e-05
190	2.01701384219e-05
191	2.01647912605e-05
192	2.01521935226e-05
193	2.01586143882e-05
194	2.01585166508e-05
195	2.01519097417e-05
196	2.01530672053e-05
197	2.01674349376e-05
198	2.0155679674e-05
199	2.01737227224e-05
200	2.01902614862e-05
201	2.0187608877e-05
202	2.02092536466e-05
203	2.02224244153e-05
204	2.02290137419e-05
205	2.0256997077e-05
206	2.02741599455e-05
207	2.02914124507e-05
208	2.03153463885e-05
209	2.03192980367e-05
210	2.03470029971e-05
211	2.03740462508e-05
212	2.03903295223e-05
213	2.04244464936e-05
214	2.04382792679e-05
215	2.04649491428e-05
216	2.04970124164e-05
217	2.05188555521e-05
218	2.05637068184e-05
219	2.0589263324e-05
220	2.0630813338e-05
221	2.06675059031e-05
222	2.07007893566e-05
223	2.07484969964e-05
224	2.0776262626e-05
225	2.0821621563e-05
226	2.08416315861e-05
227	2.08880808725e-05
228	2.09280110631e-05
229	2.09744266261e-05
230	2.10196793208e-05
231	2.10597281265e-05
232	2.11187307855e-05
233	2.11708814684e-05
234	2.12360609334e-05
235	2.12752974025e-05
236	2.13326021934e-05
237	2.13744602478e-05
238	2.14376615436e-05
239	2.14733321447e-05
240	2.15285901781e-05
241	2.1573522848e-05
242	2.16432445637e-05
243	2.16937791134e-05
244	2.17588212702e-05
245	2.18172064704e-05
246	2.18806398184e-05
247	2.19257600453e-05
248	2.19623942562e-05
249	2.20211805412e-05
250	2.205659046e-05
251	2.21228511933e-05
252	2.21789132619e-05
253	2.22589176798e-05
254	2.23268833915e-05
255	2.23820554667e-05
256	2.24634711461e-05
257	2.25063271832e-05
258	2.25599604572e-05
259	2.26272326262e-05
260	2.26711709769e-05
261	2.27485826982e-05
262	2.28325372e-05
263	2.28985602865e-05
264	2.29928258621e-05
265	2.30584126617e-05
266	2.30861319129e-05
267	2.31449247282e-05
268	2.32025777002e-05
269	2.32654712698e-05
270	2.33313519542e-05
271	2.34291626317e-05
272	2.35273348567e-05
273	2.35644976165e-05
274	2.36088161112e-05
275	2.3636791388e-05
276	2.37172997103e-05
277	2.38015878805e-05
278	2.39080815415e-05
279	2.39840328546e-05
280	2.4022305352e-05
281	2.40479268179e-05
282	2.41059537503e-05
283	2.41792988408e-05
284	2.42541410156e-05
285	2.4367930376e-05
286	2.43714824593e-05
287	2.43792874266e-05
288	2.44196895049e-05
289	2.45161951833e-05
290	2.46099665234e-05
291	2.46129886613e-05
292	2.46293912261e-05
293	2.46842769524e-05
294	2.47536272988e-05
295	2.48092230069e-05
296	2.47697750174e-05
297	2.47810156279e-05
298	2.48463070725e-05
299	2.48382958299e-05
300	2.47619212068e-05
301	2.47462600636e-05
302	2.46402144518e-05
303	2.44998960878e-05
304	2.43847794166e-05
305	2.39361574867e-05
306	2.3240989412e-05
307	2.16413013538e-05
308	2.04799535656e-05
309	2.0089207126e-05
310	1.99224841469e-05
311	1.98310729525e-05
312	1.97801182475e-05
313	1.97475477749e-05
314	1.97225954587e-05
315	1.96985223468e-05
316	1.96756945912e-05
317	1.96548325975e-05
318	1.96344181441e-05
319	1.96139640612e-05
320	1.95936152357e-05
321	1.95731079749e-05
322	1.95521623546e-05
323	1.9530715563e-05
324	1.9509310825e-05
325	1.94886634442e-05
326	1.94671425171e-05
327	1.94442802828e-05
328	1.9420542676e-05
329	1.93960745242e-05
330	1.93710166578e-05
331	1.93457157333e-05
332	1.93204971849e-05
333	1.92955717852e-05
334	1.92710664975e-05
335	1.92467191606e-05
336	1.9222300041e-05
337	1.91975926586e-05
338	1.91722441654e-05
339	1.914602975e-05
340	1.91190943333e-05
341	1.90915802386e-05
342	1.90630385751e-05
343	1.90367249444e-05
344	1.9004597801e-05
345	1.89691086341e-05
346	1.89351177735e-05
347	1.88966437741e-05
348	1.88557864511e-05
349	1.88123196285e-05
350	1.87667575595e-05
351	1.87199565222e-05
352	1.86712703365e-05
353	1.86198339477e-05
354	1.85662902498e-05
355	1.8514358073e-05
356	1.84594960931e-05
357	1.84017961678e-05
358	1.83417600494e-05
359	1.82799851669e-05
360	1.82170194059e-05
361	1.81532469542e-05
362	1.8088670808e-05
363	1.80232854535e-05
364	1.79572871533e-05
365	1.78910438223e-05
366	1.78272968916e-05
367	1.77607560365e-05
368	1.76973552141e-05
369	1.76292284397e-05
370	1.75595057414e-05
371	1.74895989543e-05
372	1.7418489317e-05
373	1.73458383554e-05
374	1.72716152417e-05
375	1.71960536509e-05
376	1.71196383785e-05
377	1.70452574358e-05
378	1.6974456891e-05
379	1.68986740152e-05
380	1.68198611616e-05
381	1.6739654392e-05
382	1.66586391129e-05
383	1.65769940141e-05
384	1.64948040117e-05
385	1.64122691219e-05
386	1.63296126762e-05
387	1.6246904744e-05
388	1.61642789452e-05
389	1.60818703499e-05
390	1.59997880944e-05
391	1.59180655808e-05
392	1.5836707419e-05
393	1.57557392423e-05
394	1.5675376557e-05
395	1.55962443938e-05
396	1.55189210305e-05
397	1.544248516e-05
398	1.5365446642e-05
399	1.52874796427e-05
400	1.52088805216e-05
401	1.51301935468e-05
402	1.50517660959e-05
403	1.49739543784e-05
404	1.4896865184e-05
405	1.48206382709e-05
406	1.47455375217e-05
407	1.46718364553e-05
408	1.45994580811e-05
409	1.45286548448e-05
410	1.44594880093e-05
411	1.43922334406e-05
412	1.43271340621e-05
413	1.42634992594e-05
414	1.42006583172e-05
415	1.41381817529e-05
416	1.4075926312e-05
417	1.40139702595e-05
418	1.39526236839e-05
419	1.38922938718e-05
420	1.38326992111e-05
421	1.37741416731e-05
422	1.37164336194e-05
423	1.36594232401e-05
424	1.36032278658e-05
425	1.35475933652e-05
426	1.34926751512e-05
427	1.34388535267e-05
428	1.33854912735e-05
429	1.33325488581e-05
430	1.32799308826e-05
431	1.3227547415e-05
432	1.3175501598e-05
433	1.31237879417e-05
434	1.30726086578e-05
435	1.30222570299e-05
436	1.29726126573e-05
437	1.29234447787e-05
438	1.28746777861e-05
439	1.28281978727e-05
440	1.27806490481e-05
441	1.27327205495e-05
442	1.26851079748e-05
443	1.26380021576e-05
444	1.2591438078e-05
445	1.25451099007e-05
446	1.24988323312e-05
447	1.24525512347e-05
448	1.24062991269e-05
449	1.23599980279e-05
450	1.23135894998e-05
451	1.22669706224e-05
452	1.22201053279e-05
453	1.21727705769e-05
454	1.21250244735e-05
455	1.20766581615e-05
456	1.20275157152e-05
457	1.19774881774e-05
458	1.19265331417e-05
459	1.18745491348e-05
460	1.18214702779e-05
461	1.17673626259e-05
462	1.17122075288e-05
463	1.16560525957e-05
464	1.15985492404e-05
465	1.15399258382e-05
466	1.14805353645e-05
467	1.14207146313e-05
468	1.13607073011e-05
469	1.13010785159e-05
470	1.12421230946e-05
471	1.11850902009e-05
472	1.11300413229e-05
473	1.1077030325e-05
474	1.10262515763e-05
475	1.09778352888e-05
476	1.09319154462e-05
477	1.08885627459e-05
478	1.08476809785e-05
479	1.08095464018e-05
480	1.07737020458e-05
481	1.07396977106e-05
482	1.07075483438e-05
483	1.06778423352e-05
484	1.06507821045e-05
485	1.0625511397e-05
486	1.06018935016e-05
487	1.05800662e-05
488	1.0560137087e-05
489	1.05415609225e-05
490	1.05242305481e-05
491	1.05079821427e-05
492	1.04924241321e-05
493	1.04771846462e-05
494	1.04622697732e-05
495	1.04477245705e-05
496	1.04335198175e-05
497	1.04195582035e-05
498	1.04058759169e-05
499	1.03924912481e-05
500	1.03793628694e-05
501	1.03662440737e-05
502	1.03528953071e-05
503	1.03392644087e-05
504	1.03252502453e-05
505	1.03106384921e-05
506	1.02949062654e-05
507	1.02773441676e-05
508	1.02573271512e-05
509	1.02335568216e-05
510	1.0202919695e-05
511	1.01618094059e-05
512	1.01037242624e-05
513	1.00171011061e-05
514	9.89296223217e-06
515	9.73957931217e-06
516	9.58322739992e-06
517	9.43980082876e-06
518	9.31264337361e-06
519	9.20099404822e-06
520	9.10201828686e-06
521	9.01324505802e-06
522	8.93276812803e-06
523	8.85955727163e-06
524	8.79229174988e-06
525	8.73048448179e-06
526	8.67340763453e-06
527	8.62050474601e-06
528	8.57161401519e-06
529	8.52639642569e-06
530	8.4846581634e-06
531	8.44621596058e-06
532	8.41116397251e-06
533	8.37973948394e-06
534	8.35219564087e-06
535	8.3267189251e-06
536	8.30290541882e-06
537	8.28064566604e-06
538	8.25986489306e-06
539	8.24030728851e-06
540	8.22189779978e-06
541	8.20434804903e-06
542	8.18753292491e-06
543	8.17155313123e-06
544	8.15618385711e-06
545	8.14139575432e-06
546	8.12717717084e-06
547	8.1134022105e-06
548	8.10001373455e-06
549	8.08700778407e-06
550	8.07430305119e-06
551	8.06183744758e-06
552	8.04941343686e-06
553	8.03705502941e-06
554	8.0247501484e-06
555	8.01252306547e-06
556	8.0003789223e-06
557	7.98833923603e-06
558	7.976408008e-06
559	7.96458569408e-06
560	7.95288395861e-06
561	7.94130851882e-06
562	7.92984505676e-06
563	7.9184689414e-06
564	7.90712420797e-06
565	7.89580618406e-06
566	7.88446015937e-06
567	7.87310074985e-06
568	7.86173214785e-06
569	7.85037917679e-06
570	7.83920555672e-06
571	7.82805319647e-06
572	7.81688827776e-06
573	7.80562615994e-06
574	7.79419181635e-06
575	7.78253136114e-06
576	7.7706439393e-06
577	7.75852860703e-06
578	7.74620475265e-06
579	7.73367515886e-06
580	7.72093280369e-06
581	7.7080051794e-06
582	7.69488914171e-06
583	7.68159465404e-06
584	7.6680865844e-06
585	7.6544125589e-06
586	7.64054027928e-06
587	7.62651818252e-06
588	7.6123146022e-06
589	7.59797049494e-06
590	7.58345069696e-06
591	7.56880855793e-06
592	7.55400416114e-06
593	7.5390793812e-06
594	7.52400418817e-06
595	7.50882994951e-06
596	7.49351894126e-06
597	7.47811992898e-06
598	7.46262032195e-06
599	7.44704992368e-06
600	7.43137933606e-06
601	7.41564105242e-06
602	7.3998049062e-06
603	7.3839085218e-06
604	7.36793927548e-06
605	7.35191315847e-06
606	7.33582415613e-06
607	7.31969235274e-06
608	7.30350861175e-06
609	7.28726382937e-06
610	7.27098419353e-06
611	7.25465081775e-06
612	7.23828838514e-06
613	7.22186473406e-06
614	7.20542100313e-06
615	7.1889180658e-06
616	7.17241783406e-06
617	7.15585384033e-06
618	7.13929552651e-06
619	7.12268911739e-06
620	7.10609803229e-06
621	7.08948444192e-06
622	7.07286161308e-06
623	7.05625192902e-06
624	7.03962689485e-06
625	7.02301600291e-06
626	7.00637923631e-06
627	6.98977439731e-06
628	6.97317343596e-06
629	6.95660028926e-06
630	6.9400452901e-06
631	6.92351671249e-06
632	6.90703568782e-06
633	6.89055851993e-06
634	6.87410895024e-06
635	6.85767779156e-06
636	6.84127723984e-06
637	6.82489511999e-06
638	6.80853438591e-06
639	6.79221963178e-06
640	6.77594781202e-06
641	6.75970718777e-06
642	6.74351185008e-06
643	6.72737149008e-06
644	6.71126148288e-06
645	6.69518505723e-06
646	6.67916360875e-06
647	6.66321209578e-06
648	6.64730586649e-06
649	6.63143096626e-06
650	6.61562408113e-06
651	6.59987562681e-06
652	6.58417235217e-06
653	6.56851151772e-06
654	6.55291592385e-06
655	6.53738158433e-06
656	6.5218895847e-06
657	6.50644747375e-06
658	6.49108499296e-06
659	6.47579131895e-06
660	6.46054880089e-06
661	6.4453749106e-06
662	6.43028541461e-06
663	6.41524440929e-06
664	6.4002510191e-06
665	6.38531589844e-06
666	6.370460032e-06
667	6.35565463988e-06
668	6.34090992496e-06
669	6.3262437254e-06
670	6.31166708322e-06
671	6.29715010842e-06
672	6.28268454727e-06
673	6.26830923254e-06
674	6.25400373616e-06
675	6.23975254512e-06
676	6.22556624959e-06
677	6.211462389e-06
678	6.19742755622e-06
679	6.18345444683e-06
680	6.16957231225e-06
681	6.15583536749e-06
682	6.14217720475e-06
683	6.12857078226e-06
684	6.11505742734e-06
685	6.10163667941e-06
686	6.08827033876e-06
687	6.07498054862e-06
688	6.06178315958e-06
689	6.0486638286e-06
690	6.03561600546e-06
691	6.02264285269e-06
692	6.00975564059e-06
693	5.99694883138e-06
694	5.98419893991e-06
695	5.97153522429e-06
696	5.95896235134e-06
697	5.94646036107e-06
698	5.93404186497e-06
699	5.92172350284e-06
700	5.90949950186e-06
701	5.89384435267e-06
702	5.87871733356e-06
703	5.86382603244e-06
704	5.8491199188e-06
705	5.8346119683e-06
706	5.82030168756e-06
707	5.80619979112e-06
708	5.79230372958e-06
709	5.77857376729e-06
710	5.76502353023e-06
711	5.75163507079e-06
712	5.73841859375e-06
713	5.72535855121e-06
714	5.71246024223e-06
715	5.69971786345e-06
716	5.68709489212e-06
717	5.67460433085e-06
718	5.66226408829e-06
719	5.65003311552e-06
720	5.63792457207e-06
721	5.62593854369e-06
722	5.61407464175e-06
723	5.60234323795e-06
724	5.59073148607e-06
725	5.57925068735e-06
726	5.56791246215e-06
727	5.55668149312e-06
728	5.54561065576e-06
729	5.53467695097e-06
730	5.52383660684e-06
731	5.51310289198e-06
732	5.50248066403e-06
733	5.49197282729e-06
734	5.48156229919e-06
735	5.47126261758e-06
736	5.46107318118e-06
737	5.45100479723e-06
738	9.99653552164e-06
739	9.9854740542e-06
740	9.97389229708e-06
741	9.96204472106e-06
742	9.95006345157e-06
743	9.93807244936e-06
744	9.92603354566e-06
745	9.91399276714e-06
746	9.90199931654e-06
747	9.89002311771e-06
748	9.87811248585e-06
749	9.86631736207e-06
750	9.85465334891e-06
751	9.84313400662e-06
752	9.83178606589e-06
753	9.82059028598e-06
754	9.80947849509e-06
755	9.79843813042e-06
756	9.78747746497e-06
757	9.7766176387e-06
758	9.76585271887e-06
759	9.75517502577e-06
760	9.74462046404e-06
761	9.73413348131e-06
762	9.72372584644e-06
763	9.71342605135e-06
764	9.7032074413e-06
765	9.69306800777e-06
766	9.68301201841e-06
767	9.67304114149e-06
768	9.66314894175e-06
769	9.65335984135e-06
770	9.64364574281e-06
771	9.63400774599e-06
772	9.62446158274e-06
773	9.61498140554e-06
774	9.60559993114e-06
775	9.59629771717e-06
776	9.5870664715e-06
777	9.57790340821e-06
778	9.56883908878e-06
779	9.55984818777e-06
780	9.55091938446e-06
781	9.5420839705e-06
782	9.5333030098e-06
783	9.52461588219e-06
784	9.51598485288e-06
785	9.50740404158e-06
786	9.49895296376e-06
787	9.49053728876e-06
788	9.48218420332e-06
789	9.47391479672e-06
790	9.46568762123e-06
791	9.4575443337e-06
792	9.4494642318e-06
793	9.44144671439e-06
794	9.4334917966e-06
795	9.42559820375e-06
796	9.41776092941e-06
797	9.40998445348e-06
798	9.40227236519e-06
799	9.39460596731e-06
800	9.38703639083e-06
801	9.37952296841e-06
802	9.37207730815e-06
803	9.36469880095e-06
804	9.35737742204e-06
805	9.3501056415e-06
806	9.34288292185e-06
807	9.33572111005e-06
808	9.32862781641e-06
809	9.32158295035e-06
810	9.31457651628e-06
811	9.30764734377e-06
812	9.30074892719e-06
813	9.2938939576e-06
814	9.28712030039e-06
815	9.28037178171e-06
816	9.27366000393e-06
817	9.26701305319e-06
818	9.26041457013e-06
819	9.25384699873e-06
820	9.24733988016e-06
821	9.24087932021e-06
822	9.23443844912e-06
823	9.22803846182e-06
824	9.22170010042e-06
825	9.21540408122e-06
826	9.20913142909e-06
827	9.20292691913e-06
828	9.19672849018e-06
829	9.19056086663e-06
830	9.18446861799e-06
831	9.17839753661e-06
832	9.17234417379e-06
833	9.16636080201e-06
834	9.16039656134e-06
835	9.1544362405e-06
836	9.148550146e-06
837	9.14268562194e-06
838	9.13681996865e-06
839	9.13101849752e-06
840	9.12523938951e-06
841	9.11946548138e-06
842	9.11374661766e-06
843	9.10804270904e-06
844	9.10234227418e-06
845	9.0966907256e-06
846	9.09104130945e-06
847	9.08539063607e-06
848	9.07979109221e-06
849	9.07420198243e-06
850	9.06860918368e-06
851	9.06305492006e-06
852	9.05750305611e-06
853	9.05193893358e-06
854	9.04642969485e-06
855	9.04091224442e-06
856	9.0353919637e-06
857	9.02991881974e-06
858	9.02442539548e-06
859	9.01893518872e-06
860	9.01347428665e-06
861	9.00800970716e-06
862	9.00252275086e-06
863	8.99704846794e-06
864	8.99157814828e-06
865	8.98607738793e-06
866	8.98057582901e-06
867	8.97506819268e-06
868	8.96952088739e-06
869	8.96398951238e-06
870	8.95845091164e-06
871	8.95289881172e-06
872	8.94732263929e-06
873	8.94173839949e-06
874	8.93617638124e-06
875	8.93055030684e-06
876	8.92492544002e-06
877	8.91928706128e-06
878	8.91358715011e-06
879	8.90792518552e-06
880	8.90223533483e-06
881	8.89654299754e-06
882	8.890864814e-06
883	8.8851654694e-06
884	8.87945180159e-06
885	8.87373889834e-06
886	8.86797437526e-06
887	8.86220720602e-06
888	8.85641924206e-06
889	8.8506291629e-06
890	8.84480040746e-06
891	8.83897377762e-06
892	8.83310889887e-06
893	8.82723764069e-06
894	8.82136722434e-06
895	8.81557122559e-06
896	8.80993540439e-06
897	8.8042812241e-06
898	8.79864412277e-06
899	8.79298728469e-06
900	8.78735796125e-06
901	8.78170821838e-06
902	8.77605687974e-06
903	8.77042013124e-06
904	8.76478688071e-06
905	8.75915000726e-06
906	8.75353382039e-06
