1	1
2	0.966957494242
3	0.595117588368
4	0.18354912571
5	0.0702155698127
6	0.0540161350533
7	0.169342701595
8	0.2123692234
9	0.0756355691226
10	0.052908557515
11	0.0680014010302
12	0.203390555938
13	0.164011376702
14	0.103898785737
15	0.0908797829348
16	0.0887409269844
17	0.124372583823
18	0.120003267113
19	0.091587399811
20	0.0695879040438
21	0.0532368482585
22	0.0468314219512
23	0.0516341175491
24	0.0478532309436
25	0.0377143664227
26	0.0285011617616
27	0.0217824568575
28	0.0200813907244
29	0.0191300643168
30	0.017410201112
31	0.0150807752632
32	0.0134452097795
33	0.0127016575504
34	0.0125316556363
35	0.0120967624464
36	0.0112666557238
37	0.0106370849768
38	0.010068642091
39	0.00972228215547
40	0.00955057078442
41	0.00936041894691
42	0.00917470877635
43	0.0090090012369
44	0.00884861406647
45	0.0086912591045
46	0.0085397494526
47	0.00840470143643
48	0.00823558658344
49	0.00807314783425
50	0.00791921694562
51	0.00778483995137
52	0.00767987553744
53	0.00756395672971
54	0.0074517860168
55	0.00734652143925
56	0.00723935002864
57	0.00714554606037
58	0.00706422684836
59	0.00695750626395
60	0.00683881561255
61	0.00674649598468
62	0.00665557683593
63	0.0065806287939
64	0.00649994357357
65	0.00642309422564
66	0.00635232448923
67	0.00627752387336
68	0.00620580456763
69	0.00614561896
70	0.00607658543969
71	0.00601781101562
72	0.00595631000621
73	0.00589879797166
74	0.00584983597271
75	0.00578930857822
76	0.00573466045134
77	0.00568121886152
78	0.00563130648361
79	0.00558097827926
80	0.00553632341239
81	0.00549534647307
82	0.00545502756064
83	0.00541977943287
84	0.00537632649277
85	0.00533932628412
86	0.00530156683866
87	0.00526845524913
88	0.00522960700614
89	0.005194325301
90	0.00515931325853
91	0.00512742125484
92	0.00509189286495
93	0.00505710183842
94	0.00502674074694
95	0.00499265938207
96	0.004959319053
97	0.00493066489347
98	0.00489645603331
99	0.00486495842087
100	0.00483536378298
101	0.00480589165012
102	0.00477397591127
103	0.00474288498084
104	0.00471139146448
105	0.00468356205579
106	0.00465400172919
107	0.00462384280717
108	0.00459226482721
109	0.00456277822513
110	0.00453264190249
111	0.00450409678231
112	0.00447169664526
113	0.0044453268319
114	0.00441265140156
115	0.00438428911981
116	0.00435754129734
117	0.00432934741466
118	0.00429976606222
119	0.00427531934797
120	0.00424379496011
121	0.00421550103781
122	0.00418862547565
123	0.00416204654184
124	0.00413331845281
125	0.00410825407969
126	0.00408267656398
127	0.00405683574283
128	0.00402982755643
129	0.00400309603061
130	0.00397754415355
131	0.00395304839986
132	0.00393040159543
133	0.00390323769439
134	0.00387900197742
135	0.00385383980535
136	0.00383035933038
137	0.00380772059437
138	0.00378405463513
139	0.003761542487
140	0.00373540178145
141	0.00371457697308
142	0.00369067940757
143	0.00366836447609
144	0.00364489426884
145	0.00362447565304
146	0.00359808619477
147	0.00358180144765
148	0.00355909644948
149	0.00353501989259
150	0.00351683783577
151	0.00349463912944
152	0.00347478431353
153	0.00345752946476
154	0.0034313220734
155	0.00341219959644
156	0.00339345166745
157	0.00337460919273
158	0.0033580526401
159	0.00333719454204
160	0.00331777200255
161	0.00330870594584
162	0.00329814303721
163	0.00328619968315
164	0.00327291040131
165	0.00325905647502
166	0.0032450173259
167	0.00322657813525
168	0.00321170303105
169	0.00319552326766
170	0.00317885979138
171	0.00316160946019
172	0.00314742767065
173	0.00313235424138
174	0.003116471077
175	0.00309874628574
176	0.00308303678232
177	0.00306741262066
178	0.00305088885503
179	0.00303594204186
180	0.00302252356237
181	0.00300897492842
182	0.00299315512702
183	0.00297884823494
184	0.00296409622357
185	0.00294812541816
186	0.00293292391674
187	0.00291871555788
188	0.00290347834864
189	0.00288826517323
190	0.00287498488856
191	0.00285935977595
192	0.00284529853455
193	0.00283166720655
194	0.00281744306098
195	0.00280277880022
196	0.00278539319917
197	0.00277304285238
198	0.00275403860615
199	0.00274105318148
200	0.0027256116236
201	0.00270710515809
202	0.00269248634241
203	0.00267515593055
204	0.00265839115693
205	0.00264376658009
206	0.00262739341301
207	0.00261175192302
208	0.00259703334086
209	0.00258083040761
210	0.00256770022193
211	0.00255379771847
212	0.0025392426977
213	0.00252653693157
214	0.00251211586746
215	0.00249948839795
216	0.0024866614459
217	0.0024730034465
218	0.0024611139359
219	0.00244693323531
220	0.00243515651647
221	0.00242240251431
222	0.00240971511993
223	0.00239780844243
224	0.0023841377032
225	0.0023727264512
226	0.0023591164802
227	0.00234818920635
228	0.00233571161443
229	0.00232425295703
230	0.00231233085617
231	0.00230067911336
232	0.00228935359396
233	0.00227716831419
234	0.00226604225101
235	0.00225381288202
236	0.00224335448686
237	0.0022311292646
238	0.0022205526325
239	0.00220827388453
240	0.00219813451844
241	0.00218655332011
242	0.00217633370561
243	0.00216495663978
244	0.00215456312045
245	0.00214368626192
246	0.00213301529679
247	0.00212266019628
248	0.00211180608927
249	0.00210263442011
250	0.00209116243179
251	0.00208332692162
252	0.00207273768555
253	0.00206253789319
254	0.00205223966793
255	0.00204057663706
256	0.00203141533738
257	0.0020209872188
258	0.00201143444176
259	0.00200105934182
260	0.00198809484149
261	0.0019770561429
262	0.0019651572028
263	0.00195254917025
264	0.0019414886033
265	0.00192984746381
266	0.00191767970218
267	0.00190624888767
268	0.00189438419801
269	0.00188342565797
270	0.00187089845477
271	0.00186150847518
272	0.00185113955276
273	0.00184082592166
274	0.0018302623579
275	0.00181842013764
276	0.00180824966643
277	0.00179741786583
278	0.00178707735174
279	0.00177752335179
280	0.00176737739171
281	0.00175673346173
282	0.00174622288112
283	0.00173583070856
284	0.00172464215436
285	0.00171559808871
286	0.00170584053309
287	0.00169504235853
288	0.00168421962104
289	0.00167467519083
290	0.00166546510848
291	0.00165559517904
292	0.00164653286719
293	0.00163749237881
294	0.00162758970986
295	0.00161847058026
296	0.00160998661314
297	0.00160058363624
298	0.0015907773058
299	0.00158198553612
300	0.00157316508389
301	0.00156242677939
302	0.00155343563157
303	0.00154463907985
304	0.00153323881645
305	0.00152316381096
306	0.00151300925455
307	0.00150166555
308	0.00150320717203
309	0.00150061708291
310	0.00149489044963
311	0.00148673985924
312	0.00147854944807
313	0.00147052040614
314	0.00146258025975
315	0.00145415889672
316	0.00144594781136
317	0.00143789816633
318	0.00142994532266
319	0.00142206122019
320	0.00141424985458
321	0.00140648702572
322	0.00139868881364
323	0.00139079377158
324	0.00138289132451
325	0.00137504571589
326	0.00136715070679
327	0.00135933998037
328	0.00135162452022
329	0.00134402107733
330	0.00133649654555
331	0.00132908112402
332	0.00132171140524
333	0.00131433982922
334	0.00130695327866
335	0.00129950580693
336	0.0012920061086
337	0.00128444822424
338	0.00127689429513
339	0.00126934534932
340	0.00126177613987
341	0.00125409822437
342	0.00124638228741
343	0.00123874733106
344	0.00123021386828
345	0.00122179135266
346	0.00121416918944
347	0.00120599731459
348	0.00119812288442
349	0.00119048468146
350	0.00118316209824
351	0.0011761076665
352	0.00116920067771
353	0.00116225918107
354	0.00115529649669
355	0.00114858058001
356	0.00114170465313
357	0.00113466892996
358	0.00112732284208
359	0.00112026165645
360	0.00111348210477
361	0.00110664012157
362	0.00109969782426
363	0.00109280366983
364	0.00108603999183
365	0.00107936003319
366	0.00107288041926
367	0.00106577534205
368	0.00105909731048
369	0.00105141543766
370	0.00104388968959
371	0.00103651868791
372	0.00102904092374
373	0.00102148271851
374	0.00101385507318
375	0.00100624872494
376	0.000998796622087
377	0.000991924026878
378	0.00098542563044
379	0.000978286559863
380	0.000971019700499
381	0.000963850178976
382	0.000956852833354
383	0.00094999068607
384	0.00094316513258
385	0.000936344262493
386	0.00092951809717
387	0.000922688632238
388	0.000915863404143
389	0.00090906709952
390	0.000902297308651
391	0.000895548486831
392	0.000888845974411
393	0.000882230564092
394	0.000875746854579
395	0.000869441021126
396	0.000863262704571
397	0.000856986301761
398	0.000850646638251
399	0.000844332915317
400	0.000838161613842
401	0.00083211396301
402	0.000826176640379
403	0.000820480782593
404	0.000814701311018
405	0.00080896394712
406	0.000803320079581
407	0.000797729844171
408	0.000792172344246
409	0.000786704229051
410	0.000781290125791
411	0.000775905687198
412	0.00077052281343
413	0.00076513821832
414	0.000759796180197
415	0.000754542547087
416	0.0007493843038
417	0.000744311359647
418	0.000739315021626
419	0.000734382915234
420	0.000729498219262
421	0.000724648831833
422	0.000719825844048
423	0.000715022561908
424	0.000710238999039
425	0.000705481734929
426	0.000700747639893
427	0.00069607106559
428	0.000691473813768
429	0.0006869303501
430	0.000682466141184
431	0.000678043330355
432	0.000673651951225
433	0.000669294107532
434	0.000664980598804
435	0.00066070835248
436	0.000656529987569
437	0.000652317686732
438	0.000648302076733
439	0.000644152134609
440	0.000640375049495
441	0.000636544561506
442	0.000632889968055
443	0.000629276969519
444	0.000625608620913
445	0.000621856284593
446	0.000618046279985
447	0.000614209980364
448	0.000610375969626
449	0.000606567322915
450	0.000602767370683
451	0.00059896786444
452	0.000595166506541
453	0.000591360287147
454	0.000587544994426
455	0.000583727013413
456	0.000579924170962
457	0.000576130862233
458	0.00057235970698
459	0.000568602889876
460	0.000564870358562
461	0.000561181371697
462	0.000557534052185
463	0.000553940758105
464	0.000550466231151
465	0.00054709023946
466	0.000543783768263
467	0.000540522685086
468	0.00053729161295
469	0.000534092072634
470	0.000530912048236
471	0.000527732488502
472	0.000524553724226
473	0.000521386640041
474	0.000518231667704
475	0.000515091784728
476	0.000511966970724
477	0.00050883808928
478	0.000505710431232
479	0.000502598545622
480	0.000499544152468
481	0.000496555434111
482	0.000493614528114
483	0.000490698990617
484	0.000487787558605
485	0.000484859551924
486	0.000481905216106
487	0.000478918011064
488	0.00047589389711
489	0.000472850042211
490	0.000469790006869
491	0.000466734712068
492	0.000463723305843
493	0.000460786197549
494	0.000457905821747
495	0.000455058744297
496	0.000452204594968
497	0.000449325269665
498	0.000446409885351
499	0.000443477766882
500	0.000440527377882
501	0.00043765656929
502	0.000434880358659
503	0.000432167122196
504	0.000429486353656
505	0.000426832512012
506	0.000424168571209
507	0.000421574132265
508	0.000419076014368
509	0.000416670117586
510	0.000414322570264
511	0.000412068422653
512	0.000409963592148
513	0.000408062165225
514	0.000406394309179
515	0.000404861049561
516	0.000403502121219
517	0.000402124154875
518	0.000400747258832
519	0.000399357456446
520	0.000397962879287
521	0.000396553622237
522	0.000395131786025
523	0.000393685124727
524	0.00039222583203
525	0.000390739872243
526	0.000389248276835
527	0.000387736280594
528	0.000386224318158
529	0.000384695300392
530	0.000383169090956
531	0.000381628307061
532	0.00038009332021
533	0.000378547787836
534	0.000377011659848
535	0.000375464485701
536	0.00037392450001
537	0.000372375097399
538	0.000370835006209
539	0.000369288212419
540	0.000367749581537
541	0.000366206258678
542	0.000364669932406
543	0.000363130787672
544	0.000361599640042
545	0.000360067889934
546	0.000358542990371
547	0.000357019606735
548	0.000355502703752
549	0.000353987840377
550	0.000352478750106
551	0.00035097369761
552	0.000349474481947
553	0.000347979402527
554	0.000346489189023
555	0.000345003936447
556	0.000343523993865
557	0.000342049886708
558	0.00034058077933
559	0.000339116907372
560	0.000337659184447
561	0.00033620768797
562	0.000334762287481
563	0.000333323389464
564	0.000331890683149
565	0.000330464456961
566	0.000329044649889
567	0.000327630948645
568	0.000326224138711
569	0.00032482387023
570	0.00032343120578
571	0.000322045506612
572	0.000320666258955
573	0.000319294522826
574	0.000317929306096
575	0.000316571185982
576	0.000315220100856
577	0.000313876494615
578	0.000312540187415
579	0.0003112101523
580	0.000309889786135
581	0.000308571634416
582	0.000307262162627
583	0.000305960886285
584	0.000304668624046
585	0.000303379737729
586	0.000302098894456
587	0.000300827743124
588	0.000299559473797
589	0.000298301513225
590	0.00029704604106
591	0.000295801290128
592	0.000294559289729
593	0.000293328434283
594	0.000292100240117
595	0.00029088291077
596	0.000289667859117
597	0.000288462755427
598	0.000287261343556
599	0.000286069749631
600	0.000284883259687
601	0.00028369949308
602	0.000282527936208
603	0.000281360295655
604	0.000280197696827
605	0.00027904517863
606	0.000277898633527
607	0.000276757743846
608	0.000275621196718
609	0.000274493022008
610	0.000273369873668
611	0.000272254957296
612	0.000271144389686
613	0.000270042708293
614	0.000268944266746
615	0.000267853057912
616	0.000266769359282
617	0.000265690030534
618	0.000264616566245
619	0.000263549981706
620	0.000262490016092
621	0.000261435028672
622	0.00026038686501
623	0.000259345036408
624	0.000258308868147
625	0.000257279358194
626	0.000256255148185
627	0.000255237296052
628	0.000254224806361
629	0.000253218916338
630	0.00025221818369
631	0.000251222883263
632	0.000250233978427
633	0.000249250234732
634	0.000248271595026
635	0.00024729843716
636	0.00024633127882
637	0.000245369655838
638	0.000244413463991
639	0.00024346255103
640	0.000242516840919
641	0.000241577519699
642	0.00024064300777
643	0.000239713652052
644	0.000238789521408
645	0.000237870173069
646	0.000236956992795
647	0.000236049561303
648	0.00023514696575
649	0.000234249570737
650	0.000233357461502
651	0.000232470671252
652	0.000231588667005
653	0.000230711581037
654	0.000229839975441
655	0.000228973798452
656	0.000228112660419
657	0.000227256411567
658	0.000226405312854
659	0.00022555917507
660	0.000224718511928
661	0.000223883388718
662	0.000223053402977
663	0.00022222868425
664	0.000221409304805
665	0.000220595038248
666	0.000219786245159
667	0.000218982392645
668	0.000218183250517
669	0.000217388796445
670	0.000216599179431
671	0.00021581374886
672	0.000215032772111
673	0.000214256415166
674	0.000213484482028
675	0.000212716845287
676	0.000211953648282
677	0.000211195077533
678	0.000210441137815
679	0.000209691776812
680	0.000208946816006
681	0.000208206000152
682	0.000207469614129
683	0.00020673742769
684	0.000206009930994
685	0.000205286527553
686	0.00020456721904
687	0.000203852212387
688	0.000203141303441
689	0.00020243404468
690	0.000201730651137
691	0.000201031217828
692	0.000200335597976
693	0.000199643774745
694	0.000198955502613
695	0.000198270624352
696	0.000197589332417
697	0.000196911438407
698	0.00019623677177
699	0.000195565808163
700	0.000194897838824
701	0.000188994262239
702	0.000185162571185
703	0.000183702562908
704	0.000183326602476
705	0.000183085246697
706	0.000182815044395
707	0.000182397879875
708	0.000181889497997
709	0.000181334045035
710	0.000180737018216
711	0.000180105488759
712	0.000179458460864
713	0.000178813160774
714	0.000178182412598
715	0.000177573415347
716	0.000176986672344
717	0.000176413836563
718	0.000175846453579
719	0.000175276744812
720	0.000174703296638
721	0.000174127227827
722	0.000173550189239
723	0.000172973697693
724	0.000172400448994
725	0.000171831083198
726	0.000171266225281
727	0.00017070519503
728	0.00017014704388
729	0.000169591228311
730	0.000169037299756
731	0.000168485471886
732	0.000167935183705
733	0.000167387102924
734	0.000166841005928
735	0.000166297357774
736	0.000165755482182
737	0.000165216027955
738	0.000164679000263
739	0.000164144777078
740	0.000163612715692
741	0.000163082558039
742	0.000162554276872
743	0.000162028038988
744	0.000161504253433
745	0.000160982842717
746	0.000160463753515
747	0.00015994705929
748	0.000159431755508
749	0.000158918300847
750	0.000158406700388
751	0.000157897527107
752	0.000157391390132
753	0.000156887424754
754	0.000156385242595
755	0.000155884798003
756	0.000155388341277
757	0.000154894208949
758	0.000154403571479
759	0.000153915896166
760	0.000153431439018
761	0.000152947723455
762	0.000152467369763
763	0.000151988431853
764	0.000151512961569
765	0.000151039522091
766	0.000150566994183
767	0.000150097269893
768	0.000149629211742
769	0.000149163226562
770	0.000148699449531
771	0.00014823754278
772	0.000147777263863
773	0.000147318572456
774	0.000146862601147
775	0.000146408065274
776	0.000145955940717
777	0.000145505158089
778	0.000145055882187
779	0.000144608644197
780	0.000144163130989
781	0.000143719301212
782	0.000143277698674
783	0.000142837661294
784	0.000142399262831
785	0.000141962866868
786	0.000141528831615
787	0.000141096202456
788	0.000140666545588
789	0.000140239136487
790	0.000139813619007
791	0.000139389759485
792	0.000138967324862
793	0.000138546285792
794	0.000138127555106
795	0.000137710709511
796	0.000137295439839
797	0.000136882707983
798	0.000136470668652
799	0.000136061418289
800	0.000135652899106
801	0.000135246792077
802	0.000134841736212
803	0.000134437864745
804	0.000134036781698
805	0.000133637137421
806	0.000133238830341
807	0.000132842311887
808	0.000132447022392
809	0.000132053685566
810	0.000131661803797
811	0.000131271203836
812	0.000130882342287
813	0.000130495345487
814	0.000130109808327
815	0.00012972554068
816	0.000129342266948
817	0.000128960510473
818	0.000128580312102
819	0.000128201661338
820	0.000127825332607
821	0.000127450117378
822	0.00012707599179
823	0.000126703015672
824	0.000126330941901
825	0.000125960304892
826	0.000125591944688
827	0.000125224482556
828	0.000124858665805
829	0.000124494086714
830	0.000124130924842
831	0.00012376903779
832	0.000123408365119
833	0.000123048769417
834	0.000122690421285
835	0.00012233328494
836	0.00012197768113
837	0.000121623033773
838	0.000121269599669
839	0.000120917989152
840	0.000120567455759
841	0.000120217861916
842	0.000119869736766
843	0.000119522660896
844	0.000119176478767
845	0.000118831564758
846	0.000118487909752
847	0.00011814556379
848	0.000117804407794
849	0.000117464482574
850	0.000117132296145
851	0.000116782758362
852	0.000116453535224
853	0.000116110197564
854	0.00011578520058
855	0.000115450007235
856	0.00011511533033
857	0.000114783276488
858	0.000114453299448
859	0.000114124701639
860	0.00011379726165
861	0.000113470458793
862	0.000113144594475
863	0.000112820136184
864	0.000112496808163
865	0.000112174322758
866	0.000111852986142
867	0.000111533058837
868	0.000111213966757
869	0.000110895636238
870	0.000110578753934
871	0.000110263116864
872	0.000109948261879
873	0.000109634510138
874	0.000109321406587
875	0.000109009646862
876	0.000108699604396
877	0.00010839019717
878	0.000108081438826
879	0.000107773771285
880	0.000107466815752
881	0.00010716101269
882	0.000106856929314
883	0.000106554082092
884	0.000106252061114
885	0.000105950326492
886	0.000105650102897
887	0.000105351144182
888	0.000105052800092
889	0.00010475562625
890	0.000104458756675
891	0.000104163852508
892	0.000103869213214
893	0.000103576071773
894	0.00010328377943
895	0.000102992454364
896	0.000102702890701
897	0.00010241358854
898	0.00010212498264
899	0.00010183751463
900	0.000101551127629
901	0.000101266073075
902	0.000100981856002
903	0.000100698513136
904	0.000100415910312
905	0.000100134045621
906	9.98534091832e-05
