1	0.0705822008604
2	0.0863633995989
3	0.0509531852608
4	0.016126369921
5	0.00618799401345
6	0.00438244641969
7	0.0148290860574
8	0.018864719825
9	0.00673934979521
10	0.00463429682698
11	0.00575468187213
12	0.0175868847529
13	0.0145471478713
14	0.00921749175776
15	0.00799706915287
16	0.00767336833461
17	0.0105639304878
18	0.0105091882616
19	0.0080570955395
20	0.00599225283408
21	0.00446567503161
22	0.00380867647179
23	0.00431560472567
24	0.00406011407508
25	0.00313919104605
26	0.00229918374505
27	0.00165695120676
28	0.00153725407564
29	0.00151026658859
30	0.00136751343882
31	0.0011589792803
32	0.00101855524412
33	0.000963696376225
34	0.000973615371416
35	0.000951129908257
36	0.00088175126626
37	0.000830772274771
38	0.000785923516126
39	0.000761119041919
40	0.000753510282427
41	0.000742289219851
42	0.00073213941062
43	0.00072326559299
44	0.00071471864815
45	0.000706262674743
46	0.000697785011076
47	0.000688946400109
48	0.000677972455049
49	0.000666830968595
50	0.000655865876686
51	0.000646292276126
52	0.000638354301596
53	0.000630829625969
54	0.000623433887153
55	0.000616284706327
56	0.000608911153233
57	0.000602597196333
58	0.000596274551859
59	0.000589199292241
60	0.000580608698831
61	0.000573927197798
62	0.000567347604326
63	0.000561246920349
64	0.000555782974462
65	0.000550139728406
66	0.000544900720083
67	0.000539347524913
68	0.000534047308287
69	0.00052901895737
70	0.000524295385045
71	0.000520005745089
72	0.000515404362164
73	0.000511147695392
74	0.000506909292255
75	0.000502645734852
76	0.000498508245446
77	0.000494280717288
78	0.000489915111741
79	0.000486376257721
80	0.000483011005999
81	0.000479799409692
82	0.000476581881787
83	0.00047320565266
84	0.000469939142248
85	0.000466938316066
86	0.000463826866662
87	0.000460675792912
88	0.000457698779439
89	0.000454810438477
90	0.000451874167545
91	0.000448847202867
92	0.000446083814013
93	0.000443153078847
94	0.000440308932881
95	0.00043763356315
96	0.00043483413161
97	0.000432187543426
98	0.000429458898725
99	0.000426842661046
100	0.000424342110965
101	0.000421458365008
102	0.000418943068953
103	0.000416201455735
104	0.00041353909285
105	0.000411055537717
106	0.000408171425483
107	0.000405524231584
108	0.000402826879808
109	0.000400139853591
110	0.000397573671917
111	0.000395128834516
112	0.000392213188742
113	0.000389901932452
114	0.000387209821086
115	0.000384680320124
116	0.000382268359738
117	0.00037975701216
118	0.000377258876574
119	0.000375014858945
120	0.000372404373269
121	0.000370095080444
122	0.000367719040444
123	0.000365396302906
124	0.000362981480287
125	0.000360732926192
126	0.000358464752425
127	0.000356326257729
128	0.000353931978228
129	0.000351742537753
130	0.000349479354146
131	0.000347380317102
132	0.000345332757602
133	0.000343056230103
134	0.000340981295331
135	0.000338751574697
136	0.000336766525853
137	0.000334693313718
138	0.00033268880365
139	0.00033061342514
140	0.000328488142403
141	0.00032662514444
142	0.000324597807904
143	0.000322693737495
144	0.000320699990436
145	0.000318967773691
146	0.000316806279343
147	0.000315282117222
148	0.000313330511269
149	0.000311282661746
150	0.000309596868251
151	0.000307698976632
152	0.000306052640259
153	0.000304510658109
154	0.000302381476586
155	0.000300672738689
156	0.000299062016658
157	0.000297489440733
158	0.000295992141222
159	0.000294285094314
160	0.000292633161049
161	0.000291903885197
162	0.00029113031803
163	0.000290056804862
164	0.000288950041978
165	0.000287738717982
166	0.000286500796398
167	0.000285007070709
168	0.000283687979308
169	0.000282358153223
170	0.000280958492765
171	0.000279477332938
172	0.000278224838922
173	0.000276894776504
174	0.000275483704816
175	0.000274000783934
176	0.000272680154258
177	0.000271360163037
178	0.000269955099109
179	0.000268654107118
180	0.000267458921677
181	0.000266189102391
182	0.000264768172758
183	0.000263523208968
184	0.000262235222612
185	0.00026083926928
186	0.000259549588233
187	0.000258332664533
188	0.000256999582586
189	0.00025565019077
190	0.00025447876187
191	0.000253122019885
192	0.00025179205705
193	0.000250579937868
194	0.000249265413864
195	0.000247959468197
196	0.000246554760849
197	0.000245372193355
198	0.000243811316064
199	0.000242614077602
200	0.000241310682576
201	0.000239822972821
202	0.000238650363585
203	0.000237335900156
204	0.000236014775846
205	0.000234837207452
206	0.000233498529642
207	0.000232235136529
208	0.000231044926161
209	0.00022970069678
210	0.000228614989428
211	0.000227434421901
212	0.000226179242662
213	0.000225075208257
214	0.00022380543139
215	0.00022270382476
216	0.000221578286696
217	0.000220377253572
218	0.000219338835438
219	0.000218092712102
220	0.000217076130729
221	0.000215961101238
222	0.000214854189038
223	0.000213800068171
224	0.000212583585234
225	0.00021157203814
226	0.00021036107299
227	0.00020939906761
228	0.000208277953573
229	0.000207262081895
230	0.000206201386016
231	0.000205195584393
232	0.000204207878188
233	0.000203139892207
234	0.000202143062121
235	0.000201053823279
236	0.000200107977084
237	0.000199009658585
238	0.000198045250428
239	0.00019693843649
240	0.000196014298131
241	0.000194968388335
242	0.000194035869996
243	0.000193023617274
244	0.000192115521435
245	0.000191161833488
246	0.000190194647954
247	0.000189251213323
248	0.00018823829057
249	0.000187372609292
250	0.00018627484264
251	0.000185525014937
252	0.000184602129347
253	0.000183737378602
254	0.00018286976883
255	0.000181829603059
256	0.000180974559073
257	0.00017996965768
258	0.00017902708986
259	0.000178059694679
260	0.000176895081241
261	0.000175943657146
262	0.000174934123446
263	0.000173848143453
264	0.000172845862979
265	0.000171819793175
266	0.000170780035874
267	0.000169792047391
268	0.000168779032625
269	0.000167826456259
270	0.000166730493266
271	0.000165937946028
272	0.000165006356973
273	0.000164094445813
274	0.00016315393763
275	0.000162130354589
276	0.000161262363318
277	0.000160382882532
278	0.000159541227251
279	0.000158663858382
280	0.000157722604169
281	0.000156765898156
282	0.000155825075485
283	0.000154944110798
284	0.000154004408758
285	0.000153167204217
286	0.0001522568757
287	0.000151258917404
288	0.000150300377605
289	0.000149496469626
290	0.00014867666321
291	0.000147731575047
292	0.000146886891865
293	0.000146064943248
294	0.000145196979002
295	0.000144346697922
296	0.000143525179586
297	0.000142653745687
298	0.000141782697514
299	0.000140957316973
300	0.00014011320384
301	0.00013913110536
302	0.000138290631138
303	0.000137447659589
304	0.000136424242535
305	0.000135452805984
306	0.000134546106995
307	0.000133562811724
308	0.000133785008327
309	0.000133568704611
310	0.000133099388787
311	0.00013248485594
312	0.000131850542581
313	0.00013118390434
314	0.000130517432937
315	0.000129822258359
316	0.000129133142056
317	0.000128446953573
318	0.000127773642894
319	0.000127096358756
320	0.000126417802993
321	0.000125735713841
322	0.000125045377733
323	0.00012433947452
324	0.00012362906594
325	0.000122927470307
326	0.000122233680272
327	0.000121549553283
328	0.00012087006194
329	0.000120191991395
330	0.000119514340598
331	0.000118841990741
332	0.00011817255745
333	0.000117504202077
334	0.000116837253632
335	0.000116164778757
336	0.000115487061993
337	0.000114800788646
338	0.000114108771204
339	0.000113413426937
340	0.000112717867853
341	0.000112022216118
342	0.000111319900514
343	0.000110645249808
344	0.000109933561438
345	0.000109225956652
346	0.000108561015533
347	0.00010788638823
348	0.000107224492762
349	0.000106578229756
350	0.000105943456174
351	0.000105318443495
352	0.00010469796291
353	0.000104069457999
354	0.000103433724265
355	0.00010281746016
356	0.000102200607557
357	0.000101578199904
358	0.000100927690689
359	0.000100295012407
360	9.96813853079e-05
361	9.90611592852e-05
362	9.84327203393e-05
363	9.7799006707e-05
364	9.71666196485e-05
365	9.65319433748e-05
366	9.59240571794e-05
367	9.52907703652e-05
368	9.46900479325e-05
369	9.40450805852e-05
370	9.33929114255e-05
371	9.27384093976e-05
372	9.20813346675e-05
373	9.14285976964e-05
374	9.07764401221e-05
375	9.01215479416e-05
376	8.94713814566e-05
377	8.88510376272e-05
378	8.82679330105e-05
379	8.76631030266e-05
380	8.70467181632e-05
381	8.64253264704e-05
382	8.58073864708e-05
383	8.51947949797e-05
384	8.45857743416e-05
385	8.39793973992e-05
386	8.33795347437e-05
387	8.27826710892e-05
388	8.21875983886e-05
389	8.15944400834e-05
390	8.1002069437e-05
391	8.04102774528e-05
392	7.98215657545e-05
393	7.92380507095e-05
394	7.86622697376e-05
395	7.8102509941e-05
396	7.75597066065e-05
397	7.70269682436e-05
398	7.64965724004e-05
399	7.59679812047e-05
400	7.5437651363e-05
401	7.49081182765e-05
402	7.43803384874e-05
403	7.3867876645e-05
404	7.33487427963e-05
405	7.28320129625e-05
406	7.23227270556e-05
407	7.18185764919e-05
408	7.13189454257e-05
409	7.08262752955e-05
410	7.03393429102e-05
411	6.98591604705e-05
412	6.93866167589e-05
413	6.89215305115e-05
414	6.84617334507e-05
415	6.80040710893e-05
416	6.75463015051e-05
417	6.70915498267e-05
418	6.66399627859e-05
419	6.61921649308e-05
420	6.57499011637e-05
421	6.5313066059e-05
422	6.48803213476e-05
423	6.44511715003e-05
424	6.40255663043e-05
425	6.36048400294e-05
426	6.31890176362e-05
427	6.2777650822e-05
428	6.2369097775e-05
429	6.19636473392e-05
430	6.15644124281e-05
431	6.11692682358e-05
432	6.07775314877e-05
433	6.03889200374e-05
434	6.00041925e-05
435	5.96235358953e-05
436	5.92504535685e-05
437	5.88710956353e-05
438	5.85084039365e-05
439	5.8153078298e-05
440	5.78071893288e-05
441	5.7457701955e-05
442	5.7124363472e-05
443	5.67949106157e-05
444	5.64611125696e-05
445	5.61205499656e-05
446	5.57753159259e-05
447	5.54283129186e-05
448	5.50819810827e-05
449	5.4738329732e-05
450	5.43961808802e-05
451	5.40556700384e-05
452	5.37159710924e-05
453	5.3376440894e-05
454	5.30370110844e-05
455	5.26976994646e-05
456	5.23597432393e-05
457	5.20228862829e-05
458	5.16876049748e-05
459	5.13543607462e-05
460	5.10235524763e-05
461	5.06957211234e-05
462	5.03730636978e-05
463	5.00571738233e-05
464	4.97496681989e-05
465	4.94500981191e-05
466	4.91557385772e-05
467	4.88655920837e-05
468	4.85774537534e-05
469	4.8290611597e-05
470	4.80034403256e-05
471	4.77162401217e-05
472	4.74289229525e-05
473	4.71424509456e-05
474	4.6856564424e-05
475	4.6571905744e-05
476	4.6288223256e-05
477	4.60036043761e-05
478	4.57188865805e-05
479	4.54363234342e-05
480	4.51577201819e-05
481	4.48843636696e-05
482	4.46150898885e-05
483	4.43481005954e-05
484	4.40813918447e-05
485	4.38132885706e-05
486	4.35427883664e-05
487	4.32691303064e-05
488	4.29925070876e-05
489	4.27135808883e-05
490	4.24335466739e-05
491	4.21554147601e-05
492	4.18803720795e-05
493	4.16111918729e-05
494	4.13467807446e-05
495	4.1085206326e-05
496	4.08230906203e-05
497	4.05585870787e-05
498	4.02899634162e-05
499	4.001984898e-05
500	3.97515069183e-05
501	3.94877311417e-05
502	3.92292911035e-05
503	3.89762352002e-05
504	3.87267492113e-05
505	3.84790740938e-05
506	3.82357151211e-05
507	3.79987594054e-05
508	3.77688815219e-05
509	3.75461269588e-05
510	3.7332412476e-05
511	3.71300407362e-05
512	3.69409746868e-05
513	3.67684631288e-05
514	3.66184827326e-05
515	3.64818234093e-05
516	3.6363229017e-05
517	3.6244236294e-05
518	3.61243745785e-05
519	3.60028159293e-05
520	3.58796165132e-05
521	3.57541990783e-05
522	3.56269746728e-05
523	3.54972122304e-05
524	3.53660228317e-05
525	3.52324738536e-05
526	3.50982174009e-05
527	3.49620302217e-05
528	3.48255729483e-05
529	3.46875273112e-05
530	3.45495844755e-05
531	3.44103736516e-05
532	3.42714959919e-05
533	3.4131453362e-05
534	3.39918993952e-05
535	3.38514129486e-05
536	3.37114416974e-05
537	3.35707339921e-05
538	3.34307830501e-05
539	3.32903084875e-05
540	3.31504757099e-05
541	3.30101940421e-05
542	3.28706507819e-05
543	3.27309111076e-05
544	3.25917395411e-05
545	3.24525005877e-05
546	3.23138275624e-05
547	3.21752676237e-05
548	3.20372578702e-05
549	3.1899433837e-05
550	3.17620569523e-05
551	3.16250157249e-05
552	3.14884210422e-05
553	3.13521851125e-05
554	3.1216439101e-05
555	3.10811750405e-05
556	3.09464144854e-05
557	3.08121082796e-05
558	3.06783724955e-05
559	3.05452134768e-05
560	3.04125891368e-05
561	3.02805075722e-05
562	3.01489401591e-05
563	3.00178793595e-05
564	2.98873988963e-05
565	2.97574996173e-05
566	2.96282044015e-05
567	2.94995047175e-05
568	2.9371374642e-05
569	2.92438638613e-05
570	2.91170031869e-05
571	2.8990776323e-05
572	2.88651994611e-05
573	2.87402011102e-05
574	2.86158215384e-05
575	2.84920992904e-05
576	2.83690232402e-05
577	2.82466106009e-05
578	2.81247856618e-05
579	2.80036026294e-05
580	2.78832515675e-05
581	2.77631797304e-05
582	2.76439053906e-05
583	2.75253040118e-05
584	2.74075113505e-05
585	2.72900393928e-05
586	2.71733087844e-05
587	2.70573691319e-05
588	2.6941670119e-05
589	2.68269315899e-05
590	2.6712488407e-05
591	2.65990426087e-05
592	2.64858100643e-05
593	2.63735043123e-05
594	2.62614472633e-05
595	2.61503764822e-05
596	2.60395986117e-05
597	2.59296882627e-05
598	2.58201938281e-05
599	2.57115491582e-05
600	2.56034399495e-05
601	2.54956342075e-05
602	2.53888564673e-05
603	2.52824452703e-05
604	2.51764881725e-05
605	2.50714100795e-05
606	2.49668279899e-05
607	2.486280336e-05
608	2.47591896115e-05
609	2.46563977891e-05
610	2.45541122364e-05
611	2.44525295731e-05
612	2.43512896669e-05
613	2.42508701173e-05
614	2.4150716037e-05
615	2.40511706047e-05
616	2.39523204748e-05
617	2.38538542318e-05
618	2.37560042927e-05
619	2.36588259875e-05
620	2.35622821439e-05
621	2.34661799848e-05
622	2.33706530965e-05
623	2.32757606853e-05
624	2.3181308464e-05
625	2.30874218917e-05
626	2.29940263417e-05
627	2.29012642463e-05
628	2.28090059897e-05
629	2.27173382004e-05
630	2.26261340745e-05
631	2.25354149391e-05
632	2.24452900283e-05
633	2.23556340818e-05
634	2.22664201717e-05
635	2.21777439423e-05
636	2.20896377725e-05
637	2.20020651087e-05
638	2.19149878691e-05
639	2.18283935431e-05
640	2.17422791324e-05
641	2.16567199485e-05
642	2.15716058427e-05
643	2.14870119503e-05
644	2.14029408077e-05
645	2.13193114894e-05
646	2.12361926633e-05
647	2.11535685727e-05
648	2.10713961523e-05
649	2.09897047447e-05
650	2.0908483599e-05
651	2.08277342505e-05
652	2.07474649306e-05
653	2.06676899248e-05
654	2.05884031347e-05
655	2.05095744418e-05
656	2.04312181998e-05
657	2.0353354224e-05
658	2.02759399385e-05
659	2.01990101318e-05
660	2.01225640776e-05
661	2.00465912048e-05
662	1.99710965674e-05
663	1.98960428936e-05
664	1.98214761018e-05
665	1.9747397016e-05
666	1.96737769134e-05
667	1.96005895402e-05
668	1.95278098993e-05
669	1.94554764258e-05
670	1.9383554916e-05
671	1.93120645263e-05
672	1.92409844601e-05
673	1.91703253535e-05
674	1.91001014845e-05
675	1.903028187e-05
676	1.89608721097e-05
677	1.88918689677e-05
678	1.88232838797e-05
679	1.8755118116e-05
680	1.86873759062e-05
681	1.86200194939e-05
682	1.85530621628e-05
683	1.84865156619e-05
684	1.84203717123e-05
685	1.83545878851e-05
686	1.82891549915e-05
687	1.82240753197e-05
688	1.81593601146e-05
689	1.80949986654e-05
690	1.80309801309e-05
691	1.79673128179e-05
692	1.79039863866e-05
693	1.78409856618e-05
694	1.77782916617e-05
695	1.7715920531e-05
696	1.76538724484e-05
697	1.75921131593e-05
698	1.75306541939e-05
699	1.74695048357e-05
700	1.7408606823e-05
701	1.68463281265e-05
702	1.64859858465e-05
703	1.63476709278e-05
704	1.63110262244e-05
705	1.62880852922e-05
706	1.62635621532e-05
707	1.62261135437e-05
708	1.61803058042e-05
709	1.61298755021e-05
710	1.60754388366e-05
711	1.60178444791e-05
712	1.59589128676e-05
713	1.59003153534e-05
714	1.5843309106e-05
715	1.57883774535e-05
716	1.57354714808e-05
717	1.56837288868e-05
718	1.56324561631e-05
719	1.55809862381e-05
720	1.55291753067e-05
721	1.54771606367e-05
722	1.54251161907e-05
723	1.53732109904e-05
724	1.53215895828e-05
725	1.52703242635e-05
726	1.52194504705e-05
727	1.51689188174e-05
728	1.51186547275e-05
729	1.50686254283e-05
730	1.50187804273e-05
731	1.49691199042e-05
732	1.49196499733e-05
733	1.48703812761e-05
734	1.4821301648e-05
735	1.47724300643e-05
736	1.47237795416e-05
737	1.46753867746e-05
738	1.46272113192e-05
739	1.4579254016e-05
740	1.45314852905e-05
741	1.44839554179e-05
742	1.44366349428e-05
743	1.43894841728e-05
744	1.43425521159e-05
745	1.42957942384e-05
746	1.42492426179e-05
747	1.42029500837e-05
748	1.41568003818e-05
749	1.41108787535e-05
750	1.40651969786e-05
751	1.40197099763e-05
752	1.39744020871e-05
753	1.39292563332e-05
754	1.38842862223e-05
755	1.38395196998e-05
756	1.37951938439e-05
757	1.37510865934e-05
758	1.37072685954e-05
759	1.36636886407e-05
760	1.36204494361e-05
761	1.35772907855e-05
762	1.353445375e-05
763	1.34917443488e-05
764	1.34492599732e-05
765	1.34070159919e-05
766	1.33648454617e-05
767	1.33228913565e-05
768	1.32811279817e-05
769	1.32395823851e-05
770	1.31982793744e-05
771	1.3157147402e-05
772	1.31161487236e-05
773	1.30753053564e-05
774	1.30346056929e-05
775	1.29940848128e-05
776	1.29537804601e-05
777	1.29136158382e-05
778	1.28736598191e-05
779	1.28338443149e-05
780	1.27941816114e-05
781	1.2754713789e-05
782	1.27154023986e-05
783	1.26762319965e-05
784	1.26372025249e-05
785	1.2598352461e-05
786	1.25597861291e-05
787	1.25213917064e-05
788	1.24832058241e-05
789	1.24451737223e-05
790	1.24073124375e-05
791	1.236964203e-05
792	1.23321485677e-05
793	1.22948211648e-05
794	1.22576506959e-05
795	1.22206665257e-05
796	1.21838312512e-05
797	1.21472329955e-05
798	1.21106877738e-05
799	1.20743490408e-05
800	1.20380620799e-05
801	1.2001999035e-05
802	1.19660813937e-05
803	1.19303258879e-05
804	1.18947685584e-05
805	1.18593421267e-05
806	1.1824048294e-05
807	1.1788872538e-05
808	1.17538631634e-05
809	1.17190348247e-05
810	1.16843400741e-05
811	1.16497676865e-05
812	1.16153421182e-05
813	1.15810288151e-05
814	1.15468684117e-05
815	1.15128893815e-05
816	1.14790204259e-05
817	1.14453181279e-05
818	1.14117218624e-05
819	1.13782752046e-05
820	1.13449553849e-05
821	1.13117332865e-05
822	1.12786531427e-05
823	1.12457064579e-05
824	1.12128887287e-05
825	1.11802446746e-05
826	1.11477266367e-05
827	1.11152854439e-05
828	1.10829898668e-05
829	1.10508224374e-05
830	1.10187692407e-05
831	1.09868299026e-05
832	1.09550005439e-05
833	1.09233142999e-05
834	1.08917466045e-05
835	1.08602900382e-05
836	1.08289760715e-05
837	1.07977858469e-05
838	1.0766673907e-05
839	1.07356654075e-05
840	1.07047329195e-05
841	1.06739120464e-05
842	1.06432908371e-05
843	1.06127810525e-05
844	1.05823753323e-05
845	1.05520429491e-05
846	1.05218398613e-05
847	1.04917260225e-05
848	1.04617151861e-05
849	1.04318214211e-05
850	1.04026532986e-05
851	1.03720227622e-05
852	1.0343116905e-05
853	1.03129191574e-05
854	1.02843700339e-05
855	1.02549219339e-05
856	1.02255742282e-05
857	1.01964935879e-05
858	1.01675721284e-05
859	1.01387752776e-05
860	1.01100840562e-05
861	1.00814755207e-05
862	1.00529305712e-05
863	1.00244638996e-05
864	9.99612954831e-06
865	9.96791402287e-06
866	9.9398202621e-06
867	9.91180834699e-06
868	9.88390789556e-06
869	9.8560947463e-06
870	9.82837127933e-06
871	9.8007662139e-06
872	9.77327880701e-06
873	9.74589289962e-06
874	9.71855340579e-06
875	9.69131937921e-06
876	9.6642030669e-06
877	9.63718350537e-06
878	9.61025545841e-06
879	9.58344016609e-06
880	9.55673101233e-06
881	9.53011035448e-06
882	9.50356818953e-06
883	9.47710310033e-06
884	9.45077340282e-06
885	9.42449647234e-06
886	9.39834492174e-06
887	9.37232763331e-06
888	9.34635690809e-06
889	9.32051108672e-06
890	9.29472911485e-06
891	9.26909589197e-06
892	9.24349174011e-06
893	9.21802906123e-06
894	9.19259634674e-06
895	9.16722922413e-06
896	9.14205669164e-06
897	9.11696413427e-06
898	9.09195674836e-06
899	9.06702195306e-06
900	9.0421670772e-06
901	9.01743311757e-06
902	8.99276936825e-06
903	8.9682037851e-06
904	8.94372802833e-06
905	8.91933584148e-06
906	8.8950491894e-06
