1	1
2	0.949835373065
3	0.135665498862
4	0.0651684298222
5	0.0484415863297
6	0.0734417866769
7	0.220499744555
8	0.180537746283
9	0.121185593797
10	0.142897096941
11	0.0889987933708
12	0.0487343671684
13	0.0408880580385
14	0.0325291412953
15	0.024829525105
16	0.0176029772177
17	0.015770831278
18	0.0182860911139
19	0.0170197035176
20	0.0127863209704
21	0.0087615029249
22	0.0065193570416
23	0.00652133875749
24	0.00667211788472
25	0.00607037571121
26	0.00521761686185
27	0.00462393897403
28	0.00452825360935
29	0.0046296357365
30	0.00457525314991
31	0.00437035653936
32	0.00416422237376
33	0.0040712836778
34	0.00404224017524
35	0.00401165396318
36	0.00396291798575
37	0.00390159778406
38	0.00385561405442
39	0.00382641724855
40	0.00379712701427
41	0.00376400049578
42	0.00373620796596
43	0.00370292894996
44	0.00367191975585
45	0.00364274661776
46	0.00361611948581
47	0.00359164666064
48	0.00356403496162
49	0.0035374630896
50	0.00351173735985
51	0.00348679008678
52	0.00346060403751
53	0.00343444037933
54	0.00340907799932
55	0.0033844708226
56	0.00335751054925
57	0.0033339723834
58	0.00331249083332
59	0.00329002204878
60	0.00326660434838
61	0.00324706718198
62	0.0032279786005
63	0.00320780244042
64	0.00318680611793
65	0.00317014315724
66	0.00315441681414
67	0.00313536529676
68	0.00311798143373
69	0.00309911901704
70	0.00307957062872
71	0.00306357222436
72	0.00304388299224
73	0.00302459197495
74	0.00300719325686
75	0.00298786547122
76	0.00296622707228
77	0.00293748866638
78	0.00291160354936
79	0.00289802154835
80	0.0028850560336
81	0.00287449514184
82	0.00286206584022
83	0.00284981342664
84	0.00283248670211
85	0.00282003587255
86	0.00280346549488
87	0.00279001080744
88	0.00277538804984
89	0.00276095662888
90	0.00274509500628
91	0.00273074722408
92	0.00271793862749
93	0.00270020294369
94	0.00268727368234
95	0.00267385983068
96	0.00265672077586
97	0.00264507910339
98	0.00262878000559
99	0.00261441215657
100	0.00260201451803
101	0.00258498262467
102	0.00257219654331
103	0.00255741020211
104	0.00254165398714
105	0.00252975743108
106	0.00251404459344
107	0.00249990681257
108	0.00248537775258
109	0.00247285393031
110	0.00245861515504
111	0.00244674593784
112	0.00243165070745
113	0.0024181845587
114	0.00240525928723
115	0.0023917286413
116	0.00237996966687
117	0.00236701581631
118	0.00235231260067
119	0.00234108383245
120	0.00232713645316
121	0.00231676807268
122	0.00230445961048
123	0.00229055980272
124	0.00227798910689
125	0.00226694363242
126	0.00225455300327
127	0.00224427960918
128	0.00223020779091
129	0.00221918401401
130	0.00220600739225
131	0.0021957918662
132	0.00218457540573
133	0.00217138795564
134	0.00216098523805
135	0.00214806307008
136	0.00213864445655
137	0.00212659599065
138	0.00211641527712
139	0.00210351709551
140	0.00209232103874
141	0.0020817419654
142	0.00207078877929
143	0.00206090623461
144	0.0020485149941
145	0.00203887723856
146	0.00202631346922
147	0.00201858543826
148	0.00200688120909
149	0.00199646991311
150	0.00198678346757
151	0.0019745785305
152	0.00196599847976
153	0.00195747893847
154	0.00194371273608
155	0.00193371007615
156	0.00192487694501
157	0.00191690901126
158	0.00190830802328
159	0.00189763288661
160	0.00188835180486
161	0.00188809550711
162	0.0018886096042
163	0.00188417713771
164	0.00187946036769
165	0.00187335094404
166	0.00186615115085
167	0.00185719513954
168	0.00185001353716
169	0.00184241789509
170	0.00183382898825
171	0.00182419984532
172	0.00181649258002
173	0.00180854245172
174	0.00179947297462
175	0.00178984150996
176	0.00178187855594
177	0.00177330850073
178	0.00176347253813
179	0.0017544391179
180	0.00174634195013
181	0.00173753357212
182	0.0017274770115
183	0.00171945999539
184	0.0017109140895
185	0.00170105040517
186	0.00169223479055
187	0.00168415991224
188	0.00167494771926
189	0.00166537765009
190	0.00165758839357
191	0.00164853332458
192	0.00163865173868
193	0.00163080529858
194	0.00162213543647
195	0.00161258984142
196	0.00160464744792
197	0.00159660171909
198	0.00158649392862
199	0.00157899269592
200	0.00157058038105
201	0.00156093994842
202	0.00155366088454
203	0.00154499503732
204	0.00153575665856
205	0.00152803144525
206	0.00151880450866
207	0.00151023826964
208	0.00150217508048
209	0.00149239256814
210	0.00148491660734
211	0.00147650226974
212	0.00146735186079
213	0.00145960041634
214	0.00145009763692
215	0.0014424103827
216	0.00143423299683
217	0.00142516091365
218	0.00141749564278
219	0.00140779903217
220	0.0014002777694
221	0.00139191313777
222	0.00138357406722
223	0.00137570942001
224	0.00136639356216
225	0.00135889555599
226	0.00134955028734
227	0.00134231759029
228	0.00133364405073
229	0.00132584578605
230	0.00131762845031
231	0.0013097144637
232	0.00130208358655
233	0.00129387794078
234	0.00128632813036
235	0.00127798952236
236	0.00127092630268
237	0.00126263881333
238	0.00125545178609
239	0.00124693317321
240	0.00123986248085
241	0.00123160521975
242	0.00122414830791
243	0.00121580638045
244	0.00120840651118
245	0.00120067126326
246	0.00119282471623
247	0.00118525799645
248	0.0011771580991
249	0.00117020113313
250	0.00116133014428
251	0.00115490827854
252	0.00114723996906
253	0.00113982792667
254	0.00113240219655
255	0.00112440252991
256	0.00111806958473
257	0.00111048203394
258	0.00110374248048
259	0.001097132203
260	0.00108914233843
261	0.00108276750938
262	0.00107577996032
263	0.00106777120175
264	0.0010617736361
265	0.0010551946687
266	0.00104793040497
267	0.0010411592954
268	0.00103439877313
269	0.00102755889992
270	0.00101953216144
271	0.00101317091119
272	0.00100712813328
273	0.00100070969634
274	0.000993995239054
275	0.000986514954882
276	0.000980123629992
277	0.000973579375072
278	0.000967081944839
279	0.000960743039283
280	0.000954400711667
281	0.000947856096894
282	0.000941057200115
283	0.000934409134696
284	0.000927193688976
285	0.000921175390003
286	0.000914812709869
287	0.000907727778687
288	0.000900548623578
289	0.000894323341165
290	0.000888073439088
291	0.00088137355995
292	0.000875125350812
293	0.000868729482711
294	0.00086161541049
295	0.000855463094954
296	0.000849455281057
297	0.000842923168467
298	0.000836140380794
299	0.000830359046527
300	0.000824400184951
301	0.000817362222333
302	0.000811642151393
303	0.000805844699716
304	0.000798970027004
305	0.000792863435305
306	0.000787034290841
307	0.000780664597168
308	0.000782191957721
309	0.000780666748154
310	0.000777465938463
311	0.000773293059682
312	0.000768659462772
313	0.000763858761812
314	0.000759043544178
315	0.000754091156416
316	0.000749078878154
317	0.000744065382534
318	0.000739024914555
319	0.000733952402263
320	0.000728865998858
321	0.000723768828114
322	0.000718667754619
323	0.000713565691417
324	0.000708489012957
325	0.000703467454449
326	0.000698440357788
327	0.000693395775233
328	0.000688345806964
329	0.000683304547831
330	0.000678287304703
331	0.000673308722897
332	0.000668381360468
333	0.000663515296209
334	0.000658711514627
335	0.00065397132217
336	0.000649286502554
337	0.00064465114581
338	0.000640055184699
339	0.000635489509961
340	0.000630957739328
341	0.000626467772767
342	0.000622005143092
343	0.000617706097907
344	0.000613237807369
345	0.000608708980929
346	0.000604331376838
347	0.000599857417389
348	0.000595382221174
349	0.000590891471781
350	0.000586416860245
351	0.00058200555643
352	0.000577632736269
353	0.000573248982768
354	0.000568866891399
355	0.000564621689148
356	0.000560325836471
357	0.000556001612661
358	0.000551675212586
359	0.00054735479545
360	0.000543058616842
361	0.00053880084862
362	0.000534581443128
363	0.000530400620045
364	0.000526258704302
365	0.000522169044934
366	0.000518241426935
367	0.000514253317781
368	0.000510468122493
369	0.000506538765207
370	0.000502610719473
371	0.000498729593715
372	0.000494848530699
373	0.0004909601722
374	0.000487070242347
375	0.000483182156964
376	0.000479307861794
377	0.00047554842749
378	0.000471955459994
379	0.000468224766039
380	0.000464445045222
381	0.000460665526012
382	0.000456903370841
383	0.000453161572244
384	0.000449441466856
385	0.000445748407722
386	0.000442088318684
387	0.00043846303263
388	0.000434875100045
389	0.000431327585602
390	0.000427821537468
391	0.000424357486615
392	0.000420933749411
393	0.000417550905265
394	0.000414214908371
395	0.000410944357334
396	0.000407754135135
397	0.00040460548048
398	0.000401446798664
399	0.000398267689409
400	0.000395080126665
401	0.000391899679524
402	0.000388735363755
403	0.000385589141576
404	0.000382466580437
405	0.000379367561843
406	0.000376292239791
407	0.000373243398279
408	0.000370224988691
409	0.000367241114448
410	0.000364297479356
411	0.000361397288099
412	0.000358537844444
413	0.000355705455903
414	0.000352885083161
415	0.000350069218869
416	0.000347257074967
417	0.000344449662785
418	0.000341650425523
419	0.000338862796881
420	0.0003360902027
421	0.000333336435904
422	0.000330604940284
423	0.000327897828181
424	0.000325215546358
425	0.000322557134127
426	0.000319920844006
427	0.000317304620817
428	0.000314707252635
429	0.000312128899629
430	0.000309569344076
431	0.00030703012673
432	0.000304513169984
433	0.000302020194323
434	0.000299552580508
435	0.000297112029924
436	0.000294696447067
437	0.000292303078539
438	0.000289931945263
439	0.000287632672194
440	0.000285345691047
441	0.000283063542869
442	0.000280787360906
443	0.000278526165409
444	0.000276283117085
445	0.000274058196676
446	0.00027184996406
447	0.000269656718488
448	0.000267477629786
449	0.000265310261946
450	0.000263155079831
451	0.000261012196965
452	0.000258882152851
453	0.000256766193773
454	0.000254665873198
455	0.000252583149056
456	0.000250520406265
457	0.000248480299577
458	0.000246465035324
459	0.00024447560064
460	0.000242512642453
461	0.000240576788001
462	0.000238670330144
463	0.000236793007707
464	0.000234939301956
465	0.000233104011691
466	0.000231286682504
467	0.000229487885
468	0.000227707251361
469	0.000225945249316
470	0.000224202693917
471	0.000222480486861
472	0.000220780216524
473	0.00021910374981
474	0.000217452618361
475	0.000215826459093
476	0.000214223401119
477	0.000212640909297
478	0.000211077020041
479	0.000209532545576
480	0.000208006933294
481	0.00020649237956
482	0.000204985031804
483	0.00020348516233
484	0.000201995205959
485	0.000200518550151
486	0.000199057556011
487	0.000197612900964
488	0.000196182345248
489	0.000194762446986
490	0.000193352747256
491	0.000191955696165
492	0.000190572216586
493	0.000189197803012
494	0.000187831471204
495	0.000186475159304
496	0.000185129091539
497	0.000183791898001
498	0.00018246345436
499	0.000181146354268
500	0.000179846483635
501	0.000178561707504
502	0.000177287187147
503	0.000176019368343
504	0.000174757620633
505	0.000173507098266
506	0.000172276369061
507	0.00017106405289
508	0.000169863596548
509	0.000168678829109
510	0.000167523646136
511	0.000166404776225
512	0.00016532480015
513	0.000164301024732
514	0.000163343070725
515	0.000162457479863
516	0.000161609039183
517	0.000160773458403
518	0.000159937222274
519	0.000159094542003
520	0.000158246581282
521	0.000157394230742
522	0.000156539841567
523	0.000155682435265
524	0.000154823795976
525	0.000153962986826
526	0.000153102401045
527	0.00015224132901
528	0.000151381934513
529	0.000150523398422
530	0.000149667746736
531	0.000148813676799
532	0.00014796277222
533	0.000147114426987
534	0.000146270283628
535	0.000145429298968
536	0.000144593313867
537	0.00014376049916
538	0.000142931836921
539	0.000142106452736
540	0.000141285395022
541	0.000140467873548
542	0.000139654943603
543	0.000138846271029
544	0.000138042291881
545	0.000137242649866
546	0.000136447647427
547	0.000135656999173
548	0.000134871189449
549	0.000134089964629
550	0.000133313986418
551	0.000132543570986
552	0.000131777974383
553	0.000131017340011
554	0.000130261527412
555	0.000129510633735
556	0.000128764687647
557	0.000128023919414
558	0.000127288528208
559	0.000126558377383
560	0.000125833134194
561	0.000125112741066
562	0.000124397215069
563	0.000123686683888
564	0.000122981294492
565	0.000122280936871
566	0.000121585723368
567	0.000120895515858
568	0.000120209861831
569	0.000119528701981
570	0.000118852089765
571	0.000118180237151
572	0.000117512970351
573	0.000116850282314
574	0.000116192163091
575	0.000115538559924
576	0.000114889458141
577	0.000114244874101
578	0.000113604706435
579	0.000112969000788
580	0.000112337973417
581	0.00011171079044
582	0.000111087961648
583	0.000110469704435
584	0.000109856272519
585	0.000109246725241
586	0.000108641526618
587	0.00010804091667
588	0.000107444129857
589	0.000106851846072
590	0.000106263404843
591	0.000105679428646
592	0.000105099258004
593	0.000104523524509
594	0.000103951558213
595	0.00010338423526
596	0.000102820723549
597	0.000102261624033
598	0.00010170623315
599	0.000101155170454
600	0.000100608112859
601	0.000100064936233
602	9.9526235379e-05
603	9.8991580232e-05
604	9.84604784349e-05
605	9.79336366814e-05
606	9.74106243042e-05
607	9.68912255356e-05
608	9.63758466457e-05
609	9.58639710358e-05
610	9.53559492415e-05
611	9.48514505929e-05
612	9.43506757735e-05
613	9.38533368739e-05
614	9.33597868434e-05
615	9.28700534413e-05
616	9.23837272504e-05
617	9.19010561831e-05
618	9.14218953565e-05
619	9.0946332388e-05
620	9.04740377911e-05
621	9.00051611458e-05
622	8.95398418236e-05
623	8.90779032739e-05
624	8.86196047636e-05
625	8.81645908437e-05
626	8.7713073719e-05
627	8.72647170895e-05
628	8.68198430415e-05
629	8.63781831109e-05
630	8.59397000211e-05
631	8.5504861818e-05
632	8.50733421951e-05
633	8.46452124594e-05
634	8.42205990691e-05
635	8.37992794695e-05
636	8.33810990376e-05
637	8.29659925436e-05
638	8.25541347312e-05
639	8.21454305877e-05
640	8.17397648993e-05
641	8.13371177629e-05
642	8.09374867203e-05
643	8.05407921529e-05
644	8.01471395299e-05
645	7.97565934393e-05
646	7.93689522013e-05
647	7.89842602168e-05
648	7.86024339303e-05
649	7.82234749737e-05
650	7.78475059251e-05
651	7.74744407501e-05
652	7.71042407912e-05
653	7.67368489125e-05
654	7.63721975846e-05
655	7.60104275662e-05
656	7.56515644183e-05
657	7.52954804187e-05
658	7.49421525669e-05
659	7.45915974237e-05
660	7.42440131857e-05
661	7.38994128195e-05
662	7.35577416693e-05
663	7.32187454819e-05
664	7.28823750469e-05
665	7.25487040939e-05
666	7.22176496803e-05
667	7.18891322371e-05
668	7.15631899529e-05
669	7.12399040295e-05
670	7.09191106281e-05
671	7.06007878052e-05
672	7.02851133695e-05
673	6.99718962166e-05
674	6.96611280182e-05
675	6.93528952507e-05
676	6.90470928754e-05
677	6.87437624721e-05
678	6.84429440748e-05
679	6.81447676458e-05
680	6.78490235169e-05
681	6.75557167036e-05
682	6.72648828008e-05
683	6.69764856936e-05
684	6.66905428772e-05
685	6.64071058958e-05
686	6.61261806504e-05
687	6.58474624004e-05
688	6.55709294581e-05
689	6.5296559665e-05
690	6.50242588119e-05
691	6.47540515501e-05
692	6.44858918632e-05
693	6.42197411817e-05
694	6.3955596312e-05
695	6.36934091417e-05
696	6.34331493956e-05
697	6.3174807596e-05
698	6.29183659806e-05
699	6.26638000455e-05
700	6.24111408231e-05
701	6.2374755541e-05
702	6.22633350043e-05
703	6.2080795163e-05
704	6.185375917e-05
705	6.16133083465e-05
706	6.13727223112e-05
707	6.1136889358e-05
708	6.09062153453e-05
709	6.06794502836e-05
710	6.04557181457e-05
711	6.02342129939e-05
712	6.00143505905e-05
713	5.97960297821e-05
714	5.95787423741e-05
715	5.9362418457e-05
716	5.91469720895e-05
717	5.89325562023e-05
718	5.87192189375e-05
719	5.85072825966e-05
720	5.82967712622e-05
721	5.80877052586e-05
722	5.78800153665e-05
723	5.76736745759e-05
724	5.74686356239e-05
725	5.72648402299e-05
726	5.70623210815e-05
727	5.68611700326e-05
728	5.66614404471e-05
729	5.64629501604e-05
730	5.62656752477e-05
731	5.60696645802e-05
732	5.58748838155e-05
733	5.56813115339e-05
734	5.54889514885e-05
735	5.52977585841e-05
736	5.51077325919e-05
737	5.4918867086e-05
738	5.47311051107e-05
739	5.45444915829e-05
740	5.43590308942e-05
741	5.41746560778e-05
742	5.39914228656e-05
743	5.3809365794e-05
744	5.36284027553e-05
745	5.34486572339e-05
746	5.32701222063e-05
747	5.30925790133e-05
748	5.29160848981e-05
749	5.27406409984e-05
750	5.25661840358e-05
751	5.23927405435e-05
752	5.22202993648e-05
753	5.20488636573e-05
754	5.18784106889e-05
755	5.1709025251e-05
756	5.15404852917e-05
757	5.13730146072e-05
758	5.12064924189e-05
759	5.10410408267e-05
760	5.08765348888e-05
761	5.07131088668e-05
762	5.05506624483e-05
763	5.03892233808e-05
764	5.02286398454e-05
765	5.00689075952e-05
766	4.99101666775e-05
767	4.97522690183e-05
768	4.95952525232e-05
769	4.94391180888e-05
770	4.92838778505e-05
771	4.9129537455e-05
772	4.8976069526e-05
773	4.8823498606e-05
774	4.86718404705e-05
775	4.85210792022e-05
776	4.8371289939e-05
777	4.82223768794e-05
778	4.80742798513e-05
779	4.79269781037e-05
780	4.7780494085e-05
781	4.7634823603e-05
782	4.74899757417e-05
783	4.73459690848e-05
784	4.72028219107e-05
785	4.70605415126e-05
786	4.69190290015e-05
787	4.67784034558e-05
788	4.66385287351e-05
789	4.64995723515e-05
790	4.63614841617e-05
791	4.62241387824e-05
792	4.6087564647e-05
793	4.59517442033e-05
794	4.58166713346e-05
795	4.56823474478e-05
796	4.55488098537e-05
797	4.54159781066e-05
798	4.52839223515e-05
799	4.51525809638e-05
800	4.50220341138e-05
801	4.4892228042e-05
802	4.47632898629e-05
803	4.46350722448e-05
804	4.45075460989e-05
805	4.43807267296e-05
806	4.42545921148e-05
807	4.41291441391e-05
808	4.40044212451e-05
809	4.38804326499e-05
810	4.37572420722e-05
811	4.36348510031e-05
812	4.35131156032e-05
813	4.3392127102e-05
814	4.32717839566e-05
815	4.31520473257e-05
816	4.30329672228e-05
817	4.29145025709e-05
818	4.27966433914e-05
819	4.26794252874e-05
820	4.25628265887e-05
821	4.24468262935e-05
822	4.23314410022e-05
823	4.22167516371e-05
824	4.21026786747e-05
825	4.19891792257e-05
826	4.18762787068e-05
827	4.17639166818e-05
828	4.16521477061e-05
829	4.15409249197e-05
830	4.14303530761e-05
831	4.13203498483e-05
832	4.12109710918e-05
833	4.1102185105e-05
834	4.09939634044e-05
835	4.08862854064e-05
836	4.07791564348e-05
837	4.06725772824e-05
838	4.05665316526e-05
839	4.04610498832e-05
840	4.03561196668e-05
841	4.02518141489e-05
842	4.01480659843e-05
843	4.00448286668e-05
844	3.99420852185e-05
845	3.98398604711e-05
846	3.97381791981e-05
847	3.96370198142e-05
848	3.95363888844e-05
849	3.9436326508e-05
850	3.93369123868e-05
851	3.92377667682e-05
852	3.91392895445e-05
853	3.90411296144e-05
854	3.89436715015e-05
855	3.88466524922e-05
856	3.87501279704e-05
857	3.86541275262e-05
858	3.85586162516e-05
859	3.84635883222e-05
860	3.83690452588e-05
861	3.82749934657e-05
862	3.81814320646e-05
863	3.8088374964e-05
864	3.79958407744e-05
865	3.79037429193e-05
866	3.7812109146e-05
867	3.7720940926e-05
868	3.76302494618e-05
869	3.7540047582e-05
870	3.74503613016e-05
871	3.73611280338e-05
872	3.72723343618e-05
873	3.71840014618e-05
874	3.7096127335e-05
875	3.70087298291e-05
876	3.69217899133e-05
877	3.68352702723e-05
878	3.67491622721e-05
879	3.66634838945e-05
880	3.65782513611e-05
881	3.64934584702e-05
882	3.64090619274e-05
883	3.632507106e-05
884	3.62415068041e-05
885	3.61583270088e-05
886	3.60755505524e-05
887	3.59931949274e-05
888	3.59111941226e-05
889	3.58296463233e-05
890	3.57484570535e-05
891	3.56676604889e-05
892	3.55872002202e-05
893	3.55071791095e-05
894	3.54275183885e-05
895	3.53481780576e-05
896	3.52692618999e-05
897	3.51907068329e-05
898	3.51125100248e-05
899	3.50346990858e-05
900	3.49572673041e-05
901	3.48801771116e-05
902	3.48034513437e-05
903	3.47270646547e-05
904	3.46510103107e-05
905	3.45752869234e-05
906	3.44998791215e-05
