1	0.0920630302967
2	0.0840857754823
3	0.0119978189761
4	0.00562815921373
5	0.00402059079518
6	0.00610930090642
7	0.0191545716936
8	0.0158777703838
9	0.0106732098863
10	0.0124582651947
11	0.00754742152984
12	0.00420198386758
13	0.00361391134385
14	0.0028713317926
15	0.00215492336866
16	0.00149848964459
17	0.00132820910814
18	0.00159870301516
19	0.00149682119772
20	0.00111413472621
21	0.000736197966703
22	0.00052634621445
23	0.000531742279905
24	0.000555501173833
25	0.000506225257184
26	0.000427420455647
27	0.000375642352588
28	0.000369215506256
29	0.000383265742795
30	0.000381532261085
31	0.000363698271916
32	0.000344455323721
33	0.000337251447922
34	0.000336404722668
35	0.000335078060716
36	0.000331987430418
37	0.000327667342319
38	0.0003245843288
39	0.000322810542092
40	0.000320984712805
41	0.000318738215322
42	0.00031697592098
43	0.000314642630776
44	0.000312530154163
45	0.000310562548628
46	0.000308839078555
47	0.000307153700424
48	0.000305206447731
49	0.000303309396865
50	0.000301471578897
51	0.000299677184603
52	0.000297709708019
53	0.000295824708971
54	0.000293936857377
55	0.000292146479857
56	0.00029013510919
57	0.000288394750201
58	0.000286802710703
59	0.000285166560669
60	0.000283377162445
61	0.000281924217481
62	0.000280487634867
63	0.000278922456686
64	0.000277378820665
65	0.000276082222802
66	0.000274853594093
67	0.000273316289317
68	0.000271934227437
69	0.000270420809619
70	0.000268883685534
71	0.000267586608854
72	0.00026596258145
73	0.000264420693301
74	0.000262929010169
75	0.000261343907229
76	0.000259530282227
77	0.000257054206108
78	0.00025485646523
79	0.000253799009315
80	0.000252768176297
81	0.000251934021675
82	0.000250940077153
83	0.000249922076509
84	0.000248515366129
85	0.000247501115998
86	0.000246121319179
87	0.000244986682392
88	0.000243793954753
89	0.000242598678979
90	0.000241269257769
91	0.000240047456871
92	0.000239010978823
93	0.000237520771598
94	0.000236431118976
95	0.000235336299013
96	0.000233886807919
97	0.000232894040046
98	0.000231526657479
99	0.000230311473186
100	0.000229264936994
101	0.000227770498174
102	0.000226707794749
103	0.000225451536418
104	0.000224122530118
105	0.00022311648637
106	0.000221765804755
107	0.000220554854595
108	0.000219306171291
109	0.000218232423476
110	0.000217022723454
111	0.000216028938702
112	0.000214670856945
113	0.000213591293674
114	0.000212519077058
115	0.000211317178126
116	0.000210341769383
117	0.000209249856424
118	0.000207974822068
119	0.000207055337041
120	0.000205867291711
121	0.000204976360993
122	0.000203864604267
123	0.000202716060375
124	0.000201627004386
125	0.000200692846148
126	0.000199623648156
127	0.000198746781992
128	0.000197509799283
129	0.000196572349385
130	0.000195443427882
131	0.000194535627245
132	0.000193587157357
133	0.000192429726336
134	0.000191525222041
135	0.00019038633248
136	0.000189587524147
137	0.000188525655266
138	0.000187605536081
139	0.000186502093776
140	0.00018548606313
141	0.000184607798669
142	0.000183617632931
143	0.000182761168437
144	0.000181672779399
145	0.000180830057215
146	0.000179741523017
147	0.000179041497222
148	0.000177982170703
149	0.000177089054122
150	0.000176225746758
151	0.000175143569733
152	0.000174393720859
153	0.000173620047558
154	0.000172408024474
155	0.00017152310911
156	0.000170740457334
157	0.000170031451746
158	0.000169266446923
159	0.00016830224303
160	0.000167485150263
161	0.000167461061447
162	0.000167525554653
163	0.000167140161482
164	0.000166716466371
165	0.000166178745439
166	0.000165523323828
167	0.000164746764669
168	0.000164113111214
169	0.000163443407366
170	0.00016268249072
171	0.000161833226697
172	0.000161149133967
173	0.000160435457081
174	0.000159632372288
175	0.000158776451435
176	0.000158071356574
177	0.000157314219572
178	0.000156451773414
179	0.000155661768938
180	0.000154949232086
181	0.000154160968141
182	0.00015326550669
183	0.000152552908895
184	0.000151794894316
185	0.000150920289324
186	0.000150142532507
187	0.000149429281223
188	0.000148615311345
189	0.000147768924105
190	0.000147073649854
191	0.000146276807872
192	0.000145388532289
193	0.000144691415912
194	0.000143914738533
195	0.000143041660253
196	0.000142342393158
197	0.000141600036779
198	0.000140697356139
199	0.000140012461353
200	0.000139244049295
201	0.000138366665951
202	0.000137698127787
203	0.000136918799897
204	0.000136094716077
205	0.000135403127673
206	0.000134574667717
207	0.000133807385591
208	0.000133085896873
209	0.000132212241427
210	0.000131542613736
211	0.000130787752638
212	0.000129967164282
213	0.000129269001066
214	0.000128415986986
215	0.000127725391676
216	0.000126992510645
217	0.000126184955651
218	0.000125505530185
219	0.00012464837456
220	0.000123984798679
221	0.000123244186929
222	0.000122505096776
223	0.000121804033915
224	0.000120971840531
225	0.000120298386761
226	0.000119459630283
227	0.00011880854645
228	0.000118030169782
229	0.00011733376817
230	0.000116605446124
231	0.000115911818752
232	0.000115244858239
233	0.00011452610854
234	0.000113861317714
235	0.000113122981731
236	0.000112490323558
237	0.000111746015378
238	0.000111097370242
239	0.000110334401692
240	0.000109703515351
241	0.00010897625282
242	0.000108329727705
243	0.000107613782571
244	0.000106976149501
245	0.000106302614878
246	0.000105608486894
247	0.000104934491755
248	0.000104208446056
249	0.000103586245909
250	0.000102802668326
251	0.000102231544206
252	0.000101560851129
253	0.000100925056366
254	0.000100285490036
255	9.95751753085e-05
256	9.89982680337e-05
257	9.83057175357e-05
258	9.76831582859e-05
259	9.70738199357e-05
260	9.63520357752e-05
261	9.57854069722e-05
262	9.51841430245e-05
263	9.44874239725e-05
264	9.39370001129e-05
265	9.33234438475e-05
266	9.26520009328e-05
267	9.20291793813e-05
268	9.14212963096e-05
269	9.0823476857e-05
270	9.0141980007e-05
271	8.95957303765e-05
272	8.90320228224e-05
273	8.84293127669e-05
274	8.78030590612e-05
275	8.71197228514e-05
276	8.65458637825e-05
277	8.59835825382e-05
278	8.54304603557e-05
279	8.48382010418e-05
280	8.42440915868e-05
281	8.36443565713e-05
282	8.30350238559e-05
283	8.24603468903e-05
284	8.18621805381e-05
285	8.1296393869e-05
286	8.07040948103e-05
287	8.00601074728e-05
288	7.9425594203e-05
289	7.89006318905e-05
290	7.83470324927e-05
291	7.77241764599e-05
292	7.71586582154e-05
293	7.65987045854e-05
294	7.60070408589e-05
295	7.54318479569e-05
296	7.48772903238e-05
297	7.42952627872e-05
298	7.37145429667e-05
299	7.3170130467e-05
300	7.26190601236e-05
301	7.19922832406e-05
302	7.14610000253e-05
303	7.0923603949e-05
304	7.03103454461e-05
305	6.97352145876e-05
306	6.91942013797e-05
307	6.86188918946e-05
308	6.87753895161e-05
309	6.8656683736e-05
310	6.83781551825e-05
311	6.80160179015e-05
312	6.76144361469e-05
313	6.71969346595e-05
314	6.67742266045e-05
315	6.63404847252e-05
316	6.59014453396e-05
317	6.54604946465e-05
318	6.50164597022e-05
319	6.45697689555e-05
320	6.4122056495e-05
321	6.36738891438e-05
322	6.32258644981e-05
323	6.27790076993e-05
324	6.23348207467e-05
325	6.1893568655e-05
326	6.14516765063e-05
327	6.10090289892e-05
328	6.05666702644e-05
329	6.01255909666e-05
330	5.96868155949e-05
331	5.92509487952e-05
332	5.88188543778e-05
333	5.83911083282e-05
334	5.79675926057e-05
335	5.75483799283e-05
336	5.71328006324e-05
337	5.67205768565e-05
338	5.63110196858e-05
339	5.59036748152e-05
340	5.54989572908e-05
341	5.50975709623e-05
342	5.46990782685e-05
343	5.43095381427e-05
344	5.39087879643e-05
345	5.35054414071e-05
346	5.31122898403e-05
347	5.27135410931e-05
348	5.23156542943e-05
349	5.19176291095e-05
350	5.15218081897e-05
351	5.11313188662e-05
352	5.07444846503e-05
353	5.03585624227e-05
354	4.99745787667e-05
355	4.95976713358e-05
356	4.92171431487e-05
357	4.88354189555e-05
358	4.84546862852e-05
359	4.80752311152e-05
360	4.76981100033e-05
361	4.73241552426e-05
362	4.69533020216e-05
363	4.65856024483e-05
364	4.62210232071e-05
365	4.58607037062e-05
366	4.55116888159e-05
367	4.51594297767e-05
368	4.48195438448e-05
369	4.44696425917e-05
370	4.41206228245e-05
371	4.37753718681e-05
372	4.34306177025e-05
373	4.30857792546e-05
374	4.27413830168e-05
375	4.23979251806e-05
376	4.20562535537e-05
377	4.17233735139e-05
378	4.1402255705e-05
379	4.10715874409e-05
380	4.07377381961e-05
381	4.04043007309e-05
382	4.00725580341e-05
383	3.97428325091e-05
384	3.94152628896e-05
385	3.90901876811e-05
386	3.87679683549e-05
387	3.84486487733e-05
388	3.81324152028e-05
389	3.78194474262e-05
390	3.75098345637e-05
391	3.72035748645e-05
392	3.69006222122e-05
393	3.66009880033e-05
394	3.63052253861e-05
395	3.60145920746e-05
396	3.57300426461e-05
397	3.54486708254e-05
398	3.51667017988e-05
399	3.48834543035e-05
400	3.45997774688e-05
401	3.43168043844e-05
402	3.40353109927e-05
403	3.3755449665e-05
404	3.34777186428e-05
405	3.32021271865e-05
406	3.2928680845e-05
407	3.26576043193e-05
408	3.2389211918e-05
409	3.2123700045e-05
410	3.18614607589e-05
411	3.16027716718e-05
412	3.13473999825e-05
413	3.10942939743e-05
414	3.08423456456e-05
415	3.05910699731e-05
416	3.03404879021e-05
417	3.00906638448e-05
418	2.98418950966e-05
419	2.95944867177e-05
420	2.93486587346e-05
421	2.91046611165e-05
422	2.88627068075e-05
423	2.86229510108e-05
424	2.83854219057e-05
425	2.81500364674e-05
426	2.79166931211e-05
427	2.76852800717e-05
428	2.74556613517e-05
429	2.72278871201e-05
430	2.70018817834e-05
431	2.67777955166e-05
432	2.65557645591e-05
433	2.6335943884e-05
434	2.61184911299e-05
435	2.59036148974e-05
436	2.56913889136e-05
437	2.54826782881e-05
438	2.52780160883e-05
439	2.50740071467e-05
440	2.48682473445e-05
441	2.46633968648e-05
442	2.4460258511e-05
443	2.42592614937e-05
444	2.40603046566e-05
445	2.38632076108e-05
446	2.36677974653e-05
447	2.34739163119e-05
448	2.32814951183e-05
449	2.30902865869e-05
450	2.29003314228e-05
451	2.27116443797e-05
452	2.25242977481e-05
453	2.23384141437e-05
454	2.21541014139e-05
455	2.19715056164e-05
456	2.17908031526e-05
457	2.16121956757e-05
458	2.14358538453e-05
459	2.12618906128e-05
460	2.10904052605e-05
461	2.09214971986e-05
462	2.07552144556e-05
463	2.05911584249e-05
464	2.04287556964e-05
465	2.02678393977e-05
466	2.01085534207e-05
467	1.9951021294e-05
468	1.97952743784e-05
469	1.96413335557e-05
470	1.94892116196e-05
471	1.93389528737e-05
472	1.91906588257e-05
473	1.90444304349e-05
474	1.89003630382e-05
475	1.87584088951e-05
476	1.86184175222e-05
477	1.84802373598e-05
478	1.83437509754e-05
479	1.82088985486e-05
480	1.80753071733e-05
481	1.79424156413e-05
482	1.78101238693e-05
483	1.76785542402e-05
484	1.7547917885e-05
485	1.74184616354e-05
486	1.72904108497e-05
487	1.71637541135e-05
488	1.70382478484e-05
489	1.69137436419e-05
490	1.67902144157e-05
491	1.66677768852e-05
492	1.65464109142e-05
493	1.64258308512e-05
494	1.63060401676e-05
495	1.61871385118e-05
496	1.60691557703e-05
497	1.59519730184e-05
498	1.58356421326e-05
499	1.57203585365e-05
500	1.56065186263e-05
501	1.54939214579e-05
502	1.53822847978e-05
503	1.52713735541e-05
504	1.5161159039e-05
505	1.50521472104e-05
506	1.49450935108e-05
507	1.48398769405e-05
508	1.47359669979e-05
509	1.463361044e-05
510	1.45338234853e-05
511	1.44369680033e-05
512	1.43433221032e-05
513	1.42541585354e-05
514	1.41705083901e-05
515	1.40935050022e-05
516	1.40195544021e-05
517	1.39467983987e-05
518	1.38740996726e-05
519	1.38009432725e-05
520	1.37275028914e-05
521	1.36536449953e-05
522	1.35795695933e-05
523	1.35051449477e-05
524	1.34306491168e-05
525	1.33559547708e-05
526	1.32812963526e-05
527	1.32066452405e-05
528	1.31321770915e-05
529	1.30577907329e-05
530	1.29836812492e-05
531	1.29097868196e-05
532	1.2836168529e-05
533	1.27627293687e-05
534	1.26895963949e-05
535	1.26166790072e-05
536	1.25441027401e-05
537	1.24717791948e-05
538	1.23998251483e-05
539	1.23282094811e-05
540	1.22569915172e-05
541	1.21861161448e-05
542	1.21156459993e-05
543	1.20455352063e-05
544	1.19758428285e-05
545	1.19065588653e-05
546	1.18376956055e-05
547	1.17692062162e-05
548	1.17011451274e-05
549	1.16334997838e-05
550	1.15662795402e-05
551	1.14994734293e-05
552	1.14331186534e-05
553	1.13672104011e-05
554	1.13017485368e-05
555	1.12367251052e-05
556	1.11721812056e-05
557	1.11080916322e-05
558	1.10444567155e-05
559	1.09812616901e-05
560	1.0918503778e-05
561	1.08561745131e-05
562	1.07942889501e-05
563	1.07328020629e-05
564	1.06717106048e-05
565	1.06110325185e-05
566	1.05507689856e-05
567	1.04909103753e-05
568	1.04314547178e-05
569	1.03724021007e-05
570	1.03137578778e-05
571	1.02555157954e-05
572	1.01976708051e-05
573	1.01402275134e-05
574	1.00831763119e-05
575	1.002651575e-05
576	9.97024065854e-06
577	9.91435771445e-06
578	9.8588726694e-06
579	9.80378709742e-06
580	9.749107273e-06
581	9.69476400759e-06
582	9.64080384106e-06
583	9.58722954636e-06
584	9.53406565204e-06
585	9.48123138946e-06
586	9.42877353506e-06
587	9.37671515783e-06
588	9.32498811377e-06
589	9.27366971922e-06
590	9.22269800402e-06
591	9.17212651385e-06
592	9.1218896475e-06
593	9.0720463104e-06
594	9.02254138732e-06
595	8.97344115399e-06
596	8.92468190212e-06
597	8.87632129982e-06
598	8.82828673339e-06
599	8.78062051471e-06
600	8.73329894145e-06
601	8.68629687574e-06
602	8.63966711848e-06
603	8.59337116673e-06
604	8.54738644777e-06
605	8.50175928386e-06
606	8.4564529156e-06
607	8.41145828785e-06
608	8.36680040782e-06
609	8.32246148963e-06
610	8.27847437366e-06
611	8.23479567242e-06
612	8.19145276982e-06
613	8.14840449732e-06
614	8.10568017625e-06
615	8.06327368149e-06
616	8.02115468353e-06
617	7.97934874174e-06
618	7.93786205448e-06
619	7.89670161094e-06
620	7.85582356918e-06
621	7.81525410142e-06
622	7.77500110145e-06
623	7.73502922561e-06
624	7.69537619756e-06
625	7.65601016772e-06
626	7.61697530187e-06
627	7.57824528872e-06
628	7.53984549563e-06
629	7.50174920267e-06
630	7.46392463308e-06
631	7.42639723056e-06
632	7.38913803884e-06
633	7.35217280194e-06
634	7.31548676483e-06
635	7.27907454623e-06
636	7.24293265895e-06
637	7.20706395257e-06
638	7.17145491886e-06
639	7.13611895236e-06
640	7.10106216669e-06
641	7.06626971616e-06
642	7.03173988365e-06
643	6.99746606856e-06
644	6.963451878e-06
645	6.92969646553e-06
646	6.89620520523e-06
647	6.86297203354e-06
648	6.82998991821e-06
649	6.79726043603e-06
650	6.76477954627e-06
651	6.73256257648e-06
652	6.7005974913e-06
653	6.66887881803e-06
654	6.63741249575e-06
655	6.60621245978e-06
656	6.57528983004e-06
657	6.54461312518e-06
658	6.51417214932e-06
659	6.48396469852e-06
660	6.45399767651e-06
661	6.42426810068e-06
662	6.39476652705e-06
663	6.36549126318e-06
664	6.33645925873e-06
665	6.30764872647e-06
666	6.27906111277e-06
667	6.2507038983e-06
668	6.22257368179e-06
669	6.1946577431e-06
670	6.16697006029e-06
671	6.13950398961e-06
672	6.11225176438e-06
673	6.0852204362e-06
674	6.05840539828e-06
675	6.03180938872e-06
676	6.00543214968e-06
677	5.9792753478e-06
678	5.95333739466e-06
679	5.92762560232e-06
680	5.90214463052e-06
681	5.87687789727e-06
682	5.85181072976e-06
683	5.82694296002e-06
684	5.80226738917e-06
685	5.77778013697e-06
686	5.75348483556e-06
687	5.72937287333e-06
688	5.70544118713e-06
689	5.68169224599e-06
690	5.65811953698e-06
691	5.63472259687e-06
692	5.61149686535e-06
693	5.58844643214e-06
694	5.56556294784e-06
695	5.54285179609e-06
696	5.52030770364e-06
697	5.49792897785e-06
698	5.47571288601e-06
699	5.45366198715e-06
700	9.96298621821e-06
701	9.95877038681e-06
702	9.94190773088e-06
703	9.91329124477e-06
704	9.87736013601e-06
705	9.83920142259e-06
706	9.80097626292e-06
707	9.76345399197e-06
708	9.7267208274e-06
709	9.69060869642e-06
710	9.65496184597e-06
711	9.61967265539e-06
712	9.58465071007e-06
713	9.54983624407e-06
714	9.51518189498e-06
715	9.48067708262e-06
716	9.44631074573e-06
717	9.41210408383e-06
718	9.37807181967e-06
719	9.34425484664e-06
720	9.31067375559e-06
721	9.27732831599e-06
722	9.24422176596e-06
723	9.2113794275e-06
724	9.17875847233e-06
725	9.14633789991e-06
726	9.11410700804e-06
727	9.08207014758e-06
728	9.05022484785e-06
729	9.01856884034e-06
730	8.98711092368e-06
731	8.95585194341e-06
732	8.92478702198e-06
733	8.89391712969e-06
734	8.86323286802e-06
735	8.83273479902e-06
736	8.80242838811e-06
737	8.77229628421e-06
738	8.74234780684e-06
739	8.7125869658e-06
740	8.68301000903e-06
741	8.65362686706e-06
742	8.62443241633e-06
743	8.59541268289e-06
744	8.5665570872e-06
745	8.53787220164e-06
746	8.50935700487e-06
747	8.48099984812e-06
748	8.45280765423e-06
749	8.42478008054e-06
750	8.39691199654e-06
751	8.36920392347e-06
752	8.34165707774e-06
753	8.3142716875e-06
754	8.28704376815e-06
755	8.25999908797e-06
756	8.23309566677e-06
757	8.20637546739e-06
758	8.17981707525e-06
759	8.15341888832e-06
760	8.1271555321e-06
761	8.10104596476e-06
762	8.07507591964e-06
763	8.04926211757e-06
764	8.023585053e-06
765	7.99804716378e-06
766	7.97266242853e-06
767	7.9474270816e-06
768	7.92233498226e-06
769	7.89738635661e-06
770	7.87258673801e-06
771	7.84793364703e-06
772	7.82343230202e-06
773	7.79907748667e-06
774	7.77485804994e-06
775	7.75076973751e-06
776	7.72681355169e-06
777	7.70299201161e-06
778	7.67930222013e-06
779	7.65574515419e-06
780	7.63232149451e-06
781	7.60904085231e-06
782	7.58589527594e-06
783	7.5628886425e-06
784	7.54001734764e-06
785	7.51729069719e-06
786	7.49469819744e-06
787	7.47223573116e-06
788	7.44988984305e-06
789	7.42767644563e-06
790	7.40558317056e-06
791	7.38360856785e-06
792	7.36175639242e-06
793	7.34002508712e-06
794	7.31841501932e-06
795	7.29692730641e-06
796	7.27557287206e-06
797	7.25433796485e-06
798	7.23324566e-06
799	7.21226335024e-06
800	7.19139946028e-06
801	7.17064403354e-06
802	7.15000337116e-06
803	7.12948151679e-06
804	7.10907415936e-06
805	7.08878545347e-06
806	7.06862097758e-06
807	7.04859407683e-06
808	7.02867665566e-06
809	7.00887318346e-06
810	6.98918446686e-06
811	6.96958587078e-06
812	6.95009006324e-06
813	6.93069674691e-06
814	6.91140350656e-06
815	6.89221472117e-06
816	6.8731305621e-06
817	6.85414482736e-06
818	6.83526164493e-06
819	6.81648967211e-06
820	6.7978274559e-06
821	6.77925350876e-06
822	6.76077166563e-06
823	6.74238452491e-06
824	6.72408873677e-06
825	6.70588469824e-06
826	6.68778022878e-06
827	6.66977077451e-06
828	6.65186221212e-06
829	6.63405458449e-06
830	6.61634123789e-06
831	6.59871311052e-06
832	6.58117384462e-06
833	6.56372347131e-06
834	6.54636704155e-06
835	6.52909772922e-06
836	6.51192131523e-06
837	6.4948355532e-06
838	6.47785042796e-06
839	6.46095089825e-06
840	6.44413357807e-06
841	6.42740130968e-06
842	6.41075357568e-06
843	6.39419210025e-06
844	6.3777151879e-06
845	6.36132920817e-06
846	6.34503674097e-06
847	6.32882556178e-06
848	6.31269839597e-06
849	6.29664836513e-06
850	6.28069717588e-06
851	6.26479345216e-06
852	6.24900392113e-06
853	6.23327448878e-06
854	6.2176600102e-06
855	6.20211064067e-06
856	6.18663381051e-06
857	6.17123270575e-06
858	6.15591419782e-06
859	6.14067994978e-06
860	6.12553424868e-06
861	6.11046659727e-06
862	6.09547181632e-06
863	6.08055330406e-06
864	6.06571239684e-06
865	6.05094953205e-06
866	6.03627274144e-06
867	6.02167031585e-06
868	6.00714173273e-06
869	5.99268898753e-06
870	5.97831319245e-06
871	5.96401287515e-06
872	5.94979337171e-06
873	5.93564560821e-06
874	5.92156563709e-06
875	5.90755467687e-06
876	5.89361740348e-06
877	5.87975572976e-06
878	5.86596043841e-06
879	5.85223259304e-06
880	5.83857316382e-06
881	5.82498104868e-06
882	5.81146008895e-06
883	5.79800341689e-06
884	5.78461330591e-06
885	5.77128104536e-06
886	5.75802185502e-06
887	5.74483166527e-06
888	5.73169489723e-06
889	5.71862775863e-06
890	5.70562290681e-06
891	5.69268870969e-06
892	5.67981372581e-06
893	5.66701251111e-06
894	5.65427113597e-06
895	5.64158361762e-06
896	5.62896665566e-06
897	5.61640678222e-06
898	5.60390316643e-06
899	5.5914600864e-06
900	5.57907032123e-06
901	5.56673904861e-06
902	5.55446048512e-06
903	5.54223594152e-06
904	5.53006245126e-06
905	5.51793893583e-06
906	5.50586279346e-06
