1	-0.000279621437401
2	1.68115274296
3	-1.61814050047
4	1.02205017863
5	0.436624782669
6	-1.11631333968
7	-2.8274206019
8	-1.95458514642
9	0.335420837701
10	0.339766806272
11	-0.0255291429913
12	0.340781399484
13	0.0243626755576
14	0.0772069641658
15	-0.171169092937
16	0.0918387624212
17	-0.112828097024
18	-0.0763713912013
19	-0.00838887468033
20	0.00176913867794
21	0.0304564550599
22	0.01100987296
23	0.0268450390638
24	0.0244763201108
25	0.00626948083974
26	-0.0111601836125
27	-0.0427133006382
28	-0.00570122565371
29	-0.00713023900561
30	0.0170237392215
31	0.0112007417114
32	0.00810112321554
33	0.00952603636912
34	0.00326448467554
35	0.00718239390358
36	0.00668943808566
37	-0.00484800469163
38	-0.00352940557539
39	-0.00428403703799
40	-0.000575060076469
41	-0.0045072001678
42	0.000552421236312
43	0.00175482164245
44	0.00138853943695
45	0.00562074276178
46	0.0036077747625
47	0.00574803812007
48	0.00264268679461
49	0.00283068743311
50	0.00190071303778
51	0.00219641008414
52	0.0011554826553
53	0.000898021300192
54	0.000662255239281
55	0.000532457398351
56	0.00275916122042
57	0.00294839483373
58	0.00114168375891
59	0.000849181537143
60	0.00118163683817
61	0.00116967637412
62	0.000513784760533
63	0.000541498015162
64	0.000447388328125
65	0.00048816892545
66	0.000416647271181
67	0.000356896568793
68	0.00025110829151
69	0.000441500492921
70	0.000981421602794
71	0.000508513654356
72	0.000660062408139
73	0.00036315760895
74	0.000435414070846
75	0.000337102199874
76	0.000308848768059
77	0.000458796854646
78	8.80064434569e-05
79	0.0003736959367
80	0.000103710548123
81	0.000518595828902
82	0.000202634725671
83	0.000229141861725
84	0.000234684475404
85	0.0001705563647
86	0.000157173723918
87	9.05585266327e-05
88	0.000102251717492
89	2.47996761495e-05
90	0.000186618838515
91	0.000286880688014
92	3.31230779558e-05
93	2.54326175409e-05
94	4.49961017305e-05
95	-5.91217502575e-05
96	0.000124237953422
97	8.34350887483e-05
98	0.000120411227028
99	9.10036384166e-05
100	7.82612291978e-05
101	9.28726943012e-05
102	-2.33403894036e-05
103	-8.43103984932e-06
104	-2.23929091352e-05
105	2.20756347984e-05
106	0.000153097200953
107	-1.97913026855e-05
108	5.31403316732e-05
109	5.44536457011e-05
110	5.72938383926e-05
111	3.65244493694e-05
112	3.07751610591e-05
113	4.04488220206e-05
114	-5.07658028715e-06
115	1.44121630147e-05
116	2.91251530973e-05
117	2.63807719093e-05
118	8.76269413353e-06
119	7.1201085191e-06
120	3.51200701984e-05
121	1.47506663834e-05
122	-1.88464862296e-05
123	1.42922264539e-06
124	2.44236933255e-05
125	6.39249660503e-05
126	-8.79846929543e-06
127	3.68015966112e-05
128	5.05080696602e-05
129	3.22912687989e-05
130	8.970540201e-06
131	3.03698217486e-05
132	-1.33775741844e-05
133	8.43327798166e-07
134	1.89498321061e-05
135	2.62658670274e-06
136	2.94142533644e-05
137	1.19276708439e-05
138	2.23384436089e-05
139	1.182994531e-05
140	1.51512027493e-05
141	1.62926871069e-05
142	9.3638208425e-06
143	8.09273282729e-06
144	1.7987695824e-05
145	3.0959413398e-05
146	2.7001464541e-05
147	1.27013326196e-05
148	-6.15802641906e-06
149	1.05220293554e-05
150	-9.71679397581e-06
151	3.61587446736e-05
152	-6.59469816736e-06
153	-1.13686872833e-05
154	2.15513651572e-05
155	1.73021104079e-05
156	1.52749918978e-05
157	-3.7358544944e-06
158	1.01570795978e-06
159	-5.36825946276e-06
160	-6.48850773743e-07
161	6.27216408921e-07
162	3.05359373579e-05
163	3.14143067657e-05
164	3.06860310564e-05
165	6.55593114383e-06
166	2.53506239845e-07
167	-2.17155603022e-06
168	1.28436750988e-06
169	-3.79321250158e-07
170	1.89193996866e-06
171	1.45512823879e-06
172	6.1760417662e-06
173	-3.17085338496e-06
174	1.16188855635e-06
175	-2.20785732458e-06
176	-3.14158767431e-06
177	7.20045406373e-07
178	4.65722685815e-06
179	2.88161486927e-05
180	6.81405583203e-06
181	-1.01124052347e-05
182	2.93422157029e-05
183	4.33226939918e-05
184	2.44666057928e-05
185	1.92235020875e-06
186	2.70493902616e-05
187	9.00630775675e-08
188	2.29534442675e-05
189	-1.45776992425e-06
190	2.18090678829e-05
191	2.06259999022e-05
192	7.70879876657e-07
193	2.31220781832e-05
194	4.9042696311e-06
195	2.09000614721e-05
196	1.56867488425e-05
197	-8.47113529274e-07
198	1.90083830855e-05
199	2.5736592212e-06
200	-1.95274907972e-06
201	1.520122959e-06
202	1.07782332217e-06
203	-1.24130167818e-06
204	1.96800833469e-05
205	-1.32954092732e-06
206	-3.93898338134e-06
207	2.56518686264e-05
208	-2.42308279191e-06
209	1.67758548823e-05
210	2.10324402665e-06
211	1.64013880856e-05
212	2.02013617853e-05
213	7.77023532325e-06
214	3.30317440502e-06
215	1.91410180715e-05
216	1.7739957668e-05
217	4.48833780978e-06
218	3.25570223029e-06
219	1.55463749782e-05
220	5.33704131624e-06
221	1.74946646265e-05
222	2.37988010004e-06
223	1.46478190135e-05
224	5.53506699686e-06
225	1.49814962482e-05
226	3.63120791358e-06
227	1.33523580391e-05
228	1.78379099279e-06
229	1.10324011897e-05
230	1.72257660789e-06
231	1.39467339354e-05
232	2.08717413664e-06
233	1.91680345245e-05
234	1.96338218246e-06
235	2.26454336019e-06
236	3.36123540873e-06
237	4.54554797905e-06
238	1.26504706971e-05
239	5.25683562816e-06
240	3.90710757402e-06
241	1.66139593096e-05
242	4.80606526597e-06
243	1.41097028937e-05
244	5.00927154169e-06
245	5.15577574366e-06
246	5.5702876188e-06
247	5.14530809669e-06
248	4.8618788668e-06
249	5.94223536214e-06
250	5.27209403891e-06
251	4.71523271893e-06
252	3.03966700468e-06
253	2.06666938172e-06
254	2.04069928229e-06
255	2.96290229085e-06
256	3.13110084054e-06
257	1.08418584528e-07
258	-7.05240179175e-07
259	-3.85312606855e-07
260	-1.3600632108e-06
261	9.56286099023e-07
262	1.13843428834e-05
263	4.66603097381e-06
264	2.46499518141e-06
265	-2.34161158811e-07
266	2.9381578394e-06
267	4.21533841618e-06
268	-8.97278142442e-07
269	9.83523068886e-07
270	-3.51544474033e-06
271	-3.26411577344e-06
272	-3.12914672659e-06
273	-4.63332902297e-06
274	-1.9346082183e-06
275	-1.90721264149e-06
276	-1.96652818173e-06
277	-2.62147569291e-06
278	-2.18099597751e-06
279	-1.62911044055e-06
280	-1.37483648867e-06
281	2.59768420864e-06
282	-7.07677716177e-07
283	-9.60180836504e-07
284	4.36818586514e-06
285	-2.3296927906e-06
286	-2.87971780386e-06
287	-2.81054798963e-06
288	-3.22942116799e-06
289	-3.24123922674e-06
290	-3.35124776194e-06
291	-3.26329960275e-06
292	-1.29079103644e-06
293	-5.47209310903e-07
294	-8.76323631293e-07
295	-3.10440493928e-07
296	-8.23511495823e-07
297	2.34953040994e-06
298	2.09176133553e-06
299	1.88170536544e-06
300	-1.26518760114e-06
301	-1.93709218359e-06
302	-2.65527888063e-06
303	-2.55964586655e-06
304	-2.28752434908e-06
305	-2.35383394448e-06
306	-4.56658858196e-06
307	-2.62363898052e-06
308	-2.0831140843e-06
309	-9.67358967816e-07
310	-1.13335332577e-06
311	-8.53520951355e-07
312	1.20024287074e-06
313	-2.2306633858e-07
314	-8.70683629795e-07
315	2.98522738518e-06
316	1.90341389505e-06
317	-1.08325848215e-06
318	-1.90784477943e-06
319	-1.35176221053e-06
320	-1.51391378287e-06
321	-1.50144479472e-06
322	-1.99582944288e-06
323	-2.08156152273e-06
324	-1.71000454591e-06
325	-1.59960893533e-06
326	-1.21799880539e-06
327	-7.06333525119e-07
328	2.67246925332e-06
329	2.13981714123e-06
330	-1.41789867749e-07
331	-7.16743750896e-07
332	-1.75978464378e-06
333	-1.02156864341e-06
334	-1.01936850341e-06
335	-1.17064557968e-06
336	-1.54925983338e-06
337	-1.79542855068e-06
338	-1.49835236344e-06
339	-1.4501410175e-06
340	-1.03348937759e-06
341	2.67616813288e-06
342	2.33867820588e-06
343	2.55887293783e-07
344	2.26732330856e-07
345	-7.19512551474e-07
346	-1.67649237029e-06
347	1.3432984142e-06
348	1.30289685777e-06
349	1.20396864574e-06
350	1.12395770813e-06
351	-1.10431181799e-06
352	1.97279866008e-06
353	1.76409770865e-06
354	1.81452501734e-06
355	2.58063726749e-06
356	9.60266787942e-07
357	-1.60575157737e-07
358	-1.16092795988e-06
359	2.86944113055e-06
360	-9.52170810381e-07
361	2.50573494488e-06
362	-4.28058173772e-07
363	1.92539786011e-06
364	1.17959186308e-06
365	2.14080098193e-06
366	1.80744873115e-06
367	1.82514154456e-06
368	2.49885105994e-06
369	1.67409523008e-06
370	1.02959959321e-06
371	-2.98618991172e-07
372	6.64152237334e-07
373	1.11827886035e-06
374	7.76490154996e-07
375	1.78496596369e-06
376	1.1670015916e-07
377	1.54224881019e-06
378	2.26467956481e-07
379	1.2493192547e-06
380	6.39512694053e-07
381	-1.17606887448e-06
382	-7.62068352775e-07
383	-3.52593157819e-07
384	-2.18994866513e-07
385	1.93441579224e-06
386	-4.93543843645e-07
387	-3.66034870147e-07
388	-3.60560124556e-07
389	-5.49187188737e-07
390	-3.80997773702e-07
391	-2.43462298864e-07
392	-8.17065660837e-09
393	-1.14612032034e-07
394	-2.86554681168e-07
395	-3.8501740029e-07
396	-3.1773391001e-07
397	-3.53838125509e-07
398	-1.74492814609e-07
399	-4.77992592497e-08
400	9.19185288268e-07
401	-3.27233264142e-07
402	1.34938423732e-06
403	1.01954027517e-06
404	6.94296885668e-07
405	3.84109080081e-07
406	-1.59697841527e-07
407	1.12301199917e-07
408	8.392040417e-07
409	3.22186220945e-08
410	9.39984562742e-07
411	1.18756587424e-06
412	2.11689341782e-06
413	1.29390165051e-06
414	2.4100197228e-07
415	3.81360136178e-07
416	-8.0050087978e-08
417	1.68194846321e-07
418	1.49875744681e-07
419	-2.02687458518e-07
420	2.98951852827e-07
421	1.25940636435e-06
422	4.75234426488e-08
423	-3.08913936778e-08
424	2.595926812e-08
425	-1.39417152428e-07
426	1.10253848114e-06
427	1.48946563498e-06
428	6.38850144705e-07
429	3.99462983975e-07
430	8.46917817819e-07
431	2.40907166871e-07
432	3.88978836617e-07
433	-4.16794862877e-07
434	2.84816962471e-07
435	2.65542838372e-07
436	2.06436768092e-07
437	2.59348956002e-07
438	2.65341352476e-07
439	2.15887153542e-07
440	2.68124221529e-07
441	1.83565956638e-07
442	6.06322384123e-07
443	3.25487422093e-07
444	3.12533282026e-07
445	2.33419751724e-07
446	4.4361315301e-07
447	4.58456508832e-07
448	3.66337211639e-07
449	4.50005446099e-08
450	-2.32252193843e-07
451	-1.45217420383e-07
452	3.48269187641e-08
453	1.21703406589e-07
454	1.056072501e-07
455	2.49502592973e-07
456	3.44925771735e-07
457	1.05148881828e-07
458	4.37791752003e-07
459	6.99775126522e-08
460	3.11391595082e-07
461	2.7362845657e-07
462	3.33154075183e-07
463	3.21243879598e-07
464	2.27069021722e-07
465	2.42210623275e-07
466	2.80323861332e-07
467	2.4982336453e-07
468	4.24749228073e-07
469	2.16186341283e-07
470	2.39737456447e-07
471	2.35798344938e-07
472	2.40662074524e-07
473	4.2265474066e-07
474	1.94325995057e-07
475	1.94667502787e-07
476	2.45044388681e-07
477	2.15923185307e-07
478	2.46906006378e-07
479	4.28567562313e-07
480	1.72036407864e-07
481	2.08058706377e-07
482	2.07203187086e-07
483	2.05250887345e-07
484	2.06001313009e-07
485	2.18900077616e-07
486	2.04255524488e-07
487	1.50247258453e-07
488	1.63481619393e-07
489	1.72778877108e-07
490	1.68352245022e-07
491	1.66112283093e-07
492	1.69384890008e-07
493	1.65093048047e-07
494	1.66512386274e-07
495	1.60881619062e-07
496	1.62767262619e-07
497	1.57994754894e-07
498	1.60108504368e-07
499	1.45275029648e-07
500	1.59262263706e-07
501	1.43642694829e-07
502	1.57109339131e-07
503	1.41457791572e-07
504	1.54858469113e-07
505	1.39391104463e-07
506	1.5275576978e-07
507	1.37383039657e-07
508	1.50437778298e-07
509	1.33808317822e-07
510	1.4843170977e-07
511	1.3195434913e-07
512	-2.61930647082e-07
513	-1.82340283901e-07
514	1.41463102606e-07
515	1.89568876176e-07
516	1.27507299337e-07
517	1.35817488132e-07
518	1.20816163804e-07
519	1.30920779976e-07
520	1.33274033406e-07
521	1.36624677732e-07
522	1.31497320581e-07
523	1.32778816142e-07
524	1.26668452544e-07
525	1.30537634261e-07
526	1.24466479556e-07
527	-2.0291695064e-07
528	-1.44645173911e-07
529	2.0523076834e-07
530	1.41006783659e-07
531	-1.94296296007e-07
532	-1.86095178017e-07
533	-1.31392596539e-07
534	1.97031157655e-07
535	1.27617186816e-07
536	-1.90407216166e-07
537	-1.78558736038e-07
538	-1.22951018133e-07
539	-1.20287839311e-07
540	2.66185000266e-07
541	1.39791659623e-07
542	-1.82149958341e-07
543	-1.75353170643e-07
544	-1.17972266417e-07
545	-1.20559587548e-07
546	9.5997339894e-08
547	-1.64974027179e-07
548	-1.76438536666e-07
549	-1.37428700673e-07
550	2.89358401273e-07
551	1.36375340336e-07
552	-1.81969980371e-07
553	-1.67581189049e-07
554	-1.12895543572e-07
555	-1.18008890808e-07
556	8.25968733786e-08
557	-1.53618108024e-07
558	-1.75517201753e-07
559	-1.37635589178e-07
560	7.63658548669e-08
561	-1.62980305529e-07
562	-1.7369301073e-07
563	-1.37094408167e-07
564	7.82146506151e-08
565	-1.57938695611e-07
566	-1.738869038e-07
567	-1.38742668419e-07
568	7.82990140801e-08
569	-1.56859822191e-07
570	-1.73189377121e-07
571	-1.39543720989e-07
572	8.00242499805e-08
573	-1.50754197604e-07
574	-1.73895871077e-07
575	-1.42341987835e-07
576	8.24201986907e-08
577	-1.50618733493e-07
578	-1.75901460263e-07
579	-1.54809830357e-07
580	8.7901140363e-08
581	-1.50815835655e-07
582	-1.78291041122e-07
583	-1.57195497101e-07
584	9.36225486191e-08
585	-1.48092211009e-07
586	-1.46987181263e-07
587	1.01252759443e-07
588	-1.36607018902e-07
589	-1.74182493722e-07
590	-1.50570817373e-07
591	1.05969351688e-07
592	-1.42353156929e-07
593	-1.54434971514e-07
594	-1.61357774313e-07
595	1.16820062347e-07
596	-1.34577528956e-07
597	-1.55284515481e-07
598	-1.63870086652e-07
599	1.1927581807e-07
600	-1.37211695309e-07
601	-1.59324233753e-07
602	-1.58316604954e-07
603	1.28733236217e-07
604	-1.37118189517e-07
605	-1.62707097491e-07
606	1.6147500417e-07
607	-1.32470074059e-07
608	-1.61602533534e-07
609	-1.58221918365e-07
610	-1.50060320418e-07
611	1.48131525936e-07
612	-1.34780410122e-07
613	-1.72067153383e-07
614	-1.52429977604e-07
615	1.59050157769e-07
616	-1.28073271242e-07
617	-1.69988498969e-07
618	1.63316497847e-07
619	-1.26707831166e-07
620	-1.66851468842e-07
621	1.61656729174e-07
622	-1.25529208014e-07
623	-1.66592650551e-07
624	1.6559128138e-07
625	-1.19323985157e-07
626	-1.62069241974e-07
627	1.67403011049e-07
628	-1.15153223321e-07
629	-1.61356509612e-07
630	1.69197815891e-07
631	6.85040402263e-07
632	-1.98872270617e-07
633	-1.49795355823e-07
634	1.69948413232e-07
635	-8.35412211548e-08
636	-7.12046117307e-08
637	5.1754333333e-07
638	-1.58725584873e-07
639	-1.76237565161e-07
640	1.77803974898e-07
641	5.71122580117e-07
642	-1.57091463153e-07
643	-1.57283389838e-07
644	-1.23607546179e-07
645	-1.12476526206e-07
646	-1.16740284192e-07
647	-1.23203181149e-07
648	-1.27315365828e-07
649	-1.28810572867e-07
650	-1.2868531792e-07
651	-1.27671198338e-07
652	-1.26170150846e-07
653	-1.24451582369e-07
654	-1.22720258909e-07
655	-1.21113696106e-07
656	3.58330350402e-07
657	2.59363127852e-07
658	5.77320892168e-07
659	-1.69452517222e-07
660	1.33501629683e-07
661	5.41068844547e-07
662	3.78071600904e-07
663	2.73708132816e-07
664	6.03870005535e-07
665	-1.88202202878e-07
666	1.7828474465e-07
667	5.25712350045e-07
668	1.0007029716e-09
669	5.05593562122e-07
670	8.68894736277e-08
671	2.63383376172e-07
672	2.487435097e-07
673	5.41467591745e-07
674	-4.87545969392e-08
675	4.56773168389e-07
676	7.90384008149e-08
677	2.19005903511e-07
678	1.61293011016e-07
679	4.85396777012e-07
680	5.58449404422e-07
681	3.96365640127e-07
682	1.40448777811e-07
683	2.08924711551e-07
684	5.02835391842e-07
685	5.46854449276e-07
686	6.04586800311e-07
687	1.72715730909e-07
688	5.61516786106e-07
689	1.06227340502e-07
690	5.36234301882e-07
691	2.27477417601e-07
692	5.22756270763e-07
693	2.26954022122e-07
694	5.08649758006e-07
695	2.24811543557e-07
696	5.05000409273e-07
697	5.73907176951e-07
698	6.43181284518e-07
699	2.55699163672e-07
700	5.55670763464e-07
701	5.57045051311e-07
702	5.25555672025e-07
703	1.09574054381e-07
704	2.36329251261e-07
705	1.23057608019e-07
706	2.24198879588e-07
707	5.35600394692e-07
708	5.68749585368e-07
709	4.76751205588e-07
710	4.05917902829e-07
711	5.7244055603e-07
712	5.7291519282e-07
713	5.48657815144e-07
714	1.96592277453e-07
715	2.44755545488e-07
716	2.04575678169e-07
717	4.899049517e-07
718	5.69997652443e-07
719	6.0029045803e-07
720	2.40520594542e-07
721	2.04076135559e-07
722	1.7036697322e-07
723	4.85490087929e-07
724	5.54061866598e-07
725	5.90687586174e-07
726	5.96818836813e-07
727	5.84375451629e-07
728	5.76344857338e-07
729	5.65412492896e-07
730	5.51199463289e-07
731	5.36138161055e-07
732	5.256333233e-07
733	5.21720083617e-07
734	5.22437248291e-07
735	5.24397270848e-07
736	5.24941761876e-07
737	5.22845889296e-07
738	5.18161272347e-07
739	5.11847508148e-07
740	5.05243690921e-07
741	4.99513985607e-07
742	4.9523816658e-07
743	4.92401453438e-07
744	4.90380198524e-07
745	4.88491475587e-07
746	4.86259897659e-07
747	3.15938020386e-07
748	1.94094793035e-07
749	1.70480088272e-07
750	1.65250575086e-07
751	1.64095329799e-07
752	1.64861490923e-07
753	1.65459852699e-07
754	1.66055043725e-07
755	1.66584707425e-07
756	1.67156595821e-07
757	1.67808365541e-07
758	1.68544307766e-07
759	1.69301790744e-07
760	1.70031903082e-07
761	1.70714040076e-07
762	1.71354672792e-07
763	1.71965325169e-07
764	1.72553872769e-07
765	1.73123504505e-07
766	1.73682419648e-07
767	1.74250155862e-07
768	1.74815201911e-07
769	1.75392969758e-07
770	1.76049305267e-07
771	1.7787789016e-07
772	1.79530470155e-07
773	1.80874425633e-07
774	1.83761301267e-07
775	1.8482139904e-07
776	1.8564912883e-07
777	1.86449205801e-07
778	1.87190300287e-07
779	1.87911840242e-07
780	1.88615989694e-07
781	1.89095306079e-07
782	1.89838904676e-07
783	1.9061930823e-07
784	1.91385088574e-07
785	1.92125128781e-07
786	1.92833118767e-07
787	1.93516799024e-07
788	1.94186747746e-07
789	1.94848442522e-07
790	1.95508861272e-07
791	1.96172759348e-07
792	1.96843903265e-07
793	1.97532964494e-07
794	1.98246870736e-07
795	1.9899416421e-07
796	1.99789839489e-07
797	2.0064876354e-07
798	2.01590292849e-07
799	2.0266324071e-07
800	2.03976509169e-07
801	2.13062135148e-07
802	2.03797073637e-07
803	1.99590395199e-07
804	2.05737166162e-07
805	1.97187351552e-07
806	2.04006948925e-07
807	2.0445568395e-07
808	2.01199422627e-07
809	1.98943364232e-07
810	2.01459270704e-07
811	2.0327303241e-07
812	2.11064237766e-07
813	2.12036814113e-07
814	2.12742719137e-07
815	2.07291796919e-07
816	2.08067474645e-07
817	2.08941312818e-07
818	2.09863776848e-07
819	2.10773037506e-07
820	2.11678758167e-07
821	2.12605522552e-07
822	2.12736161849e-07
823	2.13848272982e-07
824	2.14861658604e-07
825	2.15734053859e-07
826	2.16559490492e-07
827	2.17333825182e-07
828	2.18085166605e-07
829	2.1882535529e-07
830	2.19567281018e-07
831	2.20311396042e-07
832	2.21052779054e-07
833	2.21783089508e-07
834	2.22490015534e-07
835	2.23159088335e-07
836	2.2378000026e-07
837	2.24349507333e-07
838	2.24872999792e-07
839	2.25360832924e-07
840	2.25821796729e-07
841	2.26278327115e-07
842	2.26750161355e-07
843	2.27252910598e-07
844	2.29017605871e-07
845	2.29952528124e-07
846	2.3097493287e-07
847	2.31936497739e-07
848	2.32788293172e-07
849	2.33510764236e-07
850	2.34129987247e-07
851	2.34688181746e-07
852	2.35239818039e-07
853	2.36598393421e-07
854	2.371415754e-07
855	2.37784905099e-07
856	2.38489668482e-07
857	2.39170366057e-07
858	2.39801425075e-07
859	2.40344610335e-07
860	2.40783579887e-07
861	2.41115232196e-07
862	2.41353898601e-07
863	2.41525359487e-07
864	2.416595963e-07
865	2.41783731529e-07
866	2.41918140576e-07
867	2.42072169942e-07
868	2.42243732065e-07
869	2.42416330563e-07
870	2.42569677322e-07
871	2.42683867176e-07
872	2.42746024697e-07
873	2.4275497398e-07
874	2.42718937e-07
875	2.41940053817e-07
876	2.41969609288e-07
877	2.41922173376e-07
878	2.41860754907e-07
879	2.4181756833e-07
880	2.41771790768e-07
881	2.41720630093e-07
882	2.42258171925e-07
883	2.42090438808e-07
884	2.41980455529e-07
885	2.41985487218e-07
886	2.42307115845e-07
887	2.43288089916e-07
888	2.43749298554e-07
889	2.43705600509e-07
890	2.43424229903e-07
891	2.43116049614e-07
892	2.42896896243e-07
893	2.427880546e-07
894	2.42759305631e-07
895	2.42764048733e-07
896	2.42771053477e-07
897	2.4275968952e-07
898	2.42727218839e-07
899	2.42682363622e-07
900	2.42636649603e-07
901	2.42598213052e-07
902	2.42568650473e-07
903	2.42541782193e-07
904	2.42504827178e-07
905	2.42442255966e-07
906	2.42341125498e-07
907	2.42194576588e-07
908	2.4200279675e-07
909	2.41771790913e-07
910	2.4151142314e-07
911	2.41232579173e-07
912	2.40945971794e-07
913	2.40660108096e-07
914	2.40387993593e-07
915	2.40139327904e-07
916	2.3990809128e-07
917	2.39920552582e-07
918	2.39327456647e-07
919	2.3879272913e-07
920	2.38339446317e-07
921	2.3800197551e-07
922	2.37738857783e-07
923	2.37505238335e-07
924	2.37256393831e-07
925	2.36968954477e-07
926	2.36638993971e-07
927	2.36277921935e-07
928	2.3590346713e-07
929	2.35528779838e-07
930	2.35159900011e-07
931	2.34781900918e-07
932	2.34432476586e-07
933	2.34068240452e-07
934	2.33695486484e-07
935	2.33317064111e-07
936	2.32935624386e-07
937	2.31635432275e-07
938	2.31196818171e-07
939	2.30773860619e-07
940	2.30387552647e-07
941	2.30026685742e-07
942	2.29677721159e-07
943	2.29328761955e-07
944	2.28970852097e-07
945	2.28598625727e-07
946	2.2821051205e-07
947	2.27808691223e-07
948	2.27398363383e-07
949	2.269867281e-07
950	2.26579776242e-07
951	2.261792325e-07
952	2.25781141915e-07
953	2.2537700015e-07
954	2.24955343307e-07
955	2.24501421096e-07
956	2.23998707082e-07
957	2.23458543276e-07
958	2.22890684645e-07
959	2.22302972109e-07
960	2.21702591592e-07
961	2.21096632016e-07
962	2.20491001108e-07
963	2.19889192492e-07
964	2.19291656629e-07
965	2.1869494817e-07
966	2.15044600735e-07
967	2.1420334222e-07
968	2.13422508148e-07
969	2.12709573897e-07
970	2.12026472583e-07
971	2.11347327984e-07
972	2.10655223305e-07
973	2.09939571547e-07
974	2.09200244524e-07
975	2.08443384105e-07
976	2.07676397421e-07
977	2.06904997171e-07
978	2.06132506209e-07
979	2.05361163704e-07
980	2.04591636344e-07
981	2.03823988191e-07
982	2.03058379004e-07
983	2.02294969018e-07
984	2.01533741853e-07
985	2.00774025493e-07
986	2.00014384075e-07
987	1.99253040604e-07
988	1.98488919567e-07
989	1.97720973199e-07
990	1.96948368239e-07
991	1.96170312382e-07
992	1.95386682852e-07
993	1.94597906447e-07
994	1.93804399749e-07
995	1.93007295001e-07
996	1.92207635677e-07
997	1.9140649974e-07
998	1.90604583228e-07
999	1.8980199282e-07
1000	1.88998210443e-07
1001	1.88192303842e-07
1002	1.87416077356e-07
1003	1.27143713044e-07
1004	1.18515015222e-07
1005	1.15366999061e-07
1006	1.10292834918e-07
1007	1.08390624192e-07
1008	1.07411969228e-07
1009	1.06308841953e-07
1010	1.09032461976e-07
1011	1.08403793813e-07
1012	1.12593392913e-07
1013	1.18132719581e-07
1014	1.20229009261e-07
1015	1.21334936567e-07
1016	1.20616227712e-07
1017	1.18794097298e-07
1018	1.16555075303e-07
1019	1.04021106143e-07
1020	7.82008457803e-08
1021	1.3442607112e-07
1022	1.36345103848e-07
1023	1.72326987943e-07
1024	2.43435731568e-07
1025	2.82656493433e-07
1026	1.63285815889e-07
1027	8.88693104255e-08
1028	1.14265645387e-07
1029	9.4750898761e-08
1030	9.16788901483e-08
1031	9.70392625272e-08
1032	1.02741020818e-07
1033	1.11685015053e-07
1034	1.02471532078e-07
1035	1.20940836572e-07
1036	1.04071772284e-07
1037	1.490632598e-07
1038	9.61086283939e-08
1039	9.76938009308e-08
1040	1.58440445098e-07
1041	1.07211934666e-07
1042	1.01967794308e-07
1043	9.76043822339e-08
1044	1.52822193829e-07
1045	9.70233926391e-08
1046	9.08842827791e-08
1047	8.82033632668e-08
1048	1.29253525203e-07
1049	5.27474821953e-08
1050	9.53102544498e-08
1051	6.01321497792e-08
1052	1.00589252771e-07
1053	1.04122392185e-07
1054	8.49542204001e-08
1055	1.33381790327e-07
1056	7.87555791747e-08
1057	1.23260579777e-07
1058	8.66479403549e-08
1059	8.66544290239e-08
1060	1.24755006211e-07
1061	7.83743265814e-08
1062	1.20131475962e-07
1063	1.25556948456e-07
1064	9.06840471614e-08
1065	8.724898697e-08
1066	1.2472495286e-07
1067	7.64029427071e-08
1068	1.16881402482e-07
1069	1.31554489012e-07
1070	8.6019978604e-08
1071	8.53434331255e-08
1072	1.25114074148e-07
1073	1.28877602492e-07
1074	8.38684531707e-08
1075	8.26972384227e-08
1076	1.20140821641e-07
1077	1.23928003267e-07
1078	1.22574171759e-07
1079	8.58821617888e-08
1080	1.35050237313e-07
1081	8.19780274867e-08
1082	1.33390367001e-07
1083	1.27508820535e-07
1084	8.56854646944e-08
1085	1.29974933964e-07
1086	1.24058352035e-07
1087	8.19835247164e-08
1088	1.24943314899e-07
1089	1.29899248687e-07
1090	8.01690048684e-08
1091	1.20725315332e-07
1092	1.24240893236e-07
1093	1.29031812011e-07
1094	8.0677478466e-08
1095	1.2043170369e-07
1096	1.25034636699e-07
1097	1.17762478594e-07
1098	7.87443810374e-08
1099	1.19755670782e-07
1100	1.24254055948e-07
1101	1.161957837e-07
1102	7.72394554567e-08
1103	1.17385657369e-07
1104	1.18838634896e-07
1105	1.22247772629e-07
1106	1.13211965764e-07
1107	8.75513059435e-08
1108	1.08983165938e-07
1109	8.60823026419e-08
1110	1.06576449602e-07
1111	1.09403487663e-07
1112	1.11677658396e-07
1113	8.76139738134e-08
1114	1.07603380747e-07
1115	1.09364664502e-07
1116	1.1047363361e-07
1117	1.11736741528e-07
1118	8.78118859991e-08
1119	1.06463235833e-07
1120	1.07529390445e-07
1121	1.08119000705e-07
1122	1.08783513837e-07
1123	1.09334602276e-07
1124	1.09791103123e-07
1125	1.10146845243e-07
1126	1.10389712456e-07
1127	8.53254872787e-08
1128	1.02154285215e-07
1129	1.0195248969e-07
1130	1.01103126899e-07
1131	1.00142795174e-07
1132	9.89816733637e-08
1133	9.77082743903e-08
1134	1.03937802961e-07
1135	1.0315695666e-07
1136	1.02284007897e-07
1137	1.01341527325e-07
1138	1.00396234851e-07
1139	9.95087911117e-08
1140	9.86981724581e-08
1141	9.79422274856e-08
1142	9.71901250671e-08
1143	9.63801739981e-08
1144	9.54561530891e-08
1145	9.4372180767e-08
1146	9.30971973936e-08
1147	9.16152500195e-08
1148	8.9923586036e-08
1149	8.80290097415e-08
1150	8.59475878977e-08
1151	8.37014360885e-08
1152	8.13175497726e-08
1153	7.88274180704e-08
1154	7.62658944447e-08
1155	7.36702109338e-08
1156	7.10788825462e-08
1157	6.85298626082e-08
1158	6.60588166746e-08
1159	6.36971581141e-08
1160	6.14702408028e-08
1161	5.91684847576e-08
1162	5.69636233765e-08
1163	5.50353568104e-08
1164	5.34011352229e-08
1165	4.98214178373e-08
1166	4.84301937447e-08
1167	4.72278518725e-08
1168	4.61663677967e-08
1169	4.51855891344e-08
1170	4.42310834168e-08
1171	4.3261033035e-08
1172	3.96186214166e-08
1173	3.83258724121e-08
1174	3.70428539936e-08
1175	3.57644402792e-08
1176	3.44591034934e-08
1177	3.30889821942e-08
1178	2.97449384416e-08
1179	2.79808289748e-08
1180	2.62084427965e-08
1181	2.35274763777e-08
1182	2.17176201641e-08
1183	1.99385438909e-08
1184	1.81671080514e-08
1185	1.63850099242e-08
1186	1.45826204341e-08
1187	1.37467163023e-08
1188	1.19788938161e-08
1189	1.02669309576e-08
1190	8.59393662956e-09
1191	6.94706006213e-09
1192	5.34490068914e-09
1193	3.80353679163e-09
1194	2.33043215318e-09
1195	2.75690470937e-08
1196	9.1820665563e-09
1197	1.00839332602e-08
1198	1.0610912474e-08
1199	1.06725645161e-08
1200	1.01156730504e-08
1201	8.84767201838e-09
1202	6.87287042272e-09
1203	4.25589644429e-09
1204	2.67294640821e-08
1205	6.78365002153e-09
1206	5.02734760869e-09
1207	2.69681869026e-09
1208	2.5737228916e-08
1209	5.66526940466e-09
1210	3.57747242638e-09
1211	2.60779552871e-08
1212	6.25285243922e-09
1213	4.11103492889e-09
1214	1.06302924764e-09
1215	2.36692405154e-08
1216	2.00480524059e-09
1217	2.42109877248e-08
1218	4.07539279335e-09
1219	1.40608750277e-09
1220	2.32425051164e-08
1221	2.2324899827e-09
1222	-1.20852570261e-09
1223	2.12992524767e-08
1224	-1.51848988287e-09
1225	2.12359523356e-08
1226	-9.20566129565e-10
1227	2.15040615609e-08
1228	1.4095159939e-10
1229	-3.51536674147e-09
1230	1.93385025595e-08
1231	-4.47971562553e-09
1232	1.88249631704e-08
1233	-5.04839013166e-09
1234	1.85084589009e-08
1235	-5.06064170244e-09
1236	1.84808355185e-08
1237	-4.98066667126e-09
1238	1.83003516276e-08
1239	-5.34291467894e-09
1240	1.78151039299e-08
1241	1.97425423623e-08
1242	-1.8328262663e-09
1243	-6.21727088278e-09
1244	1.64733087647e-08
1245	1.790116253e-08
1246	1.95270093455e-08
1247	-2.1016682466e-09
1248	1.87425743181e-08
1249	-4.22004937173e-09
1250	1.69586926598e-08
1251	1.80062719965e-08
1252	1.91490655335e-08
1253	-3.29854561889e-09
1254	1.71946112921e-08
1255	1.82054981639e-08
1256	1.91299001926e-08
1257	2.00420224847e-08
1258	-1.52864783993e-09
1259	1.73641381076e-08
1260	1.7868364107e-08
1261	1.82749188279e-08
1262	1.87061447818e-08
1263	1.91327671487e-08
1264	1.95318808184e-08
1265	1.98570174828e-08
1266	2.00573236817e-08
1267	2.00944026572e-08
1268	1.99547061733e-08
1269	1.96520714414e-08
1270	1.92221653883e-08
1271	1.87126806408e-08
1272	1.81736424638e-08
1273	1.76498796542e-08
1274	1.71765017195e-08
1275	1.67769734415e-08
1276	1.64633075974e-08
1277	1.62371777423e-08
1278	1.60916051899e-08
1279	1.60129978286e-08
1280	1.59831255944e-08
1281	1.59811974384e-08
1282	1.59862287241e-08
1283	1.59786857015e-08
1284	1.59426868136e-08
1285	1.58671592894e-08
1286	1.57462108594e-08
1287	1.55794335738e-08
1288	1.53713281819e-08
1289	6.28459040442e-08
1290	-3.57479292169e-08
1291	-3.03440047168e-08
1292	2.56327806321e-08
1293	-1.69390337249e-08
1294	5.45873425457e-08
1295	6.18954722259e-08
1296	8.02589135236e-10
1297	5.29108732623e-08
1298	5.30447130663e-08
1299	6.04242046562e-08
1300	6.77445503265e-08
1301	8.90365022998e-08
1302	8.47160243193e-08
1303	5.76763157376e-08
1304	1.40211502715e-09
1305	-4.03235187426e-08
1306	7.76790152526e-09
1307	6.99738201608e-09
1308	-2.91071971336e-08
1309	1.85453010172e-09
1310	6.84615246751e-09
1311	1.9637789182e-09
1312	9.73436139456e-09
1313	7.87444253812e-09
1314	5.11834756717e-09
1315	3.82225967292e-09
1316	2.95070512093e-09
1317	3.67028911528e-09
1318	-1.6470423918e-08
1319	-2.4838020347e-08
1320	4.33515532267e-09
1321	9.57567096169e-09
1322	9.33369541975e-09
1323	7.60529392346e-09
1324	-1.52468957333e-08
1325	2.67618407365e-08
1326	-1.87078516144e-08
1327	6.87171478488e-09
1328	-7.77687877242e-09
1329	-6.16703137323e-09
1330	-1.82224472815e-08
1331	2.25460681253e-08
1332	-2.15620869829e-08
1333	1.88740509568e-08
1334	2.13130582647e-08
1335	2.36706151736e-08
1336	2.55375096479e-08
1337	2.68287249541e-08
1338	2.77167603209e-08
1339	2.84313404418e-08
1340	-1.2432296547e-08
1341	2.41299953678e-08
1342	2.44042424437e-08
1343	-2.01421889424e-08
1344	2.07496041569e-08
1345	2.13014360882e-08
1346	2.25435809601e-08
1347	2.40763433637e-08
1348	2.56214967834e-08
1349	-1.40835156399e-08
1350	2.30472740416e-08
1351	2.43662053161e-08
1352	2.5484013999e-08
1353	2.67335458684e-08
1354	-1.46052161827e-08
1355	2.28392346521e-08
1356	2.38324903493e-08
1357	2.48465453406e-08
1358	2.61717176794e-08
1359	-1.65556913601e-08
1360	2.29176021672e-08
1361	2.31438327302e-08
1362	2.41450477733e-08
1363	2.5509401673e-08
1364	-1.60246071102e-08
1365	2.33067373588e-08
1366	2.3658610259e-08
1367	2.47165286923e-08
1368	2.59918692896e-08
1369	-1.44850908268e-08
1370	2.35284451717e-08
1371	2.36657476656e-08
1372	2.44854172753e-08
1373	2.55412646036e-08
1374	-1.57247632652e-08
1375	2.28871446893e-08
1376	2.29393973278e-08
1377	2.37608166254e-08
1378	2.48623020048e-08
1379	2.59749539487e-08
1380	-1.38879969983e-08
1381	2.32735231308e-08
1382	2.32207828229e-08
1383	2.38956360678e-08
1384	2.48155165011e-08
1385	-1.59918639661e-08
1386	2.20347197136e-08
1387	2.19989193201e-08
1388	2.27675721731e-08
1389	2.38276802387e-08
1390	2.49162166374e-08
1391	-1.4683253416e-08
1392	2.24003900791e-08
1393	2.23917429259e-08
1394	2.31615409713e-08
1395	2.41781683359e-08
1396	2.51914591598e-08
1397	-1.39313533498e-08
1398	2.2744304172e-08
1399	2.26449052712e-08
1400	2.33747097561e-08
1401	2.43562440771e-08
1402	2.62972476096e-08
1403	-1.27897600174e-08
1404	2.36317923841e-08
1405	2.4333507874e-08
1406	2.44857562831e-08
1407	2.55130821207e-08
1408	2.65568782086e-08
1409	-1.13916768897e-08
1410	2.52231563149e-08
1411	2.51878937346e-08
1412	2.60569208608e-08
1413	2.71522443811e-08
1414	-1.18133610808e-08
1415	2.66325667295e-08
1416	2.66706988079e-08
1417	2.76619984022e-08
1418	-1.49758624223e-08
1419	2.77220692698e-08
1420	2.7808090968e-08
1421	3.20572447905e-08
1422	3.37211675099e-08
1423	-6.23574577422e-09
1424	3.27793052052e-08
1425	3.43003979752e-08
1426	-8.91114329447e-09
1427	3.29761317059e-08
1428	3.4461274891e-08
1429	3.53132260911e-08
1430	-8.07945696576e-09
1431	3.67030826999e-08
1432	3.60438086607e-08
1433	-9.41433020482e-09
1434	3.71574927406e-08
1435	3.63273893257e-08
1436	3.6753379682e-08
1437	-5.43375973776e-09
1438	3.78354820599e-08
1439	3.68554639635e-08
1440	-6.54708055505e-09
1441	3.75400639433e-08
1442	3.65337291373e-08
1443	-8.77752525512e-09
1444	3.74379085622e-08
1445	3.62610659399e-08
1446	3.64419347863e-08
1447	-5.31486097605e-09
1448	3.74651643171e-08
1449	3.63403760936e-08
1450	-6.40010987616e-09
1451	3.69867083672e-08
1452	3.5888177061e-08
1453	-8.45360377934e-09
1454	3.66718614575e-08
1455	3.54530810826e-08
1456	3.56058533053e-08
1457	-4.9938990735e-09
1458	3.65810789666e-08
1459	3.55194167255e-08
1460	-6.05734641442e-09
1461	3.63367371526e-08
1462	3.53184955432e-08
1463	-8.05480803255e-09
1464	3.62892201992e-08
1465	3.50811047058e-08
1466	3.4285336644e-08
1467	-4.68874903982e-09
1468	3.61139406079e-08
1469	-9.85927121623e-09
1470	3.56971645838e-08
1471	3.35949622568e-08
1472	3.35471229987e-08
1473	-5.98590459239e-09
1474	3.53327149111e-08
1475	-1.04424095655e-08
1476	3.46573530839e-08
1477	3.25353997812e-08
1478	3.25568196709e-08
1479	-5.52940979768e-09
1480	3.41095326843e-08
1481	-9.79016842758e-09
1482	3.32620088367e-08
1483	3.13524200038e-08
1484	-1.02052366579e-08
1485	3.27031411837e-08
1486	3.07857799501e-08
1487	-9.26171179918e-09
1488	3.12999495048e-08
1489	3.04362401467e-08
1490	-7.67521341491e-09
1491	3.09918281157e-08
1492	-1.15209996405e-08
1493	3.0361051723e-08
1494	2.95588988085e-08
1495	-1.24564857237e-08
1496	3.0154255309e-08
1497	2.93668611082e-08
1498	-1.00932185139e-08
1499	2.98539513289e-08
1500	-1.12393303814e-08
1501	2.8881233132e-08
1502	2.81666458561e-08
1503	-1.20055362089e-08
1504	2.83896874762e-08
1505	-1.55803283995e-08
1506	5.41605258587e-08
1507	-6.17547367588e-08
1508	-3.64322056063e-08
1509	2.4613700593e-08
1510	-1.8287119159e-08
1511	3.57159231155e-08
1512	5.61772078208e-08
1513	-1.93688588543e-08
1514	2.1314583728e-08
1515	3.38577100036e-08
1516	3.65755805177e-08
1517	4.05683793472e-08
1518	-4.72764556691e-08
1519	7.60809263396e-08
1520	2.44503854915e-08
1521	2.41026085124e-08
1522	5.23882906389e-08
1523	4.22497836469e-08
1524	5.12019705033e-08
1525	5.15186368208e-08
1526	2.04816555229e-08
1527	-1.88047226241e-08
1528	-2.86995960708e-08
1529	-7.83505242544e-09
1530	-4.10479262453e-09
1531	-5.44984350302e-08
1532	-1.36934394209e-08
1533	6.70358140409e-10
1534	1.10104012697e-09
1535	-7.74297039835e-09
1536	2.4359953247e-08
1537	-9.11914347828e-09
1538	2.53156729978e-08
1539	-8.97526701798e-09
1540	2.69765203397e-08
1541	-5.01272470019e-09
1542	2.8636263066e-08
1543	-6.11620775625e-09
1544	2.910014972e-08
1545	-1.3189189919e-08
1546	2.91742701536e-08
1547	-1.59139441784e-08
1548	2.89687081255e-08
1549	-1.80788923512e-08
1550	2.95695688593e-08
1551	-1.89925217374e-08
1552	3.33349735317e-08
1553	-1.84784538085e-08
1554	3.36532740392e-08
1555	-1.68300562192e-08
1556	3.06199465109e-08
1557	-9.69174402212e-09
1558	3.11059630116e-08
1559	-5.26612056133e-09
1560	2.89694953363e-08
1561	5.32598795078e-10
1562	2.8468726592e-08
1563	2.54399894267e-09
1564	2.80080080102e-08
1565	3.64929866554e-09
1566	2.76172223878e-08
1567	3.89210365119e-09
1568	2.74600657119e-08
1569	3.53721108567e-09
1570	2.72189186465e-08
1571	2.83135166034e-09
1572	2.69363751354e-08
1573	2.0668330082e-09
1574	2.64816845341e-08
1575	7.40126415182e-10
1576	2.61945966304e-08
1577	1.58370230332e-09
1578	2.45019328647e-08
1579	1.96058205408e-09
1580	2.32931096352e-08
1581	-3.93731867097e-11
1582	-8.87516073324e-09
1583	2.98958639447e-08
1584	2.2389776e-09
1585	-9.82161776537e-09
1586	3.26908602382e-08
1587	1.66653609036e-09
1588	-9.92506467544e-09
1589	3.3390956873e-08
1590	1.79349126653e-09
1591	-8.80049228859e-09
1592	3.00428753802e-08
1593	3.07985197922e-09
1594	-7.19960585331e-09
1595	3.03344125185e-08
1596	4.72895599936e-09
1597	-5.51806235862e-09
1598	3.04525352293e-08
1599	6.53179317853e-09
1600	-3.09208541667e-09
1601	2.51363167811e-08
1602	8.19515972382e-09
1603	4.03885955957e-09
1604	-3.46152943612e-09
1605	-6.41985041607e-09
1606	-9.51268961581e-09
1607	-1.35728666039e-08
1608	-1.88905034804e-08
1609	4.90046802435e-09
1610	3.91173105793e-09
1611	-1.37537764788e-09
1612	-5.12689927698e-09
1613	-7.58670151613e-09
1614	-1.03902085402e-08
1615	-1.41434862589e-08
1616	-1.87105203496e-08
1617	-3.48867438942e-08
1618	6.10611744633e-10
1619	-2.0309574076e-09
1620	-6.1778188077e-09
1621	-7.16399730489e-09
1622	-5.94728876971e-09
1623	-4.24987001027e-09
1624	-2.9382950323e-09
1625	-2.05814160262e-09
1626	-1.54586232436e-09
1627	-1.2435924589e-09
1628	-1.02711451612e-09
1629	-8.32019837978e-10
1630	-5.54138043897e-10
1631	-2.63744787492e-10
1632	-3.08277118131e-10
1633	-1.5307355108e-09
1634	-4.01063334616e-09
1635	-5.94996565498e-09
1636	-7.69293632545e-09
1637	-1.15221193044e-08
1638	-1.39123038372e-08
1639	-1.612696847e-08
1640	-1.7299907512e-08
1641	-1.66339227923e-08
1642	-1.43743209738e-08
1643	-2.93188968339e-09
1644	1.03645788535e-10
1645	2.72015158577e-09
1646	5.42853698057e-09
1647	7.45172144854e-09
1648	1.02007603251e-08
1649	1.26616328644e-08
1650	1.69246657522e-08
1651	2.11979386837e-08
1652	2.2937003356e-08
1653	2.85511039464e-08
1654	3.64654475071e-08
1655	4.56612783506e-08
1656	5.55131079417e-08
1657	5.69691717174e-08
1658	4.92538143865e-08
1659	8.63049283783e-08
1660	5.0548599248e-08
1661	8.45047493557e-08
1662	4.87922672524e-08
1663	7.8143960693e-08
1664	4.45461641486e-08
1665	7.03256412314e-08
1666	6.57301934459e-08
1667	8.19184596538e-08
1668	4.38014262956e-08
1669	7.5905804327e-08
1670	8.5602135577e-08
1671	7.55296315902e-08
1672	8.17385713465e-08
1673	5.24902239426e-08
1674	7.24559369828e-08
1675	7.15566624178e-08
1676	7.40105481566e-08
1677	4.73164789145e-08
1678	6.7560585607e-08
1679	7.2201022161e-08
1680	4.61966057665e-08
1681	6.64588190819e-08
1682	6.76945474846e-08
1683	4.33893205567e-08
1684	6.44501507876e-08
1685	6.48529098232e-08
1686	3.64244340362e-08
1687	6.3310564714e-08
1688	7.0700845497e-08
1689	4.48014159831e-08
1690	6.30736467248e-08
1691	6.60208672354e-08
1692	6.17793653651e-08
1693	6.45992046049e-08
1694	6.64714294133e-08
1695	4.61961229111e-08
1696	6.19289571139e-08
1697	6.30377978081e-08
1698	6.17067570934e-08
1699	6.39410517446e-08
1700	6.59648565456e-08
1701	4.67774410548e-08
1702	6.33774720794e-08
1703	6.39758039236e-08
1704	6.63341188584e-08
1705	6.62807474685e-08
1706	6.85092173246e-08
1707	6.95576139589e-08
1708	7.17867650678e-08
1709	4.8046626776e-08
1710	6.86302312841e-08
1711	6.75207546639e-08
1712	6.88776637032e-08
1713	7.14102652582e-08
1714	7.42884320051e-08
1715	4.6669028602e-08
1716	7.06146128127e-08
1717	6.82727384619e-08
1718	6.89196057634e-08
1719	7.05536546652e-08
1720	7.2445373989e-08
1721	7.44061497549e-08
1722	7.63175142702e-08
1723	7.81044989756e-08
1724	7.97465688351e-08
1725	8.12657833679e-08
1726	8.27011684138e-08
1727	8.4083780272e-08
1728	8.54250795112e-08
1729	8.671908873e-08
1730	8.79502541669e-08
1731	8.91011299558e-08
1732	5.97128684724e-08
1733	7.84366467981e-08
1734	7.34150482014e-08
1735	7.16683211279e-08
1736	7.12561932789e-08
1737	7.15452058654e-08
1738	7.2122719914e-08
1739	7.26475088192e-08
1740	7.2891723873e-08
1741	7.27381795599e-08
1742	7.21816270804e-08
1743	7.13202160407e-08
1744	7.0311532251e-08
1745	6.98138781963e-08
1746	6.67558557185e-08
1747	6.58672812837e-08
1748	6.53062872114e-08
1749	6.5052943574e-08
1750	6.50982493051e-08
1751	6.54283289398e-08
1752	6.60189837542e-08
1753	6.68341266844e-08
1754	6.78286169023e-08
1755	6.89538805458e-08
1756	7.0163116249e-08
1757	7.14146253487e-08
1758	7.26734160752e-08
1759	7.39116300926e-08
1760	7.51084692489e-08
1761	7.62496122724e-08
1762	7.73264668981e-08
1763	7.83351950708e-08
1764	7.92756462815e-08
1765	7.97204868529e-08
1766	7.88346334686e-08
1767	7.94167870038e-08
1768	8.00997769759e-08
1769	8.08247445567e-08
1770	8.15799106971e-08
1771	8.23568113862e-08
1772	8.42470209573e-08
1773	8.54354159687e-08
1774	8.65538169257e-08
1775	8.62447191164e-08
1776	8.58977649985e-08
1777	8.62530456868e-08
1778	8.66009341576e-08
1779	8.68636104991e-08
1780	8.70023757989e-08
1781	8.69930281009e-08
1782	8.54042095923e-08
1783	8.40815450604e-08
1784	8.32965919747e-08
1785	8.25092399587e-08
1786	8.16659866168e-08
1787	7.95322415674e-08
1788	7.7605504124e-08
1789	7.62902483079e-08
1790	7.36832337722e-08
1791	7.14353624607e-08
1792	6.98447649593e-08
1793	6.73722399695e-08
1794	6.41535531935e-08
1795	6.13193148927e-08
1796	5.88688322966e-08
1797	5.61326372339e-08
1798	5.41059252872e-08
1799	5.14261236901e-08
1800	4.95344968717e-08
1801	4.66127734982e-08
1802	4.38178893809e-08
1803	4.18862713288e-08
1804	3.91752453702e-08
1805	3.72194175705e-08
1806	3.42664088324e-08
1807	3.15314229439e-08
1808	2.94706608522e-08
1809	2.6518442018e-08
1810	2.38895911699e-08
1811	2.16957203662e-08
1812	1.8668950447e-08
1813	1.6209864868e-08
1814	1.411680636e-08
1815	1.13124277264e-08
1816	9.09569677893e-09
1817	7.28796847016e-09
1818	4.9864846389e-09
1819	3.52360689824e-09
1820	2.0815936315e-09
1821	2.3398693151e-10
1822	-6.9021545272e-10
1823	-1.27274846401e-09
1824	-1.99617650133e-09
1825	-2.66741227038e-09
1826	-3.73829700274e-09
1827	-4.50744548449e-09
1828	-5.50012736346e-09
1829	-6.08041201905e-09
1830	-6.37668763359e-09
1831	-6.94754758147e-09
1832	-6.60807824188e-09
1833	-6.0454690828e-09
1834	-6.05551132384e-09
1835	-5.68377567388e-09
1836	-5.55151016955e-09
1837	-4.98971970109e-09
1838	-4.18192618982e-09
1839	-3.69666348302e-09
1840	-2.83083690587e-09
1841	-2.18813691627e-09
1842	-1.15696555271e-09
1843	1.02564554638e-10
1844	1.01175630394e-09
1845	2.21682402293e-09
1846	3.59021793137e-09
1847	4.56833490988e-09
1848	5.76276425954e-09
1849	6.65236980405e-09
1850	1.9615362078e-08
1851	8.90042642316e-09
1852	1.2337440089e-08
1853	1.23918886055e-08
1854	2.10084128568e-08
1855	1.34871595405e-08
1856	1.38107384824e-08
1857	2.0694670448e-08
1858	1.35678207287e-08
1859	1.33420329297e-08
1860	2.85174862619e-08
1861	1.54674659359e-08
1862	1.50458198115e-08
1863	2.17682479734e-08
1864	1.39683158078e-08
1865	1.33723646945e-08
1866	2.08232838141e-08
1867	1.28920795489e-08
1868	1.23418789087e-08
1869	1.98879803682e-08
1870	1.15013830434e-08
1871	1.0440150256e-08
1872	2.29346542511e-08
1873	9.74639407061e-09
1874	8.18292700333e-09
1875	1.36434193383e-08
1876	4.72399073946e-09
1877	4.07817379469e-09
1878	1.11571455166e-08
1879	1.77450150447e-09
1880	2.4330806752e-10
1881	6.91134836808e-09
1882	-2.69840469741e-09
1883	1.02163405404e-08
1884	-3.90835069107e-09
1885	-1.71715037241e-08
1886	-3.87387968142e-09
1887	-2.23135356629e-08
1888	-4.2618795522e-09
1889	-2.81340788084e-08
1890	-7.10262475792e-09
1891	-3.21173871731e-08
1892	-1.58545411597e-08
1893	-3.67290777076e-08
1894	-1.55934743301e-08
1895	-3.97691694581e-08
1896	-1.79390235754e-08
1897	-4.21095380024e-08
1898	-1.95536074572e-08
1899	-6.51449088518e-10
1900	-2.74886795819e-09
1901	-2.35957272096e-08
1902	3.03972975712e-09
1903	-1.14998871273e-08
1904	1.02758666438e-08
1905	-2.59921845005e-09
1906	9.56863227883e-09
1907	2.06325253535e-09
1908	1.169217656e-08
1909	4.28685375285e-09
1910	1.2513551465e-08
1911	4.08119067129e-09
1912	1.4128076035e-08
1913	5.02796234046e-09
1914	1.53524768511e-08
1915	6.5580599911e-09
1916	1.41097365993e-08
1917	4.92808830738e-09
1918	1.39034514528e-08
1919	5.15988508719e-09
1920	1.17096158447e-08
1921	1.95847819341e-09
1922	1.02887694279e-08
1923	-1.5197619475e-09
1924	8.16540874903e-09
1925	-2.97503250265e-09
1926	4.21188197816e-09
1927	-1.01345596087e-08
1928	1.21051979425e-10
1929	-1.50973452215e-08
1930	-4.33366078627e-09
1931	-2.9713141487e-08
1932	-1.21029772126e-08
1933	-3.74091790422e-08
1934	-1.97574672684e-08
1935	-4.48469212799e-08
1936	-2.6663883775e-08
1937	-4.42646011361e-09
1938	-9.34219861974e-09
1939	-3.18733401713e-08
1940	-7.18023097298e-09
1941	-3.18664887582e-08
1942	-1.063366275e-08
1943	-3.07296097534e-08
1944	-1.06500811996e-08
1945	-2.99290508995e-08
1946	-1.03251071906e-08
1947	-2.76998225585e-08
1948	-1.08092992843e-08
1949	-2.858329894e-08
1950	-1.04517842358e-08
1951	-2.87201931317e-08
1952	-1.02328374878e-08
1953	-2.89824956731e-08
1954	-1.0450423893e-08
1955	-2.98617602213e-08
1956	-1.13438596385e-08
1957	-3.15581736976e-08
1958	-1.30379907928e-08
1959	-3.40399390068e-08
1960	-1.57426581151e-08
1961	-3.71728804883e-08
1962	-1.88561580747e-08
1963	-8.50467550796e-10
1964	-1.80097123226e-09
1965	-2.26330041897e-08
1966	-3.49833082731e-09
1967	-2.24088744866e-08
1968	-3.61644699241e-09
1969	-2.17335693519e-08
1970	-3.94317635372e-09
1971	-2.17455904469e-08
1972	-4.38630324314e-09
1973	-2.08035676347e-08
1974	-6.0302211295e-09
1975	-2.35012214228e-08
1976	-7.27468255235e-09
1977	1.02409713273e-10
1978	-2.41914826359e-08
1979	-6.95831168441e-09
1980	-6.27654374417e-09
1981	-2.83387226897e-08
1982	-1.1324758633e-08
1983	-1.16775694093e-08
1984	3.28326193249e-09
1985	-1.86052570492e-09
1986	7.58044695082e-09
1987	-2.00935784186e-08
1988	1.7473429761e-10
1989	3.49496899967e-10
1990	-2.0398989077e-08
1991	-5.09360323597e-09
1992	-5.5949458439e-09
1993	-2.75802966476e-08
1994	-1.00666044519e-08
1995	-1.03601141974e-08
1996	5.41440425229e-09
1997	-1.98567321629e-09
1998	6.48997720329e-09
1999	-1.83019352574e-08
2000	8.49420427246e-10
2001	1.77504574335e-09
2002	-1.78081954974e-08
2003	-2.17529339747e-09
2004	-1.87516648815e-09
2005	-2.05953178143e-08
2006	-6.33048464585e-09
2007	-6.44140309402e-09
2008	-2.82900943944e-08
2009	-1.08816878506e-08
2010	-1.11597202228e-08
2011	4.33286949741e-09
2012	-3.15520752369e-09
2013	4.68443077464e-09
2014	-2.08754708417e-08
2015	-2.00526866384e-09
2016	-1.77128191369e-09
2017	-2.25945832623e-08
2018	-7.33939697383e-09
2019	-7.82329724303e-09
2020	6.03121598361e-09
2021	-7.66758089188e-10
2022	7.18937827445e-09
2023	-1.71113745993e-08
2024	1.01527648939e-09
2025	1.54450894404e-09
2026	-1.78642889138e-08
2027	-3.07120914723e-09
2028	-3.17595435069e-09
2029	-2.22222913501e-08
2030	-8.44569894349e-09
2031	-8.94257232754e-09
2032	4.82446326795e-09
2033	4.55162289887e-09
2034	1.12668975991e-09
2035	1.02651506645e-08
2036	-1.7352851933e-08
2037	2.56356896895e-10
2038	-4.34738127812e-10
2039	-9.00849505857e-10
2040	9.28989349028e-09
2041	4.42825128186e-09
2042	4.77632809766e-09
2043	5.36636287427e-09
2044	-1.16874526811e-08
2045	5.77748053134e-10
2046	-5.58395155464e-10
2047	-1.25377824186e-09
2048	-2.01821555205e-08
2049	-7.37967516824e-09
2050	-8.66317269656e-09
2051	-9.59549617826e-09
2052	5.33183325057e-09
2053	4.01745110101e-09
2054	-1.62904774626e-10
2055	1.07442159636e-09
2056	8.19100168621e-09
2057	1.34753916262e-08
2058	9.212428714e-09
2059	1.0628016074e-08
2060	-8.33897476142e-09
2061	5.88737744709e-09
2062	5.03230671651e-09
2063	4.48781804925e-09
2064	-1.5927779422e-08
2065	-2.2855478869e-09
2066	-3.76672138682e-09
2067	-4.98331722437e-09
2068	6.8845366784e-09
2069	4.97989981961e-10
2070	2.11450960955e-10
2071	5.61857442471e-10
2072	6.73502348751e-10
2073	-2.83527532316e-08
2074	-8.42508418396e-09
2075	-1.01109395441e-08
2076	-1.14302377036e-08
2077	-1.22557901647e-08
2078	5.14809756293e-09
2079	2.31221541399e-09
2080	-1.93119085123e-09
2081	-9.48403233471e-10
2082	-6.10444938401e-10
2083	8.2219966544e-09
2084	1.17098789557e-08
2085	6.4936122923e-09
2086	7.37457424539e-09
2087	7.92394035724e-09
2088	-1.45622463119e-08
2089	8.43600268373e-10
2090	-7.47941746623e-10
2091	-1.95584204633e-09
2092	-2.7559639304e-09
2093	-3.39913912415e-09
2094	-4.19907661279e-09
2095	-5.35503471597e-09
2096	-7.23086106275e-09
2097	-1.34965241734e-08
2098	-1.66801973665e-08
2099	-2.08149630373e-08
2100	-3.44302671491e-08
2101	-4.14669610582e-08
2102	-4.98105308672e-08
2103	-5.85742376125e-08
2104	-6.71850442663e-08
2105	-7.50090476526e-08
2106	-3.59013878049e-08
2107	-5.94274408727e-08
2108	-3.43259108351e-08
2109	-4.67496769149e-08
2110	-4.13338183949e-08
2111	-5.03092995955e-08
2112	-4.86568761358e-08
2113	-4.8609994614e-08
2114	-4.92199154523e-08
2115	-3.76826981794e-08
2116	-4.8906790208e-08
2117	-4.82231853184e-08
2118	3.95502199242e-08
2119	-2.3706491865e-08
2120	-4.13720658968e-08
2121	-2.69435876698e-08
2122	-2.64686981229e-08
2123	3.93888075416e-08
2124	-2.47731138465e-08
2125	-2.3245937465e-08
2126	-2.9422052672e-08
2127	4.78017260746e-08
2128	-6.87015979418e-09
2129	-2.68187622834e-08
2130	4.96712970274e-08
2131	-7.86029644432e-09
