1	0.0422122104554
2	0.000194146207401
3	0.000765027872589
4	0.0198382979231
5	0.00167816120356
6	0.000841779909322
7	0.00307603604627
8	0.00708882045525
9	0.00585903378471
10	0.00125328933968
11	0.00213278953059
12	0.00369655002671
13	0.00771761974025
14	0.00454661783121
15	0.00262334527917
16	0.0041007673559
17	0.00787554579069
18	0.00681553024851
19	0.00178410027716
20	0.00241814469872
21	0.00291978261685
22	0.0034262766162
23	0.00699022521433
24	0.0054789812795
25	0.00663824808191
26	0.0057373776836
27	0.0086796808854
28	0.00590222268933
29	0.00361497656643
30	0.00421549677938
31	0.00344749972291
32	0.00244134508415
33	0.00323547094287
34	0.00175745736164
35	0.00163859216433
36	0.00301212703674
37	0.00458775239066
38	0.00344215797664
39	0.00179627137898
40	0.00139630348388
41	0.0026504831442
42	0.00219839982841
43	0.00102271562524
44	0.000951942291791
45	0.00134217126119
46	0.00122558485725
47	0.00125039294246
48	0.000869328695197
49	0.00166351623835
50	0.00101526807079
51	0.00125350522805
52	0.000583888883065
53	0.000695577207227
54	0.000379313164182
55	0.000421220436707
56	0.00087949322598
57	0.000718066066301
58	0.000456161369011
59	0.000454209303079
60	0.000386985187871
61	0.000728401262396
62	0.000536843259032
63	0.000519766437066
64	0.000593648147429
65	0.000513792576491
66	0.000469226213973
67	0.000397048722124
68	0.000229319023417
69	0.000259411319041
70	0.000224190620075
71	0.000400005630914
72	0.000249971983108
73	0.000256202512619
74	0.00031619166583
75	0.000262644880733
76	0.000254673577235
77	0.000305256423735
78	0.000270924818506
79	0.000315619201536
80	0.000139309562073
81	0.000222737162224
82	0.000187504847766
83	0.000182324808817
84	0.00017991721337
85	0.000120270908161
86	0.000230502238353
87	0.000194763706516
88	0.000196483915762
89	9.34410092581e-05
90	0.000174621353036
91	8.67824492511e-05
92	8.60738877005e-05
93	7.97993589761e-05
94	0.000121708246389
95	8.94981418524e-05
96	0.000122644379759
97	9.57961549648e-05
98	6.61127124447e-05
99	5.90363719612e-05
100	7.06388257098e-05
101	6.75682350241e-05
102	7.99571918537e-05
103	6.73584004161e-05
104	7.33703836064e-05
105	5.634101392e-05
106	7.0433961584e-05
107	7.41872639376e-05
108	6.66002724696e-05
109	6.29398870071e-05
110	5.29865411818e-05
111	5.54609974027e-05
112	5.68782532012e-05
113	5.26270217986e-05
114	6.1220941911e-05
115	6.0953268732e-05
116	5.6929581657e-05
117	4.21763922333e-05
118	4.03363271342e-05
119	3.80726443186e-05
120	4.767003005e-05
121	3.78699942093e-05
122	5.65821900153e-05
123	6.43238738692e-05
124	5.93437162143e-05
125	6.19701273375e-05
126	6.09874355684e-05
127	3.50923168795e-05
128	5.43618350035e-05
129	2.95528557717e-05
130	5.79781504451e-05
131	4.9753662903e-05
132	3.81313570454e-05
133	3.17264846542e-05
134	4.21495506556e-05
135	3.84107674508e-05
136	4.71083195014e-05
137	4.31546301639e-05
138	2.6599893291e-05
139	4.4530427971e-05
140	4.8160785423e-05
141	4.72090749968e-05
142	4.23790933138e-05
143	3.75093010979e-05
144	4.25721808103e-05
145	4.18293346195e-05
146	3.59650300628e-05
147	3.09237225915e-05
148	2.68042527082e-05
149	3.32487208092e-05
150	2.60350986859e-05
151	5.40917025518e-05
152	3.41014896729e-05
153	3.78252088434e-05
154	5.48574218345e-05
155	2.80225573959e-05
156	3.01020523818e-05
157	2.8573220837e-05
158	2.35432724562e-05
159	2.5056010807e-05
160	2.67182790577e-05
161	2.53606960454e-05
162	4.30662518791e-05
163	5.61001726545e-05
164	6.29055621523e-05
165	3.15329617377e-05
166	3.09918779523e-05
167	2.85932528283e-05
168	3.02823008408e-05
169	2.86724702697e-05
170	2.465852916e-05
171	2.6266199851e-05
172	3.44067492532e-05
173	2.92681150252e-05
174	2.64685392334e-05
175	2.53256001032e-05
176	2.67040059734e-05
177	2.74640670408e-05
178	3.18749094304e-05
179	5.9773938632e-05
180	3.74294759154e-05
181	3.02539732069e-05
182	5.62259492538e-05
183	6.38905331824e-05
184	3.77086595475e-05
185	3.17176860248e-05
186	5.62783496662e-05
187	2.96982506279e-05
188	6.26898437479e-05
189	2.44900746276e-05
190	6.14303102871e-05
191	5.78052657447e-05
192	2.8798821892e-05
193	6.74336338917e-05
194	2.60404090307e-05
195	6.42012148264e-05
196	6.33859696107e-05
197	3.18821445844e-05
198	5.86900374026e-05
199	3.14723453198e-05
200	2.50835870183e-05
201	2.60223612139e-05
202	2.62934004165e-05
203	2.66828130483e-05
204	5.72764580684e-05
205	3.10391896968e-05
206	2.94838489292e-05
207	5.63312725361e-05
208	3.79279126371e-05
209	5.64965261052e-05
210	3.08443846925e-05
211	5.25476370618e-05
212	5.93733695872e-05
213	2.80062317437e-05
214	2.53224874863e-05
215	4.85274641591e-05
216	5.63022611095e-05
217	2.45971775394e-05
218	2.03136422757e-05
219	5.22569123233e-05
220	2.05878637888e-05
221	5.61048619214e-05
222	2.25267567507e-05
223	5.64477737122e-05
224	2.35627663743e-05
225	5.72709745308e-05
226	2.52634350253e-05
227	5.52038254925e-05
228	2.76329969843e-05
229	5.34793091464e-05
230	3.31817004558e-05
231	5.31064541221e-05
232	3.04357180468e-05
233	5.32732198287e-05
234	3.15019973331e-05
235	2.50284907091e-05
236	2.13368821281e-05
237	2.03173419614e-05
238	4.88222089227e-05
239	2.47171704988e-05
240	2.22644339782e-05
241	4.93442794581e-05
242	2.32104793618e-05
243	4.85288286716e-05
244	2.36387640055e-05
245	2.10733608145e-05
246	2.21451748408e-05
247	2.13084357238e-05
248	2.07492469571e-05
249	1.93977328394e-05
250	2.05138372085e-05
251	2.10365412234e-05
252	2.27852852264e-05
253	2.29386152083e-05
254	2.27929557904e-05
255	2.32022844809e-05
256	2.30101555436e-05
257	2.39221165878e-05
258	2.1452227181e-05
259	2.18282546951e-05
260	2.20459047244e-05
261	2.08973303625e-05
262	4.23982150898e-05
263	3.23450669847e-05
264	2.44908078506e-05
265	2.11391238908e-05
266	1.86231208351e-05
267	2.14343279169e-05
268	2.12698397522e-05
269	1.95035471348e-05
270	2.12190848651e-05
271	2.11218853099e-05
272	2.15883098331e-05
273	2.08542078078e-05
274	2.11560786282e-05
275	2.04034714791e-05
276	2.12437507174e-05
277	2.197654609e-05
278	2.04132636809e-05
279	2.07279063695e-05
280	1.94175468967e-05
281	1.80913211356e-05
282	1.79258029531e-05
283	1.78771709649e-05
284	2.14369485427e-05
285	2.09172863405e-05
286	2.26940416121e-05
287	2.28406892119e-05
288	2.25951018493e-05
289	2.20395586774e-05
290	2.12260534098e-05
291	2.13061142911e-05
292	1.99062297821e-05
293	1.84282911269e-05
294	1.74677362867e-05
295	1.65611327519e-05
296	1.67247379077e-05
297	1.83518547628e-05
298	1.73966880556e-05
299	1.63211287577e-05
300	1.50710057241e-05
301	1.59841824983e-05
302	1.70217097183e-05
303	1.85335620813e-05
304	1.95270464196e-05
305	1.94741861362e-05
306	1.98098305696e-05
307	2.06603110049e-05
308	1.91621517675e-05
309	1.72542085967e-05
310	1.58810888733e-05
311	1.5235572904e-05
312	1.57151968896e-05
313	1.40968470654e-05
314	1.42128357295e-05
315	1.41182245116e-05
316	1.45646729568e-05
317	1.55678152557e-05
318	1.77744626214e-05
319	1.83908357478e-05
320	1.87769540227e-05
321	1.83488161351e-05
322	1.83143660734e-05
323	1.7892944462e-05
324	1.63583385705e-05
325	1.49473417159e-05
326	1.37220274422e-05
327	1.31865312341e-05
328	1.35110365087e-05
329	1.36965922426e-05
330	1.23580456268e-05
331	1.41923153473e-05
332	1.68938763648e-05
333	1.72952011192e-05
334	1.70679328062e-05
335	1.66825719518e-05
336	1.63590497941e-05
337	1.69669735119e-05
338	1.67327921713e-05
339	1.56247494967e-05
340	1.42198667493e-05
341	1.1468608977e-05
342	1.25925971199e-05
343	1.25875465105e-05
344	1.29292240648e-05
345	1.43446989644e-05
346	1.62750699489e-05
347	8.83947402507e-06
348	6.52226295264e-06
349	1.21541412765e-05
350	9.55369953502e-06
351	1.11036723239e-05
352	1.37494206441e-05
353	1.36744805961e-05
354	1.33299426176e-05
355	1.18491664038e-05
356	9.41914247642e-06
357	1.13683344296e-05
358	1.33868145464e-05
359	1.09073630432e-05
360	1.3121784532e-05
361	8.61263172668e-06
362	9.18294111092e-06
363	1.28600506659e-05
364	5.69383607491e-06
365	1.0166804025e-05
366	9.06554695984e-06
367	1.12488942297e-05
368	1.13348956481e-05
369	8.5918449208e-06
370	5.1913321195e-06
371	1.16187829671e-05
372	4.49552020607e-06
373	5.5402583394e-06
374	4.90055211157e-06
375	1.04065728052e-05
376	6.38755083498e-06
377	1.07580708354e-05
378	9.54271845556e-06
379	7.23548475343e-06
380	4.85475183573e-06
381	1.00028217685e-05
382	9.71294834914e-06
383	7.29580431505e-06
384	6.15120747901e-06
385	9.58779987232e-06
386	6.63588393712e-06
387	7.48054191129e-06
388	7.80970966791e-06
389	7.85174252701e-06
390	6.68800223399e-06
391	6.31990436996e-06
392	5.76382446628e-06
393	5.90787326092e-06
394	5.88258698958e-06
395	6.77194185209e-06
396	6.57045144745e-06
397	6.80684422754e-06
398	5.82343480653e-06
399	5.26333490905e-06
400	4.23537571884e-06
401	6.24325554243e-06
402	5.40196751738e-06
403	4.65555676046e-06
404	4.74998310385e-06
405	4.9932128464e-06
406	5.65112455244e-06
407	4.67304622994e-06
408	4.08157905333e-06
409	5.69514004811e-06
410	4.70008470494e-06
411	5.7754838948e-06
412	6.7852447386e-06
413	6.3440937019e-06
414	3.77170089305e-06
415	6.27965635774e-06
416	4.41643727165e-06
417	4.85739046935e-06
418	5.03067795776e-06
419	5.57951091603e-06
420	2.73044818279e-06
421	4.37031554233e-06
422	5.71544274662e-06
423	5.07436324718e-06
424	5.53044747876e-06
425	5.18787747936e-06
426	3.97029996453e-06
427	3.5461021281e-06
428	4.7541811368e-06
429	3.42131215156e-06
430	4.38988566306e-06
431	2.48815087727e-06
432	2.42945238205e-06
433	5.31083184351e-06
434	2.55502729183e-06
435	2.55535673683e-06
436	2.02395644427e-06
437	2.12953241846e-06
438	2.06323008137e-06
439	2.2951223407e-06
440	2.07188963857e-06
441	3.88847558896e-06
442	4.63100283208e-06
443	4.26910823261e-06
444	3.80039315019e-06
445	3.59626284348e-06
446	4.28880948848e-06
447	3.8943192851e-06
448	4.47587373892e-06
449	3.83941023739e-06
450	4.1052307687e-06
451	2.54427047553e-06
452	3.25987128833e-06
453	3.2972546739e-06
454	3.54547274845e-06
455	4.01653263677e-06
456	3.23079246838e-06
457	3.81833919633e-06
458	3.21495013288e-06
459	3.42350495163e-06
460	1.74373903528e-06
461	2.5779069429e-06
462	2.81925808593e-06
463	2.50302825839e-06
464	3.14577243684e-06
465	3.30412208155e-06
466	1.7942417235e-06
467	2.61323383182e-06
468	2.3460310806e-06
469	3.11273205634e-06
470	3.13071901849e-06
471	1.62691632339e-06
472	2.57005231268e-06
473	2.30917296314e-06
474	2.94952946471e-06
475	2.97223076614e-06
476	1.62843125687e-06
477	2.41866074447e-06
478	2.54212884082e-06
479	2.31642788714e-06
480	1.65750560151e-06
481	2.68401787732e-06
482	2.52729656783e-06
483	1.57425593582e-06
484	2.35758449658e-06
485	2.46347653852e-06
486	1.55514198106e-06
487	1.97810361763e-06
488	1.68310252894e-06
489	2.03783612176e-06
490	1.65059477798e-06
491	2.00286536103e-06
492	1.66089001494e-06
493	2.00426849434e-06
494	1.64395919455e-06
495	1.9817162391e-06
496	1.62064492133e-06
497	1.96009618035e-06
498	1.60377609956e-06
499	1.88022770461e-06
500	1.59471356749e-06
501	1.86568438181e-06
502	1.58247462412e-06
503	1.84779326361e-06
504	1.57021945322e-06
505	1.82943841099e-06
506	1.55838106604e-06
507	1.81136244383e-06
508	1.54576273941e-06
509	1.7827434366e-06
510	1.53540403991e-06
511	1.76588054263e-06
512	3.3658036828e-06
513	3.33974142126e-06
514	2.79584293258e-06
515	1.8889485684e-06
516	1.63584635378e-06
517	1.60773285204e-06
518	1.6094871054e-06
519	1.60685906453e-06
520	1.66836875596e-06
521	1.62063066443e-06
522	1.66917313152e-06
523	1.58400390769e-06
524	1.64614003664e-06
525	1.54546349403e-06
526	1.63263329584e-06
527	3.24944968924e-06
528	3.22881606525e-06
529	2.59946244165e-06
530	1.79389598578e-06
531	3.12103581656e-06
532	3.15275475982e-06
533	3.18128150952e-06
534	2.5936481477e-06
535	1.68606125027e-06
536	3.04627184486e-06
537	3.09134726573e-06
538	3.12029078796e-06
539	3.17762944884e-06
540	2.4094582174e-06
541	1.57917991156e-06
542	2.94186568622e-06
543	2.99849196426e-06
544	3.0271627261e-06
545	3.12900852562e-06
546	1.71597859987e-06
547	3.06206518775e-06
548	3.04085836183e-06
549	3.05133523234e-06
550	2.23443762278e-06
551	1.51996091416e-06
552	2.86100990684e-06
553	2.91407654153e-06
554	2.94048081369e-06
555	3.04014362275e-06
556	1.61565612045e-06
557	2.95725276774e-06
558	2.96794775679e-06
559	2.98937819791e-06
560	1.55312124399e-06
561	2.92084329819e-06
562	2.93176048694e-06
563	2.95896123321e-06
564	1.53323316798e-06
565	2.89835938877e-06
566	2.92068110587e-06
567	2.94871116269e-06
568	1.49118671679e-06
569	2.86431784373e-06
570	2.89384827475e-06
571	2.92386461828e-06
572	1.46052178609e-06
573	2.83740952115e-06
574	2.87015667015e-06
575	2.90262612634e-06
576	1.43502331893e-06
577	2.80259181827e-06
578	2.84751260634e-06
579	2.91904343811e-06
580	1.41183431765e-06
581	2.77242854342e-06
582	2.82828303034e-06
583	2.90707816782e-06
584	1.38662268374e-06
585	2.7547961878e-06
586	2.86976699656e-06
587	1.40940322598e-06
588	2.76447962167e-06
589	2.83749390416e-06
590	2.8665565462e-06
591	1.4317190016e-06
592	2.70024053365e-06
593	2.84021676616e-06
594	2.84949661118e-06
595	1.43006001533e-06
596	2.67634246244e-06
597	2.82820240431e-06
598	2.83320905218e-06
599	1.40615273864e-06
600	2.63189688751e-06
601	2.78813991734e-06
602	2.81270639473e-06
603	1.40715436794e-06
604	2.58803308183e-06
605	2.7534666704e-06
606	1.47931327273e-06
607	2.57938997094e-06
608	2.75695121993e-06
609	2.7715699034e-06
610	2.77691003633e-06
611	1.3752517737e-06
612	2.46531734938e-06
613	2.6386894789e-06
614	2.73533724656e-06
615	1.43394260508e-06
616	2.47451526513e-06
617	2.66769764918e-06
618	1.4281276962e-06
619	2.46948322477e-06
620	2.66852017346e-06
621	1.40775881046e-06
622	2.45444179037e-06
623	2.65301869608e-06
624	1.40483015381e-06
625	2.43235215308e-06
626	2.64158858569e-06
627	1.3947502524e-06
628	2.4077959704e-06
629	2.62234980699e-06
630	1.38531853181e-06
631	2.19737342106e-06
632	2.54620336501e-06
633	2.65102129192e-06
634	1.33279998323e-06
635	1.68389803515e-06
636	1.60842919338e-06
637	2.60346608543e-06
638	2.49976298736e-06
639	2.60666722748e-06
640	1.38325407301e-06
641	2.61261255488e-06
642	2.53295249287e-06
643	2.59375214745e-06
644	2.60962901949e-06
645	2.5942147988e-06
646	2.57815930649e-06
647	2.56522168503e-06
648	2.55452570547e-06
649	2.54504866645e-06
650	2.53620794571e-06
651	2.52767826403e-06
652	2.51902678381e-06
653	2.50979542484e-06
654	2.49977067467e-06
655	2.48901978558e-06
656	2.46140757253e-06
657	1.62208517855e-06
658	2.3451322461e-06
659	2.36891708948e-06
660	1.56514653437e-06
661	2.08751696708e-06
662	1.86338970963e-06
663	1.37452608945e-06
664	2.39669303169e-06
665	2.2735781907e-06
666	1.30841379398e-06
667	2.09758949482e-06
668	2.3831003569e-06
669	2.30396353928e-06
670	1.28748196558e-06
671	1.36716997113e-06
672	1.25609260277e-06
673	2.08097294333e-06
674	2.42380849144e-06
675	2.40015554981e-06
676	1.3035889714e-06
677	1.33474178716e-06
678	1.20270494898e-06
679	1.91923160201e-06
680	2.39072477691e-06
681	1.92948670132e-06
682	1.36618968632e-06
683	1.35729106591e-06
684	1.99299681066e-06
685	2.27843818739e-06
686	1.93983910377e-06
687	2.21608804466e-06
688	2.06307888172e-06
689	2.14850231238e-06
690	1.94352649984e-06
691	1.57831165708e-06
692	1.91313709139e-06
693	1.47939061876e-06
694	1.91968730258e-06
695	1.45155804358e-06
696	1.91422380744e-06
697	2.23708967495e-06
698	1.99759400313e-06
699	1.73655112219e-06
700	1.95679988028e-06
701	2.23691333632e-06
702	2.30539004258e-06
703	1.32917701522e-06
704	1.99355843421e-06
705	1.11794508046e-06
706	1.9765491182e-06
707	1.99400586284e-06
708	2.21650972571e-06
709	2.04965819511e-06
710	2.26733780753e-06
711	1.85585404445e-06
712	2.14459802658e-06
713	2.17671632139e-06
714	1.70497539523e-06
715	2.10962528895e-06
716	2.16389124093e-06
717	1.84277008583e-06
718	1.95376793379e-06
719	2.05895952786e-06
720	1.48966329031e-06
721	2.10305730586e-06
722	2.2004490535e-06
723	1.84832175356e-06
724	1.9026663113e-06
725	1.94821921225e-06
726	1.9930330583e-06
727	2.0096998171e-06
728	1.99607036046e-06
729	1.94683830601e-06
730	1.88886180426e-06
731	1.83824617517e-06
732	1.80672335327e-06
733	1.79358125816e-06
734	1.7925596594e-06
735	1.79536411162e-06
736	1.79573965102e-06
737	1.79030781993e-06
738	1.77869298734e-06
739	1.76269131042e-06
740	1.74515172285e-06
741	1.7286485217e-06
742	1.71460618631e-06
743	1.70314403692e-06
744	1.69346929273e-06
745	1.68455512569e-06
746	1.67551916353e-06
747	2.01464438726e-06
748	2.00241502457e-06
749	2.01066463318e-06
750	1.98090854084e-06
751	1.97862877638e-06
752	1.97583025953e-06
753	1.97382253158e-06
754	1.96750029738e-06
755	1.95772395389e-06
756	1.94574974619e-06
757	1.93356261126e-06
758	1.92230190925e-06
759	1.91233646961e-06
760	1.90338859538e-06
761	1.89497582861e-06
762	1.88667830536e-06
763	1.87822897414e-06
764	1.86952377953e-06
765	1.8605863039e-06
766	1.8515258214e-06
767	1.84248174904e-06
768	1.83344836845e-06
769	1.82454810902e-06
770	1.81578451736e-06
771	1.80685313193e-06
772	1.79889649967e-06
773	1.79162961184e-06
774	1.78636361356e-06
775	1.77848817169e-06
776	1.77049609475e-06
777	1.76246525361e-06
778	1.75457789672e-06
779	1.74679087002e-06
780	1.73905736966e-06
781	1.73407496438e-06
782	1.72588351532e-06
783	1.71802201881e-06
784	1.71023097638e-06
785	1.70253088432e-06
786	1.69494938841e-06
787	1.68748195482e-06
788	1.68010477114e-06
789	1.67278780946e-06
790	1.66553239667e-06
791	1.65834910191e-06
792	1.65127116033e-06
793	1.64432652095e-06
794	1.63751714865e-06
795	1.63091182291e-06
796	1.62456130618e-06
797	1.61848602872e-06
798	1.61267839827e-06
799	1.60712785737e-06
800	1.60184504621e-06
801	1.59610006499e-06
802	1.58848288701e-06
803	1.58804325523e-06
804	1.58423834559e-06
805	1.5746531001e-06
806	1.57439956849e-06
807	1.56598889933e-06
808	1.5592849327e-06
809	1.55802324998e-06
810	1.55123491238e-06
811	1.54464945959e-06
812	1.541363911e-06
813	1.53561564415e-06
814	1.53032835106e-06
815	1.52286375077e-06
816	1.51805255213e-06
817	1.51274892871e-06
818	1.50713429262e-06
819	1.50141203563e-06
820	1.4957306906e-06
821	1.49026894867e-06
822	1.48649607648e-06
823	1.48100790247e-06
824	1.47586170527e-06
825	1.47081444562e-06
826	1.46581690528e-06
827	1.46089158209e-06
828	1.45601481599e-06
829	1.45118323259e-06
830	1.44640891595e-06
831	1.44168139685e-06
832	1.43696717641e-06
833	1.4322592018e-06
834	1.42752986754e-06
835	1.42273161098e-06
836	1.41784255239e-06
837	1.412857971e-06
838	1.40780978218e-06
839	1.40275961153e-06
840	1.39775246236e-06
841	1.39291399423e-06
842	1.38833878658e-06
843	1.38407694245e-06
844	1.38419304258e-06
845	1.38019133601e-06
846	1.37680709977e-06
847	1.37389859619e-06
848	1.37151350989e-06
849	1.36958645856e-06
850	1.36798653945e-06
851	1.36652595717e-06
852	1.36506953648e-06
853	1.36163834309e-06
854	1.36029284884e-06
855	1.35870538963e-06
856	1.35706965993e-06
857	1.3552406548e-06
858	1.35315979392e-06
859	1.35074137175e-06
860	1.34794829955e-06
861	1.34476999938e-06
862	1.34123652842e-06
863	1.33740830786e-06
864	1.33337074951e-06
865	1.32922092931e-06
866	1.32503924865e-06
867	1.32089595919e-06
868	1.3168290597e-06
869	1.31282509954e-06
870	1.30886960245e-06
871	1.30493430128e-06
872	1.30097817965e-06
873	1.29698173995e-06
874	1.29294840732e-06
875	1.29045686924e-06
876	1.28625568805e-06
877	1.28217685224e-06
878	1.27822195869e-06
879	1.27445809886e-06
880	1.27081320121e-06
881	1.26720783887e-06
882	1.26227830981e-06
883	1.25870934245e-06
884	1.25477931113e-06
885	1.25117174447e-06
886	1.24869145188e-06
887	1.24888308435e-06
888	1.24767490658e-06
889	1.24493089133e-06
890	1.24133335534e-06
891	1.23755942482e-06
892	1.23405070229e-06
893	1.23097892101e-06
894	1.2283532528e-06
895	1.22609195115e-06
896	1.22412701669e-06
897	1.22236909412e-06
898	1.22076465044e-06
899	1.21931405632e-06
900	1.21799352562e-06
901	1.21680583611e-06
902	1.21573698252e-06
903	1.21473617868e-06
904	1.2137207441e-06
905	1.21259814965e-06
906	1.21127511536e-06
907	1.20969931226e-06
908	1.20786473667e-06
909	1.20581170519e-06
910	1.20361898954e-06
911	1.20138328192e-06
912	1.19920198851e-06
913	1.19714313976e-06
914	1.19529042234e-06
915	1.19366440744e-06
916	1.19215593504e-06
917	1.19027281758e-06
918	1.18842465007e-06
919	1.18675767099e-06
920	1.18489435887e-06
921	1.18296919645e-06
922	1.18091100727e-06
923	1.178746465e-06
924	1.17651310044e-06
925	1.17428863431e-06
926	1.17214603613e-06
927	1.17011727058e-06
928	1.16818932743e-06
929	1.16630767576e-06
930	1.16440130744e-06
931	1.16236195403e-06
932	1.16034307056e-06
933	1.15820110947e-06
934	1.15604584575e-06
935	1.15398309827e-06
936	1.15210167072e-06
937	1.15361128863e-06
938	1.15245580924e-06
939	1.15167180709e-06
940	1.15106737614e-06
941	1.15062110309e-06
942	1.15028966286e-06
943	1.15005304898e-06
944	1.14989824583e-06
945	1.14982153764e-06
946	1.14981683587e-06
947	1.14989410931e-06
948	1.15007797237e-06
949	1.15039435882e-06
950	1.15083210302e-06
951	1.15133227833e-06
952	1.15180364419e-06
953	1.15208799484e-06
954	1.15202655877e-06
955	1.15146633995e-06
956	1.15026743135e-06
957	1.14858821898e-06
958	1.14656171709e-06
959	1.14432165199e-06
960	1.14199483336e-06
961	1.13969008821e-06
962	1.13748527721e-06
963	1.13541566018e-06
964	1.13348204608e-06
965	1.13164642167e-06
966	1.13249022803e-06
967	1.13080878501e-06
968	1.12910694622e-06
969	1.12723527373e-06
970	1.12523874805e-06
971	1.12330632323e-06
972	1.1215811219e-06
973	1.12008331574e-06
974	1.11880649735e-06
975	1.1177452309e-06
976	1.11687158802e-06
977	1.11613647595e-06
978	1.11547281815e-06
979	1.11481135532e-06
980	1.11408873551e-06
981	1.11326192895e-06
982	1.11230377798e-06
983	1.1112100336e-06
984	1.11000602419e-06
985	1.10873070937e-06
986	1.10743827107e-06
987	1.10617889722e-06
988	1.10500200573e-06
989	1.10393498498e-06
990	1.10297339241e-06
991	1.10209389122e-06
992	1.10124998854e-06
993	1.10038507146e-06
994	1.0994392121e-06
995	1.09835656779e-06
996	1.09710178355e-06
997	1.09567197534e-06
998	1.0940825787e-06
999	1.09237538779e-06
1000	1.090601411e-06
1001	1.08881103673e-06
1002	1.08744995666e-06
1003	8.21279493034e-07
1004	9.86185126454e-07
1005	1.09361655545e-06
1006	6.45364294255e-07
1007	9.11841415893e-07
1008	1.01094382524e-06
1009	6.12097688427e-07
1010	8.88511913795e-07
1011	1.00184566759e-06
1012	1.06766830809e-06
1013	1.0879735002e-06
1014	1.09201114099e-06
1015	1.08726172164e-06
1016	1.0813685254e-06
1017	1.07680162226e-06
1018	1.07412598312e-06
1019	2.26656444757e-06
1020	2.16591225623e-06
1021	2.0871632016e-06
1022	2.34192000708e-06
1023	2.37116064761e-06
1024	1.51161519166e-06
1025	1.1838223857e-06
1026	8.48142352852e-07
1027	1.34134934725e-06
1028	1.21153385969e-06
1029	1.174888249e-06
1030	1.13906837867e-06
1031	1.14653241197e-06
1032	1.18884841048e-06
1033	8.86067339346e-07
1034	1.07213019996e-06
1035	6.26085178182e-07
1036	5.14328218493e-07
1037	1.14037871463e-06
1038	7.94103102062e-07
1039	9.2020136057e-07
1040	1.09301194714e-06
1041	8.0894872115e-07
1042	8.59970990821e-07
1043	9.38015889385e-07
1044	1.04373633222e-06
1045	8.0736561873e-07
1046	8.87109917261e-07
1047	5.72325928346e-07
1048	1.02138135579e-06
1049	9.9414518597e-07
1050	5.22738001963e-07
1051	1.01594690268e-06
1052	9.66971361631e-07
1053	5.87195184144e-07
1054	5.1967593912e-07
1055	1.02277543755e-06
1056	4.79209991638e-07
1057	9.69440794613e-07
1058	7.68960707138e-07
1059	5.33796949707e-07
1060	9.74637074855e-07
1061	4.69703067523e-07
1062	9.3039278742e-07
1063	9.90026527462e-07
1064	7.30769677928e-07
1065	5.18051997729e-07
1066	9.63613088949e-07
1067	4.68693018562e-07
1068	9.3045288234e-07
1069	9.87657564268e-07
1070	7.55130285523e-07
1071	5.40453404618e-07
1072	9.66170505879e-07
1073	9.95903442317e-07
1074	7.40847273764e-07
1075	5.30175954117e-07
1076	9.45172454387e-07
1077	9.7659696598e-07
1078	9.52966329451e-07
1079	7.11496807194e-07
1080	9.79356549702e-07
1081	8.13209718813e-07
1082	9.84174974045e-07
1083	9.84791674708e-07
1084	6.97798963495e-07
1085	9.55127394898e-07
1086	9.69544941192e-07
1087	7.09450695613e-07
1088	9.54487052883e-07
1089	9.62185318147e-07
1090	7.17750684774e-07
1091	9.49777416165e-07
1092	9.53447062573e-07
1093	9.21114351081e-07
1094	6.95678036328e-07
1095	9.40739477621e-07
1096	9.41515194596e-07
1097	9.12457446345e-07
1098	6.80736329586e-07
1099	9.2383239578e-07
1100	9.26548759831e-07
1101	8.9906599735e-07
1102	6.71054992624e-07
1103	9.04811492672e-07
1104	9.11430740566e-07
1105	8.83271236766e-07
1106	8.73986948487e-07
1107	9.9833843403e-07
1108	8.69676720048e-07
1109	9.74504866493e-07
1110	8.61055982859e-07
1111	8.49233496992e-07
1112	8.52159928468e-07
1113	9.70158234056e-07
1114	8.49684638484e-07
1115	8.36217509753e-07
1116	8.38179075832e-07
1117	8.34782875999e-07
1118	9.51674748907e-07
1119	8.31740416603e-07
1120	8.17081216019e-07
1121	8.18157943038e-07
1122	8.1572454317e-07
1123	8.12826104891e-07
1124	8.09649774586e-07
1125	8.06580180525e-07
1126	8.02154569084e-07
1127	9.11530175746e-07
1128	7.99691733787e-07
1129	7.85418673126e-07
1130	7.85221033451e-07
1131	7.824968998e-07
1132	7.79213700204e-07
1133	7.75698094413e-07
1134	7.7198053773e-07
1135	7.6855568022e-07
1136	7.65486897093e-07
1137	7.62439391375e-07
1138	7.59426643205e-07
1139	7.56404760448e-07
1140	7.53369645834e-07
1141	7.5031673484e-07
1142	7.47273192913e-07
1143	7.44270921223e-07
1144	7.41298986594e-07
1145	7.38354643496e-07
1146	7.35435205881e-07
1147	7.32533782988e-07
1148	7.29642180568e-07
1149	7.26749605877e-07
1150	7.23848206695e-07
1151	7.20931623372e-07
1152	7.18002982064e-07
1153	7.15064566442e-07
1154	7.12127138234e-07
1155	7.09205841464e-07
1156	7.06318982205e-07
1157	7.03486186297e-07
1158	7.00725898709e-07
1159	6.9805255072e-07
1160	6.95476406857e-07
1161	6.91858079822e-07
1162	6.89538480692e-07
1163	6.87321579416e-07
1164	6.85124878387e-07
1165	6.83291846256e-07
1166	6.81210537787e-07
1167	6.79150442076e-07
1168	6.77128649594e-07
1169	6.75142982365e-07
1170	6.73189178639e-07
1171	6.71261708475e-07
1172	6.69450284905e-07
1173	6.67647671474e-07
1174	6.65796936469e-07
1175	6.63952678067e-07
1176	6.62105802629e-07
1177	6.60256965331e-07
1178	6.59012522878e-07
1179	6.572218454e-07
1180	6.55409255609e-07
1181	6.53487174201e-07
1182	6.51758824719e-07
1183	6.50023615666e-07
1184	6.48334898557e-07
1185	6.46692299243e-07
1186	6.45096194946e-07
1187	6.39684819947e-07
1188	6.37714081724e-07
1189	6.36084167286e-07
1190	6.34491301862e-07
1191	6.3295255881e-07
1192	6.31425952094e-07
1193	6.29879514938e-07
1194	6.28274130707e-07
1195	6.80673887601e-07
1196	6.24329209498e-07
1197	6.20879790505e-07
1198	6.19083240853e-07
1199	6.17280459726e-07
1200	6.15314607065e-07
1201	6.13245842319e-07
1202	6.11171548526e-07
1203	6.0913097232e-07
1204	6.58578659834e-07
1205	6.0466259351e-07
1206	6.01067674082e-07
1207	5.9904269683e-07
1208	6.49783185275e-07
1209	5.96869819122e-07
1210	5.97340264057e-07
1211	6.47091441988e-07
1212	5.94690723083e-07
1213	5.90056830597e-07
1214	5.86547651901e-07
1215	6.37377564558e-07
1216	5.80444476823e-07
1217	6.27523527721e-07
1218	5.73813783535e-07
1219	5.70739089754e-07
1220	6.20833258588e-07
1221	5.67199263744e-07
1222	5.64506339501e-07
1223	6.20110511438e-07
1224	5.615358914e-07
1225	6.15395829651e-07
1226	5.57283018437e-07
1227	6.09168740363e-07
1228	5.53350509279e-07
1229	5.51048228002e-07
1230	6.10244755374e-07
1231	5.48821630838e-07
1232	6.08332220816e-07
1233	5.454977467e-07
1234	6.05421038515e-07
1235	5.42767804613e-07
1236	6.01894119377e-07
1237	5.39716201851e-07
1238	5.98733707194e-07
1239	5.36752587725e-07
1240	5.9662439167e-07
1241	5.88798625467e-07
1242	5.31539565984e-07
1243	5.30266711968e-07
1244	5.9414006931e-07
1245	5.88039878234e-07
1246	5.80277500032e-07
1247	5.24465090493e-07
1248	5.78701568826e-07
1249	5.22542442466e-07
1250	5.8184119552e-07
1251	5.77948645055e-07
1252	5.71880787289e-07
1253	5.17442211676e-07
1254	5.75222722658e-07
1255	5.71090011206e-07
1256	5.6585789635e-07
1257	5.60552022174e-07
1258	5.11139238355e-07
1259	5.66229297754e-07
1260	5.64100245038e-07
1261	5.61168917624e-07
1262	5.57961031341e-07
1263	5.54762853754e-07
1264	5.51719461243e-07
1265	5.49079155668e-07
1266	5.47059563896e-07
1267	5.45766496163e-07
1268	5.45220822907e-07
1269	5.45356256622e-07
1270	5.46069200607e-07
1271	5.47203874185e-07
1272	5.48595651222e-07
1273	5.50056897155e-07
1274	5.51416146294e-07
1275	5.52533002271e-07
1276	5.53310115426e-07
1277	5.53702685034e-07
1278	5.53708787327e-07
1279	5.53374507724e-07
1280	5.52781429162e-07
1281	5.52026880091e-07
1282	5.51213957971e-07
1283	5.50425133093e-07
1284	5.49733292876e-07
1285	5.49183079424e-07
1286	5.48795042568e-07
1287	5.48566023936e-07
1288	5.48473466874e-07
1289	2.26829931176e-06
1290	1.5306097561e-06
1291	1.21013755425e-06
1292	1.2064283138e-06
1293	1.10437505089e-06
1294	1.26345020181e-06
1295	1.74335905059e-06
1296	1.47474291937e-06
1297	1.22296215295e-06
1298	1.09548974046e-06
1299	1.13149227458e-06
1300	8.81969725324e-07
1301	6.38615384238e-07
1302	7.66563134298e-07
1303	8.1400073989e-07
1304	7.98855426941e-07
1305	6.12348734179e-07
1306	5.44192338152e-07
1307	5.0691958767e-07
1308	9.29948186945e-07
1309	6.76044866831e-07
1310	5.07345255567e-07
1311	4.38430501645e-07
1312	5.32334544706e-07
1313	5.19004957595e-07
1314	5.09810008673e-07
1315	5.10808447568e-07
1316	5.18055178921e-07
1317	5.23036367713e-07
1318	9.9768995239e-07
1319	9.41341336344e-07
1320	6.10024223401e-07
1321	4.74200936896e-07
1322	5.39300248529e-07
1323	5.25067520613e-07
1324	9.91657937603e-07
1325	9.97275224226e-07
1326	8.84050043621e-07
1327	6.87881384728e-07
1328	4.20262891241e-07
1329	4.00303108026e-07
1330	9.74368963534e-07
1331	9.74573086337e-07
1332	8.64992766364e-07
1333	9.88572363203e-07
1334	9.83592987178e-07
1335	9.85829960288e-07
1336	9.84651687951e-07
1337	9.80106238053e-07
1338	9.72705167962e-07
1339	9.64107144466e-07
1340	8.74137747454e-07
1341	9.80645356541e-07
1342	9.65824689989e-07
1343	8.6902713977e-07
1344	9.87555990359e-07
1345	9.69291981145e-07
1346	9.61752925649e-07
1347	9.52962935862e-07
1348	9.4403685915e-07
1349	8.55274053204e-07
1350	9.66074128653e-07
1351	9.51166782459e-07
1352	9.47027400152e-07
1353	9.419990285e-07
1354	8.53571000634e-07
1355	9.69517724354e-07
1356	9.54483301242e-07
1357	9.49992925198e-07
1358	9.43873538378e-07
1359	8.52072768448e-07
1360	9.70006139771e-07
1361	9.50634866361e-07
1362	9.43591360785e-07
1363	9.35228291578e-07
1364	8.46814187559e-07
1365	9.57499882656e-07
1366	9.37762096824e-07
1367	9.30519104605e-07
1368	9.2257654505e-07
1369	8.38512307405e-07
1370	9.45430982777e-07
1371	9.2722970198e-07
1372	9.21113078463e-07
1373	9.14096510914e-07
1374	8.29079393144e-07
1375	9.39046134349e-07
1376	9.20222543332e-07
1377	9.13553339853e-07
1378	9.0557414572e-07
1379	8.97138858292e-07
1380	8.1538166049e-07
1381	9.18270598273e-07
1382	8.9964140604e-07
1383	8.93050773063e-07
1384	8.85534050084e-07
1385	8.01640080124e-07
1386	9.09079566337e-07
1387	8.89909847386e-07
1388	8.83233787965e-07
1389	8.7556126331e-07
1390	8.67748374952e-07
1391	7.87127575871e-07
1392	8.91250918611e-07
1393	8.73399346944e-07
1394	8.68230678155e-07
1395	8.62105668465e-07
1396	8.55767267559e-07
1397	7.79122463561e-07
1398	8.81339861557e-07
1399	8.63970198133e-07
1400	8.59332315099e-07
1401	8.53536941906e-07
1402	8.4843657477e-07
1403	7.73191826396e-07
1404	8.7486889695e-07
1405	8.57982980345e-07
1406	8.56316711961e-07
1407	8.50491822902e-07
1408	8.44972059093e-07
1409	7.75778457313e-07
1410	8.74376396058e-07
1411	8.57589891144e-07
1412	8.55162785061e-07
1413	8.51973445609e-07
1414	7.86208264391e-07
1415	8.85979909467e-07
1416	8.69166541504e-07
1417	8.66822587743e-07
1418	7.98446882073e-07
1419	9.01895050896e-07
1420	8.82647625761e-07
1421	8.83297230063e-07
1422	8.79340506265e-07
1423	8.20817332141e-07
1424	9.07032303795e-07
1425	8.94419764842e-07
1426	8.3403439548e-07
1427	9.26300534428e-07
1428	9.11894497288e-07
1429	9.07324680272e-07
1430	8.48670479258e-07
1431	9.37051149283e-07
1432	9.18152880837e-07
1433	8.57716523181e-07
1434	9.46137925242e-07
1435	9.24925899226e-07
1436	9.15900360781e-07
1437	8.61078705272e-07
1438	9.34707664028e-07
1439	9.14217424812e-07
1440	8.58769706847e-07
1441	9.34073557873e-07
1442	9.13221191646e-07
1443	8.53874125468e-07
1444	9.3384667499e-07
1445	9.10751395135e-07
1446	9.00003081339e-07
1447	8.46748101664e-07
1448	9.15996196808e-07
1449	8.94775678857e-07
1450	8.4097656401e-07
1451	9.1235941576e-07
1452	8.90681354442e-07
1453	8.33177581356e-07
1454	9.08856824736e-07
1455	8.85361825176e-07
1456	8.74670519467e-07
1457	8.24431392548e-07
1458	8.90447587607e-07
1459	8.70726030796e-07
1460	8.21747505506e-07
1461	8.90602288612e-07
1462	8.71582973725e-07
1463	8.19985996156e-07
1464	8.92628479634e-07
1465	8.71678571416e-07
1466	8.62499098453e-07
1467	8.17001392647e-07
1468	8.78075917609e-07
1469	8.14323567432e-07
1470	8.87844736195e-07
1471	8.65081734082e-07
1472	8.53875725938e-07
1473	8.05209306291e-07
1474	8.65361070868e-07
1475	7.99343682967e-07
1476	8.70611188162e-07
1477	8.46813531653e-07
1478	8.34589930831e-07
1479	7.86635534214e-07
1480	8.44048725916e-07
1481	7.80496264719e-07
1482	8.49232510119e-07
1483	8.27341683266e-07
1484	7.72311380461e-07
1485	8.41848871324e-07
1486	8.19852363141e-07
1487	7.66810539004e-07
1488	8.34012491606e-07
1489	8.13652671732e-07
1490	7.65692509613e-07
1491	8.2892415285e-07
1492	7.65667003346e-07
1493	8.38299975462e-07
1494	8.17093286372e-07
1495	7.66211318496e-07
1496	8.33508278309e-07
1497	8.1189902734e-07
1498	7.64971986992e-07
1499	8.25539302442e-07
1500	7.62040127208e-07
1501	8.30952156459e-07
1502	8.08238129011e-07
1503	7.5665702429e-07
1504	8.20173571553e-07
1505	7.49518419116e-07
1506	1.66972920579e-06
1507	1.01866377331e-06
1508	1.05645408385e-06
1509	1.22642114471e-06
1510	9.23165218801e-07
1511	1.12977721256e-06
1512	1.63244072418e-06
1513	1.37538209915e-06
1514	8.68981136069e-07
1515	9.99116173375e-07
1516	1.02595559515e-06
1517	8.19148635403e-07
1518	1.77727924322e-06
1519	1.2950669034e-06
1520	8.71193392828e-07
1521	8.06090920661e-07
1522	1.03946121348e-06
1523	8.23117411712e-07
1524	5.91876675948e-07
1525	9.47065168846e-07
1526	8.90713816408e-07
1527	9.39963429503e-07
1528	7.57096888041e-07
1529	7.22704967518e-07
1530	6.92535308948e-07
1531	9.9571731252e-07
1532	8.32342837175e-07
1533	9.17888880918e-07
1534	7.22151092636e-07
1535	9.1054940869e-07
1536	7.27402590037e-07
1537	9.22359682355e-07
1538	6.94287317463e-07
1539	9.12999661449e-07
1540	6.95495310633e-07
1541	9.06369304231e-07
1542	7.12081895327e-07
1543	8.97774338575e-07
1544	7.23559095399e-07
1545	8.99402019819e-07
1546	7.28126735147e-07
1547	8.79612452487e-07
1548	7.2811557512e-07
1549	8.58918368282e-07
1550	7.2713053241e-07
1551	8.41188796746e-07
1552	7.21232824672e-07
1553	8.28911414615e-07
1554	7.15961470448e-07
1555	8.24383146616e-07
1556	7.12113931064e-07
1557	8.22681784508e-07
1558	7.06341257786e-07
1559	8.17417066818e-07
1560	6.95861633904e-07
1561	8.23535001699e-07
1562	6.9359639702e-07
1563	8.30313298589e-07
1564	6.94102339427e-07
1565	8.36779468723e-07
1566	6.96920567523e-07
1567	8.42217357113e-07
1568	7.02555421304e-07
1569	8.46576457724e-07
1570	7.08192903877e-07
1571	8.49935321903e-07
1572	7.13491253489e-07
1573	8.51417233129e-07
1574	7.15210994284e-07
1575	8.57613501344e-07
1576	7.10749725324e-07
1577	8.38595987665e-07
1578	6.89836558853e-07
1579	8.23145640475e-07
1580	6.69403566497e-07
1581	8.08293502701e-07
1582	9.83503150341e-07
1583	6.96581359038e-07
1584	7.94556922979e-07
1585	9.69991669916e-07
1586	7.23652115605e-07
1587	7.89452459252e-07
1588	9.65412649547e-07
1589	7.38164625797e-07
1590	7.92108754549e-07
1591	9.68591649882e-07
1592	7.4518770955e-07
1593	7.95329701452e-07
1594	9.76464283507e-07
1595	7.50858228811e-07
1596	8.01014833936e-07
1597	9.87836520456e-07
1598	7.51870658349e-07
1599	7.97240594703e-07
1600	9.79578124708e-07
1601	7.19542920989e-07
1602	7.6626101994e-07
1603	9.27040508443e-07
1604	9.68573419082e-07
1605	9.60888299103e-07
1606	9.52922645503e-07
1607	9.52379992194e-07
1608	9.56294666748e-07
1609	6.66064839558e-07
1610	7.2118450515e-07
1611	8.59182830139e-07
1612	9.37990667159e-07
1613	9.57934567788e-07
1614	9.60675144535e-07
1615	9.66146766755e-07
1616	9.74447132345e-07
1617	9.8864885188e-07
1618	7.08921572714e-07
1619	7.75022932958e-07
1620	9.05538725792e-07
1621	9.4578300496e-07
1622	9.36814847904e-07
1623	9.1660336722e-07
1624	9.00135748819e-07
1625	8.89911228058e-07
1626	8.83956041494e-07
1627	8.81989421863e-07
1628	8.83257582167e-07
1629	8.85314758987e-07
1630	8.89195137703e-07
1631	8.97490400992e-07
1632	9.20440005089e-07
1633	9.56250183094e-07
1634	9.81041881614e-07
1635	9.82525527669e-07
1636	9.72155516745e-07
1637	9.54072802943e-07
1638	9.25202610634e-07
1639	8.90047850034e-07
1640	8.53597131032e-07
1641	8.20393160736e-07
1642	7.97534939688e-07
1643	7.98287476941e-07
1644	8.34028708163e-07
1645	8.70482116397e-07
1646	8.88377653372e-07
1647	8.81197442423e-07
1648	8.54102155612e-07
1649	8.11474814398e-07
1650	7.74661206315e-07
1651	7.82311316821e-07
1652	8.37095511053e-07
1653	8.66616483549e-07
1654	8.65204155282e-07
1655	8.59244182151e-07
1656	8.86493062995e-07
1657	9.29277492739e-07
1658	7.40263586588e-07
1659	8.59168439875e-07
1660	7.54377784942e-07
1661	9.49335155061e-07
1662	7.44369980069e-07
1663	9.42999855029e-07
1664	6.6956597854e-07
1665	8.99238425475e-07
1666	9.82704172138e-07
1667	9.98197185642e-07
1668	5.79083907333e-07
1669	7.23590287804e-07
1670	9.70904790477e-07
1671	8.49118144496e-07
1672	9.20447780691e-07
1673	8.8922498755e-07
1674	8.31356985504e-07
1675	7.62682796845e-07
1676	8.37874489914e-07
1677	8.60401312023e-07
1678	7.90908806863e-07
1679	9.99407031504e-07
1680	8.98121261099e-07
1681	7.98752120401e-07
1682	9.96638186466e-07
1683	8.96925692352e-07
1684	7.85196478864e-07
1685	9.80531659424e-07
1686	8.85084178417e-07
1687	7.74423179226e-07
1688	9.63925152805e-07
1689	8.41228620525e-07
1690	7.68256045292e-07
1691	9.55392408487e-07
1692	7.36451545017e-07
1693	7.79835744006e-07
1694	9.534768686e-07
1695	8.03964494292e-07
1696	7.51694149972e-07
1697	9.26769153059e-07
1698	6.97481140803e-07
1699	7.5924647656e-07
1700	9.23486883658e-07
1701	7.86997519078e-07
1702	7.30628012552e-07
1703	9.00813263007e-07
1704	9.93939804928e-07
1705	6.79905212364e-07
1706	7.5981199694e-07
1707	9.06312947024e-07
1708	9.82960135845e-07
1709	7.93018959982e-07
1710	7.22944260521e-07
1711	8.79144172616e-07
1712	9.65468200291e-07
1713	9.89701531993e-07
1714	9.98131544596e-07
1715	7.44215464231e-07
1716	7.36159340942e-07
1717	8.70612552834e-07
1718	9.43282756683e-07
1719	9.62098530045e-07
1720	9.68358216734e-07
1721	9.72351267483e-07
1722	9.74716440399e-07
1723	9.75001174018e-07
1724	9.73205788973e-07
1725	9.69768575226e-07
1726	9.65445656858e-07
1727	9.60788162565e-07
1728	9.56063329637e-07
1729	9.513979245e-07
1730	9.46867919523e-07
1731	9.43029579751e-07
1732	6.94677012941e-07
1733	6.76946318384e-07
1734	8.0080320983e-07
1735	8.72467923626e-07
1736	8.92581604913e-07
1737	8.98890699348e-07
1738	9.03007976724e-07
1739	9.07030696678e-07
1740	9.10605967862e-07
1741	9.11994400493e-07
1742	9.11330886687e-07
1743	9.09558134827e-07
1744	9.07565531568e-07
1745	8.94349374512e-07
1746	9.00915716062e-07
1747	8.98478025289e-07
1748	8.95458766749e-07
1749	8.92352041875e-07
1750	8.89120175811e-07
1751	8.85701446777e-07
1752	8.82090853506e-07
1753	8.78360114346e-07
1754	8.74631093784e-07
1755	8.71018045625e-07
1756	8.67606256024e-07
1757	8.64453316724e-07
1758	8.61577296327e-07
1759	8.58973674253e-07
1760	8.5662945274e-07
1761	8.54517121475e-07
1762	8.52597562237e-07
1763	8.50830334838e-07
1764	8.49172823801e-07
1765	8.36298020192e-07
1766	8.43290866768e-07
1767	8.41617971635e-07
1768	8.3974032398e-07
1769	8.38086852329e-07
1770	8.36518284258e-07
1771	8.34953771653e-07
1772	8.38256079148e-07
1773	8.35446497976e-07
1774	8.33096650544e-07
1775	8.20018229079e-07
1776	8.26287055411e-07
1777	8.23871459678e-07
1778	8.2128752214e-07
1779	8.18906992543e-07
1780	8.16633636904e-07
1781	8.14413137724e-07
1782	8.01717585436e-07
1783	8.07877254469e-07
1784	8.05573843912e-07
1785	8.03383056209e-07
1786	8.01602710503e-07
1787	7.89687799977e-07
1788	7.96454134134e-07
1789	7.9507428338e-07
1790	7.83183522475e-07
1791	7.90120351645e-07
1792	7.8923973153e-07
1793	7.78005365416e-07
1794	7.72660044215e-07
1795	7.80893587581e-07
1796	7.70491235997e-07
1797	7.77976434719e-07
1798	7.68991432898e-07
1799	7.75680748283e-07
1800	7.66349356389e-07
1801	7.63964876083e-07
1802	7.70611046267e-07
1803	7.60570925372e-07
1804	7.66457611235e-07
1805	7.56501387698e-07
1806	7.53440924141e-07
1807	7.5929065683e-07
1808	7.49385764185e-07
1809	7.46548061347e-07
1810	7.52295898649e-07
1811	7.41374271971e-07
1812	7.38683721426e-07
1813	7.45782184092e-07
1814	7.35206381642e-07
1815	7.32858566693e-07
1816	7.44145399988e-07
1817	7.32931057957e-07
1818	7.30524650645e-07
1819	7.3787706817e-07
1820	7.26553124887e-07
1821	7.24059039631e-07
1822	7.31629431548e-07
1823	7.27666819346e-07
1824	7.26422257595e-07
1825	7.2527113827e-07
1826	7.17049037103e-07
1827	7.21312740525e-07
1828	7.13137746498e-07
1829	7.17457609483e-07
1830	7.16067060347e-07
1831	7.08174922022e-07
1832	7.15906195061e-07
1833	7.12223855909e-07
1834	7.04087237147e-07
1835	7.08584610783e-07
1836	7.00840907302e-07
1837	7.05278607735e-07
1838	7.04290713911e-07
1839	6.96603039425e-07
1840	7.0085798277e-07
1841	6.93316604017e-07
1842	6.97768774584e-07
1843	6.96977948459e-07
1844	6.89456093079e-07
1845	6.93733256304e-07
1846	6.93073850908e-07
1847	6.85447304126e-07
1848	6.89887058122e-07
1849	6.82279668916e-07
1850	9.97604599785e-07
1851	8.58415677243e-07
1852	7.05456097863e-07
1853	6.7040933335e-07
1854	9.69355718373e-07
1855	8.06737698818e-07
1856	6.91791274271e-07
1857	9.95396027888e-07
1858	8.00085114689e-07
1859	6.95503391649e-07
1860	9.86285886775e-07
1861	7.9434894534e-07
1862	6.83716998712e-07
1863	9.80221669205e-07
1864	7.86030032527e-07
1865	6.85837187435e-07
1866	9.70928189148e-07
1867	7.77535577526e-07
1868	6.80473291578e-07
1869	9.63934573497e-07
1870	7.72859988916e-07
1871	6.65190817175e-07
1872	9.55131204735e-07
1873	7.68816484868e-07
1874	6.62449559356e-07
1875	9.52899127099e-07
1876	7.72303339329e-07
1877	6.69895273893e-07
1878	9.49576083286e-07
1879	7.60714508886e-07
1880	6.67613603858e-07
1881	9.4362431021e-07
1882	7.55113761494e-07
1883	9.9872597817e-07
1884	7.78464486156e-07
1885	6.71548462687e-07
1886	9.37927888787e-07
1887	7.50399733411e-07
1888	9.81722096722e-07
1889	7.79738291994e-07
1890	9.93897984418e-07
1891	7.73235220022e-07
1892	9.90898058321e-07
1893	7.61209494546e-07
1894	9.7675458395e-07
1895	7.58258215644e-07
1896	9.7173485555e-07
1897	7.54984588588e-07
1898	9.68525237469e-07
1899	8.20351743182e-07
1900	9.60264696174e-07
1901	7.30272607473e-07
1902	9.62859717213e-07
1903	7.55851009837e-07
1904	9.6591279576e-07
1905	7.4042725514e-07
1906	9.62691836914e-07
1907	7.31221761506e-07
1908	9.57792655791e-07
1909	7.26211843032e-07
1910	9.52538968497e-07
1911	7.35001826406e-07
1912	9.53188445987e-07
1913	7.33706184388e-07
1914	9.50667267945e-07
1915	7.15694270746e-07
1916	9.45313474885e-07
1917	7.265077508e-07
1918	9.43184590546e-07
1919	7.10159993015e-07
1920	9.38784024931e-07
1921	7.19461300161e-07
1922	9.37840464047e-07
1923	7.1968851748e-07
1924	9.34623005808e-07
1925	7.03570378277e-07
1926	9.29735004342e-07
1927	7.13812824371e-07
1928	9.26963876458e-07
1929	7.13044000251e-07
1930	9.24216823133e-07
1931	7.13257297577e-07
1932	9.19762964154e-07
1933	7.11271256875e-07
1934	9.15974314929e-07
1935	7.09368155596e-07
1936	9.1243955399e-07
1937	7.83716621288e-07
1938	8.97895169181e-07
1939	6.73505425925e-07
1940	9.04340573309e-07
1941	7.05273887605e-07
1942	9.12782330567e-07
1943	6.97045166903e-07
1944	9.05547380329e-07
1945	6.95580123436e-07
1946	9.00264133525e-07
1947	6.78911249464e-07
1948	8.98064636753e-07
1949	6.86971097133e-07
1950	8.95726058394e-07
1951	6.85003488161e-07
1952	8.94108049903e-07
1953	6.82120496947e-07
1954	8.90292033466e-07
1955	6.79950013538e-07
1956	8.86553818415e-07
1957	6.78012662465e-07
1958	8.83313258824e-07
1959	6.76123684893e-07
1960	8.80652280139e-07
1961	6.73758340428e-07
1962	8.77483116943e-07
1963	7.35967514801e-07
1964	8.63911065504e-07
1965	6.43381275011e-07
1966	8.74004272312e-07
1967	6.65089820928e-07
1968	8.7585807838e-07
1969	6.60480089032e-07
1970	8.71389366036e-07
1971	6.60034006641e-07
1972	8.66514426217e-07
1973	6.44402757962e-07
1974	8.63106614041e-07
1975	6.53710103513e-07
1976	8.61029856652e-07
1977	9.99414607228e-07
1978	7.34086965935e-07
1979	8.93675215309e-07
1980	9.98649317667e-07
1981	7.22767748766e-07
1982	8.84416268801e-07
1983	9.87476817656e-07
1984	7.93917013636e-07
1985	8.75032426066e-07
1986	9.63925138122e-07
1987	7.08016228471e-07
1988	8.79547266206e-07
1989	9.86805758844e-07
1990	7.05620736444e-07
1991	8.67892159691e-07
1992	9.6618622863e-07
1993	7.0954001537e-07
1994	8.60494168614e-07
1995	9.60954731137e-07
1996	7.51770538681e-07
1997	8.53421401227e-07
1998	9.39873564113e-07
1999	6.86316416907e-07
2000	8.56062387107e-07
2001	9.63381610934e-07
2002	6.870300004e-07
2003	8.4864271593e-07
2004	9.46612432988e-07
2005	6.77310557745e-07
2006	8.43803289777e-07
2007	9.43193666406e-07
2008	6.92373387562e-07
2009	8.43258170698e-07
2010	9.41146277364e-07
2011	7.37247551253e-07
2012	8.3770975235e-07
2013	9.2129961983e-07
2014	6.7007992104e-07
2015	8.39403924402e-07
2016	9.4261730363e-07
2017	6.71597538849e-07
2018	8.31100585482e-07
2019	9.24248133901e-07
2020	7.13923406733e-07
2021	8.25729118042e-07
2022	9.08098255843e-07
2023	6.60369667244e-07
2024	8.29116164769e-07
2025	9.28930709343e-07
2026	6.60170118099e-07
2027	8.20281917871e-07
2028	9.11635820505e-07
2029	6.50450603002e-07
2030	8.1402373998e-07
2031	9.06882387762e-07
2032	7.01553492075e-07
2033	8.03846487838e-07
2034	8.99397104695e-07
2035	9.94417094299e-07
2036	6.94522773475e-07
2037	8.28194215852e-07
2038	8.98449928713e-07
2039	9.87537443267e-07
2040	7.39511535308e-07
2041	8.16516611704e-07
2042	8.80758847966e-07
2043	9.68319779472e-07
2044	6.67291036295e-07
2045	8.12975428732e-07
2046	8.87755650508e-07
2047	9.77484594776e-07
2048	6.7388852507e-07
2049	8.0506504245e-07
2050	8.71146229549e-07
2051	9.58089780516e-07
2052	7.23400664621e-07
2053	7.90731621283e-07
2054	8.6113821012e-07
2055	9.47488753073e-07
2056	6.99992280641e-07
2057	7.83578965148e-07
2058	8.57436653653e-07
2059	9.47211957344e-07
2060	6.53675994304e-07
2061	7.91658925787e-07
2062	8.6008862477e-07
2063	9.46642401187e-07
2064	6.55426632318e-07
2065	7.84553505204e-07
2066	8.50270722798e-07
2067	9.36177831627e-07
2068	7.01201530587e-07
2069	7.79941856068e-07
2070	8.4003830982e-07
2071	9.23418678503e-07
2072	9.93958775096e-07
2073	6.67194005383e-07
2074	7.84636571576e-07
2075	8.37217452442e-07
2076	9.14586669323e-07
2077	9.81323378799e-07
2078	7.2861965889e-07
2079	7.72084287445e-07
2080	8.25299542286e-07
2081	8.9861585705e-07
2082	9.6832060405e-07
2083	7.05872235833e-07
2084	7.62585668076e-07
2085	8.16545309093e-07
2086	8.91763620227e-07
2087	9.62891541243e-07
2088	6.49073081761e-07
2089	7.65055719326e-07
2090	8.14857611181e-07
2091	8.90036808083e-07
2092	9.54746152456e-07
2093	9.88571066994e-07
2094	9.93972734299e-07
2095	9.86649379889e-07
2096	9.7719868941e-07
2097	9.69815073907e-07
2098	9.58126826807e-07
2099	9.49946726436e-07
2100	9.4566472743e-07
2101	9.4065401317e-07
2102	9.37190293668e-07
2103	9.34813710631e-07
2104	9.33454998868e-07
2105	9.33002191719e-07
2106	9.89455140039e-07
2107	8.9117951851e-07
2108	9.67120277208e-07
2109	8.89067382107e-07
2110	9.07303510203e-07
2111	9.38379637581e-07
2112	9.33161327645e-07
2113	9.24946239897e-07
2114	9.17883830144e-07
2115	9.06300959099e-07
2116	9.21981152687e-07
2117	9.15075222238e-07
2118	1.46423826355e-06
2119	8.2201248117e-07
2120	7.62586467737e-07
2121	9.38843152714e-07
2122	9.09173237838e-07
2123	1.42573278147e-06
2124	7.78813824539e-07
2125	7.98959418137e-07
2126	7.27549768023e-07
2127	1.31944708184e-06
2128	8.07864410639e-07
2129	8.28797894883e-07
2130	1.09250144694e-06
2131	7.67348424272e-07
