1	32
2	13
3	15
4	8
5	7
6	13
7	9
8	8
9	10
10	8
11	9
12	9
13	9
14	6
15	6
16	6
17	6
18	6
19	7
20	6
21	6
22	6
23	4
24	5
25	5
26	5
27	4
28	5
29	5
30	5
31	4
32	4
33	4
34	6
35	6
36	5
37	4
38	5
39	5
40	5
41	4
42	4
43	5
44	6
45	5
46	5
47	5
48	5
49	5
50	4
51	4
52	5
53	5
54	6
55	6
56	5
57	5
58	5
59	5
60	5
61	4
62	5
63	5
64	5
65	5
66	5
67	5
68	5
69	5
70	5
71	5
72	5
73	5
74	5
75	5
76	5
77	4
78	4
79	4
80	6
81	5
82	5
83	5
84	5
85	5
86	4
87	4
88	4
89	6
90	4
91	6
92	6
93	6
94	4
95	6
96	4
97	5
98	6
99	6
100	6
101	6
102	6
103	6
104	6
105	6
106	5
107	5
108	6
109	6
110	6
111	6
112	6
113	6
114	6
115	6
116	6
117	8
118	6
119	6
120	6
121	6
122	7
123	5
124	5
125	5
126	5
127	8
128	6
129	8
130	6
131	7
132	7
133	6
134	6
135	6
136	6
137	6
138	8
139	6
140	6
141	6
142	6
143	6
144	6
145	6
146	6
147	6
148	6
149	6
150	6
151	4
152	6
153	6
154	4
155	6
156	6
157	6
158	6
159	6
160	6
161	6
162	6
163	6
164	6
165	6
166	6
167	6
168	6
169	6
170	6
171	6
172	6
173	6
174	6
175	6
176	6
177	6
178	6
179	4
180	6
181	6
182	4
183	4
184	6
185	6
186	4
187	6
188	4
189	6
190	4
191	4
192	6
193	4
194	6
195	4
196	4
197	6
198	4
199	6
200	6
201	6
202	6
203	6
204	4
205	6
206	6
207	4
208	6
209	4
210	6
211	4
212	4
213	6
214	6
215	4
216	4
217	6
218	6
219	4
220	6
221	4
222	6
223	4
224	6
225	4
226	6
227	4
228	6
229	4
230	6
231	4
232	6
233	4
234	6
235	6
236	6
237	6
238	4
239	6
240	6
241	4
242	6
243	4
244	6
245	6
246	6
247	6
248	6
249	6
250	6
251	6
252	6
253	6
254	6
255	6
256	6
257	6
258	6
259	6
260	6
261	6
262	4
263	6
264	6
265	6
266	6
267	6
268	6
269	6
270	6
271	6
272	6
273	6
274	6
275	6
276	6
277	6
278	6
279	6
280	6
281	6
282	6
283	6
284	6
285	6
286	6
287	6
288	6
289	6
290	6
291	6
292	6
293	6
294	6
295	6
296	6
297	6
298	6
299	6
300	6
301	6
302	6
303	6
304	6
305	6
306	6
307	6
308	6
309	6
310	6
311	6
312	6
313	6
314	6
315	6
316	6
317	6
318	6
319	6
320	6
321	6
322	6
323	6
324	6
325	6
326	6
327	6
328	6
329	6
330	6
331	6
332	6
333	6
334	6
335	6
336	6
337	6
338	6
339	6
340	6
341	6
342	6
343	6
344	6
345	6
346	6
347	9
348	9
349	7
350	7
351	7
352	5
353	5
354	5
355	6
356	6
357	6
358	6
359	8
360	6
361	8
362	7
363	5
364	7
365	5
366	6
367	6
368	6
369	8
370	9
371	6
372	9
373	7
374	7
375	5
376	7
377	5
378	7
379	8
380	9
381	6
382	6
383	7
384	7
385	5
386	7
387	7
388	7
389	7
390	7
391	7
392	7
393	7
394	7
395	7
396	7
397	7
398	7
399	7
400	7
401	7
402	7
403	8
404	9
405	7
406	7
407	7
408	7
409	7
410	7
411	7
412	6
413	6
414	9
415	7
416	7
417	7
418	7
419	7
420	9
421	8
422	7
423	7
424	7
425	7
426	8
427	8
428	7
429	9
430	7
431	9
432	9
433	6
434	9
435	9
436	9
437	9
438	9
439	9
440	9
441	8
442	7
443	8
444	8
445	8
446	6
447	8
448	6
449	7
450	7
451	9
452	8
453	8
454	8
455	7
456	10
457	7
458	7
459	7
460	10
461	8
462	8
463	9
464	8
465	8
466	10
467	8
468	9
469	8
470	8
471	10
472	8
473	9
474	8
475	8
476	10
477	8
478	8
479	9
480	9
481	8
482	8
483	10
484	8
485	8
486	10
487	9
488	9
489	9
490	9
491	9
492	9
493	9
494	9
495	9
496	9
497	9
498	9
499	9
500	9
501	9
502	9
503	9
504	9
505	9
506	9
507	9
508	9
509	9
510	9
511	9
512	6
513	6
514	8
515	9
516	9
517	9
518	9
519	9
520	9
521	9
522	9
523	9
524	9
525	9
526	9
527	6
528	6
529	8
530	9
531	6
532	6
533	6
534	8
535	9
536	6
537	6
538	6
539	6
540	8
541	9
542	6
543	6
544	6
545	6
546	9
547	6
548	6
549	6
550	8
551	9
552	6
553	6
554	6
555	6
556	9
557	6
558	6
559	6
560	9
561	6
562	6
563	6
564	9
565	6
566	6
567	6
568	9
569	6
570	6
571	6
572	9
573	6
574	6
575	6
576	9
577	6
578	6
579	6
580	9
581	6
582	6
583	6
584	9
585	6
586	6
587	9
588	6
589	6
590	6
591	9
592	6
593	6
594	6
595	9
596	6
597	6
598	6
599	9
600	6
601	6
602	6
603	9
604	6
605	6
606	9
607	6
608	6
609	6
610	6
611	9
612	6
613	6
614	6
615	9
616	6
617	6
618	9
619	6
620	6
621	9
622	6
623	6
624	9
625	6
626	6
627	9
628	6
629	6
630	9
631	6
632	6
633	6
634	9
635	7
636	7
637	5
638	6
639	6
640	9
641	5
642	6
643	6
644	6
645	6
646	6
647	6
648	6
649	6
650	6
651	6
652	6
653	6
654	6
655	6
656	8
657	7
658	5
659	6
660	9
661	5
662	8
663	7
664	5
665	6
666	9
667	5
668	7
669	5
670	8
671	7
672	7
673	5
674	7
675	5
676	8
677	7
678	7
679	5
680	5
681	6
682	8
683	7
684	5
685	5
686	6
687	7
688	5
689	7
690	5
691	7
692	5
693	7
694	5
695	7
696	5
697	5
698	6
699	7
700	5
701	5
702	5
703	9
704	5
705	7
706	5
707	5
708	5
709	8
710	5
711	5
712	5
713	5
714	7
715	5
716	5
717	5
718	5
719	5
720	7
721	5
722	5
723	5
724	5
725	5
726	5
727	5
728	5
729	5
730	5
731	5
732	5
733	5
734	5
735	5
736	5
737	5
738	5
739	5
740	5
741	5
742	5
743	5
744	5
745	5
746	5
747	5
748	5
749	5
750	5
751	5
752	5
753	5
754	5
755	5
756	5
757	5
758	5
759	5
760	5
761	5
762	5
763	5
764	5
765	5
766	5
767	5
768	5
769	5
770	5
771	5
772	5
773	5
774	5
775	5
776	5
777	5
778	5
779	5
780	5
781	5
782	5
783	5
784	5
785	5
786	5
787	5
788	5
789	5
790	5
791	5
792	5
793	5
794	5
795	5
796	5
797	5
798	5
799	5
800	5
801	5
802	5
803	5
804	5
805	5
806	5
807	5
808	5
809	5
810	5
811	5
812	5
813	5
814	5
815	5
816	5
817	5
818	5
819	5
820	5
821	5
822	5
823	5
824	5
825	5
826	5
827	5
828	5
829	5
830	5
831	5
832	5
833	5
834	5
835	5
836	5
837	5
838	5
839	5
840	5
841	5
842	5
843	5
844	5
845	5
846	5
847	5
848	5
849	5
850	5
851	5
852	5
853	5
854	5
855	5
856	5
857	5
858	5
859	5
860	5
861	5
862	5
863	5
864	5
865	5
866	5
867	5
868	5
869	5
870	5
871	5
872	5
873	5
874	5
875	5
876	5
877	5
878	5
879	5
880	5
881	5
882	5
883	5
884	5
885	5
886	5
887	5
888	5
889	5
890	5
891	5
892	5
893	5
894	5
895	5
896	5
897	5
898	5
899	5
900	5
901	5
902	5
903	5
904	5
905	5
906	5
907	5
908	5
909	5
910	5
911	5
912	5
913	5
914	5
915	5
916	5
917	5
918	5
919	5
920	5
921	5
922	5
923	5
924	5
925	5
926	5
927	5
928	5
929	5
930	5
931	5
932	5
933	5
934	5
935	5
936	5
937	5
938	5
939	5
940	5
941	5
942	5
943	5
944	5
945	5
946	5
947	5
948	5
949	5
950	5
951	5
952	5
953	5
954	5
955	5
956	5
957	5
958	5
959	5
960	5
961	5
962	5
963	5
964	5
965	5
966	5
967	5
968	5
969	5
970	5
971	5
972	5
973	5
974	5
975	5
976	5
977	5
978	5
979	5
980	5
981	5
982	5
983	5
984	5
985	5
986	5
987	5
988	5
989	5
990	5
991	5
992	5
993	5
994	5
995	5
996	5
997	5
998	5
999	5
1000	5
1001	5
1002	5
1003	6
1004	6
1005	6
1006	7
1007	6
1008	6
1009	7
1010	6
1011	6
1012	6
1013	6
1014	6
1015	6
1016	6
1017	6
1018	6
1019	9
1020	8
1021	8
1022	7
1023	6
1024	5
1025	5
1026	7
1027	6
1028	6
1029	6
1030	6
1031	6
1032	6
1033	7
1034	6
1035	7
1036	7
1037	5
1038	6
1039	6
1040	5
1041	6
1042	6
1043	6
1044	5
1045	6
1046	6
1047	7
1048	5
1049	6
1050	7
1051	6
1052	6
1053	7
1054	7
1055	5
1056	7
1057	5
1058	6
1059	7
1060	5
1061	7
1062	5
1063	5
1064	6
1065	7
1066	5
1067	7
1068	5
1069	5
1070	6
1071	7
1072	5
1073	5
1074	6
1075	7
1076	5
1077	5
1078	5
1079	6
1080	5
1081	6
1082	5
1083	5
1084	6
1085	5
1086	5
1087	6
1088	5
1089	5
1090	6
1091	5
1092	5
1093	5
1094	6
1095	5
1096	5
1097	5
1098	6
1099	5
1100	5
1101	5
1102	6
1103	5
1104	5
1105	5
1106	5
1107	5
1108	5
1109	5
1110	5
1111	5
1112	5
1113	5
1114	5
1115	5
1116	5
1117	5
1118	5
1119	5
1120	5
1121	5
1122	5
1123	5
1124	5
1125	5
1126	5
1127	5
1128	5
1129	5
1130	5
1131	5
1132	5
1133	5
1134	5
1135	5
1136	5
1137	5
1138	5
1139	5
1140	5
1141	5
1142	5
1143	5
1144	5
1145	5
1146	5
1147	5
1148	5
1149	5
1150	5
1151	5
1152	5
1153	5
1154	5
1155	5
1156	5
1157	5
1158	5
1159	5
1160	5
1161	5
1162	5
1163	5
1164	5
1165	5
1166	5
1167	5
1168	5
1169	5
1170	5
1171	5
1172	5
1173	5
1174	5
1175	5
1176	5
1177	5
1178	5
1179	5
1180	5
1181	5
1182	5
1183	5
1184	5
1185	5
1186	5
1187	5
1188	5
1189	5
1190	5
1191	5
1192	5
1193	5
1194	5
1195	5
1196	5
1197	5
1198	5
1199	5
1200	5
1201	5
1202	5
1203	5
1204	5
1205	5
1206	5
1207	5
1208	5
1209	5
1210	5
1211	5
1212	5
1213	5
1214	5
1215	5
1216	5
1217	5
1218	5
1219	5
1220	5
1221	5
1222	5
1223	5
1224	5
1225	5
1226	5
1227	5
1228	5
1229	5
1230	5
1231	5
1232	5
1233	5
1234	5
1235	5
1236	5
1237	5
1238	5
1239	5
1240	5
1241	5
1242	5
1243	5
1244	5
1245	5
1246	5
1247	5
1248	5
1249	5
1250	5
1251	5
1252	5
1253	5
1254	5
1255	5
1256	5
1257	5
1258	5
1259	5
1260	5
1261	5
1262	5
1263	5
1264	5
1265	5
1266	5
1267	5
1268	5
1269	5
1270	5
1271	5
1272	5
1273	5
1274	5
1275	5
1276	5
1277	5
1278	5
1279	5
1280	5
1281	5
1282	5
1283	5
1284	5
1285	5
1286	5
1287	5
1288	5
1289	9
1290	9
1291	8
1292	10
1293	10
1294	9
1295	8
1296	10
1297	9
1298	8
1299	8
1300	7
1301	5
1302	5
1303	5
1304	5
1305	5
1306	5
1307	5
1308	4
1309	5
1310	5
1311	5
1312	5
1313	5
1314	5
1315	5
1316	5
1317	5
1318	4
1319	4
1320	5
1321	5
1322	5
1323	5
1324	4
1325	4
1326	4
1327	5
1328	5
1329	5
1330	4
1331	4
1332	4
1333	4
1334	4
1335	4
1336	4
1337	4
1338	4
1339	4
1340	4
1341	4
1342	4
1343	4
1344	4
1345	4
1346	4
1347	4
1348	4
1349	4
1350	4
1351	4
1352	4
1353	4
1354	4
1355	4
1356	4
1357	4
1358	4
1359	4
1360	4
1361	4
1362	4
1363	4
1364	4
1365	4
1366	4
1367	4
1368	4
1369	4
1370	4
1371	4
1372	4
1373	4
1374	4
1375	4
1376	4
1377	4
1378	4
1379	4
1380	4
1381	4
1382	4
1383	4
1384	4
1385	4
1386	4
1387	4
1388	4
1389	4
1390	4
1391	4
1392	4
1393	4
1394	4
1395	4
1396	4
1397	4
1398	4
1399	4
1400	4
1401	4
1402	4
1403	4
1404	4
1405	4
1406	4
1407	4
1408	4
1409	4
1410	4
1411	4
1412	4
1413	4
1414	4
1415	4
1416	4
1417	4
1418	4
1419	4
1420	4
1421	4
1422	4
1423	4
1424	4
1425	4
1426	4
1427	4
1428	4
1429	4
1430	4
1431	4
1432	4
1433	4
1434	4
1435	4
1436	4
1437	4
1438	4
1439	4
1440	4
1441	4
1442	4
1443	4
1444	4
1445	4
1446	4
1447	4
1448	4
1449	4
1450	4
1451	4
1452	4
1453	4
1454	4
1455	4
1456	4
1457	4
1458	4
1459	4
1460	4
1461	4
1462	4
1463	4
1464	4
1465	4
1466	4
1467	4
1468	4
1469	4
1470	4
1471	4
1472	4
1473	4
1474	4
1475	4
1476	4
1477	4
1478	4
1479	4
1480	4
1481	4
1482	4
1483	4
1484	4
1485	4
1486	4
1487	4
1488	4
1489	4
1490	4
1491	4
1492	4
1493	4
1494	4
1495	4
1496	4
1497	4
1498	4
1499	4
1500	4
1501	4
1502	4
1503	4
1504	4
1505	4
1506	10
1507	10
1508	8
1509	10
1510	10
1511	10
1512	8
1513	10
1514	10
1515	8
1516	8
1517	7
1518	10
1519	9
1520	8
1521	9
1522	7
1523	6
1524	5
1525	4
1526	5
1527	4
1528	4
1529	4
1530	4
1531	3
1532	4
1533	3
1534	4
1535	3
1536	4
1537	3
1538	4
1539	3
1540	4
1541	3
1542	4
1543	3
1544	4
1545	3
1546	4
1547	3
1548	4
1549	3
1550	4
1551	3
1552	4
1553	3
1554	4
1555	3
1556	4
1557	3
1558	4
1559	3
1560	4
1561	3
1562	4
1563	3
1564	4
1565	3
1566	4
1567	3
1568	4
1569	3
1570	4
1571	3
1572	4
1573	3
1574	4
1575	3
1576	4
1577	3
1578	4
1579	3
1580	4
1581	3
1582	3
1583	4
1584	3
1585	3
1586	4
1587	3
1588	3
1589	4
1590	3
1591	3
1592	4
1593	3
1594	3
1595	4
1596	3
1597	3
1598	4
1599	3
1600	3
1601	4
1602	3
1603	3
1604	3
1605	3
1606	3
1607	3
1608	3
1609	4
1610	3
1611	3
1612	3
1613	3
1614	3
1615	3
1616	3
1617	3
1618	4
1619	3
1620	3
1621	3
1622	3
1623	3
1624	3
1625	3
1626	3
1627	3
1628	3
1629	3
1630	3
1631	3
1632	3
1633	3
1634	3
1635	3
1636	3
1637	3
1638	3
1639	3
1640	3
1641	3
1642	3
1643	3
1644	3
1645	3
1646	3
1647	3
1648	3
1649	3
1650	3
1651	3
1652	3
1653	3
1654	3
1655	3
1656	3
1657	3
1658	4
1659	2
1660	4
1661	2
1662	4
1663	2
1664	4
1665	2
1666	3
1667	2
1668	4
1669	2
1670	2
1671	3
1672	2
1673	3
1674	2
1675	3
1676	2
1677	3
1678	2
1679	2
1680	3
1681	2
1682	2
1683	3
1684	2
1685	2
1686	3
1687	2
1688	2
1689	3
1690	2
1691	2
1692	3
1693	2
1694	2
1695	3
1696	2
1697	2
1698	3
1699	2
1700	2
1701	3
1702	2
1703	2
1704	2
1705	3
1706	2
1707	2
1708	2
1709	3
1710	2
1711	2
1712	2
1713	2
1714	2
1715	3
1716	2
1717	2
1718	2
1719	2
1720	2
1721	2
1722	2
1723	2
1724	2
1725	2
1726	2
1727	2
1728	2
1729	2
1730	2
1731	2
1732	3
1733	2
1734	2
1735	2
1736	2
1737	2
1738	2
1739	2
1740	2
1741	2
1742	2
1743	2
1744	2
1745	2
1746	2
1747	2
1748	2
1749	2
1750	2
1751	2
1752	2
1753	2
1754	2
1755	2
1756	2
1757	2
1758	2
1759	2
1760	2
1761	2
1762	2
1763	2
1764	2
1765	2
1766	2
1767	2
1768	2
1769	2
1770	2
1771	2
1772	2
1773	2
1774	2
1775	2
1776	2
1777	2
1778	2
1779	2
1780	2
1781	2
1782	2
1783	2
1784	2
1785	2
1786	2
1787	2
1788	2
1789	2
1790	2
1791	2
1792	2
1793	2
1794	2
1795	2
1796	2
1797	2
1798	2
1799	2
1800	2
1801	2
1802	2
1803	2
1804	2
1805	2
1806	2
1807	2
1808	2
1809	2
1810	2
1811	2
1812	2
1813	2
1814	2
1815	2
1816	2
1817	2
1818	2
1819	2
1820	2
1821	2
1822	2
1823	2
1824	2
1825	2
1826	2
1827	2
1828	2
1829	2
1830	2
1831	2
1832	2
1833	2
1834	2
1835	2
1836	2
1837	2
1838	2
1839	2
1840	2
1841	2
1842	2
1843	2
1844	2
1845	2
1846	2
1847	2
1848	2
1849	2
1850	1
1851	2
1852	2
1853	2
1854	1
1855	2
1856	2
1857	1
1858	2
1859	2
1860	1
1861	2
1862	2
1863	1
1864	2
1865	2
1866	1
1867	2
1868	2
1869	1
1870	2
1871	2
1872	1
1873	2
1874	2
1875	1
1876	2
1877	2
1878	1
1879	2
1880	2
1881	1
1882	2
1883	1
1884	2
1885	2
1886	1
1887	2
1888	1
1889	2
1890	1
1891	2
1892	1
1893	2
1894	1
1895	2
1896	1
1897	2
1898	1
1899	2
1900	1
1901	2
1902	1
1903	2
1904	1
1905	2
1906	1
1907	2
1908	1
1909	2
1910	1
1911	2
1912	1
1913	2
1914	1
1915	2
1916	1
1917	2
1918	1
1919	2
1920	1
1921	2
1922	1
1923	2
1924	1
1925	2
1926	1
1927	2
1928	1
1929	2
1930	1
1931	2
1932	1
1933	2
1934	1
1935	2
1936	1
1937	2
1938	1
1939	2
1940	1
1941	2
1942	1
1943	2
1944	1
1945	2
1946	1
1947	2
1948	1
1949	2
1950	1
1951	2
1952	1
1953	2
1954	1
1955	2
1956	1
1957	2
1958	1
1959	2
1960	1
1961	2
1962	1
1963	2
1964	1
1965	2
1966	1
1967	2
1968	1
1969	2
1970	1
1971	2
1972	1
1973	2
1974	1
1975	2
1976	1
1977	1
1978	2
1979	1
1980	1
1981	2
1982	1
1983	1
1984	2
1985	1
1986	1
1987	2
1988	1
1989	1
1990	2
1991	1
1992	1
1993	2
1994	1
1995	1
1996	2
1997	1
1998	1
1999	2
2000	1
2001	1
2002	2
2003	1
2004	1
2005	2
2006	1
2007	1
2008	2
2009	1
2010	1
2011	2
2012	1
2013	1
2014	2
2015	1
2016	1
2017	2
2018	1
2019	1
2020	2
2021	1
2022	1
2023	2
2024	1
2025	1
2026	2
2027	1
2028	1
2029	2
2030	1
2031	1
2032	2
2033	1
2034	1
2035	1
2036	2
2037	1
2038	1
2039	1
2040	2
2041	1
2042	1
2043	1
2044	2
2045	1
2046	1
2047	1
2048	2
2049	1
2050	1
2051	1
2052	2
2053	1
2054	1
2055	1
2056	2
2057	1
2058	1
2059	1
2060	2
2061	1
2062	1
2063	1
2064	2
2065	1
2066	1
2067	1
2068	2
2069	1
2070	1
2071	1
2072	1
2073	2
2074	1
2075	1
2076	1
2077	1
2078	2
2079	1
2080	1
2081	1
2082	1
2083	2
2084	1
2085	1
2086	1
2087	1
2088	2
2089	1
2090	1
2091	1
2092	1
2093	1
2094	1
2095	1
2096	1
2097	1
2098	1
2099	1
2100	1
2101	1
2102	1
2103	1
2104	1
2105	1
2106	1
2107	1
2108	1
2109	1
2110	1
2111	1
2112	1
2113	1
2114	1
2115	1
2116	1
2117	1
2118	10
2119	10
2120	8
2121	8
2122	7
2123	10
2124	10
2125	8
2126	8
2127	10
2128	10
2129	8
2130	10
2131	10
