1	0.0793339570525
2	0.0744721032525
3	0.046574611127
4	0.00283430112686
5	0.000933516883076
6	0.000763940712673
7	0.000693688904896
8	0.000324430961704
9	0.000312916071486
10	0.00028890605313
11	0.000245990774648
12	0.000204746988461
13	0.000181042039223
14	0.000176401990843
15	0.000182695871381
16	0.000189547816208
17	0.000193349364156
18	9.64662573539e-05
19	9.29745073886e-05
20	8.86147722744e-05
21	8.3466556037e-05
22	7.90502624557e-05
23	7.64074567319e-05
24	7.54553799606e-05
25	7.47826309691e-05
26	7.39744045588e-05
27	7.29715616742e-05
28	7.20360235498e-05
29	7.12003805759e-05
30	6.98884169002e-05
31	6.84434986275e-05
32	6.7023946777e-05
33	6.57684984014e-05
34	6.47117472375e-05
35	6.3901729556e-05
36	6.29776449902e-05
37	6.22196402085e-05
38	6.16040862843e-05
39	6.0936718844e-05
40	6.01548574932e-05
41	5.92461818454e-05
42	5.84440199365e-05
43	5.78409541543e-05
44	5.72384981262e-05
45	5.66016062279e-05
46	5.61770974967e-05
47	5.57008785779e-05
48	5.50337274909e-05
49	5.44762904257e-05
50	5.37954098058e-05
51	5.34058713259e-05
52	5.28875837216e-05
53	5.2352498697e-05
54	5.17224019196e-05
55	5.10572141113e-05
56	5.04559801585e-05
57	4.99340193338e-05
58	4.93638478083e-05
59	4.88725889453e-05
60	4.83730947032e-05
61	4.78698521573e-05
62	4.7362452565e-05
63	4.69302672224e-05
64	4.65449366462e-05
65	4.61595334083e-05
66	4.57484307983e-05
67	4.53157738275e-05
68	4.48689016166e-05
69	4.44087760539e-05
70	4.39016748987e-05
71	4.34121282345e-05
72	4.29015786157e-05
73	4.23991886067e-05
74	4.18733159688e-05
75	4.13575062292e-05
76	4.08249405083e-05
77	4.03265387355e-05
78	3.97940053754e-05
79	3.93158693331e-05
80	3.88287969922e-05
81	3.83584580099e-05
82	3.78616587207e-05
83	3.74293553646e-05
84	3.69822239165e-05
85	3.65723833024e-05
86	3.61504661102e-05
87	3.57463481941e-05
88	3.53572109818e-05
89	3.49649628121e-05
90	3.45717419788e-05
91	3.41632237079e-05
92	3.37727676118e-05
93	3.33180005528e-05
94	3.29299351797e-05
95	3.25952453801e-05
96	3.23223197086e-05
97	3.20449087927e-05
98	3.1722865023e-05
99	3.13980307273e-05
100	3.10429916951e-05
101	3.0661855578e-05
102	3.03031864671e-05
103	2.99349908784e-05
104	2.94924431375e-05
105	2.90193875388e-05
106	2.85877877898e-05
107	2.81327377221e-05
108	2.77271944678e-05
109	2.73424168654e-05
110	2.69617223001e-05
111	2.65731962635e-05
112	2.61417021342e-05
113	2.58115704547e-05
114	2.54606790252e-05
115	2.51326692216e-05
116	2.49147453811e-05
117	2.45595091296e-05
118	2.42755391437e-05
119	2.39375053494e-05
120	2.36196525327e-05
121	2.33482756522e-05
122	2.30526500592e-05
123	2.28010510606e-05
124	2.25356805473e-05
125	2.22629615313e-05
126	2.2033119009e-05
127	2.18033986578e-05
128	2.15785021466e-05
129	2.13785603352e-05
130	2.12267019627e-05
131	2.10460371997e-05
132	2.08798324344e-05
133	2.07244990228e-05
134	2.05021475467e-05
135	2.03347129193e-05
136	2.01362608726e-05
137	1.99806257014e-05
138	1.98097522174e-05
139	1.96812240783e-05
140	1.95002640581e-05
141	1.93779710945e-05
142	1.92313880752e-05
143	1.90980266162e-05
144	1.89427822556e-05
145	1.88045498483e-05
146	1.86742029712e-05
147	1.85460852507e-05
148	1.84180052544e-05
149	1.8297798245e-05
150	1.81647264366e-05
151	1.80532644207e-05
152	1.79472867802e-05
153	1.78073727101e-05
154	1.76794116775e-05
155	1.7561554825e-05
156	1.74532866472e-05
157	1.73124515366e-05
158	1.71485217414e-05
159	1.70203601556e-05
160	1.6865763507e-05
161	1.67241093785e-05
162	1.65969351358e-05
163	1.64130343281e-05
164	1.62421857381e-05
165	1.60745194439e-05
166	1.59089236451e-05
167	1.57257912741e-05
168	1.56122977305e-05
169	1.55289385897e-05
170	1.54511529478e-05
171	1.53592857689e-05
172	1.53135447035e-05
173	1.52207686047e-05
174	1.52057699116e-05
175	1.51501058562e-05
176	1.50977691463e-05
177	1.50508408372e-05
178	1.50176884658e-05
179	1.4953346032e-05
180	1.49239919507e-05
181	1.49316532041e-05
182	1.48950707721e-05
183	1.48491778234e-05
184	1.48007744663e-05
185	1.4786606115e-05
186	1.47582815551e-05
187	1.47321408686e-05
188	1.47152778975e-05
189	1.47103856091e-05
190	1.46768757883e-05
191	1.46182735919e-05
192	1.46335075524e-05
193	1.46153946832e-05
194	1.4623001229e-05
195	1.45960623523e-05
196	1.45703468822e-05
197	1.45544452633e-05
198	1.45681312317e-05
199	1.45696817792e-05
200	1.45439585394e-05
201	1.45176073267e-05
202	1.45016455417e-05
203	1.44592417436e-05
204	1.44620215483e-05
205	1.44112943063e-05
206	1.43941593714e-05
207	1.43777599997e-05
208	1.43448220955e-05
209	1.43310244028e-05
210	1.42969540851e-05
211	1.42577963031e-05
212	1.42070108327e-05
213	1.41552052618e-05
214	1.4116365693e-05
215	1.41199987001e-05
216	1.40896793692e-05
217	1.40680147672e-05
218	1.40670669003e-05
219	1.40442039536e-05
220	1.40451352151e-05
221	1.40454540194e-05
222	1.40329091672e-05
223	1.4054482637e-05
224	1.40686803098e-05
225	1.41288216076e-05
226	1.40988384677e-05
227	1.41475614522e-05
228	1.41226305697e-05
229	1.40993721338e-05
230	1.40859304747e-05
231	1.40560069937e-05
232	1.40744948039e-05
233	1.40234147735e-05
234	1.40214444305e-05
235	1.40278999803e-05
236	1.40101100835e-05
237	1.40220727679e-05
238	1.3993175647e-05
239	1.40018086676e-05
240	1.39821568414e-05
241	1.39949268646e-05
242	1.40365861709e-05
243	1.40862803756e-05
244	1.412661001e-05
245	1.41193873142e-05
246	1.41470353933e-05
247	1.42120650114e-05
248	1.42363950979e-05
249	1.42682576926e-05
250	1.42872232929e-05
251	1.434470233e-05
252	1.42695522009e-05
253	1.43304509047e-05
254	1.42839069934e-05
255	1.42502081466e-05
256	1.42551973745e-05
257	1.42993776922e-05
258	1.42971135778e-05
259	1.42854439484e-05
260	1.42726402373e-05
261	1.42929044801e-05
262	1.42658522439e-05
263	1.42863257736e-05
264	1.43252157007e-05
265	1.44335368863e-05
266	1.44961695092e-05
267	1.45339398724e-05
268	1.45434158319e-05
269	1.45237320484e-05
270	1.44773885095e-05
271	1.44586711178e-05
272	1.44129585762e-05
273	1.44667225778e-05
274	1.45386057245e-05
275	1.46397880592e-05
276	1.4767345554e-05
277	1.49514358566e-05
278	1.51507356636e-05
279	1.53848708854e-05
280	1.56567946931e-05
281	1.58535515463e-05
282	1.60310812186e-05
283	1.62772360215e-05
284	1.65398588332e-05
285	1.68724273978e-05
286	1.7159463859e-05
287	1.73883488608e-05
288	1.75339003798e-05
289	1.79229609318e-05
290	1.84732187547e-05
291	1.88110635059e-05
292	1.94426255461e-05
293	1.99289061576e-05
294	2.04279735556e-05
295	2.09219755146e-05
296	2.13777003225e-05
297	2.20288806587e-05
298	2.25238123852e-05
299	2.29147354463e-05
300	2.34690282241e-05
301	2.40638272183e-05
302	2.44744668083e-05
303	2.48226044699e-05
304	2.51315551715e-05
305	2.53217266429e-05
306	2.57699357933e-05
307	2.61165324108e-05
308	2.63937775988e-05
309	2.67884853429e-05
310	2.7239958006e-05
311	2.76664962137e-05
312	2.79689902424e-05
313	2.81500677452e-05
314	2.8531145499e-05
315	2.87720207526e-05
316	2.92420997459e-05
317	2.95442560839e-05
318	2.98877963868e-05
319	2.98777049061e-05
320	3.02390401375e-05
321	3.04454839889e-05
322	3.06597449722e-05
323	3.07897963478e-05
324	3.10566706789e-05
325	3.14393452999e-05
326	3.17431540364e-05
327	3.1892922611e-05
328	3.19132001379e-05
329	3.21588520856e-05
330	3.20648045394e-05
331	3.26618260381e-05
332	3.27575899964e-05
333	3.25360812017e-05
334	3.29484161975e-05
335	3.30502732656e-05
336	3.30423184817e-05
337	3.28254651707e-05
338	3.31736234933e-05
339	3.30396172189e-05
340	3.34545090726e-05
341	3.32267063313e-05
342	3.31949148039e-05
343	3.30889080677e-05
344	3.32214525352e-05
345	3.32183349729e-05
346	3.28000306555e-05
347	3.27168634286e-05
348	3.25095281905e-05
349	3.2245129295e-05
350	3.19724374496e-05
351	3.16647847936e-05
352	3.11339668913e-05
353	3.06707543087e-05
354	3.04719799888e-05
355	3.02984599861e-05
356	3.01038937e-05
357	3.02021588687e-05
358	3.023949636e-05
359	2.99373391454e-05
360	2.94772758182e-05
361	2.90248056852e-05
362	2.87289679157e-05
363	2.85651142835e-05
364	2.83245973249e-05
365	5.13166255389e-05
366	2.78640621633e-05
367	2.81388401725e-05
368	2.80637452925e-05
369	2.78345840928e-05
370	2.75225573372e-05
371	2.7276577978e-05
372	2.70613250659e-05
373	2.69084751294e-05
374	2.67760562675e-05
375	2.65258709828e-05
376	2.65758405724e-05
377	2.66564338543e-05
378	2.6265209543e-05
379	2.62112161336e-05
380	2.62645371471e-05
381	2.61606798935e-05
382	2.60651766949e-05
383	2.58563672508e-05
384	4.6547998694e-05
385	2.54788341875e-05
386	2.56044173026e-05
387	2.56344566082e-05
388	2.53577395535e-05
389	4.55943013176e-05
390	2.50459898299e-05
391	2.49468172352e-05
392	2.47065682998e-05
393	2.46237600959e-05
394	2.46300377728e-05
395	2.45804993805e-05
396	2.44904939272e-05
397	2.44056600866e-05
398	2.43637985795e-05
399	2.42003515626e-05
400	2.42608604044e-05
401	2.46586067332e-05
402	2.40594593038e-05
403	2.38169369902e-05
404	2.29869369102e-05
405	2.27397873174e-05
406	2.25022980721e-05
407	2.23685502606e-05
408	2.2303467378e-05
409	2.25497975143e-05
410	2.250297646e-05
411	2.23598429174e-05
412	2.23300260073e-05
413	2.23570789641e-05
414	2.23586552557e-05
415	2.24036697212e-05
416	2.24171471387e-05
417	2.28364404624e-05
418	2.28011873728e-05
419	2.29618081815e-05
420	2.27575461577e-05
421	2.3045937881e-05
422	2.32917834837e-05
423	2.318711888e-05
424	2.35617218469e-05
425	2.38270408259e-05
426	2.39832172395e-05
427	2.40324522468e-05
428	2.42397760145e-05
429	2.43815414665e-05
430	4.4426589065e-05
431	2.44105333609e-05
432	4.50683611342e-05
433	4.34846677609e-05
434	4.30307882396e-05
435	4.14605845308e-05
436	3.89552113259e-05
437	3.78953330151e-05
438	3.67875707448e-05
439	3.57001472194e-05
440	1.89587100164e-05
441	3.50725265098e-05
442	1.89044142052e-05
443	1.8781305867e-05
444	1.86724100311e-05
445	3.51081078501e-05
446	3.61011077488e-05
447	3.49006950936e-05
448	3.41852390932e-05
449	3.39945470197e-05
450	1.80705464671e-05
451	1.7582113665e-05
452	3.30923979291e-05
453	3.28567009536e-05
454	3.21195952004e-05
455	3.13185951812e-05
456	3.04076535569e-05
457	2.57401013934e-05
458	1.84763385665e-05
459	8.11271789069e-06
460	7.67694001784e-06
461	7.44470094431e-06
462	7.30946160155e-06
463	7.23372934229e-06
464	7.18321801378e-06
465	7.13979162585e-06
466	7.10153074033e-06
467	7.06746453968e-06
468	7.03752699873e-06
469	7.01173590379e-06
470	6.98955182208e-06
471	6.97006317696e-06
472	6.95455230964e-06
473	6.94198690767e-06
474	6.93241437225e-06
475	6.9246691597e-06
476	6.91924500653e-06
477	6.91607294774e-06
478	6.91437326736e-06
479	6.91472082779e-06
480	6.917028757e-06
481	6.92001453989e-06
482	6.92413276964e-06
483	6.92970161775e-06
484	6.93664203484e-06
485	6.94426835421e-06
486	6.95305120411e-06
487	6.96284460312e-06
488	6.97358028697e-06
489	6.98494918141e-06
490	6.99705255318e-06
491	7.00975200639e-06
492	7.02228283346e-06
493	7.03519500116e-06
494	7.04769611306e-06
495	7.06093481589e-06
496	7.07331582309e-06
497	7.08526289576e-06
498	7.09734750667e-06
499	7.10924973434e-06
500	7.12010479991e-06
501	7.13153041864e-06
502	7.14276812875e-06
503	7.15381338942e-06
504	7.16459992785e-06
505	7.17541191425e-06
506	7.18644049426e-06
507	7.19687875855e-06
508	7.20685033829e-06
509	7.21660477379e-06
510	7.22631555514e-06
511	7.23522916033e-06
512	7.24455163842e-06
513	7.25315428708e-06
514	7.26189956061e-06
515	7.27068520585e-06
516	7.27931034081e-06
517	7.28816802952e-06
518	7.29675781597e-06
519	7.30550644034e-06
520	7.3144907673e-06
521	7.32380323071e-06
522	7.33268590952e-06
523	7.34133734997e-06
524	7.34974862115e-06
525	7.35804161534e-06
526	7.36603396399e-06
527	7.37366270786e-06
528	7.38109859423e-06
529	7.3882704235e-06
530	7.39563298679e-06
531	7.4030616406e-06
532	7.40968332438e-06
533	7.41692507059e-06
534	7.42419467349e-06
535	7.43169802717e-06
536	7.43869378115e-06
537	7.44607254308e-06
538	7.45281444995e-06
539	7.45964556997e-06
540	7.46647460684e-06
541	7.47246567216e-06
542	7.47895991361e-06
543	7.48412816742e-06
544	7.48957781313e-06
545	7.49486492059e-06
546	7.49988062612e-06
547	7.50487651745e-06
548	7.50995874809e-06
549	7.51504900215e-06
550	7.52003274913e-06
551	7.52543984361e-06
552	7.53060752782e-06
553	7.53562430933e-06
554	7.54066627947e-06
555	7.54508032528e-06
556	7.54924524206e-06
557	7.55327785164e-06
558	7.55672591589e-06
559	7.5602222874e-06
560	7.56313236097e-06
561	7.56629359669e-06
562	7.56931854898e-06
563	7.572084953e-06
564	7.57525968211e-06
565	7.57841074477e-06
566	7.58152824845e-06
567	7.58508622851e-06
568	7.58765105422e-06
569	7.59069272799e-06
570	7.59338701158e-06
571	7.59556696329e-06
572	7.59736937288e-06
573	7.59918476452e-06
574	7.60069281906e-06
575	7.60199191719e-06
576	7.60296839241e-06
577	7.6040284401e-06
578	7.60481218328e-06
579	7.60604201149e-06
580	7.60720289414e-06
581	7.60874697017e-06
582	7.60981872034e-06
583	7.61099106666e-06
584	7.61225430764e-06
585	7.61347248106e-06
586	7.61396712785e-06
587	7.61407531647e-06
588	7.61424068994e-06
589	7.6136898094e-06
590	7.61305900809e-06
591	7.61225472583e-06
592	7.61191959982e-06
593	7.61127622487e-06
594	7.61066644784e-06
595	7.61005572135e-06
596	7.60974808504e-06
597	7.60933582681e-06
598	7.60899660945e-06
599	7.60844939285e-06
600	7.60769826249e-06
601	7.60669298782e-06
602	7.60528790093e-06
603	7.60377371502e-06
604	7.60198146638e-06
605	7.5997737639e-06
606	7.597290403e-06
607	7.59540978871e-06
608	7.59291383143e-06
609	7.5907505631e-06
610	7.58896520318e-06
611	7.58688434821e-06
612	7.584604502e-06
613	7.5831735317e-06
614	7.58084086957e-06
615	7.57879677489e-06
616	7.57658691513e-06
617	7.57336368309e-06
618	7.56985820613e-06
619	7.5666899924e-06
620	7.56322251946e-06
621	7.55954816498e-06
622	7.55574405488e-06
623	7.55235782785e-06
624	7.54907803927e-06
625	7.54569506435e-06
626	7.54251762349e-06
627	7.53936513279e-06
628	7.53600798595e-06
629	7.5329891497e-06
630	7.52907098562e-06
631	7.52513584362e-06
632	7.52089637149e-06
633	7.51641998533e-06
634	7.51190026422e-06
635	7.50696871967e-06
636	7.50194224613e-06
637	7.49712128946e-06
638	7.49284937608e-06
639	7.48802052638e-06
640	7.48387407089e-06
641	7.47932470909e-06
642	7.47474887224e-06
643	7.4705381281e-06
644	7.46601673687e-06
645	7.46095986887e-06
646	7.45594789806e-06
647	7.450654462e-06
648	7.44477868206e-06
649	7.43885908315e-06
650	7.43264310518e-06
651	7.42705523624e-06
652	7.42117502054e-06
653	7.41540627673e-06
654	7.40977417353e-06
655	7.40418075121e-06
656	7.39871092557e-06
657	7.39344495013e-06
658	7.38799447159e-06
659	7.38216530304e-06
660	7.37623746604e-06
661	7.36972598249e-06
662	7.36325428514e-06
663	7.35633022679e-06
664	7.34971670417e-06
665	7.34259376838e-06
666	7.33595383077e-06
667	7.32936710973e-06
668	7.32257372197e-06
669	7.3163949541e-06
670	7.3104028923e-06
671	7.30365839102e-06
672	7.29731647483e-06
673	7.29070944563e-06
674	7.28419183468e-06
675	7.27686167862e-06
676	7.26975417989e-06
677	7.26218607859e-06
678	7.25414611293e-06
679	7.24628036367e-06
680	7.23888089594e-06
681	7.2316795321e-06
682	7.22417858725e-06
683	7.21713580616e-06
684	7.20989505728e-06
685	7.20300567084e-06
686	7.1956393329e-06
687	7.18858082806e-06
688	7.18099385231e-06
689	7.17306596431e-06
690	7.16454738147e-06
691	7.15662978873e-06
692	7.14815707232e-06
693	7.13960805373e-06
694	7.13142890772e-06
695	7.12305178315e-06
696	7.11537484042e-06
697	7.10753614534e-06
698	7.10000702717e-06
699	7.09198587118e-06
700	7.08382998909e-06
701	7.07614685729e-06
702	7.06772355691e-06
703	7.05910839793e-06
704	7.05001010976e-06
705	7.04119941087e-06
706	7.0319560103e-06
707	7.02330259084e-06
708	7.01448487636e-06
709	7.00609367845e-06
710	6.99736392756e-06
711	6.98905309245e-06
712	6.98086353467e-06
713	6.97258910651e-06
714	6.96406136778e-06
715	6.95530871505e-06
716	6.9465525168e-06
717	6.93742603936e-06
718	6.92828989956e-06
719	6.91877881927e-06
720	6.90921217029e-06
721	6.90001001751e-06
722	6.89038851525e-06
723	6.88177966544e-06
724	6.8729598112e-06
725	6.8643768031e-06
726	6.8559960654e-06
727	6.84697044424e-06
728	6.83788236347e-06
729	6.82866921759e-06
730	6.81902406828e-06
731	6.80975637936e-06
732	6.80008152286e-06
733	6.78998087111e-06
734	6.78047377555e-06
735	6.77079253586e-06
736	6.76159377109e-06
737	6.75229556331e-06
738	6.74327725085e-06
739	6.73472697655e-06
740	6.72545111887e-06
741	6.71638441124e-06
742	6.70730830048e-06
743	6.69739601336e-06
744	6.68786372441e-06
745	6.6778033438e-06
746	6.66785383727e-06
747	6.65811761056e-06
748	6.64801394169e-06
749	6.63861386769e-06
750	6.62910458196e-06
751	6.62024570671e-06
752	6.61150886203e-06
753	6.60213588508e-06
754	6.59299407491e-06
755	6.58365716248e-06
756	6.57391181307e-06
757	6.56406327631e-06
758	6.55376254924e-06
759	6.5437627678e-06
760	6.53408731399e-06
761	6.52433451896e-06
762	6.51484876093e-06
763	6.50566584241e-06
764	6.49675385437e-06
765	6.48755719078e-06
766	6.47861816618e-06
767	6.46920604055e-06
768	6.45980078708e-06
769	6.44993931857e-06
770	6.44017425581e-06
771	6.43032924572e-06
772	6.42023539744e-06
773	6.41030487673e-06
774	6.40107063031e-06
775	6.39166753577e-06
776	6.38260565601e-06
777	6.37358633812e-06
778	6.36460771279e-06
779	6.35562904816e-06
780	6.34622062953e-06
781	6.33664347287e-06
782	6.32739719005e-06
783	6.31745113406e-06
784	6.30787289831e-06
785	6.29797428981e-06
786	6.288428769e-06
787	6.27919762709e-06
788	6.27007218295e-06
789	6.26145450151e-06
790	6.2524869786e-06
791	6.24360837624e-06
792	6.23459552948e-06
793	6.22519655305e-06
794	6.21569392138e-06
795	6.2059668774e-06
796	6.19646531876e-06
797	6.18677116715e-06
798	6.17730781253e-06
799	6.16823133208e-06
800	6.15908881211e-06
801	6.15024147411e-06
802	6.14157799185e-06
803	6.13286892429e-06
804	6.1237358915e-06
805	6.11464968635e-06
806	6.10523642311e-06
807	6.09525994295e-06
808	6.08574161483e-06
809	6.07596194957e-06
810	6.06640197135e-06
811	6.05737539239e-06
812	6.04819188831e-06
813	6.03937447463e-06
814	6.03055208871e-06
815	6.02127175748e-06
816	6.01246827323e-06
817	6.00296941792e-06
818	5.99348597012e-06
819	5.98365933591e-06
820	5.9737111751e-06
821	5.96445976744e-06
822	5.95452107229e-06
823	5.94514683208e-06
824	5.93609526428e-06
825	5.92722435436e-06
826	5.91797824907e-06
827	5.90895482099e-06
828	5.89990750644e-06
829	5.89006010799e-06
830	5.88023297219e-06
831	5.87050875692e-06
832	5.86047123117e-06
833	5.85071804475e-06
834	5.84096990691e-06
835	5.83151881884e-06
836	5.82196428705e-06
837	5.81288566172e-06
838	5.80359095566e-06
839	5.79413074429e-06
840	5.78445074172e-06
841	5.7748702829e-06
842	5.76472788887e-06
843	5.75478069404e-06
844	5.74470389573e-06
845	5.73453653966e-06
846	5.72465620514e-06
847	5.71506210196e-06
848	5.7057592874e-06
849	5.69620269084e-06
850	5.68674506337e-06
851	5.6771337489e-06
852	5.66722714022e-06
853	5.65729358577e-06
854	5.64701518698e-06
855	5.63667138376e-06
856	5.62657884639e-06
857	5.61663467797e-06
858	5.60628426672e-06
859	5.59710159613e-06
860	5.58737230776e-06
861	5.57788021104e-06
862	5.56823858304e-06
863	5.55833142122e-06
864	5.54832892084e-06
865	5.53803311292e-06
866	5.52778918938e-06
867	5.51770488366e-06
868	5.50723400177e-06
869	5.49746011675e-06
870	5.48743706674e-06
871	5.47797807032e-06
872	5.46824628156e-06
873	5.45875699474e-06
874	9.98695513995e-06
875	9.97406420341e-06
876	9.96094678823e-06
877	9.94646045155e-06
878	9.93202532967e-06
879	9.91687634007e-06
880	9.90233591639e-06
881	9.88817071374e-06
882	9.87414520294e-06
883	9.86023281428e-06
884	9.84697771161e-06
885	9.83202969728e-06
886	9.81758423035e-06
887	9.80321083175e-06
888	9.78786485204e-06
889	9.77276024849e-06
890	9.7568994515e-06
891	9.74167509632e-06
892	9.72630692141e-06
893	9.71152884152e-06
894	9.69741222076e-06
895	9.68261581971e-06
896	9.66851445928e-06
897	9.6534649513e-06
898	9.63889122318e-06
899	9.62328692994e-06
900	9.60825401547e-06
901	9.59201323107e-06
902	9.5763713683e-06
903	9.56077036149e-06
904	9.54559807145e-06
905	9.53007864796e-06
906	9.51544325245e-06
907	9.50086807353e-06
908	9.48640945919e-06
909	9.47115299167e-06
910	9.4554247335e-06
911	9.44009313931e-06
912	9.4238283235e-06
913	9.40852653775e-06
914	9.39268108394e-06
915	9.37683926497e-06
916	9.36151113595e-06
917	9.34669720629e-06
918	9.33156818084e-06
919	9.31708047526e-06
920	9.30189553735e-06
921	9.28682477286e-06
922	9.27191294563e-06
923	9.25616844466e-06
924	9.23996878314e-06
925	9.22409368464e-06
926	9.20880488224e-06
927	9.19263994029e-06
928	9.17731260615e-06
929	9.16232213345e-06
930	9.14738430172e-06
931	9.13247473961e-06
932	9.11746760335e-06
933	9.10252344363e-06
934	9.08738747636e-06
935	9.07163372098e-06
936	9.05588119333e-06
937	9.04003838748e-06
938	9.0245251693e-06
939	9.00898610955e-06
940	8.99316814344e-06
941	8.97841588459e-06
942	8.96382031392e-06
943	8.94903519899e-06
944	8.93414496364e-06
945	8.91884536072e-06
946	8.90405670687e-06
947	8.88848357713e-06
948	8.87317173332e-06
949	8.85745708128e-06
950	8.84150721006e-06
951	8.82635000282e-06
952	8.8111285723e-06
953	8.7957811681e-06
954	8.7809881209e-06
955	8.76664502164e-06
956	8.75203139091e-06
957	8.73716790088e-06
958	8.72244282301e-06
959	8.7067708855e-06
960	8.69169008784e-06
961	8.67614853473e-06
962	8.66084450677e-06
963	8.6454741831e-06
964	8.62998681434e-06
965	8.61539396289e-06
966	8.60060227837e-06
967	8.58574075027e-06
968	8.57170589436e-06
969	8.55730675994e-06
970	8.54288766274e-06
971	8.52832225309e-06
972	8.51259094605e-06
973	8.49789629568e-06
974	8.4825172657e-06
975	8.46734652589e-06
976	8.45229764521e-06
977	8.43742915015e-06
978	8.42263392011e-06
979	8.40807077342e-06
980	8.39388679167e-06
981	8.37962112838e-06
982	8.36557383251e-06
983	8.3515199517e-06
984	8.33697815852e-06
985	8.3224362253e-06
986	8.30741770347e-06
987	8.29219923869e-06
988	8.27799141474e-06
989	8.26319343774e-06
990	8.24819146825e-06
991	8.23349530692e-06
992	8.21955139264e-06
993	8.20521530062e-06
994	8.1910214977e-06
995	8.17737227322e-06
996	8.16338463452e-06
997	8.14945787021e-06
998	8.13511820092e-06
999	8.12101277951e-06
1000	8.1062996098e-06
1001	8.09182523008e-06
1002	8.07769027293e-06
1003	8.06340207727e-06
1004	8.04838520493e-06
1005	8.03463251556e-06
1006	8.02068601821e-06
1007	8.00671952477e-06
1008	7.99278101381e-06
1009	7.97928958723e-06
1010	7.96562285984e-06
1011	7.95186180697e-06
1012	7.93825082375e-06
1013	7.92468521404e-06
1014	7.91063362935e-06
1015	7.8968590643e-06
1016	7.88236567071e-06
1017	7.86864176602e-06
1018	7.85466278963e-06
1019	7.84062232028e-06
1020	7.82798765493e-06
1021	7.81368035886e-06
1022	7.80086513985e-06
1023	7.78735999036e-06
1024	7.77368130709e-06
1025	7.76006615623e-06
1026	7.74543389128e-06
1027	7.73132968688e-06
1028	7.71668368281e-06
1029	7.70221042034e-06
1030	7.68765184059e-06
1031	7.67311759025e-06
1032	7.65868508608e-06
1033	7.6439088169e-06
1034	7.62907124807e-06
1035	7.61503014442e-06
1036	7.6006994624e-06
1037	7.58644529702e-06
1038	7.57249914383e-06
1039	7.55818359271e-06
1040	7.54431125092e-06
1041	7.5305612656e-06
1042	7.51658008671e-06
1043	7.50295978481e-06
1044	7.48839666434e-06
1045	7.47469689096e-06
1046	7.46069349165e-06
1047	7.44705291937e-06
1048	7.432597435e-06
1049	7.41878964703e-06
1050	7.40466361047e-06
1051	7.39065596975e-06
1052	7.37701748384e-06
1053	7.36315622483e-06
1054	7.34944460518e-06
1055	7.33623399083e-06
1056	7.3225142555e-06
1057	7.30956694116e-06
1058	7.29659205766e-06
1059	7.28355242986e-06
1060	7.27024916217e-06
1061	7.25738159246e-06
1062	7.24413382218e-06
1063	7.23092921897e-06
1064	7.21819227403e-06
1065	7.20486792963e-06
1066	7.192040973e-06
1067	7.17846770829e-06
1068	7.16561158269e-06
1069	7.15251043752e-06
1070	7.13959596692e-06
1071	7.12679908807e-06
1072	7.11392096948e-06
1073	7.10160185949e-06
1074	7.08871176574e-06
1075	7.07651276371e-06
1076	7.0640220942e-06
1077	7.05199061744e-06
1078	7.03967203353e-06
1079	7.02780845194e-06
1080	7.01575747057e-06
1081	7.00329568483e-06
1082	6.99107051807e-06
1083	6.97913633646e-06
1084	6.96673176577e-06
1085	6.95440533672e-06
1086	6.94202038281e-06
1087	6.9301146718e-06
1088	6.91800823828e-06
1089	6.90569107225e-06
1090	6.89403776032e-06
1091	6.8822058907e-06
1092	6.87060042857e-06
1093	6.85914328842e-06
1094	6.84758297143e-06
1095	6.83605386142e-06
1096	6.82488463294e-06
1097	6.81360445828e-06
1098	6.80244717475e-06
1099	6.79113145641e-06
1100	6.78006585501e-06
1101	6.76856759621e-06
1102	6.75729954791e-06
1103	6.74606629546e-06
1104	6.73452608325e-06
1105	6.72357777613e-06
1106	6.7121371679e-06
1107	6.70101494077e-06
1108	6.68975514068e-06
1109	6.67917698284e-06
1110	6.667989487e-06
1111	6.6572471895e-06
1112	6.64714666989e-06
1113	6.63628001388e-06
1114	6.62571867823e-06
1115	6.61544747494e-06
1116	6.60485959727e-06
1117	6.59479869123e-06
1118	6.58428360761e-06
1119	6.57411054336e-06
1120	6.5636458997e-06
1121	6.55314273912e-06
1122	6.5426346025e-06
1123	6.5325493994e-06
1124	6.52256602794e-06
1125	6.51183653093e-06
1126	6.50157817124e-06
1127	6.49157020699e-06
1128	6.48117751271e-06
1129	6.47185878881e-06
1130	6.4616020555e-06
1131	6.45194479317e-06
1132	6.44248355355e-06
1133	6.43240572942e-06
1134	6.42326537274e-06
1135	6.41396970778e-06
1136	6.40439847476e-06
1137	6.39506477883e-06
1138	6.38546414053e-06
1139	6.37632981607e-06
1140	6.36678074197e-06
1141	6.35726546782e-06
1142	6.34839860821e-06
1143	6.33853253418e-06
1144	6.32918425194e-06
1145	6.31971170701e-06
1146	6.31105061774e-06
1147	6.30178662404e-06
1148	6.29259556067e-06
1149	6.28339894318e-06
1150	6.27470894784e-06
1151	6.26581168224e-06
1152	6.25713261847e-06
1153	6.24881082414e-06
1154	6.2400090217e-06
1155	6.23134813667e-06
1156	6.22300348435e-06
1157	6.21456661716e-06
1158	6.20597090378e-06
1159	6.19767653612e-06
1160	6.18866076654e-06
1161	6.18044986156e-06
1162	6.17186564739e-06
1163	6.16314424355e-06
1164	6.15460163977e-06
1165	6.14629675241e-06
1166	6.13719110666e-06
1167	6.1292509061e-06
1168	6.1206339035e-06
1169	6.11230818906e-06
1170	6.10424544921e-06
1171	6.09578194882e-06
1172	6.08754645479e-06
1173	6.07990635759e-06
1174	6.07157319579e-06
1175	6.06344234048e-06
1176	6.05551114104e-06
1177	6.04730002362e-06
1178	6.03920512314e-06
1179	6.03119645388e-06
1180	6.02329493088e-06
1181	6.01541816701e-06
1182	6.00712087079e-06
1183	5.99898329098e-06
1184	5.99109582876e-06
1185	5.982692098e-06
1186	5.97467721862e-06
1187	5.96668566731e-06
1188	5.95889166505e-06
1189	5.95111904273e-06
1190	5.94291523622e-06
1191	5.93546794075e-06
1192	5.92741137716e-06
1193	5.91941081899e-06
1194	5.91211088189e-06
1195	5.90411216485e-06
1196	5.89636776807e-06
1197	5.8892546844e-06
1198	5.88171798749e-06
1199	5.87386442868e-06
1200	5.86636419394e-06
1201	5.85875741733e-06
1202	5.85132221376e-06
1203	5.8437674051e-06
1204	5.83603641882e-06
1205	5.82869479435e-06
1206	5.82072039745e-06
1207	5.81314915137e-06
1208	5.80525282871e-06
1209	5.79819025206e-06
1210	5.79067553095e-06
1211	5.78302822352e-06
1212	5.77575899846e-06
1213	5.76832116867e-06
1214	5.7609549604e-06
1215	5.75379850656e-06
1216	5.74669699302e-06
1217	5.73943366525e-06
1218	5.73232618207e-06
1219	5.72546492175e-06
1220	5.71823198449e-06
1221	5.71100716528e-06
1222	5.7041711628e-06
1223	5.69657149601e-06
1224	5.68967423779e-06
1225	5.68239373988e-06
1226	5.67530339093e-06
1227	5.66811576812e-06
1228	5.66075957534e-06
1229	5.6539394527e-06
1230	5.64653031142e-06
1231	5.63983814046e-06
1232	5.63249498964e-06
1233	5.62554720167e-06
1234	5.61912154131e-06
1235	5.61188707843e-06
1236	5.60515306075e-06
1237	5.59826675949e-06
1238	5.59184530286e-06
1239	5.58485986691e-06
1240	5.57825978917e-06
1241	5.57125576589e-06
1242	5.56530512835e-06
1243	5.55825627977e-06
1244	5.55166028413e-06
1245	5.54462399139e-06
1246	5.53811650386e-06
1247	5.53116016898e-06
1248	5.52455526409e-06
1249	5.51758046072e-06
1250	5.51092277953e-06
1251	5.5045680798e-06
1252	5.49790275407e-06
1253	5.49110458299e-06
1254	5.48488403393e-06
1255	5.47799347548e-06
1256	5.47188192485e-06
1257	5.46545729363e-06
1258	5.45922189693e-06
1259	9.99150504208e-06
1260	9.98607893352e-06
1261	9.98048798037e-06
1262	9.97462395726e-06
1263	9.96846694708e-06
1264	9.9621957878e-06
1265	9.95557465661e-06
1266	9.94927287347e-06
1267	9.94302117194e-06
1268	9.93590449841e-06
1269	9.92921171949e-06
1270	9.92231695604e-06
1271	9.91551563257e-06
1272	9.90858312108e-06
1273	9.90226726922e-06
1274	9.89452738284e-06
1275	9.88822844056e-06
1276	9.88168097507e-06
1277	9.87487928222e-06
1278	9.86795603392e-06
1279	9.86162321968e-06
1280	9.85506401148e-06
1281	9.84804648119e-06
1282	9.84169317912e-06
1283	9.83520428757e-06
1284	9.82782198907e-06
1285	9.82207569988e-06
1286	9.81481459548e-06
1287	9.80792783816e-06
1288	9.80106116346e-06
1289	9.79396314631e-06
1290	9.78401910724e-06
1291	9.77683772894e-06
1292	9.7698119546e-06
1293	9.75960460994e-06
1294	9.75191350879e-06
1295	9.74263757079e-06
1296	9.73449659639e-06
1297	9.7268421357e-06
1298	9.7184183666e-06
1299	9.70997036176e-06
1300	9.70119628022e-06
1301	9.69229686794e-06
1302	9.68355307149e-06
1303	9.67453788965e-06
1304	9.66510184635e-06
1305	9.65647384537e-06
1306	9.646462876e-06
1307	9.63751723029e-06
1308	9.62883038407e-06
1309	9.6195705695e-06
1310	9.61000509503e-06
1311	9.60147477051e-06
1312	9.59245106535e-06
1313	9.58309369536e-06
1314	9.57417191331e-06
1315	9.56477445326e-06
1316	9.55650407194e-06
1317	9.54798004998e-06
1318	9.53939208396e-06
1319	9.53062061847e-06
1320	9.52181610192e-06
1321	9.51297257323e-06
1322	9.5049758706e-06
1323	9.49667740934e-06
1324	9.48806530644e-06
1325	9.47890931706e-06
1326	9.47092101136e-06
1327	9.46220553968e-06
1328	9.45334649322e-06
1329	9.44444019396e-06
1330	9.4360507942e-06
1331	9.42728914423e-06
1332	9.41837372337e-06
1333	9.41028579921e-06
1334	9.4012830045e-06
1335	9.39316478464e-06
1336	9.38455821751e-06
1337	9.37598056077e-06
1338	9.36831926654e-06
1339	9.35949249035e-06
1340	9.35128999039e-06
1341	9.34346150518e-06
1342	9.33570064327e-06
1343	9.32773842392e-06
1344	9.31947918784e-06
1345	9.31137796836e-06
1346	9.30283012032e-06
1347	9.29496705068e-06
1348	9.28695701973e-06
1349	9.27908570743e-06
1350	9.27057334252e-06
1351	9.26177888355e-06
1352	9.25357857103e-06
1353	9.24572083822e-06
1354	9.23775881129e-06
1355	9.22976157866e-06
1356	9.22217971591e-06
1357	9.21429311296e-06
1358	9.20687717264e-06
1359	9.19887643536e-06
1360	9.19097211583e-06
1361	9.18321927031e-06
1362	9.17570978302e-06
1363	9.16814096141e-06
1364	9.16047723567e-06
1365	9.15290684552e-06
1366	9.14554003061e-06
1367	9.13758568433e-06
1368	9.12970564653e-06
1369	9.12201252855e-06
1370	9.11412034074e-06
1371	9.10628889464e-06
1372	9.09963750064e-06
1373	9.09142025547e-06
1374	9.08356369971e-06
1375	9.07591243299e-06
1376	9.06874014852e-06
1377	9.06058217885e-06
1378	9.05369148459e-06
1379	9.0467960493e-06
1380	9.03972368518e-06
1381	9.03221178998e-06
1382	9.02483494971e-06
1383	9.01753441448e-06
1384	9.01063993849e-06
1385	9.00335677489e-06
1386	8.99564639762e-06
1387	8.9881048972e-06
1388	8.98118501708e-06
1389	8.97368957597e-06
1390	8.96600953103e-06
1391	8.95869303628e-06
1392	8.95137190402e-06
1393	8.94363534159e-06
1394	8.93677890484e-06
1395	8.92969797419e-06
1396	8.92311697734e-06
1397	8.9162113106e-06
1398	8.90909137304e-06
1399	8.90262053162e-06
1400	8.89486815411e-06
1401	8.88838728923e-06
1402	8.8815376052e-06
1403	8.87435293282e-06
1404	8.8672568345e-06
1405	8.86037804157e-06
1406	8.85321903599e-06
1407	8.84566451869e-06
1408	8.83885392012e-06
1409	8.8316984334e-06
1410	8.82497696546e-06
1411	8.81756027355e-06
1412	8.81051933934e-06
1413	8.803483069e-06
1414	8.79614267542e-06
1415	8.78996897204e-06
1416	8.78352353722e-06
1417	8.77691490525e-06
1418	8.77052390489e-06
1419	8.76324989235e-06
1420	8.75701279839e-06
1421	8.7496839436e-06
1422	8.74300073072e-06
1423	8.73579838018e-06
1424	8.72823642072e-06
1425	8.72208839283e-06
1426	8.71403965936e-06
1427	8.70722964483e-06
1428	8.6993722573e-06
1429	8.69201387611e-06
1430	8.6849663557e-06
1431	8.67838125777e-06
1432	8.67222099804e-06
1433	8.66589580784e-06
1434	8.65941913001e-06
1435	8.65317196421e-06
1436	8.64735205206e-06
1437	8.64083318632e-06
1438	8.63539119761e-06
1439	8.62915984997e-06
1440	8.6232151891e-06
1441	8.61713707002e-06
1442	8.61171013043e-06
1443	8.60582174678e-06
1444	8.60054942712e-06
1445	8.59572821644e-06
1446	8.59228694747e-06
1447	8.58809090163e-06
1448	8.58481413936e-06
1449	8.58184459447e-06
1450	8.57858793319e-06
1451	8.5750554708e-06
1452	8.57220385034e-06
1453	8.56883524837e-06
1454	8.5648939402e-06
1455	8.56157892677e-06
1456	8.55755835978e-06
1457	8.55349292198e-06
1458	8.54888199076e-06
1459	8.54479748212e-06
1460	8.5402639727e-06
1461	8.53552885136e-06
1462	8.53032830984e-06
1463	8.52595361432e-06
1464	8.52139516682e-06
1465	8.51620408269e-06
1466	8.51141985921e-06
1467	8.5064596134e-06
1468	8.50127212184e-06
1469	8.49563872496e-06
1470	8.49087441638e-06
1471	8.48626416907e-06
1472	8.48145611112e-06
1473	8.47622340128e-06
1474	8.47141070383e-06
1475	8.46693927984e-06
1476	8.46162190701e-06
1477	8.45664786221e-06
1478	8.45182420483e-06
1479	8.44691379382e-06
1480	8.44274244218e-06
1481	8.43750811488e-06
1482	8.43317564965e-06
1483	8.42827122013e-06
1484	8.42395314799e-06
1485	8.41913529393e-06
1486	8.41452129381e-06
1487	8.40975850939e-06
1488	8.40512148728e-06
1489	8.40036714464e-06
1490	8.39575092314e-06
1491	8.3907460773e-06
1492	8.38587326259e-06
1493	8.38117167649e-06
1494	8.37593483044e-06
1495	8.37092808165e-06
1496	8.3659294064e-06
1497	8.36103376567e-06
1498	8.35584221395e-06
1499	8.35074058668e-06
1500	8.34573764076e-06
1501	8.33997214712e-06
1502	8.33433146641e-06
1503	8.32867435935e-06
1504	8.32315430928e-06
1505	8.31743277612e-06
1506	8.31150946421e-06
1507	8.3025296434e-06
1508	8.30181840603e-06
1509	8.29886145312e-06
1510	8.28922873599e-06
1511	8.28611389944e-06
1512	8.27733504193e-06
1513	8.27222217252e-06
1514	8.27126602004e-06
1515	8.2612455437e-06
1516	8.25317642301e-06
1517	8.24734499957e-06
1518	8.2413793022e-06
1519	8.23792783053e-06
1520	8.22434980767e-06
1521	8.21343531688e-06
1522	8.20538118295e-06
1523	8.19964633966e-06
1524	8.19300144509e-06
1525	8.18539649724e-06
1526	8.17682983837e-06
1527	8.16738642116e-06
1528	8.15759209767e-06
1529	8.14844192314e-06
1530	8.13857643883e-06
1531	8.12958867852e-06
1532	8.12022682236e-06
1533	8.11105874745e-06
1534	8.102253211e-06
1535	8.09276275254e-06
1536	8.08299830272e-06
1537	8.07389830735e-06
1538	8.064434623e-06
1539	8.05507460472e-06
1540	8.04502919551e-06
1541	8.03497027545e-06
1542	8.02589319948e-06
1543	8.01626224077e-06
1544	8.0063215628e-06
1545	7.99605704702e-06
1546	7.98655917379e-06
1547	7.97675442025e-06
1548	7.96646222911e-06
1549	7.9570620181e-06
1550	7.94815821236e-06
1551	7.93882773311e-06
1552	7.92926884295e-06
1553	7.91983472769e-06
1554	7.91022655903e-06
1555	7.90075555563e-06
1556	7.89018560582e-06
1557	7.88124331978e-06
1558	7.87200947989e-06
1559	7.86269520033e-06
1560	7.85274983947e-06
1561	7.84334813328e-06
1562	7.83460950122e-06
1563	7.82631339832e-06
1564	7.81765160073e-06
1565	7.80863681817e-06
1566	7.79964212016e-06
1567	7.79096619729e-06
1568	7.7813415178e-06
1569	7.77286908178e-06
1570	7.76455776839e-06
1571	7.75636886457e-06
1572	7.74865107074e-06
1573	7.74052405486e-06
1574	7.7322500018e-06
1575	7.72488652046e-06
1576	7.71791988238e-06
1577	7.71110211598e-06
1578	7.7044929804e-06
1579	7.69843519093e-06
1580	7.69210215184e-06
1581	7.68639751722e-06
1582	7.68122816735e-06
1583	7.67726874831e-06
1584	7.67317498737e-06
1585	7.6691300603e-06
1586	7.66584340993e-06
1587	7.66296628319e-06
1588	7.66009479156e-06
1589	7.65783851188e-06
1590	7.65674469375e-06
1591	7.65635348188e-06
1592	7.65751430192e-06
1593	7.66124558992e-06
1594	7.66616020286e-06
1595	7.67376291581e-06
1596	7.68351966077e-06
1597	7.68804874315e-06
1598	7.68633588199e-06
1599	7.69018107718e-06
1600	7.70689220813e-06
1601	7.72959539772e-06
1602	7.75505374465e-06
1603	7.78373641636e-06
1604	7.81546341091e-06
1605	7.84620543573e-06
1606	7.86632617429e-06
1607	7.87178516656e-06
1608	7.86660971672e-06
1609	7.85174194215e-06
1610	7.83194930638e-06
1611	7.80491394708e-06
1612	7.77290947297e-06
1613	7.73580176969e-06
1614	7.69118762343e-06
1615	7.6371930373e-06
1616	7.59540134595e-06
1617	7.54811545921e-06
1618	7.49723008426e-06
1619	7.44625943239e-06
1620	7.39307198629e-06
1621	7.33734758932e-06
1622	7.28689321264e-06
1623	7.23900592345e-06
1624	7.19775203196e-06
1625	7.1596434193e-06
1626	7.12568521244e-06
1627	7.0958462404e-06
1628	7.06758493097e-06
1629	7.04291674368e-06
1630	7.01998110259e-06
1631	6.99916219331e-06
1632	6.98098794213e-06
1633	6.96691678572e-06
1634	6.9573513165e-06
1635	6.94751151862e-06
1636	6.93886346847e-06
1637	6.93087248823e-06
1638	6.92374831973e-06
1639	6.91805172598e-06
1640	6.91253600113e-06
1641	6.90862939789e-06
1642	6.90548885692e-06
1643	6.90491766414e-06
1644	6.91138060054e-06
1645	6.916856326e-06
1646	6.92169406785e-06
1647	6.92347925601e-06
1648	6.92197976247e-06
1649	6.91955372556e-06
1650	6.91255539628e-06
1651	6.90309495941e-06
1652	6.89562356279e-06
1653	6.84102773704e-06
1654	6.7983802242e-06
1655	6.7945784795e-06
1656	6.6277660382e-06
1657	6.27267564856e-06
1658	5.973693666e-06
1659	5.76065062212e-06
1660	5.58247549316e-06
1661	9.99498215409e-06
1662	9.77949389001e-06
1663	9.59083279995e-06
1664	9.42362247928e-06
1665	9.27504489547e-06
1666	9.14296416917e-06
1667	9.02412658498e-06
1668	8.91762671293e-06
1669	8.82091009167e-06
1670	8.73175305755e-06
1671	8.64900567954e-06
1672	8.57308575289e-06
1673	8.50319185388e-06
1674	8.43585226576e-06
1675	8.3733238567e-06
1676	8.31521273705e-06
1677	8.25983655246e-06
1678	8.20758974799e-06
1679	8.15808099681e-06
1680	8.11065057676e-06
1681	8.06578715446e-06
1682	8.02204291349e-06
1683	7.98082251119e-06
1684	7.93993062893e-06
1685	7.90181289915e-06
1686	7.86396733425e-06
1687	7.8280729991e-06
1688	7.79344442706e-06
1689	7.75978654132e-06
1690	7.72684807845e-06
1691	7.6952983238e-06
1692	7.66476724543e-06
1693	7.63405921353e-06
1694	7.60548507237e-06
1695	7.57689293089e-06
1696	7.54883644689e-06
1697	7.5221269465e-06
1698	7.49612619147e-06
1699	7.46979364445e-06
1700	7.44483362986e-06
1701	7.42040907666e-06
1702	7.39591751081e-06
1703	7.37229389209e-06
1704	7.34862895695e-06
1705	7.32591247844e-06
1706	7.3030656811e-06
1707	7.28045862162e-06
1708	7.25899228749e-06
1709	7.2385296645e-06
1710	7.21738630654e-06
1711	7.19633602379e-06
1712	7.17625068706e-06
1713	7.15573460001e-06
1714	7.13660959103e-06
1715	7.11728185335e-06
1716	7.09811797167e-06
1717	7.07898274035e-06
1718	7.06075507986e-06
1719	7.04231216593e-06
1720	7.02401292069e-06
1721	7.00582213318e-06
1722	6.98847024722e-06
1723	6.97084704359e-06
1724	6.95481941014e-06
1725	6.93728189967e-06
1726	6.92101248224e-06
1727	6.90342453835e-06
1728	6.8880989498e-06
1729	6.87239504638e-06
1730	6.85578410821e-06
1731	6.83981053263e-06
1732	6.82471026914e-06
1733	6.809875668e-06
1734	6.79283454914e-06
1735	6.77814644005e-06
1736	6.76368720068e-06
1737	6.74769386994e-06
1738	6.73432344177e-06
1739	6.71968447191e-06
1740	6.70519005093e-06
1741	6.68996783161e-06
1742	6.67566938749e-06
1743	6.66220333636e-06
1744	6.64816237754e-06
1745	6.63471182289e-06
1746	6.62015779304e-06
1747	6.60738196916e-06
1748	6.59416230095e-06
1749	6.58089879324e-06
1750	6.56657645377e-06
1751	6.5534254876e-06
1752	6.54126987727e-06
1753	6.52785637712e-06
1754	6.51466303531e-06
1755	6.50342361511e-06
1756	6.49011491442e-06
1757	6.4777869509e-06
1758	6.46527002366e-06
1759	6.45178814377e-06
1760	6.44069029768e-06
1761	6.42824216531e-06
1762	6.41589892242e-06
1763	6.40352746551e-06
1764	6.39144185272e-06
1765	6.37979770064e-06
1766	6.36822271316e-06
1767	6.35721688527e-06
1768	6.3458429921e-06
1769	6.33317042109e-06
1770	6.32228248286e-06
1771	6.31148816859e-06
1772	6.29956374334e-06
1773	6.28800841073e-06
1774	6.27641301739e-06
1775	6.26593102515e-06
1776	6.25473936939e-06
1777	6.2435371896e-06
1778	6.23291309814e-06
1779	6.22188805363e-06
1780	6.21056059943e-06
1781	6.20013182911e-06
1782	6.18952116449e-06
1783	6.17895584398e-06
1784	6.16832133466e-06
1785	6.1578570427e-06
1786	6.14764538816e-06
1787	6.13742252313e-06
1788	6.127695316e-06
1789	6.11619659489e-06
1790	6.10614816198e-06
1791	6.09557132665e-06
1792	6.08606090061e-06
1793	6.076867907e-06
1794	6.06544767648e-06
1795	6.05563412827e-06
1796	6.04547318882e-06
1797	6.03589903039e-06
1798	6.02586136938e-06
1799	6.01558260178e-06
1800	6.00662400187e-06
1801	5.9961855227e-06
1802	5.98713662192e-06
1803	5.97775562559e-06
1804	5.96749651175e-06
1805	5.95859600845e-06
1806	5.95003357923e-06
1807	5.93943309005e-06
1808	5.92983494088e-06
1809	5.92128179328e-06
1810	5.91145376898e-06
1811	5.90126825757e-06
1812	5.89309449538e-06
1813	5.88373432443e-06
1814	5.8739328367e-06
1815	5.86486563418e-06
1816	5.85601890155e-06
1817	5.84736116588e-06
1818	5.83842051502e-06
1819	5.8289535017e-06
1820	5.82073319198e-06
1821	5.81141690924e-06
1822	5.8031168983e-06
1823	5.7941481133e-06
1824	5.78562660482e-06
1825	5.77695403754e-06
1826	5.76728676798e-06
1827	5.75907342554e-06
1828	5.75026938747e-06
1829	5.74131714634e-06
1830	5.73382771759e-06
1831	5.7255293705e-06
1832	5.7166043642e-06
1833	5.70755034088e-06
1834	5.69886997655e-06
1835	5.69168597413e-06
1836	5.68341941516e-06
1837	5.67412978033e-06
1838	5.66482593094e-06
1839	5.6574578872e-06
1840	5.64908596847e-06
1841	5.640339165e-06
1842	5.6327642962e-06
1843	5.62483543799e-06
1844	5.61649304457e-06
1845	5.60897024424e-06
1846	5.6004721155e-06
1847	5.59213157681e-06
1848	5.58409306679e-06
1849	5.57645128649e-06
1850	5.56847085533e-06
1851	5.5609054923e-06
1852	5.55132324099e-06
1853	5.54417413286e-06
1854	5.5366848625e-06
1855	5.52802404046e-06
1856	5.52113238079e-06
1857	5.51309606276e-06
1858	5.50547493083e-06
1859	5.49720301233e-06
1860	5.4895609503e-06
1861	5.48207856601e-06
1862	5.47465090388e-06
1863	5.46614759612e-06
1864	5.45926687697e-06
1865	5.45142082237e-06
1866	5.44360188215e-06
1867	5.43707029874e-06
1868	5.42838698476e-06
1869	5.42090708854e-06
1870	5.41383383727e-06
1871	5.4057154996e-06
1872	5.39825011039e-06
1873	5.39112684054e-06
1874	5.38424818508e-06
1875	5.37642661935e-06
1876	9.99067109473e-06
1877	5.3724464942e-06
1878	9.9892102429e-06
1879	5.36908478512e-06
1880	9.97702142936e-06
1881	5.36432196578e-06
1882	9.96629914637e-06
1883	5.35972579271e-06
1884	9.95554907775e-06
1885	5.35286352622e-06
1886	9.95051013209e-06
1887	5.34889391633e-06
1888	9.93397274454e-06
1889	5.3431450275e-06
1890	9.92862562826e-06
1891	9.99585862298e-06
1892	5.34093078543e-06
1893	9.91879710304e-06
1894	9.98183438743e-06
1895	5.33787418708e-06
1896	9.92137397617e-06
1897	9.9892370344e-06
1898	5.33401395026e-06
1899	9.90991452437e-06
1900	9.97912564654e-06
1901	9.99612560448e-06
1902	9.99941849232e-06
1903	5.33630205569e-06
1904	9.91124165043e-06
1905	9.978395015e-06
1906	9.99180295085e-06
1907	5.33407747618e-06
1908	9.9085960143e-06
1909	9.9754155806e-06
1910	9.99101654501e-06
1911	5.33215891041e-06
1912	9.90712555714e-06
1913	9.97361653721e-06
1914	9.99047945646e-06
1915	9.99798749693e-06
1916	5.33371876088e-06
1917	9.91165161183e-06
1918	9.97275398091e-06
1919	9.99310821567e-06
1920	5.33102568926e-06
1921	9.89202405945e-06
1922	9.96125857184e-06
1923	9.98942078501e-06
1924	9.99653034209e-06
1925	9.99947334252e-06
1926	5.33274807645e-06
1927	9.91204818416e-06
1928	9.96835990416e-06
1929	9.9901043493e-06
1930	5.33015885923e-06
1931	9.89891566433e-06
1932	9.97067018965e-06
1933	9.98738428339e-06
1934	9.99424313829e-06
1935	5.32920564817e-06
1936	9.90374685945e-06
1937	9.96305295707e-06
1938	9.98643450168e-06
1939	9.99419546167e-06
1940	9.99562594843e-06
1941	9.99794189041e-06
1942	5.33257924534e-06
1943	9.90643346889e-06
1944	9.97699590682e-06
1945	9.99185324041e-06
1946	9.99984417575e-06
1947	5.33146074426e-06
1948	9.90248017499e-06
1949	9.96202860515e-06
1950	9.98632470111e-06
1951	9.99491868918e-06
1952	5.32967633952e-06
1953	9.89842919427e-06
1954	9.96051067648e-06
1955	9.98156390522e-06
1956	9.98350262949e-06
1957	9.99386015305e-06
1958	5.32898239045e-06
1959	9.90121420082e-06
1960	9.96484747922e-06
1961	9.98583234122e-06
1962	9.99472777162e-06
1963	5.32600962282e-06
1964	9.89381964452e-06
1965	9.95223877638e-06
1966	9.96360491869e-06
1967	9.97474163222e-06
1968	9.98889022932e-06
1969	9.98520249663e-06
1970	9.99197794318e-06
1971	9.99278987308e-06
1972	5.33373425159e-06
1973	9.90497886589e-06
1974	9.96124682467e-06
1975	9.98489675102e-06
1976	9.99005988055e-06
1977	9.99502146747e-06
1978	5.33095072866e-06
1979	9.90140774117e-06
1980	9.95682365724e-06
1981	9.97388250762e-06
1982	9.98925833475e-06
1983	5.32680260395e-06
1984	9.88861113117e-06
1985	9.95045193582e-06
1986	9.97093927138e-06
1987	9.98103371169e-06
1988	9.9844410461e-06
1989	9.99208363365e-06
1990	9.99688082448e-06
1991	9.99513274189e-06
1992	5.33151983719e-06
1993	9.90274811801e-06
1994	9.95566354458e-06
1995	9.97405433227e-06
1996	9.98919005561e-06
1997	9.99431957727e-06
1998	9.9909041275e-06
1999	9.9960728916e-06
2000	9.99759603655e-06
2001	5.33489070438e-06
2002	9.90813231471e-06
2003	9.96334184751e-06
2004	9.97842778669e-06
2005	9.9913618717e-06
2006	9.99703634775e-06
2007	5.33096153548e-06
2008	9.8948989113e-06
2009	9.95319259795e-06
2010	9.97618046923e-06
2011	9.987332703e-06
2012	9.98587654538e-06
2013	9.98554999529e-06
2014	9.99776930629e-06
2015	9.99745787387e-06
2016	5.33254233211e-06
2017	9.90045945141e-06
2018	9.95922629671e-06
2019	9.97226949475e-06
2020	9.98780527831e-06
2021	9.99630343785e-06
2022	9.9985915272e-06
2023	9.99923255792e-06
2024	5.33142078115e-06
2025	9.90215592039e-06
2026	9.96202974283e-06
2027	9.97684728692e-06
2028	9.98675983138e-06
2029	9.99476338444e-06
2030	9.99941950707e-06
2031	5.32977000581e-06
2032	9.89812641539e-06
2033	9.95271936804e-06
2034	9.9762165078e-06
2035	9.98059593919e-06
2036	9.99146128459e-06
2037	9.99676193438e-06
2038	9.99392980751e-06
2039	9.99804038277e-06
2040	9.99995098552e-06
2041	5.33031052637e-06
2042	9.90222951718e-06
2043	9.95571083796e-06
2044	9.971851688e-06
2045	9.98223073798e-06
2046	9.98434376156e-06
2047	9.99134804565e-06
2048	9.99373192491e-06
2049	9.99627672656e-06
2050	5.32863852201e-06
2051	9.89874206341e-06
2052	9.9552510801e-06
2053	9.96959261505e-06
2054	9.9717846388e-06
2055	9.97018375003e-06
2056	9.97493914522e-06
2057	9.97706206675e-06
2058	9.97361480889e-06
2059	9.98117009001e-06
2060	9.98713415403e-06
2061	9.99341287102e-06
2062	5.33222656792e-06
2063	9.90260894164e-06
2064	9.95503359105e-06
2065	9.97043810365e-06
2066	9.97496205548e-06
2067	9.98115156491e-06
2068	9.9860969046e-06
2069	9.99492420688e-06
2070	9.99645010774e-06
2071	9.99760345103e-06
2072	9.9982674877e-06
2073	9.99300865168e-06
2074	9.99327445503e-06
2075	5.33366203144e-06
2076	9.90543853032e-06
2077	9.96572416337e-06
2078	9.97279590202e-06
2079	9.98190692469e-06
2080	9.99165494477e-06
2081	9.9971861855e-06
2082	5.32878715616e-06
2083	9.89545651982e-06
2084	9.94845171622e-06
2085	9.97032886905e-06
2086	9.97295280069e-06
2087	9.97808140459e-06
2088	9.97373034434e-06
2089	9.97773561477e-06
2090	9.97773579282e-06
2091	9.98316267818e-06
2092	9.99448010052e-06
2093	9.99633747444e-06
2094	9.99195479727e-06
2095	9.99313992081e-06
2096	5.3301928785e-06
2097	9.90006239611e-06
2098	9.95694969692e-06
2099	9.97372284844e-06
2100	9.97570066232e-06
2101	9.97214078609e-06
2102	9.98026322777e-06
2103	9.97949176492e-06
2104	9.97893834131e-06
2105	9.99460530858e-06
2106	9.99912837514e-06
2107	9.99963025093e-06
2108	9.99863119147e-06
2109	9.99616856771e-06
2110	5.33099282409e-06
2111	9.89421252374e-06
2112	9.95240845838e-06
2113	9.97051605962e-06
2114	9.97941118667e-06
2115	9.98506375213e-06
2116	9.97808738037e-06
2117	9.98048435002e-06
2118	9.98546902985e-06
2119	9.984423717e-06
2120	9.98963242194e-06
2121	9.99265200246e-06
2122	9.98559995205e-06
2123	9.99365228539e-06
2124	9.99519887864e-06
2125	9.99305611964e-06
2126	9.98901894966e-06
2127	9.99175775036e-06
2128	9.99439797533e-06
2129	9.99682062636e-06
2130	5.33077785768e-06
2131	9.90016033594e-06
