1	0
2	0
3	0
4	0
5	0
6	0
7	0
8	0
9	0
10	0
11	0
12	0
13	0
14	0
15	0
16	1
17	1
18	1
19	1
20	1
21	1
22	1
23	1
24	1
25	1
26	1
27	1
28	1
29	1
30	1
31	1
32	1
33	2
34	2
35	2
36	2
37	2
38	2
39	2
40	2
41	2
42	2
43	2
44	2
45	2
46	2
47	2
48	2
49	2
50	3
51	3
52	3
53	3
54	3
55	3
56	3
57	3
58	3
59	3
60	3
61	3
62	3
63	3
64	3
65	3
66	3
67	3
68	4
69	4
70	4
71	4
72	4
73	4
74	4
75	4
76	4
77	4
78	4
79	4
80	4
81	4
82	4
83	4
84	4
85	5
86	5
87	5
88	5
89	5
90	5
91	5
92	5
93	5
94	5
95	5
96	5
97	5
98	5
99	5
100	5
101	5
102	6
103	6
104	6
105	6
106	6
107	6
108	6
109	6
110	6
111	6
112	6
113	6
114	6
115	6
116	6
117	6
118	7
119	7
120	7
121	7
122	7
123	7
124	7
125	7
126	7
127	7
128	7
129	7
130	7
131	7
132	7
133	7
134	7
135	8
136	8
137	8
138	8
139	8
140	8
141	8
142	8
143	8
144	8
145	8
146	8
147	8
148	8
149	8
150	8
151	9
152	9
153	9
154	9
155	9
156	9
157	9
158	9
159	9
160	9
161	9
162	9
163	9
164	9
165	9
166	9
167	9
168	10
169	10
170	10
171	10
172	10
173	10
174	10
175	10
176	10
177	10
178	10
179	10
180	10
181	10
182	10
183	10
184	11
185	11
186	11
187	11
188	11
189	11
190	11
191	11
192	11
193	11
194	11
195	11
196	11
197	11
198	11
199	11
200	12
201	12
202	12
203	12
204	12
205	12
206	12
207	12
208	12
209	12
210	12
211	12
212	12
213	12
214	12
215	13
216	13
217	13
218	13
219	13
220	13
221	13
222	13
223	13
224	13
225	13
226	13
227	13
228	13
229	13
230	14
231	14
232	14
233	14
234	14
235	14
236	14
237	14
238	14
239	14
240	14
241	14
242	14
243	14
244	14
245	15
246	15
247	15
248	15
249	15
250	15
251	15
252	15
253	15
254	15
255	15
256	15
257	15
258	15
259	15
260	15
261	16
262	16
263	16
264	16
265	16
266	16
267	16
268	16
269	16
270	16
271	16
272	16
273	16
274	16
275	16
276	16
277	17
278	17
279	17
280	17
281	17
282	17
283	17
284	17
285	17
286	17
287	17
288	17
289	17
290	17
291	17
292	17
293	18
294	18
295	18
296	18
297	18
298	18
299	18
300	18
301	18
302	18
303	18
304	18
305	18
306	18
307	18
308	18
309	18
310	19
311	19
312	19
313	19
314	19
315	19
316	19
317	19
318	19
319	19
320	19
321	19
322	19
323	19
324	19
325	19
326	20
327	20
328	20
329	20
330	20
331	20
332	20
333	20
334	20
335	20
336	20
337	20
338	20
339	20
340	20
341	20
342	21
343	21
344	21
345	21
346	21
347	21
348	21
349	21
350	21
351	21
352	21
353	21
354	21
355	21
356	21
357	21
358	22
359	22
360	22
361	22
362	22
363	22
364	22
365	22
366	22
367	22
368	22
369	22
370	22
371	22
372	22
373	22
374	23
375	23
376	23
377	23
378	23
379	23
380	23
381	23
382	23
383	23
384	23
385	23
386	23
387	23
388	23
389	23
390	24
391	24
392	24
393	24
394	24
395	24
396	24
397	24
398	24
399	24
400	24
401	24
402	24
403	24
404	24
405	24
406	25
407	25
408	25
409	25
410	25
411	25
412	25
413	25
414	25
415	25
416	25
417	25
418	25
419	25
420	25
421	25
422	25
423	26
424	26
425	26
426	26
427	26
428	26
429	26
430	26
431	26
432	26
433	26
434	26
435	26
436	26
437	26
438	26
439	27
440	27
441	27
442	27
443	27
444	27
445	27
446	27
447	27
448	27
449	27
450	27
451	27
452	27
453	27
454	27
455	27
456	28
457	28
458	28
459	28
460	28
461	28
462	28
463	28
464	28
465	28
466	28
467	28
468	28
469	28
470	28
471	28
472	28
473	29
474	29
475	29
476	29
477	29
478	29
479	29
480	29
481	29
482	29
483	29
484	29
485	29
486	29
487	29
488	29
489	30
490	30
491	30
492	30
493	30
494	30
495	30
496	30
497	30
498	30
499	30
500	30
501	30
502	30
503	30
504	30
505	31
506	31
507	31
508	31
509	31
510	31
511	31
512	31
513	31
514	31
515	31
516	31
517	31
518	31
519	31
520	31
521	31
522	32
523	32
524	32
525	32
526	32
527	32
528	32
529	32
530	32
531	32
532	32
533	32
534	32
535	32
536	32
537	32
538	32
539	33
540	33
541	33
542	33
543	33
544	33
545	33
546	33
547	33
548	33
549	33
550	33
551	33
552	33
553	33
554	33
555	33
556	34
557	34
558	34
559	34
560	34
561	34
562	34
563	34
564	34
565	34
566	34
567	34
568	34
569	34
570	34
571	34
572	34
573	34
574	35
575	35
576	35
577	35
578	35
579	35
580	35
581	35
582	35
583	35
584	35
585	35
586	35
587	35
588	35
589	35
590	35
591	36
592	36
593	36
594	36
595	36
596	36
597	36
598	36
599	36
600	36
601	36
602	36
603	36
604	36
605	36
606	36
607	36
608	37
609	37
610	37
611	37
612	37
613	37
614	37
615	37
616	37
617	37
618	37
619	37
620	37
621	37
622	37
623	37
624	37
625	38
626	38
627	38
628	38
629	38
630	38
631	38
632	38
633	38
634	38
635	38
636	38
637	38
638	38
639	38
640	38
