1	0.0143980571689
2	5.74304846138
3	2.73158151625
4	6.81671910995
5	3.40846672458
6	1.03919148122
7	3.03150780144
8	1.61849236612
9	0.667883855657
10	0.493297845325
11	0.449469688815
12	0.389164563445
13	0.160118297855
14	0.0757510799284
15	0.149742788845
16	0.0745236813856
17	0.0623217142458
18	0.0636946949104
19	0.0346650861997
20	0.0446064205594
21	0.0280561222341
22	0.0240301434145
23	0.0173140369669
24	0.021884012535
25	0.0216377123851
26	0.0184094969894
27	0.0130714497955
28	0.00978358692736
29	0.00779426474092
30	0.0102616577831
31	0.00950731475175
32	0.00712243985727
33	0.00717977418313
34	0.00365070016503
35	0.00296259384303
36	0.00436301764238
37	0.00440542932538
38	0.0036109768842
39	0.00322921162882
40	0.0017508692806
41	0.00126424822227
42	0.00147368407516
43	0.00201968717684
44	0.00164724850464
45	0.00136794563204
46	0.000745709612363
47	0.000680372220403
48	0.000847885343016
49	0.000620904829146
50	0.000650057866583
51	0.000623893539184
52	0.000616876838108
53	0.000696478064373
54	0.000725666229759
55	0.000335318107958
56	0.000377263127933
57	0.000360767711279
58	0.00032411754483
59	0.000293048102494
60	0.000266006529588
61	0.000264720925943
62	0.000264118885712
63	0.00026039270837
64	0.000253796188403
65	0.000249424547212
66	0.000233772052196
67	0.000227780662097
68	0.000224627319479
69	0.00023862796314
70	0.00021434243802
71	0.000216358439598
72	0.000217501087458
73	9.99277856694e-05
74	0.000154657248677
75	0.000121749678502
76	0.000137448147925
77	0.000147504495114
78	0.000136240732121
79	0.000152049513885
80	7.74879160886e-05
81	0.0001107557923
82	7.95344936354e-05
83	0.000121803843337
84	0.000104705373255
85	8.3720841531e-05
86	0.000102403649895
87	9.39338022739e-05
88	0.000103230099904
89	5.5694241457e-05
90	5.34405498984e-05
91	6.16707223681e-05
92	4.65630340129e-05
93	5.47086842353e-05
94	6.82818455999e-05
95	4.0750077003e-05
96	6.02929991643e-05
97	5.22618723677e-05
98	6.21015273712e-05
99	5.90577171332e-05
100	3.36664052575e-05
101	6.99739068108e-05
102	6.16052983324e-05
103	4.55074019929e-05
104	6.51838819671e-05
105	3.40902145335e-05
106	5.00673420912e-05
107	4.37700144932e-05
108	4.36436856995e-05
109	4.24108754437e-05
110	3.05545169636e-05
111	3.09843358476e-05
112	4.72692752332e-05
113	3.59167722149e-05
114	4.07652663673e-05
115	4.28945138764e-05
116	4.85760329865e-05
117	3.5351107012e-05
118	2.92441632911e-05
119	2.59667638881e-05
120	3.7876818341e-05
121	2.51304702069e-05
122	2.51800659439e-05
123	4.42477468943e-05
124	3.13226491827e-05
125	2.65423129328e-05
126	2.45428227114e-05
127	3.59874256093e-05
128	3.69877964724e-05
129	3.6904702797e-05
130	3.6077513941e-05
131	2.43678757603e-05
132	2.73449182321e-05
133	2.28472148138e-05
134	2.28383653783e-05
135	3.40751781549e-05
136	3.46827274496e-05
137	3.58964801635e-05
138	2.8813484567e-05
139	3.34417831368e-05
140	2.56265972595e-05
141	3.29112703058e-05
142	3.26515440713e-05
143	2.0102994809e-05
144	3.17828999148e-05
145	2.78449691622e-05
146	2.12625916175e-05
147	3.05019129695e-05
148	3.19914923473e-05
149	2.56738756979e-05
150	2.14242462872e-05
151	2.98446199504e-05
152	2.67263070663e-05
153	2.98790123166e-05
154	2.46554454495e-05
155	1.93843222856e-05
156	1.80125261109e-05
157	2.38698425835e-05
158	1.9227391757e-05
159	2.77605769688e-05
160	2.78060911404e-05
161	2.37401186437e-05
162	1.90199349267e-05
163	2.70090041628e-05
164	2.18402840739e-05
165	1.49925659032e-05
166	1.77312696492e-05
167	2.54670570166e-05
168	1.77684456494e-05
169	1.54665733003e-05
170	2.46623588846e-05
171	1.40363999691e-05
172	1.71490382993e-05
173	1.47300185943e-05
174	1.68909335409e-05
175	1.48734277279e-05
176	2.07707829791e-05
177	1.62533945987e-05
178	2.30300638335e-05
179	1.50431148586e-05
180	1.27997360267e-05
181	1.56310682916e-05
182	1.43343404968e-05
183	1.30306146342e-05
184	1.9116517463e-05
185	1.56928056476e-05
186	2.14375482725e-05
187	1.34297115591e-05
188	2.08395463936e-05
189	1.17123419228e-05
190	1.24501301067e-05
191	1.38207973623e-05
192	1.43234331901e-05
193	1.48268146203e-05
194	1.11149811817e-05
195	1.08680475509e-05
196	1.11388979483e-05
197	1.21300755294e-05
198	1.70198871897e-05
199	1.33423893458e-05
200	1.30055044542e-05
201	1.27408962181e-05
202	1.24274271828e-05
203	1.102551419e-05
204	1.47466073183e-05
205	1.29227734196e-05
206	1.01487002323e-05
207	1.04120297404e-05
208	1.34536597224e-05
209	1.2571964477e-05
210	9.67127462804e-06
211	1.61034622278e-05
212	9.83459948277e-06
213	9.06049582042e-06
214	1.07803410644e-05
215	1.10887407722e-05
216	1.16777785294e-05
217	1.05628289581e-05
218	1.38338914127e-05
219	1.16571671625e-05
220	1.10971010933e-05
221	9.54371962327e-06
222	1.0593753171e-05
223	1.45505389698e-05
224	1.12205640089e-05
225	1.08761772629e-05
226	1.02299292475e-05
227	9.55170613995e-06
228	1.06954434036e-05
229	9.04246272003e-06
230	1.26619474477e-05
231	1.05007530316e-05
232	1.0149761229e-05
233	8.89081606659e-06
234	8.48370229315e-06
235	1.00929571327e-05
236	8.16941790753e-06
237	1.3044681826e-05
238	9.47815143862e-06
239	9.55334057107e-06
240	8.98885729256e-06
241	8.52325661057e-06
242	9.35161951993e-06
243	8.35710794047e-06
244	1.04780725065e-05
245	9.14634257239e-06
246	1.28868592897e-05
247	9.42426524224e-06
248	1.31462137083e-05
249	9.32932024347e-06
250	1.22709847491e-05
251	1.00671429547e-05
252	8.69898094957e-06
253	1.24239203636e-05
254	8.67804702405e-06
255	1.27675971413e-05
256	8.66126240807e-06
257	1.19234965273e-05
258	9.20413138709e-06
259	8.138110402e-06
260	1.11684148115e-05
261	8.69350608637e-06
262	7.575854842e-06
263	1.10433824616e-05
264	8.35367871088e-06
265	7.3906005931e-06
266	1.06983011741e-05
267	8.24394564513e-06
268	7.18015883509e-06
269	1.03081273066e-05
270	8.08892167572e-06
271	7.04675373786e-06
272	1.00106939114e-05
273	7.88713115392e-06
274	6.88836168687e-06
275	9.73461217086e-06
276	7.69297676761e-06
277	6.74582401552e-06
278	9.46089603509e-06
279	7.52014251269e-06
280	6.62138107587e-06
281	9.20096988932e-06
282	7.3509177629e-06
283	6.50588038399e-06
284	6.26352169278e-06
285	8.94417717787e-06
286	1.31534906258e-05
287	6.44487828674e-06
288	6.2461769114e-06
289	1.30276379255e-05
290	1.27130784391e-05
291	1.21739176023e-05
292	6.07612667953e-06
293	5.84424365186e-06
294	8.24812508142e-06
295	1.23289686315e-05
296	8.32555093448e-06
297	9.34027597292e-06
298	1.28790438911e-05
299	1.15984917894e-05
300	5.67835240604e-06
301	7.51740965833e-06
302	1.24304531078e-05
303	1.21373888108e-05
304	1.20661719286e-05
305	1.24566123287e-05
306	1.20694624014e-05
307	1.17936063722e-05
308	1.15992344707e-05
309	1.14965890355e-05
310	1.14939266131e-05
311	1.14318652493e-05
312	1.1393382525e-05
313	1.12630890727e-05
314	1.11825283911e-05
315	1.10389868971e-05
316	1.09665475511e-05
317	1.08374983695e-05
318	1.0775805531e-05
319	1.06537414506e-05
320	1.05908341081e-05
321	1.04684275014e-05
322	1.04014523618e-05
323	9.94719783444e-06
324	8.27080694946e-06
325	1.0033729956e-05
326	1.03253499928e-05
327	9.93696204689e-06
328	1.18405438305e-05
329	8.66842522947e-06
330	9.38206476364e-06
331	8.19869687861e-06
332	9.08377620977e-06
333	1.22238372732e-05
334	8.77154768596e-06
335	9.12112856955e-06
336	8.78277790704e-06
337	1.05801533923e-05
338	7.8380194307e-06
339	8.65678214061e-06
340	8.47131788757e-06
341	1.04373727334e-05
342	7.68165918139e-06
343	8.43143496927e-06
344	8.22989342348e-06
345	1.00741819831e-05
346	7.41543939256e-06
347	8.16248583187e-06
348	7.96229743107e-06
349	9.73549233609e-06
350	7.17839142583e-06
351	7.90997325339e-06
352	7.70893571537e-06
353	9.41670665441e-06
354	6.94424639277e-06
355	7.6599713498e-06
356	7.46380543556e-06
357	9.10777393583e-06
358	6.7160384293e-06
359	7.41730637032e-06
360	7.22246431084e-06
361	8.80798447819e-06
362	6.49434851417e-06
363	7.16230952238e-06
364	6.99980904751e-06
365	6.97628490534e-06
366	1.22346949271e-05
367	6.37935495504e-06
368	7.16639108206e-06
369	6.87216010091e-06
370	1.15272183085e-05
371	7.64433975114e-06
372	6.84067150393e-06
373	1.21278266445e-05
374	8.7000867877e-06
375	7.32465550376e-06
376	1.23523478141e-05
377	6.70131811815e-06
378	1.09869145755e-05
379	1.22500944908e-05
380	7.06742888711e-06
381	1.21738611148e-05
382	6.61750000996e-06
383	1.15578620319e-05
384	1.14022540976e-05
385	6.80462056096e-06
386	1.10874420349e-05
387	1.09751336269e-05
388	1.19912167121e-05
389	7.12056380111e-06
390	1.1077125688e-05
391	1.12011651735e-05
392	1.10222394021e-05
393	1.04041741112e-05
394	1.06371458707e-05
395	1.00022261265e-05
396	1.05790434924e-05
397	9.95413849131e-06
398	1.05134171281e-05
399	9.86730821212e-06
400	1.03542780686e-05
401	9.69597707584e-06
402	1.01515029207e-05
403	9.50208014794e-06
404	9.96346821267e-06
405	1.15969181253e-05
406	9.65369506851e-06
407	1.00436746016e-05
408	9.65823843625e-06
409	1.10203982223e-05
410	1.17609868766e-05
411	8.27482363029e-06
412	1.12296989747e-05
413	1.09777381255e-05
414	7.64955880287e-06
415	1.03569021081e-05
416	7.20131710475e-06
417	1.13810712492e-05
418	6.12663668885e-06
419	1.03106682543e-05
420	1.032527242e-05
421	1.13164960515e-05
422	1.0703035743e-05
423	1.0433465599e-05
424	1.15594076077e-05
425	1.04751153093e-05
426	1.01367716132e-05
427	1.11886314357e-05
428	1.02515314556e-05
429	9.97000731053e-06
430	1.09433287366e-05
431	1.00564008785e-05
432	9.78455134373e-06
433	1.07466936138e-05
434	9.85363087793e-06
435	9.58318737379e-06
436	1.05496754259e-05
437	9.6501178235e-06
438	9.38681037534e-06
439	1.03542283851e-05
440	9.45224455264e-06
441	9.18678566074e-06
442	1.00983021527e-05
443	9.28068123728e-06
444	8.99688687232e-06
445	9.82971798915e-06
446	9.06693912804e-06
447	8.80795636616e-06
448	9.65579133517e-06
449	8.8690390629e-06
450	8.63198265986e-06
451	9.47476994864e-06
452	8.70190977832e-06
453	8.45687344362e-06
454	9.20513779131e-06
455	8.50820509859e-06
456	8.27202012311e-06
457	9.01960414203e-06
458	8.32952398075e-06
459	8.10041585826e-06
460	8.81220699207e-06
461	8.15894979256e-06
462	7.9343037682e-06
463	8.61309109953e-06
464	7.98788612931e-06
465	7.76897603346e-06
466	1.19530412047e-05
467	1.09133565261e-05
468	8.92934952001e-06
469	8.23064256909e-06
470	8.36335100868e-06
471	7.33241680202e-06
472	1.0930615019e-05
473	1.06226679164e-05
474	7.99865617075e-06
475	7.61918695493e-06
476	7.19211713169e-06
477	1.09769863914e-05
478	1.01191787696e-05
479	8.12445210527e-06
480	7.65565044964e-06
481	7.11379501846e-06
482	1.04565828905e-05
483	9.59573970951e-06
484	1.10824308067e-05
485	1.17884877663e-05
486	7.50236867709e-06
487	7.16510741924e-06
488	1.03704123291e-05
489	6.93785741565e-06
490	6.62817634264e-06
491	9.82041381455e-06
492	8.74361011167e-06
493	7.43159068633e-06
494	6.9474386121e-06
495	6.44264313794e-06
496	9.48978598035e-06
497	8.78042667197e-06
498	1.02391016835e-05
499	1.06070506652e-05
500	6.98667544434e-06
501	6.44955641091e-06
502	6.87632790846e-06
503	7.03355303154e-06
504	8.21761201929e-06
505	6.48534359816e-06
506	1.17182739422e-05
507	5.31855862276e-06
508	1.11150840509e-05
509	5.54104193638e-06
510	1.11315520132e-05
511	1.05668491364e-05
512	1.17841467965e-05
513	5.39355593305e-06
514	1.01888903075e-05
515	1.11421730304e-05
516	5.54796968601e-06
517	1.08134944411e-05
518	1.12648914088e-05
519	1.18019447391e-05
520	5.60198328053e-06
521	1.06213964993e-05
522	1.08815691118e-05
523	1.1346621209e-05
524	1.18581294199e-05
525	5.58874242142e-06
526	1.04371108846e-05
527	1.05894970784e-05
528	1.10055419744e-05
529	1.14961420214e-05
530	5.44596739879e-06
531	1.01741419462e-05
532	1.0345166358e-05
533	1.07548438408e-05
534	1.12394916738e-05
535	1.16446408635e-05
536	1.18680736307e-05
537	5.40038516068e-06
538	9.80751194257e-06
539	9.77164392099e-06
540	1.0130264959e-05
541	1.06366473885e-05
542	1.11007661031e-05
543	1.14022798305e-05
544	1.14945946449e-05
545	1.14138906135e-05
546	1.12362850492e-05
547	1.10363950392e-05
548	1.08648099181e-05
549	1.07413198382e-05
550	1.06662468621e-05
551	1.06257535667e-05
552	1.06019971609e-05
553	1.05801129326e-05
554	1.0550916541e-05
555	1.05108458214e-05
556	1.04607286476e-05
557	1.04037669485e-05
558	1.03436402816e-05
559	1.02834727178e-05
560	1.02251966804e-05
561	1.01694846566e-05
562	1.01161903028e-05
563	1.0064678514e-05
564	1.00142351909e-05
565	9.96422034126e-06
566	9.91421621622e-06
567	9.86410781277e-06
568	9.81391178905e-06
569	9.76373933854e-06
570	9.71375385629e-06
571	9.66408228205e-06
572	9.61478372782e-06
573	9.56587372742e-06
574	9.51732871452e-06
575	9.46911414981e-06
576	9.42118730387e-06
577	9.37343459936e-06
578	9.32567211948e-06
579	9.277937202e-06
580	9.2303856785e-06
581	9.18318650264e-06
582	9.13640570107e-06
583	9.09005011293e-06
584	9.04407191346e-06
585	8.99841437436e-06
586	8.95302534139e-06
587	8.90767738005e-06
588	8.86272171541e-06
589	8.81818169725e-06
590	8.7743854033e-06
591	8.7308889048e-06
592	8.68752692018e-06
593	8.64426126727e-06
594	8.60108072606e-06
595	8.55800321977e-06
596	8.51505631087e-06
597	8.4722705553e-06
598	8.42970182456e-06
599	8.38741815763e-06
600	8.34539534966e-06
601	8.30360987789e-06
602	8.26207019204e-06
603	8.22077450176e-06
604	8.1798235464e-06
605	8.13923911774e-06
606	8.09873456144e-06
607	8.05809466841e-06
608	8.01764904568e-06
609	7.97751952019e-06
610	7.93769805378e-06
611	7.89812639382e-06
612	7.8585038307e-06
613	7.81902365708e-06
614	7.77981858246e-06
615	7.74070193663e-06
616	7.70190701886e-06
617	7.66350361684e-06
618	7.62549330912e-06
619	7.58783455587e-06
620	7.55045752066e-06
621	7.51332088914e-06
622	7.47639412178e-06
623	7.43964468066e-06
624	7.40304596174e-06
625	7.3665883583e-06
626	7.3302694727e-06
627	7.29409667043e-06
628	7.25806781459e-06
629	7.22219660587e-06
630	7.18649100039e-06
631	7.15096828397e-06
632	7.11571158492e-06
633	7.08064369579e-06
634	7.04579343617e-06
635	7.01090677776e-06
636	6.97623133645e-06
637	6.94204208181e-06
638	6.90867465138e-06
639	6.87553939872e-06
640	6.84240663824e-06
