1	-0.000112696640908
2	-0.00911940673278
3	-0.00723794149048
4	-0.0105547910006
5	-0.0422129999975
6	-0.0427828620148
7	-0.0453450707516
8	-0.0479497927688
9	-0.0422239519648
10	-0.0416406045339
11	-0.041116364914
12	-0.0404973931919
13	-0.0404175310559
14	-0.0407652959886
15	-0.0407787992774
16	-0.040829408315
17	-0.0409101600583
18	-0.0403963255171
19	-0.0403572830502
20	-0.0402410429138
21	-0.0401981779145
22	-0.0401461662356
23	-0.040220473098
24	-0.0403166695847
25	-0.0403953035167
26	-0.0404556391365
27	-0.0404239050693
28	-0.040335876492
29	-0.0403203170772
30	-0.0402916515436
31	-0.0402720833076
32	-0.0402443094072
33	-0.0402076695434
34	-0.0401769597387
35	-0.0401664576466
36	-0.0401617021244
37	-0.0401353985382
38	-0.0401194013683
39	-0.04010929072
40	-0.0401029628727
41	-0.0400995485901
42	-0.0400938808505
43	-0.0400844227723
44	-0.0400724757783
45	-0.0400650828873
46	-0.0400642367612
47	-0.0400623798274
48	-0.0400583684964
49	-0.0400571508643
50	-0.0400551173534
51	-0.0400529959265
52	-0.0400506998343
53	-0.0400484703144
54	-0.0400472473493
55	-0.0400467203771
56	-0.0400454460295
57	-0.04004437397
58	-0.0400438629566
59	-0.0400435426041
60	-0.0400431654224
61	-0.0400425517427
62	-0.0400420352287
63	-0.0400415687036
64	-0.0400411299901
65	-0.0400405464574
66	-0.0400400425331
67	-0.0400396208861
68	-0.040039192987
69	-0.0400385608922
70	-0.0400380855246
71	-0.0400376168917
72	-0.0400371185681
73	-0.0400368821451
74	-0.0400365256118
75	-0.040036320365
76	-0.0400360805093
77	-0.040035758642
78	-0.0400354790487
79	-0.0400352295091
80	-0.0400351134658
81	-0.0400349220668
82	-0.0400347957526
83	-0.0400345302464
84	-0.0400344664481
85	-0.0400343438142
86	-0.0400342151666
87	-0.0400341077795
88	-0.0400339544913
89	-0.0400338610429
90	-0.0400337566716
91	-0.0400336720899
92	-0.0400336327199
93	-0.0400335809738
94	-0.0400334805214
95	-0.0400334377204
96	-0.0400333502151
97	-0.0400332830791
98	-0.040033059899
99	-0.0400329927162
100	-0.0400329663477
101	-0.0400329888514
102	-0.0400327914284
103	-0.0400327543115
104	-0.0400328139332
105	-0.0400327823011
106	-0.0400327228558
107	-0.040032682762
108	-0.0400326435497
109	-0.040032600253
110	-0.0400325604942
111	-0.0400325332802
112	-0.0400324611057
113	-0.0400324304343
114	-0.0400323870307
115	-0.0400323368064
116	-0.0400322638856
117	-0.0400322260456
118	-0.040032205168
119	-0.0400321691789
120	-0.0400321195175
121	-0.0400320944871
122	-0.040032067463
123	-0.0400319964229
124	-0.0400319647994
125	-0.0400319652608
126	-0.0400319332925
127	-0.0400318802675
128	-0.0400318327626
129	-0.0400317806146
130	-0.040031736121
131	-0.0400317070819
132	-0.0400316803974
133	-0.0400316488022
134	-0.0400316218219
135	-0.0400315708026
136	-0.0400315254533
137	-0.0400314729494
138	-0.0400314341397
139	-0.0400313867587
140	-0.0400313655446
141	-0.0400313172952
142	-0.0400312761104
143	-0.0400312541348
144	-0.040031217651
145	-0.0400311774285
146	-0.0400311793229
147	-0.040031135452
148	-0.0400311015496
149	-0.0400310659538
150	-0.0400310497765
151	-0.0400310023205
152	-0.0400309634552
153	-0.0400309222083
154	-0.0400308874662
155	-0.0400308602202
156	-0.0400308377134
157	-0.0400308014547
158	-0.0400307793736
159	-0.0400307363949
160	-0.040030703603
161	-0.0400306695583
162	-0.0400306691178
163	-0.0400306248295
164	-0.0400305957082
165	-0.0400305833579
166	-0.0400305700067
167	-0.0400305309683
168	-0.0400305102599
169	-0.040030493164
170	-0.0400304568037
171	-0.0400304444748
172	-0.0400304344312
173	-0.0400304222306
174	-0.0400304086434
175	-0.040030390461
176	-0.040030358575
177	-0.0400303355784
178	-0.0400302997112
179	-0.0400302820458
180	-0.04003027039
181	-0.0400302692414
182	-0.0400302607695
183	-0.0400302458896
184	-0.0400302163152
185	-0.0400302048864
186	-0.0400301715095
187	-0.0400301563537
188	-0.0400301233177
189	-0.0400301130794
190	-0.0400301084725
191	-0.0400300878668
192	-0.0400300693077
193	-0.0400300396251
194	-0.0400300300179
195	-0.0400300208139
196	-0.0400300094376
197	-0.0400299939277
198	-0.0400299672803
199	-0.0400299465652
200	-0.0400299257649
201	-0.0400299267443
202	-0.0400299176636
203	-0.0400299047244
204	-0.040029883447
205	-0.0400298652823
206	-0.0400298558942
207	-0.0400298439205
208	-0.0400298273286
209	-0.0400298068699
210	-0.0400297976643
211	-0.0400297785851
212	-0.0400297684387
213	-0.0400297597219
214	-0.0400297562536
215	-0.0400297411928
216	-0.0400297245231
217	-0.0400297106506
218	-0.0400296884012
219	-0.0400296847586
220	-0.0400296666465
221	-0.0400296646598
222	-0.0400296463746
223	-0.0400296239063
224	-0.0400296193754
225	-0.0400296187818
226	-0.0400296125208
227	-0.040029599429
228	-0.0400295808586
229	-0.0400295691105
230	-0.0400295483101
231	-0.0400295409501
232	-0.040029527159
233	-0.0400295220147
234	-0.0400295103494
235	-0.0400294880046
236	-0.0400294784322
237	-0.0400294588925
238	-0.0400294380257
239	-0.0400294351774
240	-0.0400294281875
241	-0.0400294161068
242	-0.040029402374
243	-0.0400293908443
244	-0.0400293740474
245	-0.0400293729869
246	-0.040029348565
247	-0.0400293298366
248	-0.0400293048949
249	-0.0400292833346
250	-0.0400292609123
251	-0.0400292451478
252	-0.0400292423145
253	-0.0400292170275
254	-0.0400292037332
255	-0.0400291785946
256	-0.0400291632063
257	-0.0400291397075
258	-0.0400291269696
259	-0.040029116503
260	-0.0400290950209
261	-0.0400290852425
262	-0.0400290663699
263	-0.0400290449162
264	-0.0400290368681
265	-0.0400290198107
266	-0.0400289989742
267	-0.0400289896153
268	-0.0400289736055
269	-0.0400289536042
270	-0.0400289434578
271	-0.0400289283908
272	-0.0400289089081
273	-0.0400288987901
274	-0.0400288834406
275	-0.0400288644302
276	-0.0400288543218
277	-0.0400288395415
278	-0.0400288210285
279	-0.0400288107247
280	-0.0400287967561
281	-0.0400287787142
282	-0.040028768274
283	-0.0400287553249
284	-0.0400287274184
285	-0.0400287006789
286	-0.0400286672817
287	-0.040028653677
288	-0.0400286367875
289	-0.04002864052
290	-0.04002865004
291	-0.0400286236717
292	-0.0400286092677
293	-0.0400285917002
294	-0.0400285758667
295	-0.0400285437091
296	-0.0400285302296
297	-0.040028512003
298	-0.0400284818648
299	-0.040028457072
300	-0.0400284433147
301	-0.0400284331173
302	-0.0400284046805
303	-0.0400283752132
304	-0.0400283460599
305	-0.0400283611687
306	-0.0400283758382
307	-0.0400283946278
308	-0.0400284138989
309	-0.0400284320752
310	-0.0400284511106
311	-0.0400284688168
312	-0.0400284876623
313	-0.0400285051095
314	-0.0400285237227
315	-0.0400285409148
316	-0.0400285592207
317	-0.0400285761626
318	-0.0400285941618
319	-0.0400286108923
320	-0.0400286285993
321	-0.040028645151
322	-0.0400286625693
323	-0.0400286215989
324	-0.04002858601
325	-0.0400285513897
326	-0.0400285274402
327	-0.0400285404281
328	-0.0400285081409
329	-0.0400284900924
330	-0.0400285030567
331	-0.0400284814404
332	-0.040028486148
333	-0.0400284421709
334	-0.0400284215346
335	-0.0400284345383
336	-0.0400284474871
337	-0.0400284183065
338	-0.040028404637
339	-0.0400284175524
340	-0.0400284301358
341	-0.0400284006032
342	-0.0400283870029
343	-0.0400283999084
344	-0.0400284120491
345	-0.0400283836325
346	-0.0400283705044
347	-0.0400283830435
348	-0.0400283951652
349	-0.0400283672195
350	-0.0400283544064
351	-0.0400283666637
352	-0.04002837858
353	-0.0400283513288
354	-0.0400283388398
355	-0.0400283509353
356	-0.0400283626105
357	-0.040028336054
358	-0.0400283239188
359	-0.0400283356955
360	-0.0400283471492
361	-0.0400283212587
362	-0.0400283094618
363	-0.0400283230134
364	-0.0400283356496
365	-0.0400283509649
366	-0.0400283085073
367	-0.0400282979422
368	-0.0400282994111
369	-0.0400283097708
370	-0.040028186656
371	-0.0400281999531
372	-0.0400282134865
373	-0.0400281317692
374	-0.0400281075115
375	-0.0400281138824
376	-0.0400280659126
377	-0.0400280851333
378	-0.0400280379794
379	-0.0400279965212
380	-0.040028009422
381	-0.0400279774026
382	-0.0400279865478
383	-0.0400279490425
384	-0.0400279067181
385	-0.0400279116169
386	-0.0400278773048
387	-0.0400278356947
388	-0.0400277414643
389	-0.0400277468018
390	-0.0400277104416
391	-0.0400276750048
392	-0.0400276545678
393	-0.0400276175489
394	-0.0400275980462
395	-0.040027561142
396	-0.040027537206
397	-0.0400275001592
398	-0.0400274748572
399	-0.0400274383178
400	-0.0400274134423
401	-0.0400273774458
402	-0.0400273534032
403	-0.0400273178805
404	-0.0400272943824
405	-0.0400272493223
406	-0.0400271997553
407	-0.0400271360066
408	-0.040027100243
409	-0.0400270562055
410	-0.0400270138551
411	-0.0400269860457
412	-0.04002694332
413	-0.0400268981721
414	-0.0400268715602
415	-0.04002684534
416	-0.0400268198485
417	-0.0400267705458
418	-0.0400267505439
419	-0.0400267244328
420	-0.0400266833239
421	-0.0400266334682
422	-0.0400265871948
423	-0.0400265414365
424	-0.0400264942786
425	-0.0400264475805
426	-0.040026402416
427	-0.0400263547112
428	-0.0400263095667
429	-0.0400262658109
430	-0.0400262192581
431	-0.0400261744745
432	-0.0400261306641
433	-0.0400260848791
434	-0.0400260406738
435	-0.0400259969172
436	-0.0400259512751
437	-0.0400259077008
438	-0.0400258643373
439	-0.0400258185043
440	-0.0400257754693
441	-0.0400257336454
442	-0.0400256888137
443	-0.040025634765
444	-0.0400255940315
445	-0.0400255502544
446	-0.0400255071229
447	-0.0400254671891
448	-0.0400254239632
449	-0.0400253958828
450	-0.0400253560004
451	-0.0400253135417
452	-0.0400252744316
453	-0.0400252358966
454	-0.0400251946463
455	-0.0400251562704
456	-0.0400251186609
457	-0.0400250780351
458	-0.0400250402154
459	-0.0400250031634
460	-0.0400249634329
461	-0.0400249263764
462	-0.0400248901361
463	-0.040024851165
464	-0.040024814753
465	-0.0400247791544
466	-0.0400247496111
467	-0.0400247237139
468	-0.0400246867898
469	-0.0400246478612
470	-0.0400246099078
471	-0.0400245769535
472	-0.0400245760222
473	-0.0400245301524
474	-0.040024492286
475	-0.0400244601853
476	-0.040024429038
477	-0.0400244155149
478	-0.0400243931775
479	-0.0400243562723
480	-0.0400243133013
481	-0.0400242825999
482	-0.0400242916766
483	-0.0400242236371
484	-0.0400241852749
485	-0.0400241534836
486	-0.0400241110626
487	-0.040024075801
488	-0.0400240406793
489	-0.0400239850873
490	-0.0400239554944
491	-0.0400239245149
492	-0.040023904203
493	-0.0400238713148
494	-0.040023835994
495	-0.040023811006
496	-0.0400238113059
497	-0.04002375887
498	-0.0400237243891
499	-0.040023686197
500	-0.0400236684748
501	-0.0400236298823
502	-0.0400235707014
503	-0.0400234835069
504	-0.0400233707653
505	-0.0400233462527
506	-0.0400232753238
507	-0.0400232423847
508	-0.0400231990702
509	-0.0400231720842
510	-0.0400231804119
511	-0.0400231619984
512	-0.0400231553954
513	-0.0400231324936
514	-0.0400231129638
515	-0.0400231127537
516	-0.0400230859716
517	-0.0400230632365
518	-0.0400230561412
519	-0.0400230660063
520	-0.0400230349705
521	-0.0400230199263
522	-0.0400230150181
523	-0.0400230229513
524	-0.0400230395034
525	-0.0400230087902
526	-0.0400229919608
527	-0.0400229846782
528	-0.0400229889814
529	-0.0400230028038
530	-0.0400229731911
531	-0.0400229554758
532	-0.0400229469967
533	-0.0400229517094
534	-0.0400229653494
535	-0.0400229858362
536	-0.0400230113952
537	-0.0400229812885
538	-0.0400229606825
539	-0.0400229462309
540	-0.0400229441477
541	-0.0400229511782
542	-0.04002296627
543	-0.0400229878412
544	-0.0400230135995
545	-0.0400230408294
546	-0.0400230672292
547	-0.0400230913942
548	-0.0400231128712
549	-0.040023131937
550	-0.0400231492771
551	-0.0400231656848
552	-0.0400231818462
553	-0.0400231982246
554	-0.0400232150364
555	-0.04002323229
556	-0.040023249857
557	-0.0400232675485
558	-0.0400232851795
559	-0.0400233026093
560	-0.0400233197596
561	-0.0400233366104
562	-0.0400233531841
563	-0.0400233695252
564	-0.0400233856842
565	-0.040023401703
566	-0.0400234176084
567	-0.0400234334122
568	-0.0400234491144
569	-0.0400234647083
570	-0.040023480185
571	-0.0400234955364
572	-0.0400235107576
573	-0.0400235258469
574	-0.0400235408054
575	-0.0400235556359
576	-0.0400235703421
577	-0.0400235849259
578	-0.0400235993833
579	-0.0400236137082
580	-0.0400236278973
581	-0.040023641952
582	-0.0400236558774
583	-0.0400236696806
584	-0.040023683368
585	-0.0400236969449
586	-0.0400237104148
587	-0.0400237237757
588	-0.0400237370234
589	-0.040023750156
590	-0.040023763176
591	-0.0400237760886
592	-0.0400237888999
593	-0.0400238016147
594	-0.0400238142361
595	-0.0400238267647
596	-0.0400238392001
597	-0.0400238515413
598	-0.0400238637871
599	-0.0400238759369
600	-0.0400238879909
601	-0.0400238999498
602	-0.0400239118151
603	-0.0400239235878
604	-0.0400239352695
605	-0.0400239468622
606	-0.0400239583661
607	-0.0400239697779
608	-0.0400239810943
609	-0.0400239923146
610	-0.0400240034404
611	-0.040024014475
612	-0.0400240254216
613	-0.0400240362812
614	-0.0400240470547
615	-0.0400240577425
616	-0.0400240683445
617	-0.0400240788604
618	-0.0400240892909
619	-0.040024099637
620	-0.0400241098996
621	-0.0400241200794
622	-0.0400241301777
623	-0.0400241401954
624	-0.0400241501337
625	-0.0400241599935
626	-0.0400241697761
627	-0.0400241794823
628	-0.0400241891128
629	-0.0400241986681
630	-0.0400242081487
631	-0.0400242175545
632	-0.0400242268837
633	-0.0400242361352
634	-0.0400242453088
635	-0.0400242544022
636	-0.040024263411
637	-0.0400242723346
638	-0.0400242811777
639	-0.0400242899471
640	-0.0400242986488
