1	0.999999999986
2	0.00616833858169
3	0.00642205109911
4	0.394949288726
5	0.0188996888832
6	0.0109326959938
7	0.0551188858917
8	0.238264159864
9	0.0253048047637
10	0.0206540880828
11	0.0542510111962
12	0.191590738274
13	0.0877669731665
14	0.0580710988016
15	0.165446026895
16	0.0704680010963
17	0.0332462931437
18	0.0230874443738
19	0.022861916217
20	0.0229045849881
21	0.0201348399752
22	0.0167441171859
23	0.0148971130833
24	0.0140988956352
25	0.012477248047
26	0.010473731567
27	0.00864504582652
28	0.00729222169624
29	0.00645232596552
30	0.0062921137966
31	0.00594089055625
32	0.00535109743124
33	0.00461462019381
34	0.00386867781558
35	0.00332112641445
36	0.00305210645548
37	0.00294004449719
38	0.00272217617527
39	0.00242072337614
40	0.00210027355251
41	0.00181195415182
42	0.00161603176679
43	0.00152981541013
44	0.00144588449001
45	0.00132813878752
46	0.00119104446386
47	0.00105452733164
48	0.000933510780205
49	0.000862583599604
50	0.000825921667832
51	0.000772866661159
52	0.000710053207283
53	0.00064481262258
54	0.000586129230723
55	0.00053894963842
56	0.000508245779118
57	0.000474815613215
58	0.00044503199494
59	0.000418766302351
60	0.000389955391221
61	0.00035714141401
62	0.000329586123034
63	0.000315764876944
64	0.000305859459066
65	0.000290845075155
66	0.000267569802181
67	0.000249359398088
68	0.000240686930078
69	0.000233296100072
70	0.000218545687135
71	0.000208180853835
72	0.000202433873368
73	0.000191782628785
74	0.000181717954091
75	0.000176535184822
76	0.00017050643686
77	0.00016100470753
78	0.000156254216225
79	0.000150110581673
80	0.00014385115712
81	0.000139059285343
82	0.000132690028454
83	0.000127581356991
84	0.00012211797532
85	0.000118150020255
86	0.000113867856759
87	0.000110337577571
88	0.000107590223999
89	0.000102475929871
90	9.82491459463e-05
91	9.28873548987e-05
92	8.84390295322e-05
93	8.63209569952e-05
94	8.44547375305e-05
95	8.30890529507e-05
96	8.19601039947e-05
97	7.88728301236e-05
98	7.72767790304e-05
99	7.5890715346e-05
100	7.47052999042e-05
101	7.38433224121e-05
102	7.14834714029e-05
103	7.02576143628e-05
104	6.93101712861e-05
105	6.90789304544e-05
106	6.71941410645e-05
107	6.53858981273e-05
108	6.4743468601e-05
109	6.39573651665e-05
110	6.29687696016e-05
111	6.20585257114e-05
112	6.0384480832e-05
113	5.90260676668e-05
114	5.88312011796e-05
115	5.82307404773e-05
116	5.74213615578e-05
117	5.66154401916e-05
118	5.59016105768e-05
119	5.49274267644e-05
120	5.38575192018e-05
121	5.23817736768e-05
122	5.21975886647e-05
123	5.17174117499e-05
124	5.09693389701e-05
125	5.04867760231e-05
126	4.95509744808e-05
127	4.82456330433e-05
128	4.68317914444e-05
129	4.65986663686e-05
130	4.68401028354e-05
131	4.63074595617e-05
132	4.58825801637e-05
133	4.47974776185e-05
134	4.44279744749e-05
135	4.37849645987e-05
136	4.32015065034e-05
137	4.33059345032e-05
138	4.36217814944e-05
139	4.28747747682e-05
140	4.25687826393e-05
141	4.18362599404e-05
142	4.12391890479e-05
143	4.10084185186e-05
144	4.09495097988e-05
145	4.03210091219e-05
146	3.97289546477e-05
147	3.98094787956e-05
148	3.92630480175e-05
149	3.90744166123e-05
150	3.85287981181e-05
151	3.84355279232e-05
152	3.78477390534e-05
153	3.75004966052e-05
154	3.77206233806e-05
155	3.70876554548e-05
156	3.7057054185e-05
157	3.6230551425e-05
158	3.55909702249e-05
159	3.59412792383e-05
160	3.55724698511e-05
161	3.54329759288e-05
162	3.48985610041e-05
163	3.47788449932e-05
164	3.42456621908e-05
165	3.38871987111e-05
166	3.40307191998e-05
167	3.33493217185e-05
168	3.29111783775e-05
169	3.30264694847e-05
170	3.27938694879e-05
171	3.23783980565e-05
172	3.22063500336e-05
173	3.18263403818e-05
174	3.14751192396e-05
175	3.11431954787e-05
176	3.09507653186e-05
177	3.06373236212e-05
178	3.09510928371e-05
179	3.04569683063e-05
180	3.02208264673e-05
181	2.98350378008e-05
182	2.94644288845e-05
183	2.92665930397e-05
184	2.89497523734e-05
185	2.85739307339e-05
186	2.88869538537e-05
187	2.85778063769e-05
188	2.83642245867e-05
189	2.79279750162e-05
190	2.77561628414e-05
191	2.749309361e-05
192	2.71011680474e-05
193	2.68688552473e-05
194	2.6618719176e-05
195	2.662276564e-05
196	2.63662019153e-05
197	2.60323914725e-05
198	2.57984971579e-05
199	2.5543225741e-05
200	2.57414259228e-05
201	2.53922042139e-05
202	2.49244353785e-05
203	2.47157527421e-05
204	2.45881117975e-05
205	2.42498537289e-05
206	2.43740135328e-05
207	2.40760271353e-05
208	2.37618921242e-05
209	2.36624703168e-05
210	2.3380650584e-05
211	2.32256095968e-05
212	2.30436454989e-05
213	2.29280782827e-05
214	2.2650363433e-05
215	2.25276842136e-05
216	2.22693541328e-05
217	2.1990829928e-05
218	2.19275615325e-05
219	2.16975262088e-05
220	2.17662374149e-05
221	2.15070898998e-05
222	2.11530254271e-05
223	2.08862580052e-05
224	2.05455065529e-05
225	2.07648525363e-05
226	2.06473855245e-05
227	2.03945165876e-05
228	2.0194777661e-05
229	1.9872721725e-05
230	1.98012461222e-05
231	1.9590163796e-05
232	1.96517898962e-05
233	1.94156089207e-05
234	1.91948533852e-05
235	1.8885172969e-05
236	1.86443910401e-05
237	1.8712085578e-05
238	1.85643247599e-05
239	1.85919100771e-05
240	1.82155024547e-05
241	1.79906718508e-05
242	1.79279695967e-05
243	1.7713300786e-05
244	1.76487090907e-05
245	1.74125962392e-05
246	1.73944638279e-05
247	1.72730518172e-05
248	1.70732699507e-05
249	1.6992101178e-05
250	1.68014352574e-05
251	1.66796368498e-05
252	1.64766262505e-05
253	1.64045817631e-05
254	1.62604500682e-05
255	1.61030417419e-05
256	1.60438312333e-05
257	1.58853943898e-05
258	1.57558452402e-05
259	1.55544361443e-05
260	1.54818930946e-05
261	1.52845747602e-05
262	1.51050691422e-05
263	1.51317479133e-05
264	1.49073585792e-05
265	1.47516938895e-05
266	1.47634493254e-05
267	1.45365555385e-05
268	1.43710718619e-05
269	1.43988772425e-05
270	1.41722129012e-05
271	1.3987511369e-05
272	1.4015637094e-05
273	1.38085998081e-05
274	1.36289649232e-05
275	1.36603526114e-05
276	1.34624283457e-05
277	1.32818622871e-05
278	1.33114338819e-05
279	1.31235441179e-05
280	1.29406506778e-05
281	1.29694702904e-05
282	1.27943175637e-05
283	1.26059440364e-05
284	1.26280290229e-05
285	1.24782737777e-05
286	1.22865927655e-05
287	1.21895936792e-05
288	1.25038859832e-05
289	1.21742261306e-05
290	1.18299701945e-05
291	1.20694532018e-05
292	1.16109187726e-05
293	1.18500371449e-05
294	1.16614927281e-05
295	1.13763170636e-05
296	1.12541155829e-05
297	1.15127133885e-05
298	1.14227235688e-05
299	1.13334976644e-05
300	1.10162831612e-05
301	1.11014869503e-05
302	1.07540222853e-05
303	1.05965911381e-05
304	1.07110792491e-05
305	1.06874023407e-05
306	1.07920741036e-05
307	1.05714791377e-05
308	1.03333267774e-05
309	1.01960329343e-05
310	1.01289256005e-05
311	1.00913108826e-05
312	1.00349156994e-05
313	9.96290241983e-06
314	9.86992513042e-06
315	9.78056533488e-06
316	9.68987082706e-06
317	9.60912474725e-06
318	9.52696392493e-06
319	9.45105217719e-06
320	9.37218712925e-06
321	9.29863248478e-06
322	9.22106244965e-06
323	1.30109307564e-05
324	1.03091739984e-05
325	8.13519941498e-06
326	8.61553236615e-06
327	9.26651334625e-06
328	9.58071790943e-06
329	9.12801314209e-06
330	8.51306163726e-06
331	8.3816114719e-06
332	7.86537647214e-06
333	7.95493455809e-06
334	8.11853639377e-06
335	7.84295526503e-06
336	7.95059152133e-06
337	7.86083942364e-06
338	7.79612865708e-06
339	7.55952640149e-06
340	7.5905370865e-06
341	7.55497720443e-06
342	7.55752612907e-06
343	7.3551138499e-06
344	7.38471476007e-06
345	7.32870236453e-06
346	7.3118044854e-06
347	7.10963826461e-06
348	7.13793590442e-06
349	7.08855010892e-06
350	7.07469849599e-06
351	6.88251007241e-06
352	6.91047086158e-06
353	6.86153422265e-06
354	6.84647887222e-06
355	6.6607128764e-06
356	6.68832826752e-06
357	6.64115599519e-06
358	6.62619218003e-06
359	6.44720444612e-06
360	6.47357336806e-06
361	6.42791130094e-06
362	6.41327273779e-06
363	6.24040914025e-06
364	6.26116425501e-06
365	6.22908514335e-06
366	6.16834035255e-06
367	6.16949328308e-06
368	6.1121689508e-06
369	6.07972986105e-06
370	5.92875447428e-06
371	5.74143541991e-06
372	6.04971971877e-06
373	5.94575542887e-06
374	5.70561769332e-06
375	5.9404573556e-06
376	8.21676608288e-06
377	5.90398727135e-06
378	6.32586866498e-06
379	6.9249637855e-06
380	5.81796452156e-06
381	6.95313522081e-06
382	6.08036618945e-06
383	6.45465863214e-06
384	6.44786752113e-06
385	6.34132064106e-06
386	5.98734616096e-06
387	6.22565906899e-06
388	5.61844185811e-06
389	5.43055519993e-06
390	5.51840829512e-06
391	5.33112707965e-06
392	4.9543435293e-06
393	5.24059996775e-06
394	5.00184378019e-06
395	5.17927371602e-06
396	4.9271568039e-06
397	5.05866025655e-06
398	4.83892458117e-06
399	4.9856177951e-06
400	4.77771959485e-06
401	4.91657831302e-06
402	4.69986455468e-06
403	4.83263622283e-06
404	4.61666262073e-06
405	9.72720661177e-06
406	7.70465651576e-06
407	5.24502711007e-06
408	4.36211662301e-06
409	4.89908189652e-06
410	5.22824221341e-06
411	5.04862724233e-06
412	4.68985425171e-06
413	4.45826128412e-06
414	4.28360751292e-06
415	3.9832507391e-06
416	4.03414921904e-06
417	3.85817594449e-06
418	4.13055533788e-06
419	3.99177134342e-06
420	3.95477403185e-06
421	3.93517906444e-06
422	4.06129337402e-06
423	3.97626688074e-06
424	3.86403552189e-06
425	3.96919432975e-06
426	3.87684211803e-06
427	3.77040458351e-06
428	3.87373748261e-06
429	3.7983014373e-06
430	3.70668460473e-06
431	3.80420687513e-06
432	3.72279114256e-06
433	3.63131073994e-06
434	3.72548990401e-06
435	3.64548807447e-06
436	3.55817336239e-06
437	3.65111310182e-06
438	3.57230782447e-06
439	3.48705691716e-06
440	3.57754343971e-06
441	3.4998714746e-06
442	3.41614740208e-06
443	3.50467172814e-06
444	3.43213790902e-06
445	3.34612900444e-06
446	3.43221520598e-06
447	3.36159302625e-06
448	3.28165332192e-06
449	3.36632305775e-06
450	3.29410178815e-06
451	3.219141269e-06
452	3.29862896202e-06
453	3.22720925027e-06
454	3.14881072484e-06
455	3.22520257521e-06
456	3.15803465054e-06
457	3.08408142363e-06
458	3.16145201497e-06
459	3.09495158713e-06
460	3.02136024457e-06
461	3.09513571298e-06
462	3.03161591649e-06
463	2.96025518774e-06
464	3.03187322917e-06
465	2.96891228782e-06
466	2.89870469629e-06
467	3.04879718153e-06
468	3.21293864983e-06
469	3.04783026024e-06
470	2.95668543965e-06
471	2.83560209452e-06
472	2.67156144319e-06
473	2.81660089497e-06
474	2.71443016591e-06
475	2.89292966469e-06
476	2.77512776257e-06
477	2.64239033312e-06
478	2.80522710643e-06
479	2.98525445882e-06
480	2.83488443353e-06
481	2.78092899913e-06
482	2.62609668657e-06
483	2.63987719077e-06
484	2.61064354657e-06
485	2.69999099443e-06
486	2.71090319156e-06
487	2.75238315499e-06
488	2.64265394695e-06
489	2.6048597781e-06
490	2.57614214593e-06
491	2.46591516666e-06
492	2.55814628027e-06
493	2.68107214522e-06
494	2.58963298202e-06
495	2.54626861475e-06
496	2.39997161191e-06
497	2.4212324272e-06
498	2.365501846e-06
499	2.46923791585e-06
500	2.47339848866e-06
501	2.53234604175e-06
502	8.86835270809e-06
503	5.23231587247e-06
504	3.40746115682e-06
505	2.74326768351e-06
506	2.49802739196e-06
507	2.64395769993e-06
508	2.45944449808e-06
509	2.42256086195e-06
510	2.346800313e-06
511	2.32931486025e-06
512	2.07578323196e-06
513	2.12477716329e-06
514	1.94585609613e-06
515	1.90624385738e-06
516	2.01859940127e-06
517	2.03090556503e-06
518	1.96615928512e-06
519	2.00639864373e-06
520	2.08705166855e-06
521	2.02211192158e-06
522	1.90961381076e-06
523	1.92122562721e-06
524	1.99691100811e-06
525	2.08597112974e-06
526	2.00519520202e-06
527	1.87186420784e-06
528	1.86869966383e-06
529	1.93654826415e-06
530	2.02391072791e-06
531	1.95548150425e-06
532	1.82782958411e-06
533	1.82452279597e-06
534	1.89051744543e-06
535	1.97566924157e-06
536	2.04040676628e-06
537	2.06597280337e-06
538	1.90630870396e-06
539	1.73125598501e-06
540	1.71229883246e-06
541	1.78119327137e-06
542	1.87875056062e-06
543	1.95873664904e-06
544	1.9969511421e-06
545	1.99390212005e-06
546	1.96402327515e-06
547	1.92467483213e-06
548	1.88921413491e-06
549	1.8639024376e-06
550	1.8494954914e-06
551	1.84298032543e-06
552	1.84040854801e-06
553	1.83831711996e-06
554	1.83451414871e-06
555	1.82823802876e-06
556	1.81972413957e-06
557	1.80970472527e-06
558	1.79901137091e-06
559	1.78831078892e-06
560	1.77797145869e-06
561	1.76813132645e-06
562	1.758700692e-06
563	1.74928224623e-06
564	1.74007392762e-06
565	1.73095544481e-06
566	1.72185598415e-06
567	1.71273068819e-06
568	1.70364032988e-06
569	1.69458284047e-06
570	1.68555347929e-06
571	1.67657475608e-06
572	1.66766896844e-06
573	1.65883572369e-06
574	1.65007413424e-06
575	1.64138851896e-06
576	1.63276325373e-06
577	1.62418410185e-06
578	1.61563585014e-06
579	1.60711915842e-06
580	1.59864004143e-06
581	1.59021250281e-06
582	1.58185069936e-06
583	1.5735864735e-06
584	1.56541126955e-06
585	1.557317442e-06
586	1.54929168934e-06
587	1.54135008224e-06
588	1.53342892079e-06
589	1.52568583538e-06
590	1.51797648362e-06
591	1.51033139032e-06
592	1.50267872941e-06
593	1.4950304824e-06
594	1.48739752994e-06
595	1.47978322515e-06
596	1.47219248202e-06
597	1.46462953056e-06
598	1.4571083137e-06
599	1.44963929337e-06
600	1.44222385387e-06
601	1.43486688e-06
602	1.42755694897e-06
603	1.42030051141e-06
604	1.41300280673e-06
605	1.40571789372e-06
606	1.39850166838e-06
607	1.39135599774e-06
608	1.38441401202e-06
609	1.37748618833e-06
610	1.37057207308e-06
611	1.36366648701e-06
612	1.35666887405e-06
613	1.34971596171e-06
614	1.34295231542e-06
615	1.33628824355e-06
616	1.32971633862e-06
617	1.32319094202e-06
618	1.31668215159e-06
619	1.31019250059e-06
620	1.30372497425e-06
621	1.29729131581e-06
622	1.29089197641e-06
623	1.28452506638e-06
624	1.27820028671e-06
625	1.27190423348e-06
626	1.2656372998e-06
627	1.2593993194e-06
628	1.25318921636e-06
629	1.24700769401e-06
630	1.24085658767e-06
631	1.2347203029e-06
632	1.22845106458e-06
633	1.22221003844e-06
634	1.21607388198e-06
635	1.21018954114e-06
636	1.20457686245e-06
637	1.19906476839e-06
638	1.19355196247e-06
639	1.18804575447e-06
640	1.18252544446e-06
