1	0.0264200217787
2	0.000206219127888
3	0.000229808808014
4	0.0178781530192
5	0.000893398051927
6	0.000332716297264
7	0.00265838151518
8	0.00851100988683
9	0.00105330593312
10	0.000856167829748
11	0.00156598118629
12	0.00663601465295
13	0.002637112937
14	0.00129252601537
15	0.00698188188299
16	0.00184665335782
17	0.00108864564152
18	0.00107843119689
19	0.000627315056505
20	0.000949522074367
21	0.000681604718307
22	0.000637921156168
23	0.000472955020307
24	0.000602892215915
25	0.000592238790355
26	0.000501581058324
27	0.00035915138529
28	0.000272432396739
29	0.000221917002687
30	0.000302760906107
31	0.000288196947119
32	0.000220839722267
33	0.000226148255321
34	0.000116477047331
35	9.57584672378e-05
36	0.00014303276558
37	0.000146467439926
38	0.000121426937043
39	0.000109963556988
40	6.03900269485e-05
41	4.41776676205e-05
42	5.21325763729e-05
43	7.221059711e-05
44	5.94847066366e-05
45	4.99130723648e-05
46	2.75093817607e-05
47	2.53877049519e-05
48	3.19486477563e-05
49	2.36058158961e-05
50	2.49410849438e-05
51	2.41444653359e-05
52	2.40814913221e-05
53	2.74302830945e-05
54	2.88341778197e-05
55	1.34387318121e-05
56	1.52486579986e-05
57	1.46920587581e-05
58	1.33019359325e-05
59	1.21236031563e-05
60	1.10916200558e-05
61	1.11194672049e-05
62	1.11723153802e-05
63	1.10938625097e-05
64	1.08911310328e-05
65	1.07789465239e-05
66	1.01704370335e-05
67	9.97632835489e-06
68	9.90492167614e-06
69	1.05919614484e-05
70	9.57415636143e-06
71	9.72600340338e-06
72	9.83939738392e-06
73	4.54841804855e-06
74	7.08343966401e-06
75	5.6090568756e-06
76	6.36976265699e-06
77	6.87508811183e-06
78	6.38626871993e-06
79	7.16784010178e-06
80	3.67331164703e-06
81	5.2798401757e-06
82	3.81187523506e-06
83	5.86915462945e-06
84	5.07158535397e-06
85	4.07677031642e-06
86	5.01268235265e-06
87	4.621924632e-06
88	5.10575168534e-06
89	2.76851224342e-06
90	2.66991981756e-06
91	3.09601391606e-06
92	2.348535584e-06
93	2.7723026419e-06
94	3.47600294911e-06
95	2.08382928703e-06
96	3.09725549214e-06
97	2.69643848261e-06
98	3.2180823557e-06
99	3.07351816189e-06
100	1.75951330725e-06
101	3.67255919621e-06
102	3.24650951866e-06
103	2.40785672001e-06
104	3.46284791045e-06
105	1.81826141629e-06
106	2.68087953805e-06
107	2.35264002645e-06
108	2.35479855662e-06
109	2.29691658523e-06
110	1.66095375316e-06
111	1.69057111324e-06
112	2.58842341706e-06
113	1.9736891078e-06
114	2.24809786447e-06
115	2.3737965869e-06
116	2.69749272021e-06
117	1.96976994127e-06
118	1.63502577282e-06
119	1.45665450178e-06
120	2.1317639574e-06
121	1.41889225045e-06
122	1.42627913674e-06
123	2.51431544765e-06
124	1.78540461344e-06
125	1.51766441023e-06
126	1.40767780729e-06
127	2.07035149518e-06
128	2.13416924184e-06
129	2.1356917893e-06
130	2.09396950083e-06
131	1.41847997658e-06
132	1.5964038893e-06
133	1.33763669118e-06
134	1.34092926353e-06
135	2.00629325729e-06
136	2.04766978731e-06
137	2.12520174127e-06
138	1.71054958659e-06
139	1.99075137624e-06
140	1.52963162124e-06
141	1.96972356615e-06
142	1.95931700498e-06
143	1.20948954953e-06
144	1.91721916468e-06
145	1.68399384748e-06
146	1.28919531851e-06
147	1.85414034302e-06
148	1.94954767727e-06
149	1.56847789909e-06
150	1.31211034256e-06
151	1.83235028038e-06
152	1.64486202859e-06
153	1.84335839963e-06
154	1.52475952466e-06
155	1.20165169398e-06
156	1.11928691435e-06
157	1.48671464394e-06
158	1.20033061478e-06
159	1.73708876237e-06
160	1.74389572876e-06
161	1.49230141518e-06
162	1.19830337565e-06
163	1.70549289144e-06
164	1.3821489334e-06
165	9.50898754815e-07
166	1.12710537527e-06
167	1.62234098225e-06
168	1.13432497081e-06
169	9.89510254588e-07
170	1.5812136204e-06
171	9.01828811021e-07
172	1.1041496472e-06
173	9.50379726505e-07
174	1.09205769995e-06
175	9.63584696437e-07
176	1.34838157571e-06
177	1.05725314444e-06
178	1.50111506261e-06
179	9.82460044867e-07
180	8.3761475465e-07
181	1.024918154e-06
182	9.41726832084e-07
183	8.5773686902e-07
184	1.2607457519e-06
185	1.03691509585e-06
186	1.41922193877e-06
187	8.90747786558e-07
188	1.38482784588e-06
189	7.79745724083e-07
190	8.30408112873e-07
191	9.23525555474e-07
192	9.58844063272e-07
193	9.94317262822e-07
194	7.46729939803e-07
195	7.31450843442e-07
196	7.51009304483e-07
197	8.19270995952e-07
198	1.15153071646e-06
199	9.04274601062e-07
200	8.82976234994e-07
201	8.66491363373e-07
202	8.46600594585e-07
203	7.52359902985e-07
204	1.00795750682e-06
205	8.8475672378e-07
206	6.95987942893e-07
207	7.15217695662e-07
208	9.25651658756e-07
209	8.66381485428e-07
210	6.67554061267e-07
211	1.11330864824e-06
212	6.80983006275e-07
213	6.28371897042e-07
214	7.48817143484e-07
215	7.71436812744e-07
216	8.13653592052e-07
217	7.37093634326e-07
218	9.6682091249e-07
219	8.15919159147e-07
220	7.77892424585e-07
221	6.70000700869e-07
222	7.44815258228e-07
223	1.02449568186e-06
224	7.91170522344e-07
225	7.68006857546e-07
226	7.23415561757e-07
227	6.76419570236e-07
228	7.58483205458e-07
229	6.42161358943e-07
230	9.00462215753e-07
231	7.4779985149e-07
232	7.23809339575e-07
233	6.34900274567e-07
234	6.06654038162e-07
235	7.22692434418e-07
236	5.85741401409e-07
237	9.36547090957e-07
238	6.81384900595e-07
239	6.87703398183e-07
240	6.4791094509e-07
241	6.1514510538e-07
242	6.75794638407e-07
243	6.04699336693e-07
244	7.59130340699e-07
245	6.63480621499e-07
246	9.36000242963e-07
247	6.85347612809e-07
248	9.57203458883e-07
249	6.80116309083e-07
250	8.95664759657e-07
251	7.35690848119e-07
252	6.36474397521e-07
253	9.10108055127e-07
254	6.36449752782e-07
255	9.37489252966e-07
256	6.36709969791e-07
257	8.77552131157e-07
258	6.78187308863e-07
259	6.00330208903e-07
260	8.24813204085e-07
261	6.42751235403e-07
262	5.60749585565e-07
263	8.18328616395e-07
264	6.19692693947e-07
265	5.48856014867e-07
266	7.95374947865e-07
267	6.13558276293e-07
268	5.34964205262e-07
269	7.68846371949e-07
270	6.03955263735e-07
271	5.26699841883e-07
272	7.4902760412e-07
273	5.90742217475e-07
274	5.16470376499e-07
275	7.30631185417e-07
276	5.77976599826e-07
277	5.07331791903e-07
278	7.12246192088e-07
279	5.6669769612e-07
280	4.99466174133e-07
281	6.94740800691e-07
282	5.55584043679e-07
283	4.92195306502e-07
284	4.74321383822e-07
285	6.77969933722e-07
286	9.97968575714e-07
287	4.89436912522e-07
288	4.74806362503e-07
289	9.91228523817e-07
290	9.68176240778e-07
291	9.27969723923e-07
292	4.63574310181e-07
293	4.46297454813e-07
294	6.30439995237e-07
295	9.43183634173e-07
296	6.37474731006e-07
297	7.15812066564e-07
298	9.87881793611e-07
299	8.90425618458e-07
300	4.36308558816e-07
301	5.78124516916e-07
302	9.56762704318e-07
303	9.34981520851e-07
304	9.3027575074e-07
305	9.61183684989e-07
306	9.3209458238e-07
307	9.11541033086e-07
308	8.97247224856e-07
309	8.9002613745e-07
310	8.90535095819e-07
311	8.86435305371e-07
312	8.8415325684e-07
313	8.74732697369e-07
314	8.69156662741e-07
315	8.58668183501e-07
316	8.53692419643e-07
317	8.44294265951e-07
318	8.40127501827e-07
319	8.31239712498e-07
320	8.26952225187e-07
321	8.18004762394e-07
322	8.1337346066e-07
323	7.78424524985e-07
324	6.4758260619e-07
325	7.86054201532e-07
326	8.09403201637e-07
327	7.79483209436e-07
328	9.29453787817e-07
329	6.80905223322e-07
330	7.37454912008e-07
331	6.44866108047e-07
332	7.14940596156e-07
333	9.62706017896e-07
334	6.91250166344e-07
335	7.19261297708e-07
336	6.93028106388e-07
337	8.35382841211e-07
338	6.19251751684e-07
339	6.8436741861e-07
340	6.701236654e-07
341	8.26156109555e-07
342	6.08395815656e-07
343	6.68187204983e-07
344	6.52612546371e-07
345	7.99339050109e-07
346	5.88723784254e-07
347	6.48418612835e-07
348	6.3289092683e-07
349	7.74286276283e-07
350	5.71238619544e-07
351	6.29820855015e-07
352	6.14167914902e-07
353	7.50651342477e-07
354	5.53865910434e-07
355	6.11296058105e-07
356	5.95976047356e-07
357	7.27647020944e-07
358	5.36853346532e-07
359	5.9323557186e-07
360	5.7796821022e-07
361	7.05226740264e-07
362	5.20254265277e-07
363	5.74070629216e-07
364	5.61344414048e-07
365	5.5975140237e-07
366	9.82176398182e-07
367	5.12378102998e-07
368	5.75894274602e-07
369	5.52535812618e-07
370	9.27281000068e-07
371	6.15223781063e-07
372	5.50832868296e-07
373	9.77062187133e-07
374	7.01238252394e-07
375	5.90674278185e-07
376	9.96617468478e-07
377	5.40929027853e-07
378	8.87302271098e-07
379	9.89766087857e-07
380	5.71295072218e-07
381	9.84559367081e-07
382	5.35431216162e-07
383	9.35608715602e-07
384	9.23418524055e-07
385	5.51328170926e-07
386	8.98765820937e-07
387	8.90050668153e-07
388	9.72879285301e-07
389	5.77964154152e-07
390	8.99537650203e-07
391	9.09999827158e-07
392	8.95846056912e-07
393	8.45986826404e-07
394	8.65299059493e-07
395	8.14004862944e-07
396	8.61308822579e-07
397	8.10777403541e-07
398	8.56686260631e-07
399	8.04377350834e-07
400	8.44420744369e-07
401	7.91063929808e-07
402	8.28563567898e-07
403	7.75876564272e-07
404	8.13874618276e-07
405	9.47688996234e-07
406	7.89084736299e-07
407	8.21162100986e-07
408	7.89877979646e-07
409	9.01577154439e-07
410	9.62496211815e-07
411	6.77431378085e-07
412	9.19662454967e-07
413	8.99326813663e-07
414	6.26880707834e-07
415	8.49033285404e-07
416	5.90539071091e-07
417	9.33603389485e-07
418	5.02736913995e-07
419	8.46345576725e-07
420	8.4781361775e-07
421	9.29498092798e-07
422	8.79395592017e-07
423	8.57518959146e-07
424	9.50356042192e-07
425	8.614836964e-07
426	8.33917683373e-07
427	9.20731955705e-07
428	8.43878060554e-07
429	8.20954571225e-07
430	9.01371026364e-07
431	8.28570017608e-07
432	8.06413636459e-07
433	8.85971928664e-07
434	8.12590043654e-07
435	7.90520567072e-07
436	8.70498782503e-07
437	7.96506796805e-07
438	7.74998020158e-07
439	8.55113776448e-07
440	7.80848286194e-07
441	7.5913444619e-07
442	8.34689316786e-07
443	7.6732554075e-07
444	7.44068943421e-07
445	8.1316988683e-07
446	7.50277858038e-07
447	7.29047071456e-07
448	7.99439065442e-07
449	7.34502068747e-07
450	7.15062434407e-07
451	7.850856463e-07
452	7.21239847359e-07
453	7.01115899239e-07
454	7.63349267164e-07
455	7.05741656965e-07
456	6.86328647904e-07
457	7.48546859143e-07
458	6.91455812884e-07
459	6.72608400761e-07
460	7.318947999e-07
461	6.77811539134e-07
462	6.593139761e-07
463	7.15895415946e-07
464	6.64096485448e-07
465	6.46055633192e-07
466	9.942365441e-07
467	9.07975032248e-07
468	7.430887401e-07
469	6.85107674782e-07
470	6.96327520942e-07
471	6.10638459319e-07
472	9.10505475688e-07
473	8.85059286436e-07
474	6.66581695096e-07
475	6.35112681725e-07
476	5.9965194199e-07
477	9.15427257718e-07
478	8.44080044392e-07
479	6.77844767605e-07
480	6.38873899542e-07
481	5.93793588156e-07
482	8.73012029866e-07
483	8.0131784576e-07
484	9.25666556088e-07
485	9.84854317302e-07
486	6.26908066106e-07
487	5.98862895473e-07
488	8.66952603854e-07
489	5.80115188163e-07
490	5.54341058576e-07
491	8.21493884109e-07
492	7.31567932914e-07
493	6.21920665028e-07
494	5.81523694308e-07
495	5.39386415374e-07
496	7.9465896699e-07
497	7.3540742669e-07
498	8.57747211223e-07
499	8.88750125369e-07
500	5.85517396201e-07
501	5.40618371612e-07
502	5.76507053599e-07
503	5.897431335e-07
504	6.89077993494e-07
505	5.43868583204e-07
506	9.82824343968e-07
507	4.46126465963e-07
508	9.32478426233e-07
509	4.64913691007e-07
510	9.34130976757e-07
511	8.86875436371e-07
512	9.89176661357e-07
513	4.52798445378e-07
514	8.55500182202e-07
515	9.35654917815e-07
516	4.65949205243e-07
517	9.08323067192e-07
518	9.46355834232e-07
519	9.9160034961e-07
520	4.70742011129e-07
521	8.92671307216e-07
522	9.14645656038e-07
523	9.53854066573e-07
524	9.96983633172e-07
525	4.69941390254e-07
526	8.77762717177e-07
527	8.90680850373e-07
528	9.25786136872e-07
529	9.67177801083e-07
530	4.58232186499e-07
531	8.56197840181e-07
532	8.70688202154e-07
533	9.05275121372e-07
534	9.46186803381e-07
535	9.8041835322e-07
536	9.99357724889e-07
537	4.54800076094e-07
538	8.26071358723e-07
539	8.23138775168e-07
540	8.53444675695e-07
541	8.96212550421e-07
542	9.35432483141e-07
543	9.6095904103e-07
544	9.6885830871e-07
545	9.62172982492e-07
546	9.47314955033e-07
547	9.30573121311e-07
548	9.16213289619e-07
549	9.05905695249e-07
550	8.99679152009e-07
551	8.96367928966e-07
552	8.94467662389e-07
553	8.92724594851e-07
554	8.90363675316e-07
555	8.8708399073e-07
556	8.82955077024e-07
557	8.78246944145e-07
558	8.73270031658e-07
559	8.68288061379e-07
560	8.6346423595e-07
561	8.5885542034e-07
562	8.5444936089e-07
563	8.50192478578e-07
564	8.46024505781e-07
565	8.4189141593e-07
566	8.37757908594e-07
567	8.33614281082e-07
568	8.29461932722e-07
569	8.2531027187e-07
570	8.21173127755e-07
571	8.17061224267e-07
572	8.12979607076e-07
573	8.08929576096e-07
574	8.04909186503e-07
575	8.0091551014e-07
576	7.9694495349e-07
577	7.9298792908e-07
578	7.89028902348e-07
579	7.85071002717e-07
580	7.81127458175e-07
581	7.7721256272e-07
582	7.73331927257e-07
583	7.69486147969e-07
584	7.65671185985e-07
585	7.61882258166e-07
586	7.58114969022e-07
587	7.54350072479e-07
588	7.50617305719e-07
589	7.46918686904e-07
590	7.43282001516e-07
591	7.39669682744e-07
592	7.36067720149e-07
593	7.32472924451e-07
594	7.28884315934e-07
595	7.25303418753e-07
596	7.21732620566e-07
597	7.18174484307e-07
598	7.14633757966e-07
599	7.11116230664e-07
600	7.07619866187e-07
601	7.04142676676e-07
602	7.00685389582e-07
603	6.97247851034e-07
604	6.9383864077e-07
605	6.90459617719e-07
606	6.87086457922e-07
607	6.8370090369e-07
608	6.80330968869e-07
609	6.76986956047e-07
610	6.73668217587e-07
611	6.70369820533e-07
612	6.67066242088e-07
613	6.63773894749e-07
614	6.60504063176e-07
615	6.5724091338e-07
616	6.54004238784e-07
617	6.50800004475e-07
618	6.47628339509e-07
619	6.44485730064e-07
620	6.4136626895e-07
621	6.38266440927e-07
622	6.3518367551e-07
623	6.32115211408e-07
624	6.29058796226e-07
625	6.26013622659e-07
626	6.22979483203e-07
627	6.19957039203e-07
628	6.16946086235e-07
629	6.13947804542e-07
630	6.1096288714e-07
631	6.07992797257e-07
632	6.05044637078e-07
633	6.02111810072e-07
634	5.99196812049e-07
635	5.96278025383e-07
636	5.93376531359e-07
637	5.90515718819e-07
638	5.87724139483e-07
639	5.84951668131e-07
640	5.82178765744e-07
