1	22
2	8
3	10
4	6
5	6
6	9
7	6
8	7
9	6
10	7
11	7
12	7
13	7
14	7
15	6
16	7
17	6
18	6
19	7
20	5
21	5
22	4
23	6
24	6
25	6
26	5
27	4
28	4
29	6
30	4
31	5
32	6
33	5
34	4
35	5
36	4
37	4
38	5
39	4
40	5
41	5
42	5
43	4
44	5
45	5
46	5
47	5
48	5
49	5
50	5
51	5
52	5
53	5
54	4
55	6
56	6
57	6
58	6
59	6
60	6
61	6
62	6
63	6
64	6
65	6
66	6
67	6
68	6
69	6
70	6
71	6
72	6
73	8
74	7
75	7
76	6
77	7
78	7
79	6
80	9
81	7
82	8
83	7
84	6
85	8
86	7
87	8
88	7
89	8
90	8
91	8
92	9
93	8
94	8
95	9
96	8
97	9
98	7
99	9
100	8
101	6
102	7
103	8
104	7
105	9
106	9
107	8
108	8
109	8
110	8
111	8
112	8
113	9
114	8
115	8
116	8
117	9
118	8
119	8
120	8
121	10
122	10
123	8
124	9
125	8
126	8
127	8
128	9
129	8
130	9
131	10
132	9
133	8
134	8
135	8
136	9
137	8
138	9
139	8
140	9
141	8
142	9
143	10
144	9
145	9
146	8
147	8
148	9
149	9
150	8
151	8
152	9
153	8
154	9
155	8
156	10
157	9
158	8
159	8
160	9
161	9
162	8
163	8
164	9
165	8
166	8
167	8
168	10
169	10
170	8
171	10
172	8
173	8
174	8
175	10
176	9
177	8
178	8
179	10
180	10
181	8
182	8
183	10
184	9
185	8
186	8
187	10
188	8
189	10
190	8
191	8
192	10
193	9
194	10
195	10
196	10
197	10
198	9
199	8
200	8
201	8
202	8
203	10
204	9
205	8
206	10
207	10
208	10
209	9
210	10
211	9
212	10
213	10
214	8
215	10
216	9
217	10
218	9
219	8
220	8
221	8
222	8
223	9
224	8
225	8
226	8
227	10
228	9
229	10
230	9
231	8
232	8
233	8
234	10
235	9
236	10
237	9
238	8
239	8
240	8
241	10
242	9
243	10
244	9
245	8
246	8
247	9
248	8
249	9
250	8
251	9
252	8
253	8
254	9
255	8
256	9
257	8
258	9
259	8
260	8
261	9
262	8
263	8
264	9
265	8
266	8
267	9
268	8
269	8
270	9
271	8
272	8
273	9
274	8
275	8
276	9
277	8
278	8
279	9
280	8
281	8
282	9
283	8
284	8
285	8
286	7
287	8
288	8
289	6
290	7
291	7
292	8
293	8
294	8
295	7
296	8
297	8
298	7
299	7
300	8
301	8
302	7
303	7
304	7
305	6
306	6
307	6
308	6
309	6
310	6
311	6
312	6
313	6
314	6
315	6
316	6
317	6
318	6
319	6
320	6
321	6
322	6
323	6
324	7
325	6
326	7
327	6
328	6
329	7
330	6
331	7
332	6
333	6
334	7
335	6
336	6
337	6
338	7
339	6
340	6
341	6
342	7
343	6
344	6
345	6
346	7
347	6
348	6
349	6
350	7
351	6
352	6
353	6
354	7
355	6
356	6
357	6
358	7
359	6
360	6
361	6
362	7
363	6
364	6
365	6
366	5
367	7
368	6
369	6
370	4
371	6
372	6
373	4
374	6
375	6
376	5
377	6
378	5
379	5
380	6
381	5
382	6
383	5
384	5
385	6
386	5
387	5
388	4
389	6
390	5
391	5
392	5
393	5
394	5
395	5
396	5
397	5
398	5
399	5
400	5
401	5
402	5
403	5
404	5
405	4
406	4
407	4
408	5
409	4
410	4
411	5
412	4
413	4
414	5
415	4
416	5
417	4
418	6
419	4
420	4
421	4
422	4
423	4
424	4
425	4
426	4
427	4
428	4
429	4
430	4
431	4
432	4
433	4
434	4
435	4
436	4
437	4
438	4
439	4
440	4
441	4
442	4
443	4
444	4
445	4
446	4
447	4
448	4
449	4
450	4
451	4
452	4
453	4
454	4
455	4
456	4
457	4
458	4
459	4
460	4
461	4
462	4
463	4
464	4
465	4
466	3
467	4
468	4
469	4
470	4
471	4
472	3
473	3
474	4
475	4
476	4
477	3
478	4
479	4
480	4
481	4
482	3
483	3
484	3
485	3
486	4
487	4
488	3
489	4
490	4
491	3
492	4
493	4
494	4
495	4
496	3
497	3
498	3
499	3
500	4
501	4
502	5
503	4
504	3
505	3
506	2
507	4
508	2
509	4
510	3
511	3
512	2
513	4
514	2
515	2
516	4
517	2
518	2
519	2
520	4
521	2
522	2
523	2
524	2
525	4
526	2
527	2
528	2
529	2
530	4
531	2
532	2
533	2
534	2
535	2
536	2
537	4
538	2
539	2
540	2
541	2
542	2
543	2
544	2
545	2
546	2
547	2
548	2
549	2
550	2
551	2
552	2
553	2
554	2
555	2
556	2
557	2
558	2
559	2
560	2
561	2
562	2
563	2
564	2
565	2
566	2
567	2
568	2
569	2
570	2
571	2
572	2
573	2
574	2
575	2
576	2
577	2
578	2
579	2
580	2
581	2
582	2
583	2
584	2
585	2
586	2
587	2
588	2
589	2
590	2
591	2
592	2
593	2
594	2
595	2
596	2
597	2
598	2
599	2
600	2
601	2
602	2
603	2
604	2
605	2
606	2
607	2
608	2
609	2
610	2
611	2
612	2
613	2
614	2
615	2
616	2
617	2
618	2
619	2
620	2
621	2
622	2
623	2
624	2
625	2
626	2
627	2
628	2
629	2
630	2
631	2
632	2
633	2
634	2
635	2
636	2
637	2
638	2
639	2
640	2
