1	0.030613141363
2	0.0373540519515
3	0.0300652630101
4	0.0121060645318
5	0.00126150565458
6	0.000633388602687
7	0.000577783080198
8	0.000754648808359
9	0.000900042390617
10	0.00093147674046
11	0.000676296350776
12	0.000429738153347
13	0.000151356106349
14	0.000174545867714
15	0.000205457801484
16	0.00022930551451
17	0.000244736971303
18	0.000251019232387
19	0.00025424992325
20	0.000258348473599
21	0.000268424851177
22	0.000285269287667
23	0.000306445553455
24	0.000330951973194
25	0.00035751402254
26	0.000385998605274
27	0.000416219100354
28	0.00045097132265
29	0.000492026288271
30	0.000540883529262
31	0.000601840166158
32	0.000679104608201
33	0.000779688366748
34	0.000912479237093
35	0.00109324142899
36	0.00133305449509
37	0.00134813105847
38	0.00112862144158
39	0.000943834352128
40	0.000802074194805
41	0.000692095579785
42	0.000606786457796
43	0.00053984057954
44	0.000485108679751
45	0.000439983940501
46	0.00040246136514
47	0.000370462523965
48	0.000343337083128
49	0.000319705200317
50	0.000299299736989
51	0.000282445341189
52	0.000267725722777
53	0.00025424095599
54	0.000241053362471
55	0.000227473285414
56	0.000216239133589
57	0.000206875365571
58	0.000200351670446
59	0.000193768121232
60	0.000185408502066
61	0.000179149751092
62	0.000173703579686
63	0.000168427938162
64	0.000162136128803
65	0.000155207454015
66	0.000147884244842
67	0.000145528594878
68	0.000143314897066
69	0.000140476797627
70	0.000137438571742
71	0.000134412949929
72	0.000130816725155
73	0.000127717398604
74	0.000125214711017
75	0.000122495840782
76	0.000119931124585
77	0.000118503844843
78	0.000116268380019
79	0.000114350524921
80	0.00011244670899
81	0.000110104603292
82	0.000108286106239
83	0.000105678568469
84	0.000104356584135
85	0.000104567022584
86	0.000103633442941
87	0.000102554888028
88	0.000101791256345
89	0.000101154359069
90	0.000100582568618
91	9.98514623944e-05
92	9.90103187163e-05
93	9.8085555316e-05
94	9.70692571122e-05
95	9.60693935364e-05
96	9.50693149254e-05
97	9.40368605154e-05
98	9.2999942746e-05
99	9.20192234156e-05
100	9.10226774468e-05
101	9.00394885807e-05
102	8.90407700693e-05
103	8.81336968513e-05
104	8.71564339192e-05
105	8.63011793569e-05
106	8.53833830104e-05
107	8.45513381289e-05
108	8.36715169414e-05
109	8.2876723319e-05
110	8.2066732298e-05
111	8.13160964192e-05
112	8.05166073753e-05
113	7.97805012793e-05
114	7.90644118029e-05
115	7.83350069644e-05
116	7.76861859656e-05
117	7.70006136295e-05
118	7.63193676824e-05
119	7.57200940782e-05
120	7.50668989113e-05
121	7.44435024708e-05
122	7.38937983707e-05
123	7.32972758354e-05
124	7.27304178625e-05
125	7.21874538952e-05
126	7.16141231542e-05
127	7.10860840959e-05
128	7.05565009011e-05
129	7.00432429234e-05
130	6.95589742215e-05
131	6.90352564857e-05
132	6.85326271892e-05
133	6.80341744078e-05
134	6.75654182639e-05
135	6.70938726953e-05
136	6.65907510541e-05
137	6.61222474092e-05
138	6.56711170497e-05
139	6.52112653205e-05
140	6.4768353963e-05
141	6.43372496255e-05
142	6.3863623098e-05
143	6.34527218379e-05
144	6.29986592745e-05
145	6.26102186709e-05
146	6.21632673066e-05
147	6.17246108186e-05
148	6.12884865961e-05
149	6.08632162481e-05
150	6.05066639627e-05
151	6.01077586968e-05
152	5.96951143732e-05
153	5.92964883688e-05
154	5.89103436545e-05
155	5.85259721494e-05
156	5.8136242403e-05
157	5.77667913626e-05
158	5.73508948912e-05
159	5.7051644381e-05
160	5.66644066853e-05
161	5.62907647355e-05
162	5.58999595694e-05
163	5.55790427169e-05
164	5.52169023836e-05
165	5.48456248207e-05
166	5.45363297176e-05
167	5.41867306649e-05
168	5.38396926661e-05
169	5.35164655797e-05
170	5.31491609623e-05
171	5.28247280707e-05
172	5.24912154821e-05
173	5.21493811378e-05
174	5.18320327906e-05
175	5.1566222708e-05
176	5.11953502454e-05
177	5.08749098818e-05
178	5.0557007048e-05
179	5.02586518211e-05
180	4.9981192408e-05
181	4.96518695575e-05
182	4.93496466943e-05
183	4.90780365226e-05
184	4.87626778366e-05
185	4.8444427971e-05
186	4.81396345868e-05
187	4.78588210881e-05
188	4.75958830215e-05
189	4.73283566011e-05
190	4.70391346313e-05
191	4.67457766194e-05
192	4.64844769266e-05
193	4.62088873058e-05
194	4.5909545676e-05
195	4.56362357816e-05
196	4.5383781967e-05
197	4.50910939347e-05
198	4.48369357538e-05
199	4.45598436048e-05
200	4.43171179574e-05
201	4.40545956962e-05
202	4.3806639193e-05
203	4.35560343448e-05
204	4.33071401848e-05
205	4.30671095424e-05
206	4.28120291495e-05
207	4.25424737783e-05
208	4.23106216057e-05
209	4.20819122518e-05
210	4.18240462191e-05
211	4.15818049369e-05
212	4.13413872187e-05
213	4.11232007858e-05
214	4.08859863935e-05
215	4.06562564153e-05
216	4.0415245635e-05
217	4.01871840243e-05
218	3.99779106758e-05
219	3.97285021955e-05
220	3.95158142462e-05
221	3.92892644833e-05
222	3.90655717611e-05
223	3.88656283096e-05
224	3.86273803588e-05
225	3.84171075333e-05
226	3.81998835742e-05
227	3.79851075852e-05
228	3.77751551018e-05
229	3.7559343161e-05
230	3.73545411255e-05
231	3.71773736285e-05
232	3.69423115997e-05
233	3.67422102798e-05
234	3.65697120408e-05
235	3.63374365426e-05
236	3.61192810187e-05
237	3.59455380763e-05
238	3.57698545197e-05
239	3.55590646063e-05
240	3.53673000498e-05
241	3.51732188852e-05
242	3.49789253277e-05
243	3.4791698194e-05
244	3.46249217645e-05
245	3.44228810611e-05
246	3.42483451088e-05
247	3.40531275678e-05
248	3.38771061706e-05
249	3.36963546073e-05
250	3.35161403545e-05
251	3.33252604307e-05
252	3.3141872614e-05
253	3.29721675534e-05
254	3.27825074744e-05
255	3.26115807202e-05
256	3.24525033949e-05
257	3.22490463642e-05
258	3.20806098314e-05
259	3.19267648279e-05
260	3.17708647251e-05
261	3.16149844437e-05
262	3.14357305947e-05
263	3.12736803329e-05
264	3.10940065542e-05
265	3.09453052181e-05
266	3.07590174344e-05
267	3.06044674355e-05
268	3.04655410775e-05
269	3.02659449516e-05
270	3.01163791029e-05
271	2.99660968984e-05
272	2.98050710493e-05
273	2.96690589025e-05
274	2.95115941036e-05
275	2.93519783806e-05
276	2.92084138776e-05
277	2.90736811985e-05
278	2.89261127571e-05
279	2.87554062702e-05
280	2.85866113927e-05
281	2.84624526373e-05
282	2.8321681943e-05
283	2.81709143967e-05
284	2.80411621881e-05
285	2.78819471237e-05
286	2.77410933118e-05
287	2.7608747261e-05
288	2.74631911219e-05
289	2.73238898346e-05
290	2.71659880205e-05
291	2.70645262668e-05
292	2.69189660313e-05
293	2.67925462578e-05
294	2.66462802731e-05
295	2.64992376607e-05
296	2.63739320449e-05
297	2.62387096812e-05
298	2.61198851071e-05
299	2.59679404096e-05
300	2.58407798256e-05
301	2.57164389686e-05
302	2.5586215081e-05
303	2.54577265459e-05
304	2.53223317848e-05
305	2.52112922245e-05
306	2.50901918308e-05
307	2.49607426311e-05
308	2.4853145541e-05
309	2.47211236107e-05
310	2.459660476e-05
311	2.44819532698e-05
312	2.43543432324e-05
313	2.42300318023e-05
314	2.41199703206e-05
315	2.39933436991e-05
316	2.38744731162e-05
317	2.37554074805e-05
318	2.36294569713e-05
319	2.35068166812e-05
320	2.34058386095e-05
321	2.32688035641e-05
322	2.31739459592e-05
323	2.3058120906e-05
324	2.29429831475e-05
325	2.2833975976e-05
326	2.27405272824e-05
327	2.26265185041e-05
328	2.25066282309e-05
329	2.24030538336e-05
330	2.22951584189e-05
331	2.21671650323e-05
332	2.20723513337e-05
333	2.19621320823e-05
334	2.18513173251e-05
335	2.17606504283e-05
336	2.16482733933e-05
337	2.15494389217e-05
338	2.14335806901e-05
339	2.13535817121e-05
340	2.12337072023e-05
341	2.11381228177e-05
342	2.1050377519e-05
343	2.09560781933e-05
344	2.08515298719e-05
345	2.07464135693e-05
346	2.06357890165e-05
347	2.05221972929e-05
348	2.04388981271e-05
349	2.03500328118e-05
350	2.02371369214e-05
351	2.01450435259e-05
352	2.00567408119e-05
353	1.99686304793e-05
354	1.98688239123e-05
355	1.97733189309e-05
356	1.96735288858e-05
357	1.95956350498e-05
358	1.94800433699e-05
359	1.93978935074e-05
360	1.92863222947e-05
361	1.9212838879e-05
362	1.91264642412e-05
363	1.90335216618e-05
364	1.89366219386e-05
365	1.8853693944e-05
366	1.8781323237e-05
367	1.86661190197e-05
368	1.85967781709e-05
369	1.85069121717e-05
370	1.84390507949e-05
371	1.83179389565e-05
372	1.82459854159e-05
373	1.81689313086e-05
374	1.80632378148e-05
375	1.79966465163e-05
376	1.79172556849e-05
377	1.78304281432e-05
378	1.77370891123e-05
379	1.76545822505e-05
380	1.75734693752e-05
381	1.75001417409e-05
382	1.74218065902e-05
383	1.73252712199e-05
384	1.72458031497e-05
385	1.71714459579e-05
386	1.70722379992e-05
387	1.70180477338e-05
388	1.69331705121e-05
389	1.68623480634e-05
390	1.67890500627e-05
391	1.67009077892e-05
392	1.66195638822e-05
393	1.65426889218e-05
394	1.64609585191e-05
395	1.63959730928e-05
396	1.63273867776e-05
397	1.62591786311e-05
398	1.6165542493e-05
399	1.60677581517e-05
400	1.60158723076e-05
401	1.593548924e-05
402	1.58785077518e-05
403	1.57926474495e-05
404	1.57189462738e-05
405	1.56515677972e-05
406	1.56050969535e-05
407	1.5516781349e-05
408	1.54498719923e-05
409	1.53749955311e-05
410	1.5313648298e-05
411	1.52465646523e-05
412	1.51698045195e-05
413	1.50929226779e-05
414	1.50302437782e-05
415	1.49662800609e-05
416	1.49070883998e-05
417	1.48382455513e-05
418	1.47644282811e-05
419	1.47060370581e-05
420	1.46271758902e-05
421	1.45681224503e-05
422	1.45081986472e-05
423	1.44357343893e-05
424	1.4372964362e-05
425	1.42984623101e-05
426	1.42436061625e-05
427	1.41801716207e-05
428	1.41202481375e-05
429	1.40532812293e-05
430	1.39796268707e-05
431	1.39277586663e-05
432	1.38503945965e-05
433	1.37988600715e-05
434	1.37388244469e-05
435	1.36714178159e-05
436	1.36192163327e-05
437	1.35575570977e-05
438	1.34875071366e-05
439	1.34435297062e-05
440	1.33606832888e-05
441	1.33146071551e-05
442	1.32629349675e-05
443	1.3206315659e-05
444	1.31422620163e-05
445	1.30717377021e-05
446	1.30110685574e-05
447	1.29578971816e-05
448	1.28922658376e-05
449	1.28394137485e-05
450	1.27899511514e-05
451	1.27268299684e-05
452	1.26606278866e-05
453	1.26179918098e-05
454	1.2551136004e-05
455	1.24980157299e-05
456	1.24370634781e-05
457	1.23878777563e-05
458	1.23494211584e-05
459	1.22792329679e-05
460	1.22319242962e-05
461	1.21784841199e-05
462	1.21137730068e-05
463	1.20686847386e-05
464	1.2007626802e-05
465	1.19619326418e-05
466	1.18970540219e-05
467	1.18486589857e-05
468	1.17998995652e-05
469	1.1751297853e-05
470	1.1700205109e-05
471	1.16430175783e-05
472	1.16146538743e-05
473	1.15440855415e-05
474	1.15013621335e-05
475	1.14469789193e-05
476	1.13893093238e-05
477	1.13488596305e-05
478	1.13043179571e-05
479	1.12334406937e-05
480	1.11935777183e-05
481	1.11475338762e-05
482	1.10968242955e-05
483	1.10502610099e-05
484	1.09946230377e-05
485	1.09498019299e-05
486	1.09082306645e-05
487	1.08499435161e-05
488	1.08096118607e-05
489	1.07526187247e-05
490	1.07000400396e-05
491	1.06807889522e-05
492	1.06213653987e-05
493	1.05832451197e-05
494	1.05259085079e-05
495	1.04867415154e-05
496	1.04402439488e-05
497	1.04056824547e-05
498	1.03505777078e-05
499	1.03123370623e-05
500	1.02658187577e-05
501	1.02277058486e-05
502	1.01823640106e-05
503	1.01363838379e-05
504	1.00877828224e-05
505	1.00471658152e-05
506	1.00116064437e-05
507	9.97125438661e-06
508	9.91522522725e-06
509	9.89187061979e-06
510	9.8511989003e-06
511	9.79747693824e-06
512	9.76873329982e-06
513	9.7254070373e-06
514	9.68751408416e-06
515	9.63558922912e-06
516	9.600343025e-06
517	9.55681292331e-06
518	9.51257134087e-06
519	9.47588918422e-06
520	9.43815089407e-06
521	9.40607758776e-06
522	9.36937671972e-06
523	9.32656113454e-06
524	9.27525112856e-06
525	9.25220401123e-06
526	9.20214493929e-06
527	9.15799580519e-06
528	9.12604122808e-06
529	9.0882412823e-06
530	9.0518789131e-06
531	8.99347281188e-06
532	8.96077991464e-06
533	8.92561460478e-06
534	8.89122809433e-06
535	8.84440439526e-06
536	8.82010068182e-06
537	8.76950499897e-06
538	8.72618738573e-06
539	8.70320910996e-06
540	8.65571863146e-06
541	8.62808900185e-06
542	8.5921834457e-06
543	8.55427100182e-06
544	8.50686862543e-06
545	8.48270610895e-06
546	8.4348147275e-06
547	8.39794724804e-06
548	8.37581617381e-06
549	8.33196746681e-06
550	8.3067480718e-06
551	8.26302867349e-06
552	8.23648327951e-06
553	8.19417540058e-06
554	8.15506204268e-06
555	8.13029493396e-06
556	8.10520298254e-06
557	8.06604972849e-06
558	8.03044183815e-06
559	7.99776907184e-06
560	7.94967068733e-06
561	7.93051671598e-06
562	7.88060502494e-06
563	7.86924102703e-06
564	7.83383326128e-06
565	7.78774088713e-06
566	7.75008481733e-06
567	7.72721744131e-06
568	7.69232742024e-06
569	7.66715972862e-06
570	7.6362748188e-06
571	7.61254809186e-06
572	7.57840538295e-06
573	7.55003710913e-06
574	7.50475023753e-06
575	7.46887280966e-06
576	7.44766741151e-06
577	7.41895828504e-06
578	7.39815565686e-06
579	7.36322196992e-06
580	7.32445596888e-06
581	7.30102165396e-06
582	7.26813388211e-06
583	7.24059824071e-06
584	7.21653062815e-06
585	7.18244993516e-06
586	7.15451660608e-06
587	7.11820579857e-06
588	7.09038628569e-06
589	7.06666037425e-06
590	7.04151191215e-06
591	7.01265225406e-06
592	6.97863855553e-06
593	6.9457161901e-06
594	6.91984136575e-06
595	6.89129420094e-06
596	6.85062024188e-06
597	6.82011417487e-06
598	6.79995360408e-06
599	6.7680798837e-06
600	6.74107699907e-06
601	6.72028667629e-06
602	6.6929911591e-06
603	6.67141373481e-06
604	6.6446781292e-06
605	6.60396847935e-06
606	6.59274819665e-06
607	6.54973740544e-06
608	6.51767374206e-06
609	6.50279926893e-06
610	6.47369899632e-06
611	6.43868822415e-06
612	6.41447470121e-06
613	6.38821772774e-06
614	6.36314602432e-06
615	6.34424563235e-06
616	6.31624393353e-06
617	6.29194471104e-06
618	6.26514535223e-06
619	6.23785977157e-06
620	6.21499735178e-06
621	6.18479732001e-06
622	6.15962386584e-06
623	6.1381219999e-06
624	6.11977748699e-06
625	6.0971696877e-06
626	6.06632954772e-06
627	6.03646367353e-06
628	6.02707396443e-06
629	5.99546343298e-06
630	5.96149631027e-06
631	5.94085164778e-06
632	5.92856273191e-06
633	5.91115104427e-06
634	5.88560921337e-06
635	5.85968307916e-06
636	5.83178256573e-06
637	5.80437507945e-06
638	5.78771277969e-06
639	5.76018251344e-06
640	5.739679041e-06
