1	0.999999999989
2	0.728053817693
3	0.0963098124364
4	0.0467893575424
5	0.0150449305878
6	0.133050046954
7	0.119493066792
8	0.0354000651225
9	0.0332138616946
10	0.15165601901
11	0.13184192107
12	0.0392353139048
13	0.0461105973704
14	0.183876701515
15	0.0831219453734
16	0.0421960572446
17	0.0302495942399
18	0.0314666813538
19	0.0292008344519
20	0.0244956162636
21	0.0235733693398
22	0.0206220848058
23	0.0158094557083
24	0.0114625046173
25	0.00823024955584
26	0.0070963588983
27	0.00841410745788
28	0.00812010357673
29	0.00720249222811
30	0.00625807260377
31	0.00487040854133
32	0.0040529628359
33	0.00405116596935
34	0.00411655562491
35	0.0037281613677
36	0.00330836624869
37	0.00282393300526
38	0.00241663493207
39	0.00229281506291
40	0.00235814425377
41	0.00234731410404
42	0.00224439655985
43	0.00205939272593
44	0.00184247092881
45	0.00168070647627
46	0.00161460069971
47	0.00158503234203
48	0.00154461039637
49	0.00147399902391
50	0.00140739750942
51	0.00135442587822
52	0.00132199536685
53	0.00130179934779
54	0.00127203843083
55	0.00123793727969
56	0.00118874425917
57	0.00115113806765
58	0.00113190723459
59	0.00111333678294
60	0.0010894152951
61	0.00107117199839
62	0.00105239242406
63	0.00103048428919
64	0.00100284870124
65	0.000970895691244
66	0.000936977440485
67	0.000934774689136
68	0.000930180416849
69	0.000921412018431
70	0.00091374672224
71	0.000899139902173
72	0.000882832081836
73	0.000868216903479
74	0.00085568600652
75	0.000841875580889
76	0.00082489545375
77	0.00081664399358
78	0.000801280917051
79	0.000783704912694
80	0.000772847366151
81	0.000750768509492
82	0.000732563076033
83	0.000707685763318
84	0.000688958474092
85	0.0006932389487
86	0.000703229031707
87	0.000704710188839
88	0.0007020619779
89	0.000696112923997
90	0.000689312929925
91	0.000682198074989
92	0.000675024322016
93	0.000667351741052
94	0.000659907411611
95	0.000653200507731
96	0.000645610939768
97	0.000638897097366
98	0.000631424343292
99	0.000625227630333
100	0.000617366332941
101	0.000610638844801
102	0.0006042230346
103	0.000597182224374
104	0.000590884454643
105	0.000584721758434
106	0.000577446018146
107	0.000570237320359
108	0.000564224602742
109	0.000558116676691
110	0.000551874843427
111	0.000545623037816
112	0.000539868746374
113	0.000533989911664
114	0.000527506295637
115	0.000521645312777
116	0.000515954452649
117	0.000510589604948
118	0.000504608050564
119	0.000499243631394
120	0.000493878863978
121	0.000488781006226
122	0.000483215632251
123	0.000477926082173
124	0.000473076866455
125	0.000467512871781
126	0.000462590733555
127	0.000457802203073
128	0.00045323280674
129	0.000447662910252
130	0.000442997136005
131	0.000439042422951
132	0.000434298337882
133	0.000429448900635
134	0.000424864563058
135	0.00042051460347
136	0.000416408479458
137	0.00041136411682
138	0.000407197863899
139	0.00040354774977
140	0.000399645255392
141	0.000395164868903
142	0.000391274920134
143	0.000386638887755
144	0.00038292959753
145	0.000379731805612
146	0.000375336834082
147	0.000371519999393
148	0.000367770619856
149	0.000364668501283
150	0.000360495264224
151	0.000356961523612
152	0.000353600918999
153	0.00034962762254
154	0.000346110989079
155	0.000343152670816
156	0.000339744017214
157	0.00033650389774
158	0.000332845896124
159	0.000329533708451
160	0.000326323856783
161	0.000323644749018
162	0.000320035761292
163	0.000317050019433
164	0.000314189466415
165	0.000310801353716
166	0.000307792659537
167	0.000304934217245
168	0.00030197036255
169	0.000299073039693
170	0.000296341924218
171	0.00029348056078
172	0.000290788549797
173	0.000288014776532
174	0.000285310353574
175	0.000282657730955
176	0.000279962382932
177	0.000277028944309
178	0.000274483173298
179	0.000271962619791
180	0.000269499930974
181	0.000267082003268
182	0.000264575322015
183	0.000262128893304
184	0.000259738181572
185	0.000257075212581
186	0.000254724818451
187	0.000252395577144
188	0.000250170222515
189	0.000247880467833
190	0.000245676531254
191	0.000243457536236
192	0.000241266422167
193	0.000239142461872
194	0.000236732076864
195	0.000234544970432
196	0.000232463738512
197	0.000230430837943
198	0.000228418484745
199	0.000226149901969
200	0.000224198235843
201	0.000222278730706
202	0.000220338329257
203	0.000218401436198
204	0.00021648703348
205	0.000214416252464
206	0.000212571765557
207	0.000210720648178
208	0.000208870558474
209	0.000207146275804
210	0.000205127349204
211	0.000203332456332
212	0.00020139566104
213	0.000199842618557
214	0.000198180586864
215	0.000196490305897
216	0.000194887451117
217	0.000193036222508
218	0.000191385584349
219	0.000189571784645
220	0.000188010302062
221	0.000186484200711
222	0.000184956126942
223	0.000183425888029
224	0.000181685776793
225	0.000180198940906
226	0.000178714607035
227	0.000177263773504
228	0.000175847984604
229	0.000174256320563
230	0.000172805805257
231	0.00017120563372
232	0.000169846546901
233	0.00016850180619
234	0.000167180070408
235	0.000165854053649
236	0.000164383879102
237	0.000163017358258
238	0.000161519400076
239	0.000160332142896
240	0.000159088961485
241	0.000157850511694
242	0.000156627990239
243	0.00015524974502
244	0.000154025266128
245	0.000152665748403
246	0.000151519608407
247	0.000150407104624
248	0.000149115240217
249	0.000148010482053
250	0.000146741790516
251	0.000145661235868
252	0.000144396887812
253	0.000143357619732
254	0.000142334270027
255	0.000141115400498
256	0.000140105418463
257	0.00013890312314
258	0.00013791655951
259	0.000136743328458
260	0.000135767314656
261	0.00013480072299
262	0.000133678145185
263	0.000132683975949
264	0.000131762423972
265	0.000130672577298
266	0.000129696503326
267	0.0001288032037
268	0.000127753116987
269	0.000126819709978
270	0.00012595066498
271	0.000124935572527
272	0.000124035195282
273	0.000123189844163
274	0.000122204340326
275	0.000121331706224
276	0.000120509438493
277	0.000119552929637
278	0.000118710129095
279	0.000117911256352
280	0.000116984582528
281	0.000116171701825
282	0.000115393505818
283	0.000114495837426
284	0.00011371095155
285	0.00011290591969
286	0.000112168548021
287	0.000111213499894
288	0.00011052394658
289	0.000109788264919
290	0.000108993962867
291	0.000108421760671
292	0.000107476175817
293	0.000106757018727
294	0.000106033451305
295	0.000105358039493
296	0.000104489657716
297	0.000103841604175
298	0.000103140305988
299	0.00010266687381
300	0.00010180211876
301	0.000101132381879
302	0.00010046025671
303	9.96430945812e-05
304	9.9216658173e-05
305	9.83715926203e-05
306	9.78124935671e-05
307	9.71875967069e-05
308	9.65410495884e-05
309	9.58957649312e-05
310	9.52751958933e-05
311	9.46481837877e-05
312	9.40444017202e-05
313	9.34313541724e-05
314	9.28394857902e-05
315	9.22354771126e-05
316	9.16529722754e-05
317	9.10595642725e-05
318	9.04879860845e-05
319	8.99065137303e-05
320	8.9345484763e-05
321	8.87758597977e-05
322	8.82250361695e-05
323	8.76671804807e-05
324	8.55107251128e-05
325	8.38221696384e-05
326	8.27243971228e-05
327	8.21106565532e-05
328	8.19189430835e-05
329	8.15157882326e-05
330	8.12802298459e-05
331	8.08007157522e-05
332	8.02529667505e-05
333	7.97889417223e-05
334	7.9374086041e-05
335	7.87148000232e-05
336	7.82410593649e-05
337	7.77967894545e-05
338	7.74438522127e-05
339	7.68612952824e-05
340	7.63884481426e-05
341	7.59440561203e-05
342	7.56058347717e-05
343	7.50426396065e-05
344	7.45911839527e-05
345	7.41642057723e-05
346	7.38402983099e-05
347	7.33003907332e-05
348	7.28630553797e-05
349	7.24494298372e-05
350	7.21329752505e-05
351	7.16084895227e-05
352	7.11861313306e-05
353	7.07859300886e-05
354	7.04795962278e-05
355	6.997381916e-05
356	6.95672771621e-05
357	6.9180441888e-05
358	6.88851545238e-05
359	6.83978923824e-05
360	6.80053320227e-05
361	6.76313225109e-05
362	6.73450322596e-05
363	6.68745312221e-05
364	6.64957081485e-05
365	6.6136073784e-05
366	6.57895358175e-05
367	6.53042489287e-05
368	6.51174380055e-05
369	6.47430376256e-05
370	6.43810692187e-05
371	6.39915968469e-05
372	6.36899449466e-05
373	6.3347723709e-05
374	6.29070090946e-05
375	6.26194552198e-05
376	6.2335846312e-05
377	6.39803247096e-05
378	6.29676463487e-05
379	6.17241418294e-05
380	6.29426804466e-05
381	6.18044247294e-05
382	6.24429132139e-05
383	6.12088229199e-05
384	6.19674391435e-05
385	6.23969677528e-05
386	6.06196885861e-05
387	6.10816922931e-05
388	6.13330428778e-05
389	6.1441053401e-05
390	6.13519090206e-05
391	6.1094282375e-05
392	6.05325228462e-05
393	6.03659692691e-05
394	5.9856773392e-05
395	5.96975354196e-05
396	5.92339408451e-05
397	5.90963626366e-05
398	5.86446735647e-05
399	5.85169737386e-05
400	5.80695854287e-05
401	5.7941899731e-05
402	5.7499468028e-05
403	5.73712602537e-05
404	5.69356436407e-05
405	5.68078297247e-05
406	5.44988900899e-05
407	5.25587754332e-05
408	5.1695528157e-05
409	5.12253111464e-05
410	5.1317126279e-05
411	5.13235163924e-05
412	5.12727327811e-05
413	5.09661479237e-05
414	5.07128998122e-05
415	5.04776063665e-05
416	5.02157392132e-05
417	5.0047835653e-05
418	4.98745413217e-05
419	4.94974219132e-05
420	4.91987827397e-05
421	4.8929400976e-05
422	4.88483449404e-05
423	4.84753517091e-05
424	4.81842652927e-05
425	4.81035429258e-05
426	4.77456493092e-05
427	4.74604334618e-05
428	4.73953687643e-05
429	4.70508709954e-05
430	4.67777136326e-05
431	4.6706229473e-05
432	4.63656655981e-05
433	4.60979008143e-05
434	4.60251077996e-05
435	4.56912416282e-05
436	4.54297476011e-05
437	4.53582870901e-05
438	4.50313985513e-05
439	4.47765137634e-05
440	4.47072582434e-05
441	4.43880150204e-05
442	4.41373672639e-05
443	4.40730316485e-05
444	4.37646582453e-05
445	4.35120021762e-05
446	4.34507806722e-05
447	4.3150779746e-05
448	4.29080824972e-05
449	4.28468835779e-05
450	4.25483723475e-05
451	4.23166769459e-05
452	4.22539309467e-05
453	4.19594356773e-05
454	4.17300440316e-05
455	4.1671338777e-05
456	4.13859440485e-05
457	4.11632545859e-05
458	4.11057553663e-05
459	4.08256396565e-05
460	4.06070086152e-05
461	4.05502956972e-05
462	4.0276262526e-05
463	4.00627655427e-05
464	4.00071659914e-05
465	3.97388883896e-05
466	3.95301369371e-05
467	3.93071355302e-05
468	3.91302707529e-05
469	3.91042878161e-05
470	3.89695539054e-05
471	3.86961162403e-05
472	3.85873463322e-05
473	3.84231268496e-05
474	3.81907760355e-05
475	3.80000052847e-05
476	3.78928895253e-05
477	3.77422017541e-05
478	3.76282805559e-05
479	3.75026322342e-05
480	3.72015004054e-05
481	3.70319289572e-05
482	3.68469571529e-05
483	3.67004487001e-05
484	3.66171153537e-05
485	3.63793874682e-05
486	3.63952152481e-05
487	3.61506321527e-05
488	3.59736534959e-05
489	3.57585744493e-05
490	3.570129828e-05
491	3.55511726188e-05
492	3.54532568574e-05
493	3.53184344201e-05
494	3.50707943064e-05
495	3.49109869419e-05
496	3.47410231888e-05
497	3.46010232984e-05
498	3.45218528212e-05
499	3.43139136429e-05
500	3.43177887132e-05
501	3.41178641906e-05
502	3.39413789781e-05
503	3.14740634922e-05
504	3.07199800674e-05
505	3.08815598891e-05
506	3.13111905033e-05
507	3.15519809226e-05
508	3.16135203405e-05
509	3.15808071435e-05
510	3.15106829448e-05
511	3.12970724361e-05
512	3.13546454569e-05
513	3.11882657816e-05
514	3.09393190417e-05
515	3.07679552689e-05
516	3.06865980393e-05
517	3.05636125763e-05
518	3.04075262576e-05
519	3.02446321989e-05
520	3.00995307367e-05
521	2.99629608623e-05
522	2.98011229684e-05
523	2.96497548485e-05
524	2.95201625954e-05
525	2.93974957465e-05
526	2.92657671088e-05
527	2.91101381667e-05
528	2.89646223637e-05
529	2.8842194296e-05
530	2.87267715589e-05
531	2.86025232428e-05
532	2.84553011774e-05
533	2.83173585881e-05
534	2.81997775629e-05
535	2.80902131121e-05
536	2.79746893052e-05
537	2.78504308571e-05
538	2.77133530089e-05
539	2.75721305369e-05
540	2.74466255858e-05
541	2.73433573261e-05
542	2.72486100595e-05
543	2.71467550846e-05
544	2.70342301722e-05
545	2.69146414037e-05
546	2.67937844537e-05
547	2.66756181115e-05
548	2.65620183953e-05
549	2.6453148211e-05
550	2.63480913784e-05
551	2.62455340982e-05
552	2.61441436208e-05
553	2.60430380549e-05
554	2.59418745469e-05
555	2.5840752158e-05
556	2.57399972086e-05
557	2.56399879753e-05
558	2.55410354235e-05
559	2.54432885669e-05
560	2.53467763179e-05
561	2.52514400404e-05
562	2.51571798744e-05
563	2.50638763194e-05
564	2.49714404404e-05
565	2.4879795179e-05
566	2.47889233433e-05
567	2.46988233632e-05
568	2.46094998814e-05
569	2.45209631206e-05
570	2.44332200625e-05
571	2.4346273348e-05
572	2.42601023171e-05
573	2.41746883413e-05
574	2.4090011859e-05
575	2.4006046331e-05
576	2.39227868329e-05
577	2.38402054729e-05
578	2.37582894586e-05
579	2.36770117957e-05
580	2.35963594074e-05
581	2.35163420509e-05
582	2.34369667647e-05
583	2.3358224187e-05
584	2.32800944173e-05
585	2.32025662749e-05
586	2.31256125173e-05
587	2.30492204658e-05
588	2.29733774248e-05
589	2.2898082216e-05
590	2.2823319186e-05
591	2.27490976757e-05
592	2.26753903399e-05
593	2.26021946352e-05
594	2.25295041893e-05
595	2.2457308323e-05
596	2.23855989291e-05
597	2.23143604832e-05
598	2.22435886442e-05
599	2.21732826537e-05
600	2.21034257266e-05
601	2.20340145664e-05
602	2.19650446321e-05
603	2.18965055587e-05
604	2.1828390209e-05
605	2.17606914222e-05
606	2.16933927222e-05
607	2.16264902316e-05
608	2.15599879947e-05
609	2.1493882803e-05
610	2.14281772789e-05
611	2.13628463277e-05
612	2.12979044957e-05
613	2.12333019982e-05
614	2.11690679484e-05
615	2.11051956077e-05
616	2.104167835e-05
617	2.0978502587e-05
618	2.09156683483e-05
619	2.08531640499e-05
620	2.07909866222e-05
621	2.07291352101e-05
622	2.06676047063e-05
623	2.06063942158e-05
624	2.05455017128e-05
625	2.04849169794e-05
626	2.042463475e-05
627	2.03646479421e-05
628	2.03049560319e-05
629	2.02455564542e-05
630	2.01864404158e-05
631	2.0127607711e-05
632	2.00690733811e-05
633	2.00107789888e-05
634	1.99527644607e-05
635	1.98950319815e-05
636	1.98375704672e-05
637	1.97803722268e-05
638	1.97234533955e-05
639	1.96668047358e-05
640	1.96104021348e-05
