1	0.0632641193733
2	0.0625022646579
3	0.00761229047437
4	0.00391587929559
5	0.00110301802143
6	0.0110851925393
7	0.0101744269155
8	0.00297740926084
9	0.00267856947894
10	0.0129094577248
11	0.011271339316
12	0.00318404900561
13	0.00361910967249
14	0.0155278652704
15	0.0070448510847
16	0.00348049876055
17	0.0023245660318
18	0.00245577212498
19	0.00224613465828
20	0.00186737308619
21	0.0018292764239
22	0.00164807718717
23	0.00124389800175
24	0.000859868436345
25	0.000565524468531
26	0.000469639446611
27	0.000625048300237
28	0.000616924559308
29	0.000545194015714
30	0.00047131775905
31	0.000351588994053
32	0.000282876134658
33	0.000295427485528
34	0.000310221631395
35	0.000281308600172
36	0.000248308698492
37	0.000207982481107
38	0.000172413358402
39	0.000163639901896
40	0.000175088022611
41	0.000177252665764
42	0.000170002602718
43	0.000154303902898
44	0.000137378906771
45	0.000124323741585
46	0.000120614927638
47	0.000119937319744
48	0.000117867429781
49	0.000112520872037
50	0.000106962183949
51	0.000103176725592
52	0.000101093937961
53	0.000100212226228
54	9.83526102711e-05
55	9.54082180298e-05
56	9.18982075331e-05
57	8.96344124698e-05
58	8.85151799958e-05
59	8.71393499265e-05
60	8.48942724079e-05
61	8.39028711384e-05
62	8.31046929386e-05
63	8.15793961826e-05
64	7.9040143424e-05
65	7.63325502834e-05
66	7.39755044497e-05
67	7.40039913324e-05
68	7.35666294671e-05
69	7.29175906785e-05
70	7.25828518689e-05
71	7.15616759665e-05
72	7.00477228157e-05
73	6.9167743715e-05
74	6.84067323036e-05
75	6.70351270635e-05
76	6.6012850623e-05
77	6.54422467547e-05
78	6.40822540444e-05
79	6.28725663474e-05
80	6.20811088301e-05
81	6.0435667478e-05
82	5.90392658846e-05
83	5.71599715587e-05
84	5.57706406076e-05
85	5.64341030115e-05
86	5.7538166635e-05
87	5.78191666096e-05
88	5.7774154099e-05
89	5.74277169604e-05
90	5.69294063488e-05
91	5.63995109218e-05
92	5.58695164015e-05
93	5.52880825785e-05
94	5.47153453475e-05
95	5.41976614817e-05
96	5.36000529709e-05
97	5.30784155938e-05
98	5.24877556235e-05
99	5.20059657837e-05
100	5.13785411913e-05
101	5.08477701569e-05
102	5.03427147089e-05
103	4.97803831624e-05
104	4.92815471317e-05
105	4.87938995772e-05
106	4.82093153508e-05
107	4.76299879013e-05
108	4.71523018384e-05
109	4.66645503338e-05
110	4.6163993628e-05
111	4.56616244298e-05
112	4.5200861778e-05
113	4.47289874493e-05
114	4.42056097467e-05
115	4.37328169652e-05
116	4.32737713115e-05
117	4.28390385067e-05
118	4.235176813e-05
119	4.19142801273e-05
120	4.14764394473e-05
121	4.10616054909e-05
122	4.06070191449e-05
123	4.01754557293e-05
124	3.978021918e-05
125	3.93252961494e-05
126	3.89221390443e-05
127	3.8530205429e-05
128	3.81560731432e-05
129	3.76979800867e-05
130	3.73156217122e-05
131	3.69876925336e-05
132	3.6594752216e-05
133	3.61957159563e-05
134	3.58194209453e-05
135	3.54605834741e-05
136	3.51206257126e-05
137	3.4703310724e-05
138	3.43591575822e-05
139	3.40553101368e-05
140	3.37311268355e-05
141	3.33607773492e-05
142	3.3038263937e-05
143	3.26544008718e-05
144	3.23470989594e-05
145	3.20799078105e-05
146	3.17145202199e-05
147	3.13982361249e-05
148	3.10861647716e-05
149	3.08271028351e-05
150	3.04796841549e-05
151	3.01859065376e-05
152	2.99060704276e-05
153	2.9576045933e-05
154	2.92840405814e-05
155	2.90362203135e-05
156	2.87513430716e-05
157	2.8481647356e-05
158	2.81777449214e-05
159	2.79019502911e-05
160	2.7634152754e-05
161	2.7409090682e-05
162	2.71080702019e-05
163	2.68595954214e-05
164	2.66207657569e-05
165	2.63386884615e-05
166	2.60879041876e-05
167	2.58491478142e-05
168	2.5601594578e-05
169	2.53592424629e-05
170	2.51304175724e-05
171	2.48911543697e-05
172	2.46663615035e-05
173	2.44343386661e-05
174	2.42082141585e-05
175	2.39860371926e-05
176	2.37608526004e-05
177	2.35166778521e-05
178	2.33039146813e-05
179	2.30928766095e-05
180	2.28868260384e-05
181	2.26845315981e-05
182	2.24749369605e-05
183	2.22701945773e-05
184	2.20704753869e-05
185	2.18486716283e-05
186	2.1652630378e-05
187	2.14577617592e-05
188	2.12714300462e-05
189	2.10796598883e-05
190	2.08949716708e-05
191	2.07091719235e-05
192	2.05259226155e-05
193	2.03486175793e-05
194	2.01477442887e-05
195	1.99650308399e-05
196	1.97908822152e-05
197	1.96208389306e-05
198	1.94525897843e-05
199	1.92635965219e-05
200	1.91004909967e-05
201	1.89395310476e-05
202	1.87771268378e-05
203	1.86148627203e-05
204	1.84549989577e-05
205	1.828263673e-05
206	1.8128525432e-05
207	1.79737796559e-05
208	1.78191531293e-05
209	1.76751671668e-05
210	1.7506914255e-05
211	1.73571178661e-05
212	1.71956680479e-05
213	1.7066229965e-05
214	1.69269441088e-05
215	1.67853462726e-05
216	1.66515513056e-05
217	1.64974894216e-05
218	1.63597139252e-05
219	1.62087047227e-05
220	1.60785661218e-05
221	1.59508177519e-05
222	1.58229579419e-05
223	1.56947432964e-05
224	1.55502963421e-05
225	1.54266864036e-05
226	1.53027289755e-05
227	1.51812345188e-05
228	1.50631657564e-05
229	1.49308924778e-05
230	1.48099396467e-05
231	1.46767894318e-05
232	1.45636768418e-05
233	1.44512200972e-05
234	1.43405682282e-05
235	1.42297393089e-05
236	1.41076367524e-05
237	1.39938017873e-05
238	1.38692655525e-05
239	1.3770458875e-05
240	1.36663264047e-05
241	1.35626073437e-05
242	1.34606476128e-05
243	1.33460690358e-05
244	1.32439289359e-05
245	1.31307050404e-05
246	1.30348746617e-05
247	1.2941540942e-05
248	1.28343649104e-05
249	1.27418393602e-05
250	1.26361753405e-05
251	1.25455582062e-05
252	1.2440324878e-05
253	1.23533189432e-05
254	1.22670877463e-05
255	1.21654146848e-05
256	1.20804301741e-05
257	1.198038398e-05
258	1.18976014154e-05
259	1.17997016982e-05
260	1.17178400318e-05
261	1.16363753258e-05
262	1.15428093255e-05
263	1.14595178154e-05
264	1.13817417581e-05
265	1.12911279847e-05
266	1.12092853439e-05
267	1.1133899897e-05
268	1.10463966249e-05
269	1.09679913381e-05
270	1.08944901505e-05
271	1.08098653997e-05
272	1.07341001161e-05
273	1.06625896284e-05
274	1.0580343997e-05
275	1.05069222637e-05
276	1.04373321214e-05
277	1.03574774355e-05
278	1.02864760053e-05
279	1.02187535355e-05
280	1.01412714849e-05
281	1.00726993041e-05
282	1.0006653106e-05
283	9.93149482117e-06
284	9.86515744573e-06
285	9.79705204762e-06
286	9.73453577042e-06
287	9.65449376192e-06
288	9.59659080663e-06
289	9.5338260248e-06
290	9.46635157786e-06
291	9.41801473355e-06
292	9.33826768717e-06
293	9.27783681466e-06
294	9.21615577666e-06
295	9.15850039014e-06
296	9.08564312608e-06
297	9.03093573023e-06
298	8.9710576953e-06
299	8.92991486309e-06
300	8.85703905982e-06
301	8.80058432197e-06
302	8.74291210454e-06
303	8.67418811307e-06
304	8.63732064055e-06
305	8.56574114012e-06
306	8.51838484204e-06
307	8.46479117677e-06
308	8.40968433204e-06
309	8.35476759756e-06
310	8.30192869158e-06
311	8.24849774536e-06
312	8.19697021898e-06
313	8.14465287625e-06
314	8.09409285315e-06
315	8.04251764531e-06
316	7.99274511183e-06
317	7.94205870702e-06
318	7.89319302127e-06
319	7.84349008461e-06
320	7.79548259286e-06
321	7.74674420087e-06
322	7.69958531662e-06
323	7.65183473595e-06
324	7.45025431546e-06
325	7.29719497047e-06
326	7.2003274036e-06
327	7.1490477112e-06
328	7.13358908213e-06
329	7.0991319443e-06
330	7.07867692493e-06
331	7.03753561725e-06
332	6.99134700713e-06
333	6.95164147095e-06
334	6.91571444418e-06
335	6.86028422592e-06
336	6.81983300761e-06
337	6.7815053003e-06
338	6.75080543344e-06
339	6.70158706328e-06
340	6.66109109349e-06
341	6.6229136196e-06
342	6.59362802384e-06
343	6.54613461702e-06
344	6.50752926307e-06
345	6.47083578598e-06
346	6.44278117674e-06
347	6.39724018145e-06
348	6.35979463735e-06
349	6.32421391093e-06
350	6.29675837687e-06
351	6.25246479406e-06
352	6.21626800543e-06
353	6.18180549061e-06
354	6.1551980229e-06
355	6.11246801928e-06
356	6.07759872807e-06
357	6.04426420075e-06
358	6.0186126949e-06
359	5.97745879967e-06
360	5.94379215602e-06
361	5.91154195699e-06
362	5.88661592301e-06
363	5.84681872084e-06
364	5.81420819754e-06
365	5.78309687482e-06
366	5.75321866436e-06
367	5.71193509852e-06
368	5.69568431218e-06
369	5.663206227e-06
370	5.6319259528e-06
371	5.59810150863e-06
372	5.57288683956e-06
373	5.54311396497e-06
374	5.50464135131e-06
375	5.48080837483e-06
376	9.99907818999e-06
377	5.60180544311e-06
378	5.51214600765e-06
379	9.90388338452e-06
380	5.51370729647e-06
381	9.91824200127e-06
382	5.47193801843e-06
383	9.82505163966e-06
384	9.94855992289e-06
385	5.46972393685e-06
386	9.73204564474e-06
387	9.80834463189e-06
388	9.85257029293e-06
389	9.87139756301e-06
390	9.85766106219e-06
391	9.81460628414e-06
392	9.72679243652e-06
393	9.70003348529e-06
394	9.61960239109e-06
395	9.59376756701e-06
396	9.52046609298e-06
397	9.49801317756e-06
398	9.4266936501e-06
399	9.40581742578e-06
400	9.3352045548e-06
401	9.31432115484e-06
402	9.24443914057e-06
403	9.22345295682e-06
404	9.15461317941e-06
405	9.13367826945e-06
406	8.73215117306e-06
407	8.4069227401e-06
408	8.26254321316e-06
409	8.18783950886e-06
410	8.20319671602e-06
411	8.20423754852e-06
412	8.19580161752e-06
413	8.14722153518e-06
414	8.10789331122e-06
415	8.0719273555e-06
416	8.0304691302e-06
417	8.00355162835e-06
418	7.97570680779e-06
419	7.91683234686e-06
420	7.87018623336e-06
421	7.82809174207e-06
422	7.81513235225e-06
423	7.75623024458e-06
424	7.71098715953e-06
425	7.69820515413e-06
426	7.64187824192e-06
427	7.59760281039e-06
428	7.58747146555e-06
429	7.53323300762e-06
430	7.49085015823e-06
431	7.47963433985e-06
432	7.42603585843e-06
433	7.38450589017e-06
434	7.37304951349e-06
435	7.32049122516e-06
436	7.27990315721e-06
437	7.26863101149e-06
438	7.21714946522e-06
439	7.17757240507e-06
440	7.16662436659e-06
441	7.11636272744e-06
442	7.07741001235e-06
443	7.06725867886e-06
444	7.01866923846e-06
445	6.9792943766e-06
446	6.96966492325e-06
447	6.92235182438e-06
448	6.88453454098e-06
449	6.8748692885e-06
450	6.82773335107e-06
451	6.79169202279e-06
452	6.78172425248e-06
453	6.73521311258e-06
454	6.69949364772e-06
455	6.69015798913e-06
456	6.64506272777e-06
457	6.61038044181e-06
458	6.60123379694e-06
459	6.5569247279e-06
460	6.52280157735e-06
461	6.5137179566e-06
462	6.47031462448e-06
463	6.43696348397e-06
464	6.42803192015e-06
465	6.38550706919e-06
466	6.35286727038e-06
467	6.31842923988e-06
468	6.29049166328e-06
469	6.2856648936e-06
470	6.26369640534e-06
471	6.22058620895e-06
472	6.20331675165e-06
473	6.17687251774e-06
474	6.14101285502e-06
475	6.11136440031e-06
476	6.09392043847e-06
477	6.06962683526e-06
478	6.05102525323e-06
479	6.03097444689e-06
480	5.98392383859e-06
481	5.95786976973e-06
482	5.92832876465e-06
483	5.90536097836e-06
484	5.89138254103e-06
485	5.8541211086e-06
486	5.85573541578e-06
487	5.8169741344e-06
488	5.78926544195e-06
489	5.75590529793e-06
490	5.74646093281e-06
491	5.72201275283e-06
492	5.70583255912e-06
493	5.68429146185e-06
494	5.64562397867e-06
495	5.6209039789e-06
496	5.59377785866e-06
497	5.57181459906e-06
498	5.55840730708e-06
499	5.52584677024e-06
500	5.52545494963e-06
501	5.49374743679e-06
502	5.46602233283e-06
503	9.21468571935e-06
504	8.97356639129e-06
505	9.00973921339e-06
506	9.1311656724e-06
507	9.19954703558e-06
508	9.21849676388e-06
509	9.20968736565e-06
510	9.19076631901e-06
511	9.12950132515e-06
512	9.14520334541e-06
513	9.09673971385e-06
514	9.02652091663e-06
515	8.97795054e-06
516	8.95594144986e-06
517	8.92232082793e-06
518	8.87727275189e-06
519	8.83162652076e-06
520	8.79114321557e-06
521	8.75382952622e-06
522	8.70740667396e-06
523	8.66536077901e-06
524	8.62956780519e-06
525	8.59574950645e-06
526	8.55976823324e-06
527	8.51525822398e-06
528	8.47494789708e-06
529	8.44127281724e-06
530	8.40950924384e-06
531	8.3755228481e-06
532	8.33344234277e-06
533	8.29519169879e-06
534	8.26277411244e-06
535	8.23258433307e-06
536	8.20055846797e-06
537	8.16592270109e-06
538	8.12786056977e-06
539	8.08734285862e-06
540	8.05253281949e-06
541	8.02408487909e-06
542	7.99801069681e-06
543	7.96970436595e-06
544	7.93825131408e-06
545	7.90468903982e-06
546	7.87072556039e-06
547	7.83752457233e-06
548	7.80563549073e-06
549	7.77510446992e-06
550	7.74566064814e-06
551	7.7168988853e-06
552	7.68843795024e-06
553	7.6600191691e-06
554	7.6315500188e-06
555	7.60306432091e-06
556	7.57466018921e-06
557	7.54644794214e-06
558	7.51851468733e-06
559	7.49090833088e-06
560	7.46363810884e-06
561	7.43668266776e-06
562	7.41001398967e-06
563	7.3836111224e-06
564	7.35742205826e-06
565	7.33143325403e-06
566	7.30563637975e-06
567	7.28003341619e-06
568	7.25463241204e-06
569	7.22943811467e-06
570	7.20445253628e-06
571	7.17967461219e-06
572	7.15509950782e-06
573	7.1307243387e-06
574	7.10654409829e-06
575	7.08255236942e-06
576	7.05874252118e-06
577	7.03510993412e-06
578	7.01165254172e-06
579	6.98836349263e-06
580	6.9652434636e-06
581	6.94229155884e-06
582	6.91950889832e-06
583	6.89689178258e-06
584	6.87443837328e-06
585	6.85214465419e-06
586	6.83000666433e-06
587	6.80801921126e-06
588	6.78617420555e-06
589	6.76447272269e-06
590	6.74291445347e-06
591	6.72149528816e-06
592	6.70021601771e-06
593	6.67907496968e-06
594	6.65806907698e-06
595	6.63719509097e-06
596	6.61645179978e-06
597	6.59583649399e-06
598	6.57534475499e-06
599	6.55497581634e-06
600	6.53472874535e-06
601	6.51460283459e-06
602	6.49459593939e-06
603	6.47470596378e-06
604	6.4549302311e-06
605	6.43526625818e-06
606	6.41571146859e-06
607	6.39626283918e-06
608	6.3769215134e-06
609	6.35768636534e-06
610	6.33855769022e-06
611	6.31953517396e-06
612	6.30061389178e-06
613	6.28179340445e-06
614	6.26307253795e-06
615	6.24444743516e-06
616	6.22591915272e-06
617	6.20748311761e-06
618	6.18913967002e-06
619	6.17088500496e-06
620	6.15272107394e-06
621	6.13464530926e-06
622	6.11666100327e-06
623	6.09876417974e-06
624	6.08095388711e-06
625	6.06322866351e-06
626	6.04558870208e-06
627	6.02803019941e-06
628	6.01055454894e-06
629	5.99315931795e-06
630	5.97584271284e-06
631	5.95860484305e-06
632	5.94144536803e-06
633	5.92436212236e-06
634	5.90735437387e-06
635	5.89042279191e-06
636	5.87356407864e-06
637	5.85677923982e-06
638	5.84006908887e-06
639	5.82343287423e-06
640	5.80687138724e-06
