1	1
2	0.584015147757
3	0.0546032347894
4	0.00984199067048
5	0.0391700580777
6	0.0778541633879
7	0.102064240352
8	0.0449290708548
9	0.0264108219313
10	0.0153990225861
11	0.00825665944613
12	0.00427475051952
13	0.00288713884473
14	0.00314626972506
15	0.00301096814592
16	0.00268204251294
17	0.00236663314277
18	0.00197228425553
19	0.00167165401079
20	0.00165020376405
21	0.00162445931604
22	0.00151251871281
23	0.0013653203645
24	0.00121558713187
25	0.00110956035533
26	0.0010879803488
27	0.00113418674787
28	0.00113933296672
29	0.00110228674071
30	0.0010261651349
31	0.000960880778694
32	0.000916818912766
33	0.000912423932945
34	0.000911063775489
35	0.000895129035699
36	0.000871780904053
37	0.000843257448667
38	0.000818602333164
39	0.000802861122001
40	0.000797324098717
41	0.000786441979751
42	0.000769492769211
43	0.000750480645952
44	0.000734006954944
45	0.000718279915683
46	0.000708585368508
47	0.000699446390403
48	0.000689160957698
49	0.000677703500211
50	0.000665619853773
51	0.000659609506887
52	0.000655615285751
53	0.000649872005056
54	0.000641256131958
55	0.000626507109042
56	0.000615953980621
57	0.000610040782799
58	0.000610409581006
59	0.000608318317267
60	0.00059820146631
61	0.00059314115536
62	0.000591619581097
63	0.000587950381629
64	0.000578146170414
65	0.000563511293367
66	0.000546303822739
67	0.000549816215363
68	0.000552632759577
69	0.000551671258039
70	0.000549803315652
71	0.000546096496947
72	0.000539365837958
73	0.00053355830711
74	0.00052940908724
75	0.000523093574942
76	0.000516245076956
77	0.000513537058863
78	0.000506917914232
79	0.000498891842595
80	0.000491582784919
81	0.000479876930106
82	0.000469806876607
83	0.000455611233884
84	0.000446297062539
85	0.000453474359266
86	0.000463189613071
87	0.000467697366178
88	0.000469494207724
89	0.000468829390394
90	0.000466477788975
91	0.000463344265049
92	0.000459794416571
93	0.000455987079346
94	0.000452048511144
95	0.000448073706202
96	0.000444045944609
97	0.000440029230784
98	0.000435981072504
99	0.000431932757408
100	0.000427892115942
101	0.000423879579073
102	0.000419924685166
103	0.000415995731279
104	0.000412090254898
105	0.000408208506469
106	0.000404362344277
107	0.000400568215435
108	0.000396808584385
109	0.00039308361193
110	0.000389393837336
111	0.000385735599835
112	0.000382125035356
113	0.000378561424636
114	0.000375021554591
115	0.000371523447791
116	0.00036806458473
117	0.000364646254803
118	0.000361258709298
119	0.000357909536045
120	0.000354599425091
121	0.000351337062463
122	0.000348099000383
123	0.000344899320591
124	0.000341741889078
125	0.000338609970737
126	0.000335515306715
127	0.0003324586805
128	0.000329444250004
129	0.000326454187615
130	0.000323497822235
131	0.000320570732101
132	0.000317673146734
133	0.000314810540619
134	0.000311975544913
135	0.000309172991998
136	0.000306403717286
137	0.000303654158833
138	0.00030093537682
139	0.000298242203996
140	0.000295579744063
141	0.00029294112814
142	0.00029033484358
143	0.000287750194464
144	0.000285191628324
145	0.000282662374598
146	0.000280154721628
147	0.000277670079161
148	0.000275214339952
149	0.000272780066979
150	0.000270368269409
151	0.000267979138442
152	0.000265619050839
153	0.000263276807698
154	0.000260958994947
155	0.000258663067281
156	0.000256387001841
157	0.000254137850341
158	0.000251910690222
159	0.00024970134947
160	0.000247517026696
161	0.000245350281472
162	0.000243203436787
163	0.000241077307664
164	0.000238976644917
165	0.000236890951601
166	0.000234823425513
167	0.000232780792964
168	0.000230758263795
169	0.000228749615279
170	0.000226761227029
171	0.000224794252547
172	0.000222841669758
173	0.000220910069386
174	0.000218996317115
175	0.000217101489833
176	0.000215224080135
177	0.000213364668579
178	0.000211520070108
179	0.000209696086234
180	0.000207885106723
181	0.000206092371096
182	0.000204317695037
183	0.000202558862402
184	0.000200817399525
185	0.000199092135456
186	0.00019738050074
187	0.00019568730196
188	0.000194006411364
189	0.00019234443804
190	0.000190694458773
191	0.000189061209824
192	0.000187444135177
193	0.000185842652046
194	0.00018425436654
195	0.000182679229711
196	0.000181119803612
197	0.000179575153701
198	0.000178044644498
199	0.00017652810459
200	0.000175023650332
201	0.000173533951508
202	0.000172058052851
203	0.00017059538342
204	0.000169146215803
205	0.000167710567293
206	0.000166286040101
207	0.000164875507174
208	0.000163478182875
209	0.000162093776898
210	0.000160720830547
211	0.000159359886085
212	0.000158012615623
213	0.000156676427653
214	0.000155352188499
215	0.00015403925905
216	0.000152740009864
217	0.000151450984093
218	0.000150173476093
219	0.000148907998648
220	0.000147652730568
221	0.00014640920666
222	0.000145176399492
223	0.000143955154599
224	0.000142745676674
225	0.0001415451801
226	0.000140355566309
227	0.000139176620384
228	0.000138008706548
229	0.000136850812377
230	0.000135702885084
231	0.000134565912888
232	0.00013343790638
233	0.000132320325332
234	0.00013121209139
235	0.000130115183584
236	0.000129027315827
237	0.000127947916495
238	0.00012687902663
239	0.000125818570229
240	0.000124768249335
241	0.000123726845084
242	0.000122694910435
243	0.000121671615624
244	0.000120657380605
245	0.000119652460811
246	0.000118655427384
247	0.000117668919863
248	0.000116688617982
249	0.000115718633721
250	0.000114755446977
251	0.000113802317177
252	0.000112856339187
253	0.000111918673808
254	0.000110991135796
255	0.000110069053223
256	0.00010915699121
257	0.000108250792051
258	0.000107354415682
259	0.000106464340119
260	0.000105582095843
261	0.00010470951796
262	0.00010384228348
263	0.000102982379972
264	0.000102132533843
265	0.000101287548959
266	0.000100449875212
267	9.96218749002e-05
268	9.87986709114e-05
269	9.79824317557e-05
270	9.7175676472e-05
271	9.63737109287e-05
272	9.55784456928e-05
273	9.47923406659e-05
274	9.40109668474e-05
275	9.32361331186e-05
276	9.24701922372e-05
277	9.17088816281e-05
278	9.09539359783e-05
279	9.02076031787e-05
280	8.94658208082e-05
281	8.87302386776e-05
282	8.80029684484e-05
283	8.72801764731e-05
284	8.65634334004e-05
285	8.58535948275e-05
286	8.51511819367e-05
287	8.44539700474e-05
288	8.37599375429e-05
289	8.30739763343e-05
290	8.23950741592e-05
291	8.1720671438e-05
292	8.10532253438e-05
293	8.03883837011e-05
294	7.97312806157e-05
295	7.90813475158e-05
296	7.84361084582e-05
297	7.77945890707e-05
298	7.71593846685e-05
299	7.65307140881e-05
300	7.59061836585e-05
301	7.52855005064e-05
302	7.46733291622e-05
303	7.40660486767e-05
304	7.34633057254e-05
305	7.2864616832e-05
306	7.22708411144e-05
307	7.1683013895e-05
308	7.11003299147e-05
309	7.05226137852e-05
310	6.99498647129e-05
311	6.9381820165e-05
312	6.88185995053e-05
313	6.82600224101e-05
314	6.77062669842e-05
315	6.71571360333e-05
316	6.66127692839e-05
317	6.60729419598e-05
318	6.55377747495e-05
319	6.50070531499e-05
320	6.44808933723e-05
321	6.39590885616e-05
322	6.34417397053e-05
323	6.29287041473e-05
324	6.25092268069e-05
325	6.20755598757e-05
326	6.16221241234e-05
327	6.11574027516e-05
328	6.06918809591e-05
329	6.02323881684e-05
330	5.97776322304e-05
331	5.93275289668e-05
332	5.88821089708e-05
333	5.84394487814e-05
334	5.80013086662e-05
335	5.75647576692e-05
336	5.71314222765e-05
337	5.67023225148e-05
338	5.62773570599e-05
339	5.58540187269e-05
340	5.54340969717e-05
341	5.50179996055e-05
342	5.46059554572e-05
343	5.41954481585e-05
344	5.37883131329e-05
345	5.33849730352e-05
346	5.29855527674e-05
347	5.25876579117e-05
348	5.21930331468e-05
349	5.18020595158e-05
350	5.1414888857e-05
351	5.10291934135e-05
352	5.06466672454e-05
353	5.02676890869e-05
354	4.98924014092e-05
355	4.95185489933e-05
356	4.91477580803e-05
357	4.87804057734e-05
358	4.84166226637e-05
359	4.80542493018e-05
360	4.76948534945e-05
361	4.73387870465e-05
362	4.69861810639e-05
363	4.66349015792e-05
364	4.62865462149e-05
365	4.59413342709e-05
366	4.55988467796e-05
367	4.52598667189e-05
368	4.49217148256e-05
369	4.45865013462e-05
370	4.42544677896e-05
371	4.39269104941e-05
372	4.35979380253e-05
373	4.32732185205e-05
374	4.29533888608e-05
375	4.26324932823e-05
376	4.23146865146e-05
377	4.19843198027e-05
378	4.1676262044e-05
379	4.13754660949e-05
380	4.10560374901e-05
381	4.07566622574e-05
382	4.04447422356e-05
383	4.01536006481e-05
384	3.98484791606e-05
385	3.95448248739e-05
386	3.92636477574e-05
387	3.89680899569e-05
388	3.86733923152e-05
389	3.83835670963e-05
390	3.80962323057e-05
391	3.78159542176e-05
392	3.75373782816e-05
393	3.72599135337e-05
394	3.6984995673e-05
395	3.67114477579e-05
396	3.64405515712e-05
397	3.61713151545e-05
398	3.59045404296e-05
399	3.5639429865e-05
400	3.5376691612e-05
401	3.51156183545e-05
402	3.48569175717e-05
403	3.45998496177e-05
404	3.43451375227e-05
405	3.4092017513e-05
406	3.3937968888e-05
407	3.37674328919e-05
408	3.3573102695e-05
409	3.33624468171e-05
410	3.31467440243e-05
411	3.29313777918e-05
412	3.27180794488e-05
413	3.25089371896e-05
414	3.23017602801e-05
415	3.20955491454e-05
416	3.18913072966e-05
417	3.16878349406e-05
418	3.14860513451e-05
419	3.12844926744e-05
420	3.10852182397e-05
421	3.0887073561e-05
422	3.06898067395e-05
423	3.04937627615e-05
424	3.02991625433e-05
425	3.01057259735e-05
426	2.99134417593e-05
427	2.97226790483e-05
428	2.95330988381e-05
429	2.93446271394e-05
430	2.91575935263e-05
431	2.8971704658e-05
432	2.87869158274e-05
433	2.86035329914e-05
434	2.84212527677e-05
435	2.824006781e-05
436	2.80603042291e-05
437	2.78815561469e-05
438	2.77039281402e-05
439	2.75277083351e-05
440	2.73524587236e-05
441	2.71782967008e-05
442	2.70055397511e-05
443	2.68337352089e-05
444	2.66629931024e-05
445	2.64936585106e-05
446	2.63252165614e-05
447	2.61578910389e-05
448	2.59918607269e-05
449	2.58267459891e-05
450	2.56627776007e-05
451	2.54999559935e-05
452	2.53381133029e-05
453	2.51773273774e-05
454	2.50177797997e-05
455	2.48591132264e-05
456	2.47014973843e-05
457	2.45450947782e-05
458	2.43895613181e-05
459	2.42350600524e-05
460	2.40817457119e-05
461	2.39292833168e-05
462	2.37778271413e-05
463	2.36275102641e-05
464	2.34780504792e-05
465	2.33295884173e-05
466	2.31822567476e-05
467	2.30359284444e-05
468	2.28904381159e-05
469	2.27461773452e-05
470	2.26020616453e-05
471	2.24591146713e-05
472	2.2317695834e-05
473	2.21771285588e-05
474	2.20377033556e-05
475	2.18980113176e-05
476	2.17602358857e-05
477	2.16234521698e-05
478	2.14874536151e-05
479	2.13521733317e-05
480	2.12176745472e-05
481	2.1083559311e-05
482	2.09511904845e-05
483	2.08196453311e-05
484	2.06891814268e-05
485	2.05590183453e-05
486	2.04303153187e-05
487	2.03011473483e-05
488	2.01733836272e-05
489	2.00471293497e-05
490	1.99211999711e-05
491	1.97963968007e-05
492	1.96725177223e-05
493	1.95493066424e-05
494	1.9426603603e-05
495	1.93042981289e-05
496	1.91836094964e-05
497	1.90636028769e-05
498	1.89447813397e-05
499	1.88259756699e-05
500	1.87086661691e-05
501	1.85908685594e-05
502	1.84743539698e-05
503	1.84701745935e-05
504	1.84295240271e-05
505	1.8367406221e-05
506	1.82922448523e-05
507	1.82113649496e-05
508	1.81274752615e-05
509	1.80454921168e-05
510	1.79621167748e-05
511	1.7880548438e-05
512	1.78007371185e-05
513	1.77214945996e-05
514	1.76404271213e-05
515	1.75614600844e-05
516	1.74819208785e-05
517	1.74007976257e-05
518	1.7322753755e-05
519	1.72443779023e-05
520	1.71659225707e-05
521	1.70860305018e-05
522	1.70093552676e-05
523	1.69324155644e-05
524	1.68554725217e-05
525	1.67786873659e-05
526	1.67006545464e-05
527	1.66258317301e-05
528	1.65507796303e-05
529	1.64756558242e-05
530	1.64007270261e-05
531	1.6324542203e-05
532	1.62515015951e-05
533	1.61782129216e-05
534	1.61049079636e-05
535	1.60317386895e-05
536	1.59588526707e-05
537	1.58863251409e-05
538	1.58127477088e-05
539	1.57421874689e-05
540	1.56714022681e-05
541	1.56005759048e-05
542	1.55298696918e-05
543	1.54594555362e-05
544	1.5389361789e-05
545	1.53196376486e-05
546	1.52502954727e-05
547	1.51813297298e-05
548	1.51127252132e-05
549	1.50444472231e-05
550	1.497651456e-05
551	1.49089112054e-05
552	1.48416321185e-05
553	1.47746765654e-05
554	1.47080443477e-05
555	1.46417357629e-05
556	1.45757504474e-05
557	1.45100873842e-05
558	1.44447450062e-05
559	1.43797217634e-05
560	1.43150152494e-05
561	1.42506237321e-05
562	1.41865458244e-05
563	1.41227786638e-05
564	1.40593205407e-05
565	1.39961699193e-05
566	1.39333251133e-05
567	1.38707847661e-05
568	1.38085471827e-05
569	1.374661044e-05
570	1.36849730692e-05
571	1.36236333595e-05
572	1.35625896417e-05
573	1.35018405218e-05
574	1.34413843939e-05
575	1.33812196182e-05
576	1.33213446344e-05
577	1.3261757476e-05
578	1.32024568335e-05
579	1.31434407468e-05
580	1.30847073313e-05
581	1.30262552618e-05
582	1.29680831011e-05
583	1.29101898693e-05
584	1.28525737893e-05
585	1.2795233432e-05
586	1.27381672588e-05
587	1.26813629361e-05
588	1.26248320067e-05
589	1.25685757391e-05
590	1.25125893221e-05
591	1.24568704761e-05
592	1.24014173207e-05
593	1.23462287295e-05
594	1.22913028739e-05
595	1.22366384272e-05
596	1.2182233628e-05
597	1.21280871687e-05
598	1.20741977313e-05
599	1.2020563927e-05
600	1.19671843018e-05
601	1.19140574558e-05
602	1.18611821019e-05
603	1.18085570356e-05
604	1.17561812686e-05
605	1.17040534116e-05
606	1.16521663756e-05
607	1.16005186914e-05
608	1.15491211309e-05
609	1.14979673845e-05
610	1.14470551596e-05
611	1.13963836876e-05
612	1.1345951092e-05
613	1.12957541804e-05
614	1.12457934704e-05
615	1.11960678419e-05
616	1.11465759972e-05
617	1.109731721e-05
618	1.1048289862e-05
619	1.09994927165e-05
620	1.09509243382e-05
621	1.09025834515e-05
622	1.08544690584e-05
623	1.08065799826e-05
624	1.07589150031e-05
625	1.07114730166e-05
626	1.06642528616e-05
627	1.06172534961e-05
628	1.05704738496e-05
629	1.05239126894e-05
630	1.04775691857e-05
631	1.0431442335e-05
632	1.03855304591e-05
633	1.03398311476e-05
634	1.02943452934e-05
635	1.02490631873e-05
636	1.02039924237e-05
637	1.0159134838e-05
638	1.01144870694e-05
639	1.00700477048e-05
640	1.00258156028e-05
