1	0.0219270110719
2	2287.26826225
3	1296.30684118
4	1564.03558743
5	785.647567203
6	782.918069848
7	823.149780909
8	939.145595502
9	361.560885616
10	210.028638594
11	341.169581621
12	198.817688862
13	188.615754118
14	268.488276808
15	150.989219462
16	192.817515972
17	227.872897738
18	200.622864375
19	192.532879982
20	128.242219744
21	110.724304166
22	152.315243009
23	126.800854921
24	96.0651751819
25	120.870426022
26	128.881436537
27	100.654500512
28	90.0426799258
29	104.34595391
30	96.4375691307
31	87.4867168099
32	53.8784582859
33	71.4902263414
34	52.8945262707
35	60.9852997532
36	61.9769925324
37	53.6357427999
38	42.4170490886
39	39.094788147
40	32.4829321453
41	39.476682652
42	32.9290723412
43	40.3450721989
44	32.2893570313
45	31.5198812477
46	40.4289162175
47	33.2727410623
48	30.1545197324
49	27.2213169503
50	31.8067796057
51	19.15447613
52	26.6007321158
53	24.2090857602
54	21.0425462909
55	19.2203877298
56	20.1294923554
57	20.0022085649
58	18.5231454129
59	17.5296517093
60	15.2722505127
61	15.5820304308
62	15.2656295706
63	16.6153450827
64	18.0295650064
65	16.6256493451
66	16.6293925114
67	15.9733803035
68	13.3129418335
69	13.1904188258
70	15.8778786116
71	14.0931306566
72	11.7908870133
73	12.61723708
74	11.9031216455
75	11.1527434406
76	10.1422068386
77	9.9809892113
78	10.5728218393
79	8.05041964889
80	7.62056068896
81	8.92756199692
82	9.60356941857
83	6.35587658403
84	6.0326387129
85	7.85408724985
86	3.02139066509
87	7.78050167264
88	5.57277176165
89	5.80772324065
90	6.19542718464
91	6.41178123827
92	6.15476737618
93	6.78388301373
94	6.17629259715
95	5.70235684089
96	5.20634942476
97	5.82787005745
98	5.39052849238
99	6.05134835818
100	6.37410846887
101	4.2768485794
102	4.34933603152
103	3.3370749306
104	3.86357549478
105	4.03290314421
106	4.1846203366
107	2.28522845882
108	1.94480939212
109	3.16174446363
110	1.860826163
111	2.70841356679
112	2.82359695896
113	2.9804130363
114	3.16450027741
115	1.78485390827
116	2.20401235722
117	2.77733118794
118	2.66303311226
119	1.5840409347
120	1.88087265574
121	1.66481593451
122	1.3938822571
123	1.01323098261
124	1.4819947691
125	1.45149998407
126	0.927387307845
127	1.19014031925
128	1.40990350748
129	1.32343255638
130	1.14361535308
131	1.14235372899
132	1.49776634171
133	1.00588266485
134	1.27926164911
135	0.894895961061
136	1.02434264989
137	0.810612182481
138	0.878745661442
139	0.738212400048
140	0.80878171778
141	0.647647005166
142	0.681317268693
143	0.589426023383
144	0.701427067002
145	0.557669389401
146	0.535555580664
147	0.488002506872
148	0.502539360401
149	0.463981906555
150	0.462371764974
151	0.422561807985
152	0.431509868686
153	0.379420414366
154	0.373739381927
155	0.23220759556
156	0.319384798755
157	0.253587006011
158	0.234351245656
159	0.281223057722
160	0.216424215642
161	0.230059287335
162	0.247870702961
163	0.185898081767
164	0.212161191869
165	0.199124120276
166	0.179378910075
167	0.179745241784
168	0.164010358709
169	0.194656982393
170	0.164135378486
171	0.163943578061
172	0.138026832448
173	0.169664068444
174	0.119343915841
175	0.163655333696
176	0.158972982523
177	0.101669378892
178	0.162616672173
179	0.060041419795
180	0.150279571986
181	0.0995971248573
182	0.0651290826896
183	0.136522677339
184	0.0957294295392
185	0.0593441118815
186	0.0741021298002
187	0.122842152117
188	0.0916012117046
189	0.0530727528878
190	0.0708414430903
191	0.103278306859
192	0.0660029722382
193	0.108603245571
194	0.066329025725
195	0.0637036798171
196	0.10138746961
197	0.0648550955417
198	0.0574627504613
199	0.0932855448611
200	0.0619647649461
201	0.0527322545664
202	0.0873711399965
203	0.0589612227098
204	0.0489684906414
205	0.0820000317208
206	0.102535383895
207	0.0856315631674
208	0.110372822054
209	0.104840644682
210	0.0978551863105
211	0.077753547208
212	0.0837457869449
213	0.043909622269
214	0.0752055280886
215	0.0420320920545
216	0.0493692393152
217	0.0365770841213
218	0.0563651779748
219	0.0360152030837
220	0.0651916499137
221	0.0821563811045
222	0.0477806605635
223	0.0755792803372
224	0.0672432907251
225	0.0692518746759
226	0.0293352329876
227	0.0342023392872
228	0.048003794914
229	0.0323487671735
230	0.0305266772856
231	0.0742506326969
232	0.0668199245669
233	0.0569752017144
234	0.0653139566629
235	0.063686137211
236	0.0552388128191
237	0.0462063258431
238	0.0525915437243
239	0.0469597314594
240	0.0506924480881
241	0.0360125382785
242	0.0344730624863
243	0.0276021575691
244	0.0345440203184
245	0.025419245861
246	0.025017614797
247	0.0255787942548
248	0.0258508768778
249	0.0255454396087
250	0.0252786421604
251	0.0246261513626
252	0.0239872137287
253	0.0237219295365
254	0.023654434143
255	0.023647230483
256	0.0229525483941
257	0.0229868417301
258	0.0228477449514
259	0.0229102803824
260	0.0227464173823
261	0.0224906417007
262	0.0223814839523
263	0.0223942201585
264	0.0399558847082
265	0.0309936598038
266	0.042065253711
267	0.0328893146672
268	0.0405217033419
269	0.0257517642558
270	0.0333513086907
271	0.0345996730596
272	0.0270498777962
273	0.0278029197736
274	0.0286861678418
275	0.0288420162833
276	0.027860988267
277	0.0328314114001
278	0.0407446714834
279	0.037527273946
280	0.0326479918206
281	0.0305281988676
282	0.030739494065
283	0.0254573801763
284	0.0269594469263
285	0.0274640895445
286	0.0265196567113
287	0.0258852215057
288	0.0329807798167
289	0.0372807689949
290	0.0336756395466
291	0.0261602542285
292	0.0247867642361
293	0.0255720096464
294	0.0135643319086
295	0.0176245531055
296	0.0189276744983
297	0.0199608169117
298	0.0115781249133
299	0.0187417255266
300	0.0106709863877
301	0.0176724310477
302	0.0105195409419
303	0.0160266571156
304	0.0119947826638
305	0.0112650196522
306	0.0172390085281
307	0.0100308948978
308	0.0162142447412
309	0.0121642762338
310	0.0146153214479
311	0.0150270384656
312	0.0144665430362
313	0.00988238210912
314	0.0149945060709
315	0.00749793664321
316	0.0136455533081
317	0.0146164507778
318	0.0112413411658
319	0.0144516943713
320	0.0118103818128
321	0.0110142483478
322	0.0109923057632
323	0.00777252318837
324	0.0116917404106
325	0.010235784977
326	0.00837056188416
327	0.0119009159343
328	0.00975096851309
329	0.00788156422202
330	0.00953841429362
331	0.00722352055761
332	0.0065243216875
333	0.00687537994706
334	0.00682820008414
335	0.0117663396369
336	0.00582356699982
337	0.0113277581196
338	0.00643593392555
339	0.0112123459069
340	0.00687292715821
341	0.0105805202168
342	0.00659052823697
343	0.0103009752732
344	0.00701077408618
345	0.00662075270931
346	0.00639609414891
347	0.0102401258976
348	0.00671581450538
349	0.00636199599642
350	0.00646187161467
351	0.00706917033332
352	0.00803634817599
353	0.00911148668706
354	0.0060507387896
355	0.00661800194097
356	0.00870484606371
357	0.00660307392791
358	0.00846607886916
359	0.00553749744032
360	0.00811618992092
361	0.00577912335627
362	0.00612185219255
363	0.00590524505641
364	0.005597607349
365	0.00794665011962
366	0.00602364835814
367	0.00614954066137
368	0.00520181698508
369	0.00525516223525
370	0.0045762372898
371	0.00746271247844
372	0.00484534697771
373	0.00451884268473
374	0.00732956660418
375	0.00535020013134
376	0.00481249175695
377	0.00447487877462
378	0.00685706823802
379	0.00501855964035
380	0.00551570482783
381	0.00529261651935
382	0.00513255768105
383	0.00513290970839
384	0.00529767395617
385	0.00498461219938
386	0.00503051834384
387	0.00501749821817
388	0.00499289830425
389	0.00495101976598
390	0.0048657228295
391	0.00483650385849
392	0.0047935278396
393	0.00473394563387
394	0.0046747209429
395	0.00458620617124
396	0.00446440440655
397	0.00403512785106
398	0.00595662408738
399	0.00475529642277
400	0.00419380787348
401	0.00409118708046
402	0.00541938377899
403	0.00532927651138
404	0.00394284476353
405	0.00430055003201
406	0.00448164176869
407	0.00371529313492
408	0.00375138359455
409	0.00459789690293
410	0.0041070092182
411	0.00454884903043
412	0.00322248233953
413	0.00357612761949
414	0.00364259887133
415	0.0045050706571
416	0.00400229337358
417	0.00353773097234
418	0.00342718860337
419	0.00370349325876
420	0.00399751023257
421	0.00734997822123
422	0.0053102819193
423	0.00426042980833
424	0.00407749631869
425	0.00391367885915
426	0.0040462228931
427	0.00451723467356
428	0.00289615354546
429	0.00345741771496
430	0.00337878021916
431	0.00341919369965
432	0.00340717468664
433	0.00340605812856
434	0.00298003895336
435	0.00405345597824
436	0.00348627167489
437	0.00329329955011
438	0.00306511430561
439	0.0037227751961
440	0.00256266760327
441	0.00230127754509
442	0.00255988570535
443	0.00288054194873
444	0.0033099479225
445	0.00262965975006
446	0.00220034864226
447	0.00300379299544
448	0.00270810549139
449	0.00279558590028
450	0.00255849486755
451	0.00288839031057
452	0.00264665547942
453	0.00263992293897
454	0.0027313459193
455	0.00273209474662
456	0.00277934785347
457	0.0027991960326
458	0.00284539058711
459	0.00284683098883
460	0.00282256611058
461	0.00276535993471
462	0.00269445074139
463	0.00261288435877
464	0.00252692151326
465	0.0024416184298
466	0.00236331609653
467	0.00228823615454
468	0.002227776732
469	0.00218478163302
470	0.00216391802693
471	0.00215602454472
472	0.00216486273698
473	0.00216787504998
474	0.00217611662038
475	0.00217312393667
476	0.00216889436811
477	0.00215654206653
478	0.00213775730849
479	0.00331047374953
480	0.00213910977608
481	0.00208657638568
482	0.00199428104474
483	0.00347711858353
484	0.0022775495225
485	0.0020503377527
486	0.00178262796576
487	0.00160239828636
488	0.00246855823126
489	0.00185339126134
490	0.00156674864753
491	0.0023911912096
492	0.00136085231823
493	0.00178019059746
494	0.00154862525258
495	0.00179983339909
496	0.00154000255214
497	0.00168604267156
498	0.00156208557035
499	0.00164774280003
500	0.00156678674831
501	0.0016583128813
502	0.00162085026281
503	0.00171238032272
504	0.00168307581286
505	0.00178493826429
506	0.00173392762031
507	0.00184930558316
508	0.00179192248678
509	0.0018991685845
510	0.00178340667814
511	0.00190880154323
512	0.00173197221
513	0.0018678610957
514	0.00164668203181
515	0.00179090519548
516	0.00154225905136
517	0.00166226400539
518	0.00139131283826
519	0.00242531737745
520	0.00189459200241
521	0.00247545828004
522	0.00208185453845
523	0.00145722720411
524	0.00148777691811
525	0.00165561863116
526	0.00199626284963
527	0.00126902311042
528	0.00132248649915
529	0.00113433747554
530	0.00164904683099
531	0.00163372508412
532	0.00174310624974
533	0.0012433947978
534	0.00157531285761
535	0.00138584755159
536	0.00155902006184
537	0.00124550619184
538	0.000991131806528
539	0.00100804354986
540	0.000993284406546
541	0.000995825224883
542	0.0009949284663
543	0.000991194016347
544	0.000984069890568
545	0.000973911006938
546	0.000891583465453
547	0.00186138607001
548	0.00117782930467
549	0.0010103999843
550	0.00106649206078
551	0.000994971732574
552	0.00113520108586
553	0.00100391112535
554	0.00119225559964
555	0.00102274185964
556	0.000828288847667
557	0.000818471115426
558	0.00082097899831
559	0.000822665474742
560	0.000821904050247
561	0.000824779658191
562	0.000819124639156
563	0.00080590064458
564	0.000790931584544
565	0.000777925808049
566	0.000767865378108
567	0.000760396906233
568	0.000753506657932
569	0.00165011941955
570	0.000877213235607
571	0.000817145387901
572	0.000960273564703
573	0.000716070084692
574	0.000651355549816
575	0.000904253795915
576	0.000788393322007
577	0.00104119132355
578	0.000652216664155
579	0.000658982057275
580	0.000864138216481
581	0.00120440450755
582	0.000737864086437
583	0.000967218027919
584	0.00117592875659
585	0.000648849044385
586	0.00078751489175
587	0.000770552110326
588	0.0015139136127
589	0.00131812438794
590	0.00117343550958
591	0.000877781862499
592	0.000880842594102
593	0.000956995285267
594	0.0010732655679
595	0.00116601941496
596	0.000593138417711
597	0.000692303041794
598	0.000450048497348
599	0.000776818649795
600	0.000992259692906
601	0.000590702604401
602	0.00104016103585
603	0.00121556364999
604	0.00116974342992
605	0.0010255152109
606	0.00073443011881
607	0.000774895080605
608	0.000834640035058
609	0.000905569133506
610	0.00094034633189
611	0.000929489600486
612	0.000901051217233
613	0.00087124927157
614	0.000844971579091
615	0.00114593526085
616	0.00113483088261
617	0.000799053907932
618	0.000716752110585
619	0.000665757395129
620	0.000654758475278
621	0.000641118123767
622	0.000940419361782
623	0.000632816042537
624	0.000908626041174
625	0.000648668757712
626	0.000512912337082
627	0.000589030572361
628	0.000650385781399
629	0.000820100487358
630	0.000958312408567
631	0.00096901481846
632	0.000470588282626
633	0.000700469412314
634	0.000819157612065
635	0.000935347322803
636	0.000766261020938
637	0.000761676613768
638	0.000872927597778
639	0.000904644776739
640	0.000901980110724
641	0.000846121864385
642	0.000809855446411
643	0.000800972764845
644	0.000793194589037
645	0.000925012617608
646	0.000914551116268
647	0.000597213163904
648	0.000546482667566
649	0.00055257815909
650	0.000508541317687
651	0.000558523677464
652	0.000534364623651
653	0.000829393953554
654	0.000738789728335
655	0.00047672469542
656	0.000625929661999
657	0.000508611584394
658	0.000578245088089
659	0.000477481510856
660	0.000537289435222
661	0.000511883655179
662	0.000516382961622
663	0.000537425491355
664	0.000553816034254
665	0.000576028622505
666	0.000598078289978
667	0.000503987057645
668	0.000498936393729
669	0.000560273914438
670	0.000643449846603
671	0.000734067076122
672	0.000362745400669
673	0.000356861551577
674	0.000451061763961
675	0.000339708978791
676	0.000375763259259
677	0.000407983084122
678	0.000436370676105
679	0.000521318807916
680	0.000632331579759
681	0.000705646884716
682	0.000310347158013
683	0.000415995248199
684	0.000423486056212
685	0.000480809629142
686	0.000475693964022
687	0.000556956361744
688	0.00060397807357
689	0.000633632380661
690	0.00028827497141
691	0.000388889608763
692	0.000405230769937
693	0.000529850099186
694	0.000562217967411
695	0.000273963490576
696	0.000605311071171
697	0.000298995555286
698	0.000583208589875
699	0.000545640924324
700	0.000411000545266
701	0.000384192853666
702	0.000423611357435
703	0.00053102980931
704	0.000598739994549
705	0.000514157664935
706	0.000454749023094
707	0.000382429297963
708	0.00039529510206
709	0.000411961777974
710	0.000417287776329
711	0.000422225850542
712	0.000427218622897
713	0.000417536523442
714	0.000435456827231
715	0.000473610521814
716	0.000504121901003
717	0.000526555613211
718	0.000537252388323
719	0.000531890259172
720	0.000523916676312
721	0.000537193649133
722	0.000536524112349
723	0.000222952657248
724	0.000311053165222
725	0.000434267129928
726	0.000490137142735
727	0.000323756186761
728	0.000499753570078
729	0.000493664647113
730	0.000465104580939
731	0.000443976692595
732	0.000420061158274
733	0.000390115148389
734	0.000422857588898
735	0.0004375946415
736	0.000425230126764
737	0.000424202557252
738	0.000422887040884
739	0.000429968888428
740	0.000404777268186
741	0.000361255833328
742	0.000310765083556
743	0.000241110333735
744	0.000231907975362
745	0.000276201386373
746	0.000300995097461
747	0.00029365443292
748	0.000291866135609
749	0.000291539879133
750	0.000282148200465
751	0.000271709655553
752	0.000266385641631
753	0.000266442349081
754	0.000269026550704
755	0.000272840554624
756	0.000279646235785
757	0.000286312253852
758	0.000289527344939
759	0.000285651848431
760	0.000274191100356
761	0.000252626951134
762	0.000227511029283
763	0.000202489457867
764	0.000179585234553
765	0.000355060580766
766	0.00020400646826
767	0.000343290299723
768	0.000178637794011
769	0.000315505301004
770	0.000248140833527
771	0.000232453859184
772	0.000168543546743
773	0.000330523688382
774	0.000195017237912
775	0.000180720181776
776	0.000152464738327
777	0.000296637945012
778	0.000194883907998
779	0.000164285281817
780	0.000149801962555
781	0.000155088266806
782	0.000168800813481
783	0.000186552476978
784	0.000198380682103
785	0.000201329288009
786	0.000198364582032
787	0.000175812114448
788	0.000139983084652
789	0.000290559448432
790	0.000149808356507
791	0.000249580588187
792	0.000154160808246
793	0.000198305924792
794	0.000131847480978
795	0.000134517408464
796	0.000256174614713
797	0.000247775644887
798	0.000139663861798
799	0.000218652781012
800	0.000136230605258
801	0.00020023178337
802	0.000249668485171
803	0.000143739309244
804	0.000206419560109
805	0.000264509648746
806	0.000143150938683
807	0.00021499586171
808	0.000113596899018
809	0.000134134330926
810	0.000111239264918
811	0.000164097716574
812	0.000129261574094
813	0.00019457011382
814	0.000110828036587
815	0.000221951540299
816	0.00011402677986
817	0.000218669102718
818	0.000120775019091
819	0.000182628482607
820	0.000226069653357
821	0.000114766345532
822	0.000206077282872
823	0.000226809235929
824	0.000104058016776
825	0.000106717986728
826	0.000198146583422
827	0.000106530348903
828	0.000110759204322
829	0.000203251948352
830	0.00010766607902
831	0.000127056462334
832	0.000110570821865
833	0.000173933754436
834	0.000115216075793
835	0.000111580221295
836	0.000199172034661
837	0.000194976789016
838	0.000110422985033
839	0.000114796414576
840	9.0508721228e-05
841	0.000123624743655
842	0.000106193349449
843	0.000141764682375
844	0.000113126317363
845	0.000138597033554
846	0.000103268923491
847	0.000121738312945
848	9.12498329257e-05
849	0.000116551830468
850	8.5301857564e-05
851	0.00013291228512
852	0.000109825804023
853	0.00014511675367
854	0.000102349533927
855	0.00012580745047
856	0.000101268944289
857	0.000140920706861
858	0.000100027820612
859	0.000152719283156
860	0.000101585696578
861	7.5148748408e-05
862	0.000160828563436
863	6.372642829e-05
864	0.000160211624063
865	6.76398972104e-05
866	6.28439321075e-05
867	0.000150957888752
868	6.29908171537e-05
869	6.32135939352e-05
870	0.000136548024286
871	0.000147519353003
872	0.000145985688714
873	8.60531723454e-05
874	0.000129234156923
875	7.09813695411e-05
876	0.000136210760805
877	5.93555660977e-05
878	0.000134557356393
879	6.25524208668e-05
880	0.000139078262328
881	6.70624311426e-05
882	0.000134895454758
883	6.80902990332e-05
884	0.000119489288066
885	0.000133939662609
886	0.000133606121417
887	6.99023503977e-05
888	0.000117007605852
889	5.81330619266e-05
890	0.000102663034957
891	0.000123154868804
892	6.05859064706e-05
893	0.000111620432616
894	5.55703328464e-05
895	0.00011632850916
896	5.56050199347e-05
897	0.000109868429355
898	5.5556669996e-05
899	0.000104434107715
900	5.46848680176e-05
901	0.000101915167033
902	5.17235737718e-05
903	0.000100704311774
904	4.88009069644e-05
905	9.66282308902e-05
906	0.000111488195441
907	5.70082274292e-05
908	9.91418543974e-05
909	4.97668650714e-05
910	9.31014719058e-05
911	4.66872436876e-05
912	9.37130805918e-05
913	4.74146959014e-05
914	9.12933079981e-05
915	4.79745482144e-05
916	8.78621187627e-05
917	0.000105522620881
918	4.91834380962e-05
919	8.80798836529e-05
920	9.8970701094e-05
921	4.46148016331e-05
922	9.21292561087e-05
923	4.01217237271e-05
924	8.5724852196e-05
925	4.17995325703e-05
926	8.53510725424e-05
927	4.04936499204e-05
928	8.66345034536e-05
929	3.96341289313e-05
930	8.44869564572e-05
931	5.60056242252e-05
932	8.72182824231e-05
933	3.96534654472e-05
934	7.26353211637e-05
935	7.01528226983e-05
936	6.80923610549e-05
937	7.33069891989e-05
938	7.56616664731e-05
939	7.96704513237e-05
940	8.55806187681e-05
941	8.60392044287e-05
942	4.26399892311e-05
943	7.375669589e-05
944	7.56632764332e-05
945	8.46185013213e-05
946	4.1505079975e-05
947	6.27421379644e-05
948	6.77373567494e-05
949	6.73412933779e-05
950	7.22428236971e-05
951	7.90316260122e-05
952	4.22612774654e-05
953	7.2642744225e-05
954	7.63016390923e-05
955	7.9366742477e-05
956	3.69393681701e-05
957	6.03981774232e-05
958	3.69534994081e-05
959	7.36911863658e-05
960	3.72696798922e-05
961	6.75222600663e-05
962	3.72350521177e-05
963	7.17059018999e-05
964	3.59927101278e-05
965	3.27228262508e-05
966	6.90637855033e-05
967	3.35012319414e-05
968	3.09195580248e-05
969	6.81359375311e-05
970	3.17561785456e-05
971	2.98087846955e-05
972	6.68255777166e-05
973	3.34630897135e-05
974	3.20252497148e-05
975	3.03598618324e-05
976	6.49306547483e-05
977	3.36450153334e-05
978	3.14836679597e-05
979	2.89957105024e-05
980	6.14594417909e-05
981	3.34852521125e-05
982	3.05265568148e-05
983	2.90202518383e-05
984	5.59608206486e-05
985	3.08363450338e-05
986	2.9161475906e-05
987	2.86988480086e-05
988	5.83278463476e-05
989	3.20904409782e-05
990	2.72571729932e-05
991	2.59793613469e-05
992	5.69130160145e-05
993	3.12967854087e-05
994	2.78773939921e-05
995	2.35289744994e-05
996	5.36690015713e-05
997	3.01215113251e-05
998	2.85188393002e-05
999	2.64396456859e-05
1000	2.56606238884e-05
1001	2.57985596014e-05
1002	2.50102799967e-05
1003	2.39397684347e-05
1004	2.44564141382e-05
1005	2.43198100323e-05
1006	2.38647758949e-05
1007	2.48562416264e-05
1008	2.4801045575e-05
1009	2.28911766378e-05
1010	2.16647272048e-05
1011	2.2598791156e-05
1012	2.26426349648e-05
1013	2.16198484844e-05
1014	2.20642787403e-05
1015	2.37456141518e-05
1016	2.11572515699e-05
1017	2.06746551531e-05
1018	2.19340136451e-05
1019	2.03886778453e-05
1020	1.90250926012e-05
1021	1.87928673358e-05
1022	1.77323543148e-05
1023	1.69724212771e-05
1024	1.64597450062e-05
1025	1.65916577132e-05
1026	1.60739289585e-05
1027	2.54834363218e-05
1028	2.64186699236e-05
1029	1.75125374073e-05
1030	1.62401292007e-05
1031	2.48763896884e-05
1032	2.64424967446e-05
1033	1.74687899859e-05
1034	2.73779359809e-05
1035	1.80956394323e-05
1036	1.97227629546e-05
1037	3.40039104077e-05
1038	2.68403012263e-05
1039	2.61086747278e-05
1040	2.42549864196e-05
1041	2.37165842015e-05
1042	2.36039576523e-05
1043	2.35517137423e-05
1044	2.34925011994e-05
1045	2.33855087203e-05
1046	2.32677496668e-05
1047	2.31183338972e-05
1048	2.29838245261e-05
1049	2.28641731969e-05
1050	2.27551534771e-05
1051	2.26525103255e-05
1052	2.255441724e-05
1053	2.24594471369e-05
1054	2.23660971988e-05
1055	2.22727092729e-05
1056	2.21785719954e-05
1057	2.2084121231e-05
1058	2.19903960126e-05
1059	2.18990811702e-05
1060	2.18112917715e-05
1061	2.17278098278e-05
1062	2.16491594837e-05
1063	2.15753831391e-05
1064	2.15059945353e-05
1065	2.14398736042e-05
1066	2.13762658246e-05
1067	2.13143837414e-05
1068	2.12533339642e-05
1069	2.11923875358e-05
1070	1.80940190306e-05
1071	2.21406511864e-05
1072	2.12015167088e-05
1073	1.75374375144e-05
1074	2.14918690549e-05
1075	1.75465664705e-05
1076	2.13321291166e-05
1077	1.73927280133e-05
1078	2.11137626882e-05
1079	1.72666107534e-05
1080	2.0945981083e-05
1081	1.71319789849e-05
1082	2.07671202451e-05
1083	1.69911041669e-05
1084	2.05821036848e-05
1085	1.68547309367e-05
1086	2.16244433438e-05
1087	2.08127403779e-05
1088	1.69147453547e-05
1089	2.02378467664e-05
1090	1.62779256861e-05
1091	1.9666496582e-05
1092	1.63027991084e-05
1093	1.97778455186e-05
1094	1.62511654412e-05
1095	1.96366822294e-05
1096	1.61292510541e-05
1097	1.94367002456e-05
1098	1.60041746078e-05
1099	2.5909307204e-05
1100	2.18504131766e-05
1101	1.5736090977e-05
1102	2.766382628e-05
1103	2.05105971552e-05
1104	1.55285144152e-05
1105	2.7988292406e-05
1106	2.04804035845e-05
1107	1.53591522927e-05
1108	2.42208318665e-05
1109	2.04791915579e-05
1110	1.52618172546e-05
1111	2.39376576685e-05
1112	2.01410956982e-05
1113	1.50625143249e-05
1114	2.35643583031e-05
1115	1.98482485964e-05
1116	1.48861933017e-05
1117	2.31712518139e-05
1118	1.95301224306e-05
1119	1.47113433634e-05
1120	2.28662166653e-05
1121	1.92166521365e-05
1122	1.45634050095e-05
1123	2.25804466501e-05
1124	1.89417283255e-05
1125	1.44300734126e-05
1126	2.23139967775e-05
1127	1.86589409794e-05
1128	1.42886092215e-05
1129	2.20470291904e-05
1130	1.84077724641e-05
1131	1.41390587677e-05
1132	2.17834435442e-05
1133	1.81604837753e-05
1134	1.39875684568e-05
1135	2.15213425597e-05
1136	1.79241736497e-05
1137	1.38414030611e-05
1138	2.1259771387e-05
1139	1.76841717999e-05
1140	1.36985772687e-05
1141	2.10473732346e-05
1142	1.74275168438e-05
1143	1.35513428155e-05
1144	2.07441332393e-05
1145	1.7037478058e-05
1146	1.34415861045e-05
1147	2.04789498392e-05
1148	2.38341676394e-05
1149	1.79642213321e-05
1150	1.28864218005e-05
1151	1.92992989612e-05
1152	2.22050691567e-05
1153	1.71957900638e-05
1154	1.28161110555e-05
1155	1.92818693222e-05
1156	2.20848281683e-05
1157	1.68570780618e-05
1158	2.53993467749e-05
1159	1.75225965844e-05
1160	2.47190116378e-05
1161	1.67786442077e-05
1162	2.42667349443e-05
1163	1.65082790334e-05
1164	2.4121159055e-05
1165	1.63668527021e-05
1166	2.39121183283e-05
1167	1.61868134171e-05
1168	2.36573147573e-05
1169	1.60053967161e-05
1170	2.3409516639e-05
1171	1.58350761358e-05
1172	2.317057054e-05
1173	1.56722041426e-05
1174	2.29350630796e-05
1175	1.55396501199e-05
1176	2.27199193722e-05
1177	1.17686745033e-05
1178	1.72747375511e-05
1179	1.80136718111e-05
1180	1.92370049575e-05
1181	2.05304901213e-05
1182	2.12477718415e-05
1183	1.89449319357e-05
1184	2.25480956903e-05
1185	1.15698490925e-05
1186	1.69782756708e-05
1187	1.75883461664e-05
1188	1.85655156109e-05
1189	1.95950227194e-05
1190	2.02814840915e-05
1191	2.05217904509e-05
1192	2.03166498114e-05
1193	1.98772762385e-05
1194	1.94485691396e-05
1195	1.91811256806e-05
1196	1.90881519676e-05
1197	1.90897383009e-05
1198	1.91064265532e-05
1199	1.90890873199e-05
1200	1.90219616533e-05
1201	1.89183777274e-05
1202	1.88012599281e-05
1203	1.86885838656e-05
1204	1.85864488158e-05
1205	1.84915309156e-05
1206	1.8396690197e-05
1207	1.82964919831e-05
1208	1.81894087969e-05
1209	1.80774766925e-05
1210	1.7964332169e-05
1211	1.78533658287e-05
1212	1.77465618448e-05
1213	1.76442490651e-05
1214	1.75461940295e-05
1215	1.74519285582e-05
1216	1.73612207922e-05
1217	1.72741253517e-05
1218	1.71908241787e-05
1219	1.71112161519e-05
1220	1.70347738561e-05
1221	1.69605926844e-05
1222	1.68876381533e-05
1223	1.68151423564e-05
1224	1.67424124398e-05
1225	1.66690711575e-05
1226	1.65950562561e-05
1227	1.65205331823e-05
1228	1.64457299827e-05
1229	1.63709052907e-05
1230	1.62962582361e-05
1231	1.62216813378e-05
1232	1.61469056216e-05
1233	1.60716377438e-05
1234	1.59955181972e-05
1235	1.59182785329e-05
1236	1.58398147891e-05
1237	1.57602273695e-05
1238	1.56794672322e-05
1239	1.55979174907e-05
1240	1.55159717569e-05
1241	1.54339088733e-05
1242	1.53523289856e-05
1243	1.52713908021e-05
1244	1.51912472377e-05
1245	1.51119251654e-05
1246	1.50335183514e-05
1247	1.49561521641e-05
1248	1.48799551012e-05
1249	1.48048853094e-05
1250	1.47317486008e-05
1251	1.46576008185e-05
1252	1.45838068322e-05
1253	1.45108054973e-05
1254	1.44387705238e-05
1255	1.43678378123e-05
1256	1.42983146449e-05
1257	1.42302935161e-05
1258	1.41637396244e-05
1259	1.4098411363e-05
1260	1.40541953331e-05
1261	1.398489233e-05
1262	1.39195604124e-05
1263	1.38572536742e-05
1264	1.37967879794e-05
1265	1.37372723436e-05
1266	1.36784040917e-05
1267	1.36202539422e-05
1268	1.35631582183e-05
1269	1.35072809661e-05
1270	1.34525900031e-05
1271	1.34010664367e-05
1272	1.33493634865e-05
1273	1.32986455841e-05
1274	1.3249065854e-05
1275	1.32006840068e-05
1276	1.31536577697e-05
1277	1.31080173609e-05
1278	1.30637374684e-05
1279	1.30207050469e-05
1280	1.29792104922e-05
1281	1.2939442955e-05
1282	1.29011260525e-05
1283	1.28641499546e-05
1284	1.28303917701e-05
1285	1.27957296428e-05
1286	1.27623559398e-05
1287	1.2729878527e-05
1288	1.26983426105e-05
1289	1.2667710745e-05
1290	1.26379508215e-05
1291	1.26088237225e-05
1292	1.25803568907e-05
1293	1.25522014103e-05
1294	1.25244312639e-05
1295	1.24968904789e-05
1296	1.24695372096e-05
1297	1.2442321479e-05
1298	1.24151751221e-05
1299	1.23880645087e-05
1300	1.23609072443e-05
1301	1.23335277164e-05
1302	1.23058542341e-05
1303	1.22778112504e-05
1304	1.22492293683e-05
1305	1.22200949892e-05
1306	1.21903185792e-05
1307	1.21600531623e-05
1308	1.212949885e-05
1309	1.20987599873e-05
1310	1.20679912119e-05
1311	1.20375628674e-05
1312	1.20077965601e-05
1313	1.19787526296e-05
1314	1.19506492192e-05
1315	1.19239294778e-05
1316	1.18973036835e-05
1317	1.18738890461e-05
1318	1.18523018066e-05
1319	1.18368703301e-05
1320	1.18181456881e-05
1321	1.18013039896e-05
1322	1.17854737572e-05
1323	1.17708637754e-05
1324	1.17571777752e-05
1325	1.17442202651e-05
1326	1.17318461863e-05
1327	1.17197631861e-05
1328	1.17078820764e-05
1329	1.16961987511e-05
1330	1.16847833604e-05
1331	1.16737333178e-05
1332	1.16632197077e-05
1333	1.16535077282e-05
1334	1.16447907847e-05
1335	1.16370916995e-05
1336	1.16304451374e-05
1337	1.16248818911e-05
1338	1.16203321118e-05
1339	1.16168158766e-05
1340	1.16142701142e-05
1341	1.16124213281e-05
1342	1.16111360769e-05
1343	1.16102117006e-05
1344	1.16093420478e-05
1345	1.16083201922e-05
1346	1.1607113877e-05
1347	1.16056615724e-05
1348	1.16038901635e-05
1349	1.16018084005e-05
1350	1.15995796681e-05
1351	1.15973386588e-05
1352	1.15954250797e-05
1353	1.15940793668e-05
1354	1.15934851215e-05
1355	1.15939796014e-05
1356	1.159572771e-05
1357	1.15986770249e-05
1358	1.16028337789e-05
1359	1.16082342251e-05
1360	1.16148865185e-05
1361	1.16226966753e-05
1362	1.16315133563e-05
1363	1.16411893062e-05
1364	1.16514884838e-05
1365	1.16622463045e-05
1366	1.1673238507e-05
1367	1.16842111364e-05
1368	1.1695140347e-05
1369	1.170596158e-05
1370	1.23459843264e-05
1371	1.53838652172e-05
1372	1.62275203853e-05
1373	1.0982946639e-05
1374	1.35111936936e-05
1375	1.55522433591e-05
1376	9.61686334786e-06
1377	1.33197231674e-05
1378	1.5511568435e-05
1379	9.58789106058e-06
1380	1.32318434823e-05
1381	1.53674023871e-05
1382	9.69876185769e-06
1383	1.30577690261e-05
1384	1.52658424935e-05
1385	9.59732066626e-06
1386	1.30554860991e-05
1387	1.52442576576e-05
1388	9.34909711845e-06
1389	1.30733889158e-05
1390	1.51685589856e-05
1391	9.1766546593e-06
1392	1.29903598479e-05
1393	1.5059385467e-05
1394	9.08860826701e-06
1395	1.29067069173e-05
1396	1.49646777648e-05
1397	9.01148686078e-06
1398	1.28750433033e-05
1399	1.48936612952e-05
1400	7.60419658363e-06
1401	1.30364355379e-05
1402	1.48864848029e-05
1403	7.61898966101e-06
1404	1.29661896801e-05
1405	1.47994144743e-05
1406	7.63256781136e-06
1407	1.48809804591e-05
1408	9.90578971409e-06
1409	1.38191568907e-05
1410	8.89026041958e-06
1411	1.35965174308e-05
1412	1.06107579804e-05
1413	1.41034618227e-05
1414	7.74176967051e-06
1415	1.35211795366e-05
1416	1.07496374236e-05
1417	1.40492319205e-05
1418	7.8845695526e-06
1419	1.35150282172e-05
1420	1.08840526717e-05
1421	1.3994904652e-05
1422	8.02487823995e-06
1423	1.34919039852e-05
1424	1.11170536529e-05
1425	1.4142134258e-05
1426	1.27750871739e-05
1427	1.41317304147e-05
1428	8.33946383923e-06
1429	1.35585393125e-05
1430	1.10980091479e-05
1431	1.41921600877e-05
1432	1.4007777824e-05
1433	1.11158454901e-05
1434	1.38937273156e-05
1435	8.4260719599e-06
1436	1.35271430486e-05
1437	1.39152931438e-05
1438	1.07181407895e-05
1439	6.88906910311e-06
1440	1.3448245444e-05
1441	1.36432065647e-05
1442	1.12544302344e-05
1443	7.50086269086e-06
1444	1.33505279389e-05
1445	1.35393386416e-05
1446	1.31746265041e-05
1447	1.11750996906e-05
1448	7.54117708121e-06
1449	1.33206436345e-05
1450	1.34644171353e-05
1451	1.30856515259e-05
1452	1.12847859344e-05
1453	7.13852007166e-06
1454	1.32655638874e-05
1455	1.3366106643e-05
1456	1.2983295745e-05
1457	1.28905430524e-05
1458	1.13075867435e-05
1459	7.59690084654e-06
1460	1.30970080697e-05
1461	1.32334165137e-05
1462	1.28731716954e-05
1463	1.27700811512e-05
1464	1.27671883947e-05
1465	1.27646030183e-05
1466	1.15422088213e-05
1467	1.3365391473e-05
1468	9.8277338205e-06
1469	1.28662690333e-05
1470	1.31939624762e-05
1471	1.26804002888e-05
1472	1.2590781733e-05
1473	1.25734362276e-05
1474	1.25877412956e-05
1475	1.25936217229e-05
1476	1.25926329152e-05
1477	1.25877629791e-05
1478	1.25904760155e-05
1479	1.25724993481e-05
1480	1.25583197666e-05
1481	1.25381180729e-05
1482	1.25132827077e-05
1483	1.2484977953e-05
1484	1.2454672147e-05
1485	1.24234085101e-05
1486	1.23920418459e-05
1487	1.23612818109e-05
1488	1.23317437989e-05
1489	1.23038120682e-05
1490	1.22776971554e-05
1491	1.22533998203e-05
1492	1.22307874098e-05
1493	1.2209535993e-05
1494	3.52580152822e-05
1495	2.5926278003e-05
1496	2.46337781546e-05
1497	2.64839420439e-05
1498	2.62243269576e-05
1499	2.27952418084e-05
1500	1.76001678969e-05
1501	1.24177298582e-05
1502	1.59546615382e-05
1503	7.83026608448e-06
1504	1.31507270758e-05
1505	1.41766682605e-05
1506	1.09799633074e-05
1507	8.41134193421e-06
1508	6.76747160059e-06
1509	7.49952872962e-06
1510	6.2148545713e-06
1511	6.18087418866e-06
1512	6.28175317647e-06
1513	1.24303727e-05
1514	1.22966433311e-05
1515	1.15783964441e-05
1516	1.13034051803e-05
1517	1.11425326839e-05
1518	1.10409727973e-05
1519	1.09831940004e-05
1520	1.02943702751e-05
1521	6.81187144896e-06
1522	1.05347708739e-05
1523	1.10136897724e-05
1524	8.05284353897e-06
1525	1.07844710696e-05
1526	7.7340014964e-06
1527	6.30759990287e-06
1528	1.04709065399e-05
1529	1.05458958349e-05
1530	9.61390457666e-06
1531	6.25108757603e-06
1532	5.85972767437e-06
1533	1.10133559951e-05
1534	5.79493547298e-06
1535	1.08531409418e-05
1536	5.89129768001e-06
1537	1.08008724071e-05
1538	5.9021087686e-06
1539	1.07562746864e-05
1540	5.8967759003e-06
1541	1.04224180064e-05
1542	7.50674966462e-06
1543	1.03749113405e-05
1544	8.49282529401e-06
1545	5.85777483441e-06
1546	9.78643780046e-06
1547	9.85352800186e-06
1548	1.02963654351e-05
1549	1.05213858768e-05
1550	8.9273241865e-06
1551	5.98405879426e-06
1552	1.05236391613e-05
1553	1.03260448074e-05
1554	1.03138724549e-05
1555	1.01838160774e-05
1556	1.02436840436e-05
1557	1.03030387377e-05
1558	8.5525245087e-06
1559	9.71854874331e-06
1560	9.61827376981e-06
1561	9.82094920415e-06
1562	9.93936798422e-06
1563	1.00447221169e-05
1564	1.01189738538e-05
1565	7.62930472089e-06
1566	5.46881987918e-06
1567	9.90804586531e-06
1568	8.68292474005e-06
1569	9.1754963937e-06
1570	9.7979262558e-06
1571	9.94046596759e-06
1572	1.00561884229e-05
1573	7.56735801152e-06
1574	5.33071709521e-06
1575	9.72588339879e-06
1576	8.4504600948e-06
1577	8.91246197607e-06
1578	9.56403219338e-06
1579	9.62508089866e-06
1580	9.73679419826e-06
1581	9.76420204737e-06
1582	9.75217893928e-06
1583	9.75894761071e-06
1584	9.69735764714e-06
1585	9.63195991909e-06
1586	9.56916951602e-06
1587	9.50808531184e-06
1588	9.44750475526e-06
1589	9.3917872771e-06
1590	9.34324098801e-06
1591	9.30241853808e-06
1592	9.26855993703e-06
1593	9.24036425348e-06
1594	9.21645753365e-06
1595	9.19553932625e-06
1596	9.17639543513e-06
1597	9.15785935155e-06
1598	9.13885839634e-06
1599	9.1184558124e-06
1600	9.09590961632e-06
1601	9.0707657608e-06
1602	9.04269504277e-06
1603	9.0116977153e-06
1604	8.97807606207e-06
1605	8.94237024284e-06
1606	8.90531678132e-06
1607	8.86770987269e-06
1608	8.83031080795e-06
1609	8.79377403623e-06
1610	8.75857327986e-06
1611	8.72496594121e-06
1612	8.69299252274e-06
1613	8.66252706045e-06
1614	8.63326073595e-06
1615	8.60479723214e-06
1616	9.41080536682e-06
1617	8.72102613754e-06
1618	8.75717801471e-06
1619	8.72562248508e-06
1620	8.68721247196e-06
1621	8.62303082683e-06
1622	8.54090233446e-06
1623	9.26352752821e-06
1624	8.52643972689e-06
1625	8.50485899044e-06
1626	8.42831646195e-06
1627	9.18017402509e-06
1628	8.45504756003e-06
1629	8.44303362172e-06
1630	9.12866057298e-06
1631	8.46609437747e-06
1632	8.42482508404e-06
1633	9.07590302248e-06
1634	8.41436585915e-06
1635	8.35015350013e-06
1636	9.02874759786e-06
1637	8.30203157064e-06
1638	9.0123515908e-06
1639	8.28952361849e-06
1640	8.97448446625e-06
1641	8.27986369611e-06
1642	8.91751886229e-06
1643	8.25275503097e-06
1644	8.87700971681e-06
1645	8.20112541789e-06
1646	8.83141449276e-06
1647	8.76879977935e-06
1648	8.19081555488e-06
1649	8.77009420389e-06
1650	8.71467988302e-06
1651	8.15603661236e-06
1652	8.71265560845e-06
1653	8.65610459864e-06
1654	8.64924297851e-06
1655	5.30858277783e-06
1656	8.82976105511e-06
1657	6.33202425025e-06
1658	7.81605479144e-06
1659	8.4189104944e-06
1660	8.50389597327e-06
1661	8.57469949608e-06
1662	5.38098293193e-06
1663	8.74371284552e-06
1664	6.39674090771e-06
1665	7.76117697455e-06
1666	8.32363219249e-06
1667	8.37994158882e-06
1668	8.43033997061e-06
1669	5.69161874665e-06
1670	8.57232905065e-06
1671	5.61947219042e-06
1672	7.99211643145e-06
1673	7.78868389317e-06
1674	7.59371795679e-06
1675	6.91106568587e-06
1676	7.26209568035e-06
1677	5.07271658638e-06
1678	7.47137203042e-06
1679	7.87447665016e-06
1680	5.43735090012e-06
1681	7.80465685407e-06
1682	7.66971188014e-06
1683	6.42359634456e-06
1684	7.62413766206e-06
1685	8.02139562821e-06
1686	8.05414187493e-06
1687	8.07744465549e-06
1688	8.0596679587e-06
1689	8.0367819151e-06
1690	5.35594096379e-06
1691	8.28838735249e-06
1692	5.96529748125e-06
1693	7.18844371462e-06
1694	4.60518534341e-06
1695	7.00134545423e-06
1696	7.53377771248e-06
1697	7.73003792857e-06
1698	7.81806624332e-06
1699	7.85863010354e-06
1700	5.23504789141e-06
1701	8.17816601549e-06
1702	7.51819835273e-06
1703	7.07133007919e-06
1704	7.06723579187e-06
1705	8.17816744132e-06
1706	7.01610028711e-06
1707	7.00363778455e-06
1708	7.03126202978e-06
1709	8.10860203644e-06
1710	6.94575467391e-06
1711	6.93101868577e-06
1712	6.95118823368e-06
1713	8.00648001525e-06
1714	6.85533791112e-06
1715	6.82834153702e-06
1716	6.84114598558e-06
1717	7.89589937166e-06
1718	6.75179039308e-06
1719	6.73232516748e-06
1720	6.73773093168e-06
1721	6.74066056875e-06
1722	7.72142910359e-06
1723	6.66838053176e-06
1724	6.6347206545e-06
1725	6.64199980722e-06
1726	6.63932412989e-06
1727	7.6106927206e-06
1728	6.55837573106e-06
1729	6.5217184113e-06
1730	6.52933784266e-06
1731	6.53002039931e-06
1732	6.52911163814e-06
1733	7.46983136633e-06
1734	6.45847722886e-06
1735	6.42086581589e-06
1736	6.42696073698e-06
1737	6.4276702547e-06
1738	6.42763585642e-06
1739	7.38471616892e-06
1740	6.36563201741e-06
1741	6.32550323994e-06
1742	6.33242176407e-06
1743	6.33543834238e-06
1744	6.35566287231e-06
1745	6.36111067439e-06
1746	7.29344154267e-06
1747	6.29674848166e-06
1748	6.26116619466e-06
1749	6.26210393574e-06
1750	6.26300998143e-06
1751	6.26538924264e-06
1752	6.26624498864e-06
1753	6.264281983e-06
1754	7.17899788381e-06
1755	6.21258081773e-06
1756	6.15225495205e-06
1757	6.14845342738e-06
1758	6.14704904413e-06
1759	6.14820792633e-06
1760	6.1483718394e-06
1761	6.14624110949e-06
1762	7.08627001197e-06
1763	6.09800062343e-06
1764	6.04401273717e-06
1765	6.04140778572e-06
1766	6.03331035537e-06
1767	6.03694640679e-06
1768	6.04087664758e-06
1769	7.035105841e-06
1770	6.01226501573e-06
1771	5.95775506335e-06
1772	5.96019608343e-06
1773	5.95710224437e-06
1774	5.96488596549e-06
1775	5.97106460394e-06
1776	6.97152050504e-06
1777	5.95709992734e-06
1778	5.89668436029e-06
1779	5.89643794827e-06
1780	5.90408230538e-06
1781	2.226894756e-05
1782	2.02296166716e-05
1783	9.98706253475e-06
1784	1.79450952766e-05
1785	2.51038532363e-05
1786	1.5452923021e-05
1787	1.35323923158e-05
1788	1.27179839187e-05
1789	1.4614635748e-05
1790	1.14121354465e-05
1791	8.9365156233e-06
1792	7.72106464046e-06
1793	8.68150259855e-06
1794	6.39053769999e-06
1795	7.65863703749e-06
1796	7.56640085757e-06
1797	5.77390193578e-06
1798	7.18454783819e-06
1799	7.1946950883e-06
1800	4.6184397012e-06
1801	7.58638546115e-06
1802	6.8900045448e-06
1803	5.66132420813e-06
1804	5.72396584317e-06
1805	5.43037738168e-06
1806	5.31882700382e-06
1807	5.27400103388e-06
1808	5.27719390449e-06
1809	6.34401780455e-06
1810	5.69143350734e-06
1811	6.31309663498e-06
1812	5.61989610669e-06
1813	5.12935110151e-06
1814	5.43139136765e-06
1815	5.02529798812e-06
1816	4.98294012439e-06
1817	4.95832470036e-06
1818	4.93401148887e-06
1819	4.90058451861e-06
1820	5.35447507715e-06
1821	5.32169186275e-06
1822	5.26776990641e-06
1823	4.83700189189e-06
1824	5.17294572468e-06
1825	4.84139501666e-06
1826	4.82878426086e-06
1827	5.17478426351e-06
1828	4.87106272043e-06
1829	5.88678251749e-06
1830	5.27023959329e-06
1831	5.20390082103e-06
1832	5.18161429115e-06
1833	5.82111605899e-06
1834	5.26399697696e-06
1835	5.2118017182e-06
1836	5.90064207778e-06
1837	5.25768215297e-06
1838	5.16935697652e-06
1839	5.13291539252e-06
1840	5.7810447661e-06
1841	5.12576548087e-06
1842	5.08443437345e-06
1843	4.73121804939e-06
1844	5.05233121092e-06
1845	4.73778900223e-06
1846	5.04796636517e-06
1847	5.70166595523e-06
1848	5.13956070707e-06
1849	5.07185390253e-06
1850	4.73636282323e-06
1851	5.04887418875e-06
1852	5.71769396866e-06
1853	5.14399960393e-06
1854	5.06476271915e-06
1855	5.73337245732e-06
1856	5.13381494423e-06
1857	5.05012255439e-06
1858	5.7176372416e-06
1859	5.11665972231e-06
1860	5.02987809558e-06
1861	5.68386556913e-06
1862	5.08321204335e-06
1863	4.66598753464e-06
1864	4.98085403839e-06
1865	4.67164384658e-06
1866	5.68300671302e-06
1867	5.04170323514e-06
1868	4.98626548788e-06
1869	4.65286659134e-06
1870	5.68614463368e-06
1871	5.0704106984e-06
1872	4.977488804e-06
1873	5.63818812427e-06
1874	5.04301258728e-06
1875	4.62743711e-06
1876	4.60131769121e-06
1877	4.93591686765e-06
1878	4.63575596686e-06
1879	5.63121866615e-06
1880	5.02926306088e-06
1881	4.59160939097e-06
1882	4.91676911751e-06
1883	4.59707101305e-06
1884	4.57374321664e-06
1885	4.55881762264e-06
1886	4.54700139773e-06
1887	4.53293411329e-06
1888	4.88126672091e-06
1889	4.55875047698e-06
1890	4.53194257571e-06
1891	4.51503842719e-06
1892	4.50433912846e-06
1893	4.4932343468e-06
1894	4.48538217984e-06
1895	4.47883849092e-06
1896	4.47518869578e-06
1897	4.47611823255e-06
1898	4.47705267484e-06
1899	4.48029594377e-06
1900	4.48422442019e-06
1901	4.48844651727e-06
1902	4.49257203241e-06
1903	4.49627508366e-06
1904	4.49921063912e-06
1905	4.56924710382e-06
1906	4.5102676382e-06
1907	4.50476060914e-06
1908	4.5761486579e-06
1909	4.51041931537e-06
1910	4.57008824978e-06
1911	4.50458719321e-06
1912	4.56073025864e-06
1913	4.4909951136e-06
1914	4.54391717198e-06
1915	4.54540056447e-06
1916	4.463801869e-06
1917	4.51752867393e-06
1918	4.44556000863e-06
1919	4.49478201141e-06
1920	4.42522026944e-06
1921	4.47370382102e-06
1922	4.40610354699e-06
1923	4.45487452732e-06
1924	4.38824868916e-06
1925	4.43516741793e-06
1926	4.37163419721e-06
1927	4.41806376952e-06
1928	4.35444481327e-06
1929	4.39980279669e-06
1930	4.33521589621e-06
1931	4.37854326719e-06
1932	4.3128875907e-06
1933	4.29450652102e-06
1934	4.33867929187e-06
1935	4.27138024248e-06
1936	4.25485722752e-06
1937	4.29469113248e-06
1938	4.22994166603e-06
1939	4.21351703458e-06
1940	4.25512621983e-06
1941	4.19364486705e-06
1942	4.18008876372e-06
1943	4.21982866019e-06
1944	4.16185799176e-06
1945	4.15201867395e-06
1946	4.19461075634e-06
1947	4.13614195704e-06
1948	4.17880267195e-06
1949	4.12311871088e-06
1950	4.16602981598e-06
1951	4.11168721847e-06
1952	4.15331811734e-06
1953	4.1006921903e-06
1954	4.14042058811e-06
1955	4.09018346421e-06
1956	4.12696827224e-06
1957	4.0781783705e-06
1958	4.11486657338e-06
1959	4.06824025646e-06
1960	4.10387522333e-06
1961	4.0597303662e-06
1962	4.09550592635e-06
1963	4.05340982887e-06
1964	4.09211079887e-06
1965	4.04875017551e-06
1966	4.08767464111e-06
1967	4.04519419725e-06
1968	4.08370576289e-06
1969	4.04186889044e-06
1970	4.07972839296e-06
1971	4.03837659899e-06
1972	4.07541016158e-06
1973	4.03573872009e-06
1974	4.03483277094e-06
1975	4.06711915854e-06
1976	2.88220009007e-05
1977	1.69816032602e-05
1978	1.16921470954e-05
1979	1.41436058008e-05
1980	1.83922131776e-05
1981	1.45604538473e-05
1982	1.50951332952e-05
1983	1.46240317499e-05
1984	1.38760114052e-05
1985	1.81223516082e-05
1986	1.68101337212e-05
1987	1.20394977597e-05
1988	1.08657928148e-05
1989	1.03872208746e-05
1990	1.03652993094e-05
1991	8.70595756076e-06
1992	7.31657901068e-06
1993	5.91860242323e-06
1994	5.73647124165e-06
1995	6.23488417573e-06
1996	5.45068296749e-06
1997	4.1854230576e-06
1998	3.79954488736e-06
1999	4.66583892222e-06
2000	3.9281144263e-06
2001	3.84011917034e-06
2002	3.31771011903e-06
2003	3.28412317556e-06
2004	3.27818359943e-06
2005	3.28802471529e-06
2006	7.38544587447e-06
2007	3.37983331177e-06
2008	3.26917871549e-06
2009	3.28229679248e-06
2010	3.268739637e-06
2011	3.25545834594e-06
2012	7.33410088528e-06
2013	3.73578006997e-06
2014	3.59227372237e-06
2015	7.91473030826e-06
2016	3.24174442058e-06
2017	8.00584273818e-06
2018	8.0043929451e-06
2019	7.93960486273e-06
2020	7.91518169585e-06
2021	7.93825980648e-06
2022	7.98774442018e-06
2023	3.76274723954e-06
2024	3.53455304913e-06
2025	7.85911025445e-06
2026	7.97935881199e-06
2027	7.83890032412e-06
2028	7.73891716159e-06
2029	7.70826035437e-06
2030	7.7228027684e-06
2031	7.75856764043e-06
2032	7.79623769127e-06
2033	7.82671053753e-06
2034	7.84762077762e-06
2035	7.86025542823e-06
2036	7.86651544771e-06
2037	7.86824208775e-06
2038	7.86704914864e-06
2039	7.8631249407e-06
2040	7.85657989238e-06
2041	7.84804223989e-06
2042	7.83776802951e-06
2043	7.8258130079e-06
2044	7.83559887407e-06
2045	7.82381704619e-06
2046	7.81228774815e-06
2047	7.80085113781e-06
2048	7.78767659347e-06
2049	7.77447854513e-06
2050	7.76328759459e-06
2051	7.75334339891e-06
2052	7.74419745635e-06
2053	7.2237371414e-06
2054	8.00751989363e-06
2055	7.89417762192e-06
2056	7.86830253078e-06
2057	7.86210562476e-06
2058	7.83031096574e-06
2059	7.79350348215e-06
2060	7.20947580269e-06
2061	3.61314896107e-06
2062	7.3758852205e-06
2063	7.90362488045e-06
2064	7.74430160682e-06
2065	7.29980137261e-06
2066	7.95327604489e-06
2067	7.8137712369e-06
2068	7.91227075069e-06
2069	7.78578380405e-06
2070	7.87179343448e-06
2071	7.35043029302e-06
2072	3.55480556311e-06
2073	6.83945917705e-06
2074	3.74487387885e-06
2075	7.25575648592e-06
2076	7.82169726604e-06
2077	7.22595763443e-06
2078	7.96975273745e-06
2079	7.80138189255e-06
2080	7.76480186034e-06
2081	7.21779577528e-06
2082	7.89827632611e-06
2083	7.82478087098e-06
2084	7.76640483385e-06
2085	7.69217537617e-06
2086	7.13456151558e-06
2087	7.83589894424e-06
2088	7.63305551524e-06
2089	4.36435814677e-05
2090	2.32162799528e-05
2091	2.05757639289e-05
2092	1.8923354864e-05
2093	2.45686693867e-05
2094	1.66576914779e-05
2095	3.06108057866e-05
2096	1.71222614395e-05
2097	2.22861461686e-05
2098	1.96677108454e-05
2099	2.87157094797e-05
2100	2.01235913317e-05
