1	-0.000279621436992
2	25.5471425557
3	50.4018271825
4	106.600721134
5	111.581111893
6	131.403448272
7	103.946794794
8	144.761302416
9	152.915462604
10	157.115996827
11	159.599082826
12	164.91564719
13	164.59192439
14	169.899575963
15	164.363698545
16	158.864276391
17	157.779991012
18	157.285514755
19	150.115230533
20	150.828779534
21	152.703051247
22	155.236512407
23	157.526223434
24	156.712117906
25	158.786781129
26	160.484062856
27	159.758622657
28	161.972220731
29	166.92809504
30	164.992383002
31	165.412898531
32	164.693556263
33	163.098189269
34	162.647767974
35	161.656646666
36	161.811331105
37	161.166715787
38	160.9586932
39	160.776734678
40	160.216220035
41	159.888399964
42	159.142709366
43	158.899098375
44	157.986946031
45	156.983949681
46	157.133786594
47	156.225421015
48	156.238404113
49	155.741400206
50	156.534261432
51	157.432023853
52	157.158190734
53	157.622037863
54	158.056311122
55	158.864431711
56	159.050372057
57	159.154027383
58	159.116532268
59	159.004279288
60	159.39443553
61	159.745426486
62	159.999229289
63	160.64208458
64	160.975175639
65	161.69407467
66	161.455419942
67	161.437047105
68	161.348496854
69	161.27417229
70	161.288015524
71	161.323388687
72	161.308786238
73	161.276705826
74	161.290003684
75	161.356853058
76	161.265223273
77	160.488727103
78	160.061744338
79	159.89928286
80	159.860826024
81	160.323124095
82	159.657055631
83	160.039329528
84	159.567138116
85	159.797606651
86	160.12789366
87	160.347504928
88	161.008380007
89	161.745663573
90	162.425701796
91	162.633644555
92	162.732746354
93	162.798022915
94	162.911530589
95	163.1075749
96	163.379193715
97	163.809707395
98	164.263684309
99	164.658762112
100	164.675694304
101	164.903603022
102	165.135892833
103	165.180500103
104	165.211353205
105	165.182003123
106	165.113258231
107	165.261126459
108	165.374047099
109	165.384177316
110	165.137020012
111	164.886398434
112	164.819109669
113	164.658578292
114	164.473490063
115	164.311586716
116	164.18516147
117	164.042238356
118	163.913156537
119	163.93186005
120	163.858482814
121	163.978156707
122	163.933033937
123	163.953132997
124	163.941139418
125	163.983654422
126	163.969666991
127	164.306951032
128	164.476217471
129	164.494834493
130	164.596164575
131	164.546651941
132	165.061858908
133	165.089107769
134	165.524799326
135	165.557629968
136	165.907747127
137	165.949226992
138	166.238576971
139	166.266333536
140	166.516632782
141	166.524688446
142	166.727382133
143	166.735356133
144	166.927604852
145	166.935488375
146	167.077487693
147	167.065389389
148	166.985956521
149	167.094080198
150	167.09895525
151	167.055845469
152	167.156190644
153	167.150983083
154	167.110418884
155	167.145708441
156	167.209638428
157	167.227116578
158	167.226455932
159	167.274695203
160	167.255273341
161	167.247769684
162	167.283673343
163	167.262105317
164	167.25689351
165	167.250488619
166	167.262130722
167	167.260928713
168	167.282664379
169	167.327027087
170	167.333781586
171	167.329059717
172	167.332252927
173	167.324739589
174	167.318775153
175	167.312205614
176	167.307196048
177	167.300069215
178	167.294646714
179	167.294604882
180	167.289034052
181	167.285147833
182	167.283915777
183	167.279770537
184	167.275574821
185	167.274953672
186	167.272572037
187	167.270451581
188	167.26634851
189	167.267163373
190	167.264879386
191	167.269707396
192	167.26723525
193	167.272315084
194	167.270259953
195	167.267597635
196	167.272307811
197	167.270198041
198	167.267455681
199	167.271758626
200	167.269592263
201	167.266868584
202	167.270902319
203	167.268717158
204	167.266055542
205	167.269830864
206	167.267067058
207	167.271068555
208	167.275689182
209	167.283459178
210	167.287186077
211	167.294206159
212	167.29566555
213	167.294057294
214	167.297089476
215	167.29590657
216	167.294478201
217	167.293361025
218	167.296052916
219	167.294706916
220	167.299087072
221	167.304744729
222	167.304653357
223	167.305608944
224	167.307662037
225	167.304826608
226	167.304597753
227	167.303228897
228	167.304941973
229	167.303812632
230	167.302608695
231	167.305087431
232	167.318983828
233	167.32180883
234	167.325217694
235	167.330800322
236	167.333005724
237	167.333704943
238	167.328963519
239	167.332899697
240	167.328714946
241	167.327785237
242	167.326853523
243	167.326000328
244	167.327433265
245	167.326629567
246	167.325805847
247	167.32496901
248	167.324138137
249	167.32331667
250	167.322500529
251	167.321718526
252	167.320972949
253	167.32025405
254	167.319552729
255	167.318868281
256	167.318198891
257	167.317556696
258	167.316935881
259	167.316343819
260	167.315786284
261	167.315262231
262	167.314765389
263	167.314285263
264	167.312631207
265	167.311767399
266	167.316995094
267	167.32220136
268	167.320661102
269	167.321372616
270	167.32267452
271	167.324894578
272	167.325736684
273	167.325113963
274	167.323850065
275	167.322809111
276	167.322040531
277	167.32068944
278	167.324180673
279	167.325330185
280	167.327960561
281	167.329946633
282	167.331507729
283	167.332084911
284	167.332559983
285	167.330760629
286	167.332804643
287	167.332862513
288	167.336669547
289	167.337490221
290	167.338545846
291	167.339450675
292	167.341253294
293	167.343129256
294	167.342970978
295	167.344175517
296	167.344262759
297	167.347296006
298	167.347245049
299	167.349556461
300	167.34924238
301	167.349415703
302	167.349307661
303	167.349813229
304	167.350204086
305	167.350035384
306	167.349743827
307	167.349752069
308	167.349827885
309	167.350260631
310	167.351336749
311	167.350999619
312	167.35211395
313	167.352588257
314	167.354579048
315	167.354652543
316	167.357202631
317	167.357439218
318	167.357618201
319	167.35761125
320	167.357952886
321	167.357483923
322	167.35746903
323	167.357650704
324	167.358552594
325	167.358333998
326	167.358518669
327	167.359401153
328	167.359458845
329	167.359484469
330	167.35946148
331	167.359795622
332	167.360010851
333	167.360135088
334	167.360179413
335	167.361094533
336	167.361192707
337	167.361157392
338	167.36176233
339	167.36188638
340	167.362488351
341	167.362299594
342	167.362883543
343	167.362596495
344	167.362753182
345	167.363169294
346	167.363670164
347	167.363252287
348	167.363753278
349	167.363972236
350	167.364151052
351	167.36422717
352	167.364242346
353	167.364204543
354	167.364453432
355	167.364697209
356	167.364455451
357	167.364590628
358	167.364570005
359	167.364793716
360	167.364589492
361	167.36473734
362	167.364783778
363	167.364878673
364	167.364991527
365	167.364913362
366	167.364985681
367	167.365054118
368	167.365059525
369	167.365125309
370	167.365080786
371	167.36516236
372	167.364910402
373	167.364744078
374	167.364877772
375	167.364644326
376	167.364442729
377	167.364341391
378	167.364608064
379	167.364369893
380	167.364160156
381	167.363967353
382	167.363789927
383	167.363618073
384	167.363449006
385	167.363306338
386	167.363135403
387	167.362949898
388	167.362757916
389	167.362562825
390	167.362367726
391	167.362174824
392	167.361984731
393	167.361798975
394	167.361619605
395	167.361448499
396	167.36128605
397	167.361171669
398	167.36160279
399	167.361656802
400	167.361940212
401	167.362228455
402	167.362441299
403	167.363286215
404	167.363273804
405	167.363603055
406	167.364301633
407	167.364391774
408	167.364365297
409	167.364187424
410	167.364278733
411	167.364578058
412	167.364557319
413	167.364612364
414	167.364757402
415	167.364947109
416	167.364989574
417	167.36518603
418	167.365263731
419	167.365591142
420	167.366191631
421	167.366639137
422	167.366916157
423	167.36687384
424	167.36684021
425	167.366816559
426	167.366783527
427	167.366762224
428	167.36697385
429	167.367119778
430	167.367320874
431	167.367530406
432	167.367737879
433	167.367937155
434	167.368065665
435	167.368043107
436	167.367982022
437	167.368174571
438	167.368257171
439	167.368475315
440	167.368452883
441	167.368478742
442	167.368478234
443	167.368602521
444	167.368815468
445	167.368886353
446	167.368977546
447	167.369067249
448	167.369186387
449	167.369215658
450	167.369196303
451	167.369225431
452	167.369215184
453	167.369212346
454	167.369211303
455	167.369206342
456	167.369203077
457	167.369202493
458	167.369208286
459	167.369217618
460	167.369227471
461	167.369235958
462	167.369241983
463	167.369244914
464	167.369244427
465	167.36924067
466	167.369234336
467	167.369226562
468	167.36921916
469	167.369213793
470	167.369210028
471	167.369207926
472	167.369206786
473	167.369207861
474	167.369210148
475	167.369213309
476	167.369217739
477	167.36922441
478	167.369231173
479	167.369447193
480	167.369485659
481	167.369621329
482	167.369789469
483	167.370026007
484	167.37001681
485	167.370092874
486	167.370124365
487	167.370200738
488	167.370247238
489	167.370250001
490	167.370292759
491	167.370348578
492	167.370358694
493	167.370369849
494	167.370371919
495	167.370369023
496	167.370367943
497	167.370368068
498	167.370369529
499	167.370371088
500	167.370373657
501	167.370377803
502	167.370384275
503	167.370393348
504	167.370404889
505	167.370418108
506	167.370432527
507	167.370449704
508	167.370468763
509	167.370487914
510	167.370506677
511	167.370523888
512	167.370539959
513	167.370555342
514	167.370568845
515	167.370582676
516	167.370593932
517	167.370605469
518	167.370731149
519	167.370882722
520	167.370908126
521	167.371014489
522	167.371130266
523	167.371223805
524	167.37130457
525	167.37135905
526	167.371373908
527	167.371379038
528	167.371380163
529	167.371376316
530	167.37142015
531	167.371433459
532	167.371487032
533	167.371492965
534	167.371540889
535	167.371546724
536	167.371595121
537	167.371599736
538	167.371591713
539	167.371585606
540	167.371579315
541	167.371573236
542	167.371567127
543	167.371560589
544	167.371553599
545	167.371546397
546	167.371568755
547	167.37173392
548	167.37173299
549	167.371734343
550	167.371869668
551	167.371864867
552	167.37189218
553	167.371878772
554	167.371908258
555	167.371903728
556	167.371888796
557	167.371874958
558	167.371862193
559	167.371850684
560	167.371839755
561	167.371826501
562	167.371813081
563	167.371799546
564	167.371786168
565	167.371773128
566	167.37176052
567	167.371748332
568	167.371736449
569	167.371865987
570	167.371864452
571	167.371848087
572	167.371873492
573	167.371854233
574	167.371839833
575	167.371864483
576	167.371859061
577	167.371891794
578	167.371923551
579	167.371908311
580	167.37193503
581	167.371976649
582	167.371995107
583	167.372019104
584	167.372055411
585	167.372085455
586	167.372188603
587	167.372236551
588	167.372341441
589	167.37242751
590	167.372498279
591	167.372520793
592	167.372542868
593	167.37256942
594	167.37260394
595	167.372643197
596	167.372668871
597	167.372759654
598	167.372793313
599	167.372814238
600	167.372843471
601	167.372871311
602	167.372947275
603	167.373046639
604	167.373123721
605	167.373189553
606	167.373207794
607	167.373224749
608	167.373241753
609	167.373260838
610	167.373280587
611	167.373300177
612	167.373319742
613	167.373339399
614	167.37335884
615	167.373486793
616	167.373552593
617	167.373568524
618	167.37358247
619	167.373594871
620	167.373609275
621	167.373703294
622	167.373741526
623	167.373832534
624	167.373867778
625	167.373963271
626	167.373961936
627	167.373976579
628	167.373998183
629	167.374026209
630	167.374061857
631	167.374098362
632	167.374104168
633	167.37413459
634	167.374165146
635	167.374197789
636	167.374221775
637	167.374250013
638	167.374283735
639	167.374317174
640	167.374350226
641	167.374380906
642	167.37440976
643	167.374437746
644	167.374464464
645	167.374602844
646	167.374643442
647	167.374654037
648	167.374727192
649	167.374739161
650	167.374799769
651	167.374811266
652	167.374821794
653	167.374958798
654	167.375000304
655	167.375043993
656	167.375059402
657	167.375134335
658	167.375156541
659	167.375168783
660	167.375180954
661	167.375191541
662	167.375202867
663	167.375215533
664	167.375229901
665	167.3752466
666	167.375265196
667	167.375278191
668	167.375291516
669	167.375307891
670	167.375328626
671	167.375352607
672	167.375355619
673	167.375359247
674	167.37536251
675	167.375365867
676	167.375373277
677	167.375380402
678	167.375388068
679	167.375400206
680	167.375418531
681	167.375439253
682	167.375441069
683	167.375443976
684	167.375445799
685	167.375452886
686	167.375463102
687	167.375476643
688	167.375492474
689	167.375508252
690	167.375510381
691	167.375513069
692	167.375516468
693	167.375525297
694	167.375540194
695	167.375542043
696	167.375555388
697	167.375558053
698	167.375571865
699	167.375584688
700	167.375594516
701	167.375603313
702	167.375613803
703	167.375627307
704	167.375642172
705	167.375654179
706	167.375664586
707	167.375673238
708	167.375682472
709	167.375692429
710	167.375702512
711	167.375712487
712	167.375722402
713	167.375732209
714	167.375742469
715	167.375753624
716	167.375765154
717	167.375776662
718	167.375788119
719	167.375799776
720	167.375811557
721	167.375823226
722	167.375834438
723	167.375836295
724	167.375838892
725	167.375846276
726	167.375857716
727	167.375859496
728	167.375868201
729	167.375878609
730	167.375887165
731	167.375896154
732	167.375903471
733	167.375911712
734	167.375919427
735	167.375928364
736	167.375935614
737	167.375944238
738	167.375951599
739	167.375960055
740	167.375966479
741	167.375973229
742	167.375978583
743	167.375983153
744	167.375987834
745	167.375993861
746	167.375999822
747	167.376005409
748	167.376010841
749	167.37601637
750	167.376021722
751	167.376026822
752	167.376031762
753	167.376036633
754	167.376041436
755	167.376046081
756	167.376050737
757	167.376055346
758	167.376059819
759	167.376064068
760	167.376067892
761	167.376071105
762	167.376073741
763	167.376075989
764	167.376078226
765	167.376090753
766	167.376093933
767	167.376108662
768	167.376111378
769	167.376124809
770	167.376128355
771	167.376131285
772	167.376133387
773	167.37614511
774	167.376148052
775	167.376150469
776	167.376153201
777	167.376162327
778	167.376164481
779	167.376166566
780	167.376168296
781	167.376170165
782	167.376172015
783	167.376173854
784	167.376175706
785	167.37617754
786	167.376179299
787	167.376180843
788	167.37618254
789	167.376190283
790	167.376193357
791	167.376200453
792	167.376203846
793	167.376211657
794	167.376214254
795	167.376215646
796	167.376225367
797	167.376233592
798	167.376235774
799	167.376243045
800	167.376245514
801	167.376252946
802	167.376260766
803	167.376262992
804	167.376269962
805	167.376277369
806	167.376279629
807	167.376286706
808	167.376288355
809	167.376294085
810	167.376295328
811	167.376300524
812	167.376301642
813	167.376306648
814	167.376308257
815	167.376307342
816	167.376312899
817	167.376319813
818	167.376321643
819	167.37632918
820	167.376336199
821	167.376337659
822	167.376344282
823	167.376350103
824	167.376351526
825	167.376356814
826	167.37636388
827	167.376365268
828	167.376370627
829	167.376377667
830	167.376378598
831	167.376382924
832	167.376384233
833	167.376388047
834	167.3763894
835	167.376393936
836	167.376401589
837	167.376408743
838	167.376409185
839	167.376412975
840	167.376414715
841	167.376418082
842	167.376419913
843	167.376423736
844	167.376424841
845	167.376428469
846	167.376429464
847	167.376433101
848	167.376434339
849	167.376438081
850	167.376439983
851	167.376443852
852	167.376446614
853	167.376450574
854	167.376452451
855	167.376455903
856	167.376456694
857	167.376459981
858	167.376461821
859	167.376465618
860	167.376467227
861	167.376467722
862	167.376471083
863	167.376472159
864	167.3764755
865	167.376476498
866	167.376476778
867	167.376480023
868	167.37648102
869	167.376481405
870	167.376484697
871	167.376488291
872	167.376492041
873	167.376493314
874	167.376496715
875	167.376497011
876	167.376499975
877	167.37650063
878	167.376503591
879	167.376504352
880	167.376507434
881	167.376507967
882	167.376510858
883	167.376510988
884	167.376513541
885	167.376516485
886	167.376519454
887	167.376519506
888	167.376521855
889	167.37652188
890	167.376524436
891	167.376527297
892	167.376527286
893	167.37652969
894	167.376529895
895	167.37653244
896	167.376532613
897	167.376534963
898	167.376535053
899	167.37653728
900	167.37653734
901	167.37653956
902	167.376539639
903	167.376541833
904	167.376542082
905	167.376543993
906	167.376546303
907	167.376546262
908	167.376548255
909	167.37654826
910	167.376550352
911	167.376550489
912	167.376552408
913	167.376552588
914	167.376554345
915	167.376554487
916	167.376556266
917	167.376558043
918	167.376558096
919	167.376560076
920	167.3765617
921	167.37656194
922	167.376563475
923	167.376563928
924	167.376565536
925	167.376565773
926	167.37656759
927	167.376567849
928	167.37656955
929	167.376569836
930	167.376571491
931	167.376572413
932	167.376573726
933	167.376574083
934	167.37657523
935	167.376576304
936	167.376577681
937	167.376579294
938	167.376580916
939	167.376582363
940	167.376583755
941	167.376585044
942	167.376585029
943	167.376587334
944	167.37658893
945	167.376590509
946	167.376590599
947	167.376591805
948	167.376592917
949	167.376594124
950	167.376595472
951	167.376596866
952	167.376596973
953	167.376598927
954	167.3766006
955	167.37660211
956	167.376602138
957	167.376603253
958	167.376603195
959	167.376604734
960	167.376604607
961	167.376606041
962	167.376605962
963	167.376607391
964	167.376607411
965	167.376607259
966	167.376608618
967	167.376608646
968	167.376608517
969	167.376609906
970	167.376610006
971	167.376609901
972	167.376611141
973	167.376611149
974	167.376611047
975	167.376611006
976	167.376612383
977	167.376612362
978	167.376612225
979	167.376612071
980	167.376613305
981	167.376613216
982	167.376613065
983	167.376612997
984	167.376613716
985	167.376613626
986	167.376613532
987	167.376613523
988	167.376614833
989	167.376614729
990	167.376614599
991	167.376614474
992	167.376615735
993	167.37661563
994	167.376615516
995	167.376615372
996	167.376616459
997	167.376616358
998	167.376616284
999	167.376616253
1000	167.376616255
1001	167.376616257
1002	167.376616177
1003	167.376616072
1004	167.376615986
1005	167.376615896
1006	167.376615792
1007	167.376615711
1008	167.37661564
1009	167.376615533
1010	167.376615487
1011	167.376615416
1012	167.376615326
1013	167.376615248
1014	167.376615161
1015	167.376615103
1016	167.376615026
1017	167.376614942
1018	167.376614848
1019	167.376614742
1020	167.376614706
1021	167.376614613
1022	167.376614537
1023	167.376614515
1024	167.376614576
1025	167.376614748
1026	167.37661497
1027	167.376615393
1028	167.376615835
1029	167.37661605
1030	167.376616288
1031	167.376616676
1032	167.376617069
1033	167.376617402
1034	167.37661781
1035	167.376618164
1036	167.376618499
1037	167.376619164
1038	167.376619438
1039	167.376619622
1040	167.376619753
1041	167.376619886
1042	167.376620007
1043	167.376620128
1044	167.376620246
1045	167.37662036
1046	167.376620466
1047	167.376620569
1048	167.376620671
1049	167.376620773
1050	167.376620874
1051	167.376620976
1052	167.376621077
1053	167.376621179
1054	167.37662128
1055	167.376621382
1056	167.376621484
1057	167.376621586
1058	167.37662169
1059	167.376621794
1060	167.376621899
1061	167.376622006
1062	167.376622114
1063	167.376622224
1064	167.376622336
1065	167.37662245
1066	167.376622567
1067	167.376622687
1068	167.376622808
1069	167.376622933
1070	167.376623459
1071	167.3766236
1072	167.376623725
1073	167.376624208
1074	167.376624348
1075	167.376624811
1076	167.376624955
1077	167.376625415
1078	167.376625564
1079	167.37662602
1080	167.376626175
1081	167.376626623
1082	167.376626784
1083	167.376627223
1084	167.376627391
1085	167.376627821
1086	167.376628353
1087	167.376628437
1088	167.376628927
1089	167.37662911
1090	167.376629479
1091	167.376629707
1092	167.37663009
1093	167.376630303
1094	167.376630691
1095	167.376630912
1096	167.376631294
1097	167.376631524
1098	167.3766319
1099	167.376632683
1100	167.376632822
1101	167.376633133
1102	167.376633791
1103	167.37663391
1104	167.376634252
1105	167.376634927
1106	167.376635047
1107	167.376635384
1108	167.376636103
1109	167.376636236
1110	167.376636564
1111	167.376637266
1112	167.376637408
1113	167.376637726
1114	167.37663842
1115	167.376638562
1116	167.37663886
1117	167.376639543
1118	167.376639708
1119	167.376639992
1120	167.376640658
1121	167.376640844
1122	167.376641114
1123	167.376641764
1124	167.376641967
1125	167.376642227
1126	167.376642864
1127	167.376643081
1128	167.376643334
1129	167.376643963
1130	167.376644191
1131	167.37664444
1132	167.376645062
1133	167.376645301
1134	167.376645546
1135	167.376646162
1136	167.376646413
1137	167.376646653
1138	167.376647262
1139	167.376647528
1140	167.376647762
1141	167.376648356
1142	167.376648641
1143	167.376648868
1144	167.376649457
1145	167.376649776
1146	167.376649993
1147	167.376650571
1148	167.376651122
1149	167.376651306
1150	167.376651513
1151	167.376652056
1152	167.376652589
1153	167.376652849
1154	167.376653048
1155	167.37665359
1156	167.376654107
1157	167.376654385
1158	167.376655012
1159	167.376655263
1160	167.376655864
1161	167.376656195
1162	167.37665679
1163	167.376657136
1164	167.376657733
1165	167.37665809
1166	167.37665868
1167	167.376659055
1168	167.376659637
1169	167.37666003
1170	167.376660603
1171	167.376661015
1172	167.37666158
1173	167.37666201
1174	167.376662566
1175	167.376663016
1176	167.376663565
1177	167.376663868
1178	167.376664259
1179	167.376664661
1180	167.376665089
1181	167.376665506
1182	167.376665916
1183	167.376666393
1184	167.376666957
1185	167.37666723
1186	167.376667606
1187	167.376667986
1188	167.376668391
1189	167.376668806
1190	167.376669207
1191	167.376669591
1192	167.376669961
1193	167.376670327
1194	167.376670697
1195	167.376671075
1196	167.376671471
1197	167.376671872
1198	167.376672272
1199	167.376672668
1200	167.376673061
1201	167.376673449
1202	167.376673836
1203	167.376674222
1204	167.376674607
1205	167.376674992
1206	167.376675376
1207	167.376675757
1208	167.376676137
1209	167.376676514
1210	167.376676888
1211	167.376677261
1212	167.376677631
1213	167.376677999
1214	167.376678366
1215	167.376678732
1216	167.376679096
1217	167.37667946
1218	167.376679824
1219	167.376680187
1220	167.37668055
1221	167.376680913
1222	167.376681276
1223	167.376681639
1224	167.376682002
1225	167.376682364
1226	167.376682726
1227	167.376683087
1228	167.376683448
1229	167.376683808
1230	167.376684167
1231	167.376684526
1232	167.376684884
1233	167.376685241
1234	167.376685596
1235	167.376685951
1236	167.376686304
1237	167.376686655
1238	167.376687005
1239	167.376687354
1240	167.3766877
1241	167.376688045
1242	167.376688389
1243	167.37668873
1244	167.37668907
1245	167.376689408
1246	167.376689745
1247	167.37669008
1248	167.376690413
1249	167.376690746
1250	167.376691077
1251	167.376691407
1252	167.376691736
1253	167.376692064
1254	167.376692391
1255	167.376692717
1256	167.376693042
1257	167.376693367
1258	167.376693691
1259	167.376694014
1260	167.376694347
1261	167.376694679
1262	167.376695009
1263	167.376695339
1264	167.376695669
1265	167.376695998
1266	167.376696327
1267	167.376696655
1268	167.376696983
1269	167.376697311
1270	167.376697638
1271	167.376697965
1272	167.376698291
1273	167.376698618
1274	167.376698944
1275	167.37669927
1276	167.376699596
1277	167.376699923
1278	167.376700249
1279	167.376700575
1280	167.376700902
1281	167.376701229
1282	167.376701555
1283	167.376701882
1284	167.376702208
1285	167.376702535
1286	167.376702861
1287	167.376703188
1288	167.376703516
1289	167.376703844
1290	167.376704172
1291	167.3767045
1292	167.376704829
1293	167.376705159
1294	167.376705488
1295	167.376705818
1296	167.376706148
1297	167.376706478
1298	167.376706808
1299	167.376707138
1300	167.376707469
1301	167.376707799
1302	167.376708129
1303	167.376708459
1304	167.376708788
1305	167.376709117
1306	167.376709446
1307	167.376709775
1308	167.376710103
1309	167.37671043
1310	167.376710757
1311	167.376711083
1312	167.376711409
1313	167.376711734
1314	167.376712059
1315	167.376712383
1316	167.376712707
1317	167.37671303
1318	167.376713352
1319	167.376713672
1320	167.376713991
1321	167.376714309
1322	167.376714627
1323	167.376714945
1324	167.376715263
1325	167.37671558
1326	167.376715897
1327	167.376716214
1328	167.376716531
1329	167.376716848
1330	167.376717165
1331	167.376717482
1332	167.376717799
1333	167.376718116
1334	167.376718433
1335	167.376718749
1336	167.376719066
1337	167.376719383
1338	167.3767197
1339	167.376720017
1340	167.376720334
1341	167.37672065
1342	167.376720967
1343	167.376721284
1344	167.3767216
1345	167.376721917
1346	167.376722233
1347	167.376722549
1348	167.376722865
1349	167.37672318
1350	167.376723496
1351	167.376723811
1352	167.376724126
1353	167.37672444
1354	167.376724754
1355	167.376725068
1356	167.376725381
1357	167.376725694
1358	167.376726006
1359	167.376726318
1360	167.37672663
1361	167.376726941
1362	167.376727251
1363	167.376727561
1364	167.37672787
1365	167.376728178
1366	167.376728486
1367	167.376728794
1368	167.3767291
1369	167.376729406
1370	167.376729628
1371	167.376729841
1372	167.376730059
1373	167.376730278
1374	167.376730459
1375	167.376730642
1376	167.376730849
1377	167.376731022
1378	167.376731201
1379	167.376731407
1380	167.376731582
1381	167.376731763
1382	167.376731969
1383	167.376732144
1384	167.376732324
1385	167.376732527
1386	167.376732698
1387	167.376732873
1388	167.376733073
1389	167.376733238
1390	167.376733409
1391	167.376733606
1392	167.376733769
1393	167.376733938
1394	167.376734133
1395	167.376734294
1396	167.37673446
1397	167.376734653
1398	167.376734812
1399	167.376734975
1400	167.376735167
1401	167.376735324
1402	167.376735489
1403	167.376735679
1404	167.376735836
1405	167.376735998
1406	167.376736186
1407	167.376736418
1408	167.376736596
1409	167.376736759
1410	167.376736942
1411	167.376737212
1412	167.376737386
1413	167.376737553
1414	167.37673774
1415	167.376738012
1416	167.376738184
1417	167.376738349
1418	167.376738535
1419	167.376738801
1420	167.376738964
1421	167.376739126
1422	167.376739308
1423	167.376739565
1424	167.376739721
1425	167.376740004
1426	167.376740163
1427	167.376740335
1428	167.376740519
1429	167.376740771
1430	167.376740922
1431	167.376741188
1432	167.376741467
1433	167.376741641
1434	167.376741809
1435	167.376741987
1436	167.376742228
1437	167.376742477
1438	167.376742633
1439	167.376742822
1440	167.376743059
1441	167.37674331
1442	167.376743462
1443	167.376743633
1444	167.376743865
1445	167.376744105
1446	167.376744363
1447	167.376744518
1448	167.376744688
1449	167.376744914
1450	167.376745146
1451	167.376745393
1452	167.376745538
1453	167.376745721
1454	167.376745942
1455	167.376746166
1456	167.376746405
1457	167.376746655
1458	167.3767468
1459	167.376746961
1460	167.37674717
1461	167.37674738
1462	167.3767476
1463	167.376747826
1464	167.376748062
1465	167.376748303
1466	167.376748439
1467	167.376748622
1468	167.376748773
1469	167.376748985
1470	167.376749196
1471	167.376749413
1472	167.376749634
1473	167.376749857
1474	167.376750082
1475	167.376750311
1476	167.376750544
1477	167.376750781
1478	167.376751023
1479	167.376751267
1480	167.376751513
1481	167.37675176
1482	167.376752006
1483	167.37675225
1484	167.37675249
1485	167.376752725
1486	167.376752955
1487	167.376753177
1488	167.376753391
1489	167.376753597
1490	167.376753794
1491	167.376753982
1492	167.37675416
1493	167.37675433
1494	167.376754511
1495	167.376754691
1496	167.37675487
1497	167.376754954
1498	167.376755128
1499	167.376755251
1500	167.376755451
1501	167.376755705
1502	167.376755952
1503	167.376756146
1504	167.37675631
1505	167.376756443
1506	167.376756513
1507	167.376756585
1508	167.376756637
1509	167.376756693
1510	167.376756732
1511	167.376756775
1512	167.376756822
1513	167.376756894
1514	167.376756966
1515	167.376757049
1516	167.376757136
1517	167.376757221
1518	167.376757303
1519	167.376757378
1520	167.37675745
1521	167.376757522
1522	167.376757576
1523	167.376757642
1524	167.376757712
1525	167.37675777
1526	167.376757832
1527	167.376757895
1528	167.376757929
1529	167.376757982
1530	167.376758059
1531	167.376758117
1532	167.376758176
1533	167.376758254
1534	167.376758313
1535	167.376758396
1536	167.376758461
1537	167.376758548
1538	167.376758613
1539	167.3767587
1540	167.376758764
1541	167.376758844
1542	167.376758901
1543	167.376758945
1544	167.376759017
1545	167.376759068
1546	167.376759098
1547	167.376759143
1548	167.376759196
1549	167.376759257
1550	167.376759338
1551	167.376759402
1552	167.376759481
1553	167.376759552
1554	167.376759603
1555	167.376759659
1556	167.376759718
1557	167.376759779
1558	167.376759853
1559	167.376759894
1560	167.376759936
1561	167.376759984
1562	167.376760037
1563	167.376760095
1564	167.376760155
1565	167.376760203
1566	167.376760251
1567	167.376760305
1568	167.376760358
1569	167.376760403
1570	167.376760456
1571	167.376760515
1572	167.376760576
1573	167.376760624
1574	167.376760672
1575	167.376760723
1576	167.376760773
1577	167.376760813
1578	167.376760857
1579	167.376760908
1580	167.376760961
1581	167.376761015
1582	167.376761069
1583	167.37676112
1584	167.376761169
1585	167.376761217
1586	167.376761264
1587	167.376761309
1588	167.376761352
1589	167.376761395
1590	167.376761436
1591	167.376761476
1592	167.376761515
1593	167.376761553
1594	167.376761591
1595	167.376761629
1596	167.376761667
1597	167.376761704
1598	167.376761741
1599	167.376761778
1600	167.376761815
1601	167.376761851
1602	167.376761887
1603	167.376761922
1604	167.376761956
1605	167.376761989
1606	167.376762022
1607	167.376762054
1608	167.376762085
1609	167.376762116
1610	167.376762145
1611	167.376762174
1612	167.376762203
1613	167.376762231
1614	167.376762259
1615	167.376762286
1616	167.376762339
1617	167.376762374
1618	167.376762408
1619	167.376762442
1620	167.376762475
1621	167.376762506
1622	167.376762534
1623	167.376762586
1624	167.376762617
1625	167.376762646
1626	167.376762673
1627	167.376762724
1628	167.376762754
1629	167.376762783
1630	167.376762834
1631	167.376762865
1632	167.376762895
1633	167.376762947
1634	167.376762978
1635	167.376763007
1636	167.376763056
1637	167.376763086
1638	167.376763135
1639	167.376763165
1640	167.376763214
1641	167.376763246
1642	167.376763296
1643	167.376763327
1644	167.376763377
1645	167.376763408
1646	167.376763456
1647	167.376763507
1648	167.376763539
1649	167.376763588
1650	167.376763639
1651	167.376763671
1652	167.37676372
1653	167.37676377
1654	167.376763821
1655	167.376763854
1656	167.376763909
1657	167.376763944
1658	167.376763984
1659	167.376764028
1660	167.376764075
1661	167.376764126
1662	167.376764159
1663	167.376764216
1664	167.376764247
1665	167.376764287
1666	167.376764329
1667	167.376764375
1668	167.376764423
1669	167.376764466
1670	167.376764522
1671	167.376764533
1672	167.376764566
1673	167.376764607
1674	167.376764652
1675	167.376764692
1676	167.376764715
1677	167.376764745
1678	167.37676478
1679	167.376764819
1680	167.376764856
1681	167.376764876
1682	167.376764905
1683	167.376764934
1684	167.376764971
1685	167.37676501
1686	167.37676505
1687	167.376765093
1688	167.376765137
1689	167.376765182
1690	167.37676522
1691	167.376765267
1692	167.376765291
1693	167.376765324
1694	167.376765349
1695	167.376765379
1696	167.376765413
1697	167.376765451
1698	167.376765492
1699	167.376765534
1700	167.37676557
1701	167.376765615
1702	167.376765639
1703	167.37676567
1704	167.376765706
1705	167.376765754
1706	167.376765786
1707	167.376765822
1708	167.376765861
1709	167.376765908
1710	167.376765941
1711	167.376765976
1712	167.376766014
1713	167.376766059
1714	167.376766091
1715	167.376766125
1716	167.376766162
1717	167.376766205
1718	167.376766235
1719	167.376766268
1720	167.376766303
1721	167.37676634
1722	167.376766383
1723	167.376766413
1724	167.376766444
1725	167.376766478
1726	167.376766514
1727	167.376766555
1728	167.376766582
1729	167.376766611
1730	167.376766643
1731	167.376766676
1732	167.376766711
1733	167.376766751
1734	167.376766777
1735	167.376766806
1736	167.376766836
1737	167.376766867
1738	167.3767669
1739	167.376766939
1740	167.376766963
1741	167.376766989
1742	167.376767017
1743	167.376767046
1744	167.376767076
1745	167.376767106
1746	167.376767144
1747	167.376767166
1748	167.376767188
1749	167.376767213
1750	167.376767238
1751	167.376767265
1752	167.376767292
1753	167.376767321
1754	167.376767357
1755	167.376767374
1756	167.376767394
1757	167.376767416
1758	167.376767439
1759	167.376767464
1760	167.376767489
1761	167.376767515
1762	167.376767549
1763	167.376767565
1764	167.376767583
1765	167.376767603
1766	167.376767624
1767	167.376767647
1768	167.376767671
1769	167.376767704
1770	167.376767718
1771	167.376767735
1772	167.376767753
1773	167.376767773
1774	167.376767794
1775	167.376767816
1776	167.376767847
1777	167.376767859
1778	167.376767874
1779	167.376767889
1780	167.376767906
1781	167.376768036
1782	167.376768075
1783	167.376768068
1784	167.376768117
1785	167.376768175
1786	167.376768185
1787	167.376768234
1788	167.376768285
1789	167.376768365
1790	167.376768449
1791	167.376768557
1792	167.376768655
1793	167.376768707
1794	167.376768724
1795	167.376768742
1796	167.376768752
1797	167.37676875
1798	167.376768759
1799	167.37676877
1800	167.376768773
1801	167.376768781
1802	167.376768743
1803	167.37676873
1804	167.376768716
1805	167.376768706
1806	167.376768701
1807	167.376768701
1808	167.376768705
1809	167.376768729
1810	167.376768745
1811	167.376768768
1812	167.376768779
1813	167.376768775
1814	167.37676879
1815	167.376768792
1816	167.376768793
1817	167.376768792
1818	167.376768789
1819	167.376768783
1820	167.376768794
1821	167.376768807
1822	167.376768822
1823	167.376768822
1824	167.376768838
1825	167.376768837
1826	167.376768836
1827	167.376768852
1828	167.376768853
1829	167.37676887
1830	167.376768878
1831	167.376768889
1832	167.376768903
1833	167.376768921
1834	167.376768929
1835	167.376768941
1836	167.376768957
1837	167.376768962
1838	167.376768972
1839	167.376768984
1840	167.376769001
1841	167.376769009
1842	167.376769019
1843	167.376769014
1844	167.376769025
1845	167.376769022
1846	167.376769034
1847	167.37676905
1848	167.376769055
1849	167.376769063
1850	167.376769057
1851	167.376769066
1852	167.376769083
1853	167.376769082
1854	167.376769089
1855	167.376769104
1856	167.376769102
1857	167.376769108
1858	167.376769123
1859	167.376769121
1860	167.376769126
1861	167.376769142
1862	167.376769143
1863	167.376769131
1864	167.376769137
1865	167.376769128
1866	167.376769142
1867	167.376769144
1868	167.376769147
1869	167.376769136
1870	167.376769149
1871	167.376769143
1872	167.376769146
1873	167.376769162
1874	167.376769161
1875	167.376769147
1876	167.376769132
1877	167.376769135
1878	167.376769124
1879	167.376769138
1880	167.376769131
1881	167.376769114
1882	167.376769115
1883	167.376769102
1884	167.376769087
1885	167.376769072
1886	167.376769056
1887	167.376769039
1888	167.376769039
1889	167.376769025
1890	167.376769009
1891	167.376768992
1892	167.376768974
1893	167.376768952
1894	167.37676893
1895	167.376768906
1896	167.376768882
1897	167.376768861
1898	167.37676884
1899	167.376768818
1900	167.376768797
1901	167.376768776
1902	167.376768754
1903	167.376768733
1904	167.376768711
1905	167.376768684
1906	167.376768663
1907	167.376768642
1908	167.376768615
1909	167.376768594
1910	167.376768564
1911	167.376768543
1912	167.376768517
1913	167.376768496
1914	167.376768469
1915	167.376768443
1916	167.376768422
1917	167.376768395
1918	167.376768374
1919	167.376768348
1920	167.376768326
1921	167.3767683
1922	167.376768278
1923	167.376768252
1924	167.37676823
1925	167.376768201
1926	167.37676818
1927	167.376768151
1928	167.376768131
1929	167.376768102
1930	167.376768082
1931	167.376768054
1932	167.376768034
1933	167.376768015
1934	167.376767987
1935	167.376767968
1936	167.376767948
1937	167.376767922
1938	167.376767902
1939	167.376767883
1940	167.376767857
1941	167.376767839
1942	167.37676782
1943	167.376767796
1944	167.376767778
1945	167.37676776
1946	167.376767738
1947	167.376767721
1948	167.376767699
1949	167.376767683
1950	167.376767662
1951	167.376767645
1952	167.376767625
1953	167.376767609
1954	167.376767589
1955	167.376767575
1956	167.376767555
1957	167.37676754
1958	167.376767521
1959	167.376767506
1960	167.376767487
1961	167.376767473
1962	167.376767455
1963	167.376767441
1964	167.376767424
1965	167.37676741
1966	167.376767394
1967	167.37676738
1968	167.376767364
1969	167.37676735
1970	167.376767334
1971	167.37676732
1972	167.376767304
1973	167.37676729
1974	167.376767276
1975	167.37676726
1976	167.37676738
1977	167.376767368
1978	167.376767363
1979	167.376767405
1980	167.376767468
1981	167.376767464
1982	167.376767492
1983	167.376767534
1984	167.376767574
1985	167.376767543
1986	167.376767549
1987	167.376767575
1988	167.376767607
1989	167.376767646
1990	167.376767699
1991	167.376767751
1992	167.3767678
1993	167.376767813
1994	167.37676779
1995	167.376767774
1996	167.376767778
1997	167.376767782
1998	167.376767786
1999	167.376767798
2000	167.37676778
2001	167.376767763
2002	167.376767734
2003	167.376767705
2004	167.37676768
2005	167.376767657
2006	167.376767634
2007	167.376767608
2008	167.37676758
2009	167.376767554
2010	167.376767528
2011	167.376767503
2012	167.376767472
2013	167.376767461
2014	167.37676745
2015	167.376767481
2016	167.37676746
2017	167.376767494
2018	167.376767527
2019	167.376767559
2020	167.37676759
2021	167.376767621
2022	167.376767652
2023	167.376767646
2024	167.376767631
2025	167.376767666
2026	167.3767677
2027	167.376767732
2028	167.376767763
2029	167.376767794
2030	167.376767826
2031	167.37676786
2032	167.376767894
2033	167.376767928
2034	167.376767963
2035	167.376767999
2036	167.376768034
2037	167.376768069
2038	167.376768105
2039	167.376768141
2040	167.376768177
2041	167.376768214
2042	167.376768252
2043	167.37676829
2044	167.376768325
2045	167.37676836
2046	167.376768396
2047	167.376768432
2048	167.376768468
2049	167.376768504
2050	167.37676854
2051	167.376768576
2052	167.376768612
2053	167.376768598
2054	167.376768639
2055	167.376768678
2056	167.376768716
2057	167.37676875
2058	167.376768785
2059	167.376768819
2060	167.376768802
2061	167.376768785
2062	167.376768817
2063	167.376768854
2064	167.376768888
2065	167.376768878
2066	167.376768914
2067	167.376768949
2068	167.376768988
2069	167.376769023
2070	167.376769063
2071	167.376769054
2072	167.376769044
2073	167.376769025
2074	167.376768999
2075	167.376769027
2076	167.376769062
2077	167.376769048
2078	167.376769086
2079	167.376769123
2080	167.376769162
2081	167.376769151
2082	167.376769187
2083	167.376769226
2084	167.376769265
2085	167.376769304
2086	167.376769294
2087	167.376769334
2088	167.376769372
2089	167.376769559
2090	167.376769528
2091	167.376769534
2092	167.37676951
2093	167.376769592
2094	167.376769549
2095	167.376769652
2096	167.3767696
2097	167.376769551
2098	167.37676959
2099	167.376769676
2100	167.376769654
