1	-0.000279621436992
2	25.5474221771
3	24.8546846268
4	56.1988939518
5	4.98039075898
6	19.8223363787
7	-27.4566534784
8	40.8145076223
9	8.15416018781
10	4.20053422344
11	2.48308599893
12	5.31656436443
13	-0.323722800922
14	5.3076515738
15	-5.53587741861
16	-5.49942215323
17	-1.08428537919
18	-0.494476256891
19	-7.17028422265
20	0.713549000792
21	1.87427171331
22	2.5334611603
23	2.28971102689
24	-0.814105527543
25	2.07466322205
26	1.69728172777
27	-0.725440198977
28	2.21359807366
29	4.95587430915
30	-1.93571203862
31	0.420515529697
32	-0.719342268219
33	-1.5953669944
34	-0.450421294783
35	-0.991121307563
36	0.154684438265
37	-0.644615317888
38	-0.208022586333
39	-0.181958522057
40	-0.560514642877
41	-0.327820071609
42	-0.745690598153
43	-0.243610990637
44	-0.912152344439
45	-1.00299634992
46	0.149836913892
47	-0.908365579929
48	0.0129830983018
49	-0.497003906656
50	0.79286122577
51	0.897762421192
52	-0.273833119477
53	0.463847129548
54	0.434273259024
55	0.808120588541
56	0.185940346103
57	0.103655326447
58	-0.0374951153819
59	-0.112252979823
60	0.390156241911
61	0.350990956038
62	0.253802802723
63	0.642855291282
64	0.333091058968
65	0.71889903107
66	-0.238654727849
67	-0.0183728375822
68	-0.0885502510223
69	-0.0743245638735
70	0.0138432341212
71	0.0353731633407
72	-0.0146024495354
73	-0.0320804120867
74	0.0132978582144
75	0.0668493741479
76	-0.0916297846795
77	-0.776496170226
78	-0.426982765162
79	-0.16246147824
80	-0.0384568354503
81	0.462298070958
82	-0.666068464534
83	0.382273897078
84	-0.472191412202
85	0.23046853537
86	0.330287009516
87	0.219611267438
88	0.660875079434
89	0.737283565503
90	0.680038223155
91	0.207942759474
92	0.0991017988952
93	0.0652765603316
94	0.113507674619
95	0.196044310862
96	0.271618815054
97	0.430513679608
98	0.453976913767
99	0.395077803874
100	0.0169321911384
101	0.227908718873
102	0.232289810296
103	0.0446072701228
104	0.0308531016843
105	-0.0293500818943
106	-0.0687448918769
107	0.147868228123
108	0.112920640141
109	0.0101302167842
110	-0.247157303977
111	-0.250621577937
112	-0.0672887651475
113	-0.160531376492
114	-0.185088229195
115	-0.161903346761
116	-0.126425246319
117	-0.142923113819
118	-0.129081818794
119	0.0187035123673
120	-0.0733772355985
121	0.119673892497
122	-0.0451227691802
123	0.0200990592247
124	-0.0119935786919
125	0.0425150040853
126	-0.0139874313464
127	0.337284040816
128	0.169266439696
129	0.0186170220523
130	0.101330081221
131	-0.0495126332711
132	0.515206967051
133	0.0272488602654
134	0.435691557193
135	0.0328306418127
136	0.350117158908
137	0.0414798654146
138	0.289349978914
139	0.0277565648268
140	0.250299245898
141	0.00805566418755
142	0.202693687414
143	0.00797399965293
144	0.192248719617
145	0.00788352267059
146	0.141999317659
147	-0.012098303776
148	-0.0794328684279
149	0.108123677856
150	0.00487505187632
151	-0.0431097808647
152	0.100345174689
153	-0.00520756091791
154	-0.0405641989739
155	0.0352895564187
156	0.0639299873271
157	0.0174781496044
158	-0.00066064510888
159	0.0482392703937
160	-0.019421861584
161	-0.0075036576695
162	0.0359036594754
163	-0.0215680260684
164	-0.00521180656545
165	-0.00640489178468
166	0.0116421034246
167	-0.00120200910254
168	0.0217356656717
169	0.0443627081419
170	0.00675449902501
171	-0.00472186927663
172	0.00319321062612
173	-0.00751333794935
174	-0.00596443641325
175	-0.00656953921419
176	-0.00500956587304
177	-0.00712683227284
178	-0.00542250123737
179	-4.18320733539e-05
180	-0.00557082974865
181	-0.00388621975466
182	-0.00123205583085
183	-0.00414523944247
184	-0.00419571623795
185	-0.000621148917831
186	-0.00238163470875
187	-0.00212045667358
188	-0.00410307064672
189	0.000814862927278
190	-0.00228398677913
191	0.00482800952749
192	-0.00247214597607
193	0.00507983365823
194	-0.00205513029736
195	-0.00266231815506
196	0.0047101757856
197	-0.00210976937129
198	-0.00274236021719
199	0.00430294521855
200	-0.00216636395689
201	-0.00272367879442
202	0.00403373565478
203	-0.00218516099728
204	-0.00266161646687
205	0.00377532182084
206	-0.00276380535255
207	0.00400149666402
208	0.0046206267669
209	0.00776999656024
210	0.00372689891498
211	0.00702008137182
212	0.00145939175605
213	-0.00160825680607
214	0.00303218265916
215	-0.00118290633505
216	-0.00142836933661
217	-0.00111717517455
218	0.0026918900857
219	-0.0013459993058
220	0.00438015598791
221	0.0056576565467
222	-9.13712885375e-05
223	0.000955586802192
224	0.00205309306194
225	-0.00283542936932
226	-0.000228855364737
227	-0.001368855661
228	0.00171307612277
229	-0.00112934061274
230	-0.00120393707269
231	0.00247873578236
232	0.0138963968672
233	0.00282500154145
234	0.00340886398164
235	0.00558262820804
236	0.00220540181102
237	0.000699219150438
238	-0.00474142372718
239	0.00393617762787
240	-0.00418475026863
241	-0.000929709641103
242	-0.000931714139711
243	-0.000853195017409
244	0.00143293735455
245	-0.000803697572892
246	-0.000823720254171
247	-0.000836837471547
248	-0.000830872446711
249	-0.000821467298191
250	-0.000816140847745
251	-0.000782002549899
252	-0.000745577374553
253	-0.000718899578003
254	-0.000701320689429
255	-0.000684448080506
256	-0.000669390059077
257	-0.000642195096661
258	-0.000620814255018
259	-0.000592062491877
260	-0.000557534479957
261	-0.000524053682937
262	-0.000496841475843
263	-0.000480125948064
264	-0.00165405617681
265	-0.00086380818128
266	0.00522769529405
267	0.00520626612088
268	-0.00154025855267
269	0.00071151380138
270	0.00130190448382
271	0.00222005779393
272	0.000842105820121
273	-0.000622721046085
274	-0.00126389714761
275	-0.00104095426526
276	-0.000768580548692
277	-0.0013510910901
278	0.00349123318862
279	0.00114951251734
280	0.00263037563999
281	0.00198607242007
282	0.00156109580732
283	0.000577182144263
284	0.000475072024836
285	-0.00179935478431
286	0.00204401402021
287	5.78708340068e-05
288	0.00380703389089
289	0.000820674172446
290	0.0010556246603
291	0.000904828969446
292	0.00180261894918
293	0.00187596221304
294	-0.000158277877724
295	0.00120453877369
296	8.72422766898e-05
297	0.00303324701836
298	-5.09572890145e-05
299	0.00231141146563
300	-0.000314081055962
301	0.000173323251178
302	-0.000108041833852
303	0.000505568367273
304	0.000390857073114
305	-0.000168702504448
306	-0.0002915564305
307	8.24123922632e-06
308	7.58166370186e-05
309	0.000432745182677
310	0.0010761188241
311	-0.000337130145817
312	0.00111433079537
313	0.000474306673185
314	0.00199079123055
315	7.34950336041e-05
316	0.00255008821521
317	0.000236586461633
318	0.000178983154514
319	-6.95110891881e-06
320	0.000341636834711
321	-0.000468963317153
322	-1.48932772061e-05
323	0.000181674390247
324	0.00090188971048
325	-0.00021859641582
326	0.000184671320065
327	0.000882484018316
328	5.76920279751e-05
329	2.5624013616e-05
330	-2.29891552948e-05
331	0.000334142458472
332	0.000215228702634
333	0.000124237007195
334	4.43246002908e-05
335	0.000915120101241
336	9.81746450561e-05
337	-3.53154804481e-05
338	0.000604938212208
339	0.000124049556194
340	0.000601971191571
341	-0.000188756329298
342	0.000583948133181
343	-0.000287047353214
344	0.000156686873907
345	0.000416111965045
346	0.000500870309296
347	-0.00041787748854
348	0.000500991032239
349	0.000218958301776
350	0.000178815633372
351	7.61184815413e-05
352	1.51752616716e-05
353	-3.7802291186e-05
354	0.000248888887722
355	0.000243776997559
356	-0.000241758357365
357	0.000135177089976
358	-2.06233193274e-05
359	0.000223711703009
360	-0.000204224555147
361	0.000147847842129
362	4.64385605665e-05
363	9.48950531575e-05
364	0.000112853267717
365	-7.81643215259e-05
366	7.23191888422e-05
367	6.84367952825e-05
368	5.40682803242e-06
369	6.57836515025e-05
370	-4.45223526909e-05
371	8.1573568949e-05
372	-0.000251958347211
373	-0.000166323823669
374	0.000133694399685
375	-0.000233446567134
376	-0.000201596779315
377	-0.00010133746325
378	0.000266672472475
379	-0.000238171143809
380	-0.000209736661908
381	-0.000192803207222
382	-0.00017742561166
383	-0.000171854587859
384	-0.000169066073486
385	-0.000142668177439
386	-0.00017093545575
387	-0.000185504482851
388	-0.000191981853059
389	-0.000195091846213
390	-0.000195098214231
391	-0.000192902279242
392	-0.000190093361167
393	-0.000185755769467
394	-0.000179369671537
395	-0.000171106197807
396	-0.000162449391142
397	-0.000114381212538
398	0.00043112120608
399	5.40121250201e-05
400	0.000283410303883
401	0.000288243016949
402	0.000212844239751
403	0.000844915932922
404	-1.24111814011e-05
405	0.000329251017116
406	0.000698578135962
407	9.01411195994e-05
408	-2.64773524802e-05
409	-0.00017787287869
410	9.13086351052e-05
411	0.000299324941471
412	-2.0738732916e-05
413	5.50449598211e-05
414	0.000145037531424
415	0.000189707256128
416	4.24652641887e-05
417	0.000196456123117
418	7.77006331601e-05
419	0.000327411568029
420	0.000600488564849
421	0.000447506204164
422	0.000277019758446
423	-4.23170819377e-05
424	-3.36303174791e-05
425	-2.36505594983e-05
426	-3.30322558854e-05
427	-2.1302388107e-05
428	0.000211625383591
429	0.000145928418586
430	0.000201096151013
431	0.00020953133596
432	0.00020747341105
433	0.000199275663489
434	0.000128510200834
435	-2.25582582096e-05
436	-6.10845029795e-05
437	0.00019254892201
438	8.26002285018e-05
439	0.000218143560134
440	-2.24317566473e-05
441	2.58585053555e-05
442	-5.08085435007e-07
443	0.00012428771579
444	0.000212947033956
445	7.08847530292e-05
446	9.11932578932e-05
447	8.97029888077e-05
448	0.000119137473527
449	2.92712119055e-05
450	-1.93547997691e-05
451	2.912775021e-05
452	-1.02471533312e-05
453	-2.83808189215e-06
454	-1.04262699252e-06
455	-4.96092274568e-06
456	-3.26498887549e-06
457	-5.83671016051e-07
458	5.79257736838e-06
459	9.33212185016e-06
460	9.85292269546e-06
461	8.48697216986e-06
462	6.02495672278e-06
463	2.9312738721e-06
464	-4.87048397677e-07
465	-3.75712889194e-06
466	-6.3344902683e-06
467	-7.77404489027e-06
468	-7.40188471194e-06
469	-5.36647727417e-06
470	-3.76570224923e-06
471	-2.10119639151e-06
472	-1.14045585647e-06
473	1.07526107401e-06
474	2.28680129037e-06
475	3.16096903208e-06
476	4.43058692351e-06
477	6.67014001655e-06
478	6.7634961299e-06
479	0.000216020162377
480	3.84653518467e-05
481	0.000135670700294
482	0.000168139581871
483	0.000236538183805
484	-9.19703654311e-06
485	7.60642532958e-05
486	3.14908866281e-05
487	7.63732918946e-05
488	4.64992474822e-05
489	2.76320018635e-06
490	4.27576299482e-05
491	5.58194898196e-05
492	1.01157566726e-05
493	1.11556624809e-05
494	2.06939559735e-06
495	-2.89563194556e-06
496	-1.07989336979e-06
497	1.24305428329e-07
498	1.46105017526e-06
499	1.55923429375e-06
500	2.5691136317e-06
501	4.14630505619e-06
502	6.47136712247e-06
503	9.07366967653e-06
504	1.15408419145e-05
505	1.32183281524e-05
506	1.44194528722e-05
507	1.71774424909e-05
508	1.90580860954e-05
509	1.91513534443e-05
510	1.87626958536e-05
511	1.72114204945e-05
512	1.60708857699e-05
513	1.53834193881e-05
514	1.35023051816e-05
515	1.38309853772e-05
516	1.12561113341e-05
517	1.15374638325e-05
518	0.00012568013368
519	0.000151572209944
520	2.54045942341e-05
521	0.00010636258607
522	0.000115777133129
523	9.35393031802e-05
524	8.07648610341e-05
525	5.44798832651e-05
526	1.48582268383e-05
527	5.12946734939e-06
528	1.12553434331e-06
529	-3.84721688737e-06
530	4.38339142776e-05
531	1.33095097474e-05
532	5.35723476774e-05
533	5.93285549419e-06
534	4.79247866702e-05
535	5.83436020337e-06
536	4.83976368514e-05
537	4.61430285172e-06
538	-8.02289512081e-06
539	-6.10682401763e-06
540	-6.29094005229e-06
541	-6.07880168663e-06
542	-6.10909931719e-06
543	-6.53757862273e-06
544	-6.99078809011e-06
545	-7.20187527959e-06
546	2.23578691966e-05
547	0.00016516525098
548	-9.29618959651e-07
549	1.3523902426e-06
550	0.000135325736412
551	-4.80170592125e-06
552	2.73130952842e-05
553	-1.34081462632e-05
554	2.94860929117e-05
555	-4.52973767461e-06
556	-1.49321217579e-05
557	-1.38380609935e-05
558	-1.27645105628e-05
559	-1.15093579669e-05
560	-1.09291736469e-05
561	-1.32542208409e-05
562	-1.34196774261e-05
563	-1.35349678633e-05
564	-1.3377713417e-05
565	-1.30398039433e-05
566	-1.26084623863e-05
567	-1.21879561948e-05
568	-1.18825996885e-05
569	0.000129537811734
570	-1.53506841384e-06
571	-1.63651025317e-05
572	2.54051202009e-05
573	-1.92588591699e-05
574	-1.43998476567e-05
575	2.46495775734e-05
576	-5.42158805365e-06
577	3.27322935653e-05
578	3.17577358877e-05
579	-1.52405349529e-05
580	2.67188991877e-05
581	4.16195793291e-05
582	1.84574986278e-05
583	2.3997377367e-05
584	3.63070505907e-05
585	3.00433655588e-05
586	0.000103148567562
587	4.79480123304e-05
588	0.000104890078673
589	8.60682043277e-05
590	7.07693787633e-05
591	2.25135617417e-05
592	2.20759499245e-05
593	2.6551877105e-05
594	3.45200320572e-05
595	3.92566088293e-05
596	2.56739787429e-05
597	9.07826829061e-05
598	3.36592759841e-05
599	2.09249593735e-05
600	2.92335818455e-05
601	2.78398573214e-05
602	7.5963779504e-05
603	9.93637143959e-05
604	7.70817118376e-05
605	6.58324982838e-05
606	1.82409536636e-05
607	1.69551390665e-05
608	1.70040765125e-05
609	1.9084321585e-05
610	1.97497821656e-05
611	1.95892808078e-05
612	1.95655374282e-05
613	1.96572332683e-05
614	1.94404661978e-05
615	0.000127953132858
616	6.58000557484e-05
617	1.59308039311e-05
618	1.39461320303e-05
619	1.24012469425e-05
620	1.44034744958e-05
621	9.40196789222e-05
622	3.8231788861e-05
623	9.10080466028e-05
624	3.52434954087e-05
625	9.54929402846e-05
626	-1.33458724633e-06
627	1.4642665381e-05
628	2.16047640669e-05
629	2.80255889252e-05
630	3.56475029083e-05
631	3.65057042859e-05
632	5.80596563321e-06
633	3.04220932915e-05
634	3.05556119117e-05
635	3.26435647969e-05
636	2.39860081621e-05
637	2.82371285617e-05
638	3.37223841754e-05
639	3.34386163873e-05
640	3.30522958642e-05
641	3.06801487661e-05
642	2.88542013956e-05
643	2.79854864555e-05
644	2.67183632661e-05
645	0.000138379439494
646	4.05984371148e-05
647	1.05949392495e-05
648	7.31550535224e-05
649	1.19685994814e-05
650	6.06080977404e-05
651	1.14969513839e-05
652	1.05280526757e-05
653	0.000137003999881
654	4.15067334121e-05
655	4.36887689186e-05
656	1.54083583938e-05
657	7.49333698317e-05
658	2.22064612026e-05
659	1.22415118848e-05
660	1.21712020303e-05
661	1.05867883376e-05
662	1.13265671042e-05
663	1.26654532435e-05
664	1.43680391779e-05
665	1.6699195176e-05
666	1.8596205872e-05
667	1.29948114385e-05
668	1.33247128595e-05
669	1.63754854553e-05
670	2.07345020302e-05
671	2.39810758692e-05
672	3.01256326543e-06
673	3.62714353646e-06
674	3.26355167841e-06
675	3.35726638067e-06
676	7.40943845648e-06
677	7.12479897923e-06
678	7.66628480693e-06
679	1.21378782134e-05
680	1.83250784668e-05
681	2.07222520621e-05
682	1.81621403777e-06
683	2.9063487415e-06
684	1.82317877271e-06
685	7.08675102297e-06
686	1.02164318514e-05
687	1.35410779221e-05
688	1.58303754119e-05
689	1.57787100136e-05
690	2.12875523754e-06
691	2.68808872198e-06
692	3.39888472694e-06
693	8.8286855921e-06
694	1.48972059508e-05
695	1.84870806379e-06
696	1.33455100592e-05
697	2.66487269075e-06
698	1.38117438365e-05
699	1.28236485916e-05
700	9.82774742719e-06
701	8.79703419333e-06
702	1.04898139499e-05
703	1.35039276261e-05
704	1.48649470527e-05
705	1.20073432561e-05
706	1.040717736e-05
707	8.65176356566e-06
708	9.23346921235e-06
709	9.95715232829e-06
710	1.00834227133e-05
711	9.97500124846e-06
712	9.91477025226e-06
713	9.80736832101e-06
714	1.02599168876e-05
715	1.11551407851e-05
716	1.15292128156e-05
717	1.15088430973e-05
718	1.14563971928e-05
719	1.16571289328e-05
720	1.17813390324e-05
721	1.16686897803e-05
722	1.12119698148e-05
723	1.85743971861e-06
724	2.59672730233e-06
725	7.38373228756e-06
726	1.1440323143e-05
727	1.77976331123e-06
728	8.7048263547e-06
729	1.04086925893e-05
730	8.55529822963e-06
731	8.98929199314e-06
732	7.31649027972e-06
733	8.24104137739e-06
734	7.71557678691e-06
735	8.93704935932e-06
736	7.24963168305e-06
737	8.62463571933e-06
738	7.3606405285e-06
739	8.45638090067e-06
740	6.42320468503e-06
741	6.75074655281e-06
742	5.35312829077e-06
743	4.57037321783e-06
744	4.6811044905e-06
745	6.02663633677e-06
746	5.96091869385e-06
747	5.58722873105e-06
748	5.43235382157e-06
749	5.52889705874e-06
750	5.351928839e-06
751	5.10021785522e-06
752	4.93971702158e-06
753	4.87082231999e-06
754	4.80275227818e-06
755	4.64552669791e-06
756	4.65621356936e-06
757	4.60920141651e-06
758	4.47291510371e-06
759	4.2481159484e-06
760	3.82404362128e-06
761	3.21380973822e-06
762	2.63606423087e-06
763	2.247727116e-06
764	2.23649964667e-06
765	1.25270149345e-05
766	3.17996240457e-06
767	1.47295268794e-05
768	2.71574124014e-06
769	1.34313684275e-05
770	3.54615603259e-06
771	2.92927722146e-06
772	2.10253897638e-06
773	1.17226377293e-05
774	2.9426071099e-06
775	2.4165628233e-06
776	2.73173881059e-06
777	9.12605853471e-06
778	2.15435805052e-06
779	2.0847231985e-06
780	1.72984967012e-06
781	1.86897051788e-06
782	1.85058809715e-06
783	1.83877196464e-06
784	1.85156826454e-06
785	1.83472737885e-06
786	1.75879672446e-06
787	1.54363919236e-06
788	1.69727851892e-06
789	7.74319483215e-06
790	3.07339514245e-06
791	7.09584988806e-06
792	3.39394422865e-06
793	7.81072875623e-06
794	2.59721722444e-06
795	1.39143672128e-06
796	9.72089622423e-06
797	8.22473801782e-06
798	2.18281644207e-06
799	7.27065462115e-06
800	2.46882514524e-06
801	7.43178799486e-06
802	7.82055943491e-06
803	2.22577463099e-06
804	6.96963442037e-06
805	7.40700732648e-06
806	2.26028452366e-06
807	7.07736350599e-06
808	1.64896326971e-06
809	5.72956556757e-06
810	1.24302719606e-06
811	5.19645395621e-06
812	1.11774381208e-06
813	5.00614327069e-06
814	1.60875531868e-06
815	-9.14818129575e-07
816	5.55716566642e-06
817	6.91359648414e-06
818	1.83026794849e-06
819	7.53694215999e-06
820	7.01875147109e-06
821	1.46001727468e-06
822	6.62320024141e-06
823	5.82125542826e-06
824	1.42229420735e-06
825	5.28881096539e-06
826	7.06514633103e-06
827	1.38848555352e-06
828	5.35933451808e-06
829	7.04000789629e-06
830	9.30449930494e-07
831	4.32631008328e-06
832	1.30888750638e-06
833	3.8141894976e-06
834	1.35301842673e-06
835	4.53578715027e-06
836	7.65349437535e-06
837	7.15345122186e-06
838	4.41616324746e-07
839	3.79058920683e-06
840	1.73969080175e-06
841	3.36677286367e-06
842	1.83111051808e-06
843	3.82336196269e-06
844	1.10526058875e-06
845	3.62718080793e-06
846	9.95527571545e-07
847	3.63723831381e-06
848	1.23773231843e-06
849	3.74212104051e-06
850	1.90175222062e-06
851	3.86924624764e-06
852	2.76208118171e-06
853	3.9599002603e-06
854	1.87671898031e-06
855	3.45221750844e-06
856	7.90594798362e-07
857	3.28694312701e-06
858	1.8404530988e-06
859	3.79659532034e-06
860	1.6095694909e-06
861	4.9487694698e-07
862	3.36128916636e-06
863	1.07527169762e-06
864	3.34166565869e-06
865	9.97739515553e-07
866	2.79910658538e-07
867	3.24522741081e-06
868	9.9640690766e-07
869	3.85675113615e-07
870	3.29203153595e-06
871	3.59371456573e-06
872	3.75021098722e-06
873	1.27298474377e-06
874	3.4004911362e-06
875	2.96359808983e-07
876	2.96378494221e-06
877	6.5494061987e-07
878	2.96156364539e-06
879	7.60630439841e-07
880	3.082278695e-06
881	5.33098168715e-07
882	2.89047565281e-06
883	1.3033735111e-07
884	2.55269864188e-06
885	2.94429050861e-06
886	2.96847876421e-06
887	5.20242168197e-08
888	2.34901010779e-06
889	2.50739197888e-08
890	2.55643130689e-06
891	2.86083730851e-06
892	-1.09342296374e-08
893	2.40358461416e-06
894	2.05452509025e-07
895	2.54512620591e-06
896	1.72608189713e-07
897	2.34969879904e-06
898	9.0872386645e-08
899	2.22669348744e-06
900	5.96927563911e-08
901	2.22041043012e-06
902	7.87763186785e-08
903	2.19400093329e-06
904	2.48904480676e-07
905	1.91159156386e-06
906	2.30949885153e-06
907	-4.11398037643e-08
908	1.99302561035e-06
909	5.56348007887e-09
910	2.09156191705e-06
911	1.36972089191e-07
912	1.9188895728e-06
913	1.80488977139e-07
914	1.75703775172e-06
915	1.41976514736e-07
916	1.77901647991e-06
917	1.77623508508e-06
918	5.38908796308e-08
919	1.97983094363e-06
920	1.62386931973e-06
921	2.39740952001e-07
922	1.53536082326e-06
923	4.52568857257e-07
924	1.60829647367e-06
925	2.36352613149e-07
926	1.81700159071e-06
927	2.59875378854e-07
928	1.70087992879e-06
929	2.85619218679e-07
930	1.65480475355e-06
931	9.22380848568e-07
932	1.31262563118e-06
933	3.57790455521e-07
934	1.14639532085e-06
935	1.0743922532e-06
936	1.3767182968e-06
937	1.6133632564e-06
938	1.62158508183e-06
939	1.44744968359e-06
940	1.39151758932e-06
941	1.28893538065e-06
942	-1.4971114544e-08
943	2.30503119528e-06
944	1.59611325673e-06
945	1.57884049452e-06
946	9.01859242511e-08
947	1.20595407579e-06
948	1.11186050033e-06
949	1.20758261332e-06
950	1.34780392704e-06
951	1.39390655211e-06
952	1.06435908797e-07
953	1.95442066974e-06
954	1.67327513931e-06
955	1.50961669031e-06
956	2.80951115321e-08
957	1.11516352976e-06
958	-5.84234086372e-08
959	1.53927395673e-06
960	-1.27292968868e-07
961	1.4347174696e-06
962	-7.96636617351e-08
963	1.42881187935e-06
964	2.01136743851e-08
965	-1.51290946081e-07
966	1.35809038614e-06
967	2.81120991393e-08
968	-1.29008484752e-07
969	1.3893831469e-06
970	1.00280808129e-07
971	-1.05217750145e-07
972	1.24037509528e-06
973	7.98952618753e-09
974	-1.02453403336e-07
975	-4.11687841663e-08
976	1.37741046131e-06
977	-2.09225726731e-08
978	-1.37508209224e-07
979	-1.5383517925e-07
980	1.23412256353e-06
981	-8.90039648645e-08
982	-1.51306590914e-07
983	-6.77994801866e-08
984	7.18553663058e-07
985	-8.94267098243e-08
986	-9.39360558163e-08
987	-9.09269243594e-09
988	1.30989320967e-06
989	-1.03652778298e-07
990	-1.30338762748e-07
991	-1.24596192257e-07
992	1.26056411676e-06
993	-1.04910189827e-07
994	-1.13740164099e-07
995	-1.44309474466e-07
996	1.08682432044e-06
997	-1.00388090322e-07
998	-7.39918497562e-08
999	-3.15036097168e-08
1000	1.89712495342e-09
1001	2.68965067914e-09
1002	-8.05863084608e-08
1003	-1.05172008559e-07
1004	-8.58747934713e-08
1005	-8.99269651695e-08
1006	-1.04369226119e-07
1007	-8.04531734101e-08
1008	-7.13268068513e-08
1009	-1.06886499525e-07
1010	-4.60330403695e-08
1011	-7.09507090469e-08
1012	-8.97227743542e-08
1013	-7.86146940151e-08
1014	-8.70531168623e-08
1015	-5.76810157759e-08
1016	-7.7336771771e-08
1017	-8.30900317466e-08
1018	-9.4528265853e-08
1019	-1.06290162892e-07
1020	-3.56663044916e-08
1021	-9.27000025957e-08
1022	-7.60975896635e-08
1023	-2.23838939907e-08
1024	6.15043922752e-08
1025	1.71629429011e-07
1026	2.22146715967e-07
1027	4.23415433575e-07
1028	4.41869339191e-07
1029	2.14813516026e-07
1030	2.37809767268e-07
1031	3.87672002719e-07
1032	3.93293041196e-07
1033	3.32939306127e-07
1034	4.08616059939e-07
1035	3.53055873981e-07
1036	3.35247016394e-07
1037	6.64935229496e-07
1038	2.7444750016e-07
1039	1.83910462349e-07
1040	1.31037088629e-07
1041	1.33080841027e-07
1042	1.21213942566e-07
1043	1.20429192349e-07
1044	1.18069248271e-07
1045	1.13683595131e-07
1046	1.06288192043e-07
1047	1.03334900728e-07
1048	1.01989259054e-07
1049	1.01551094011e-07
1050	1.01427820674e-07
1051	1.01423102177e-07
1052	1.01459218664e-07
1053	1.01514740817e-07
1054	1.01600268526e-07
1055	1.01760080564e-07
1056	1.02047360465e-07
1057	1.0251219921e-07
1058	1.03189208832e-07
1059	1.04091466346e-07
1060	1.05227280533e-07
1061	1.0660327357e-07
1062	1.08217926299e-07
1063	1.10076067892e-07
1064	1.12157542189e-07
1065	1.14418171014e-07
1066	1.16822419988e-07
1067	1.19311526952e-07
1068	1.21824915144e-07
1069	1.24308389394e-07
1070	5.26225155128e-07
1071	1.40826566649e-07
1072	1.24785204157e-07
1073	4.83652044445e-07
1074	1.39843920607e-07
1075	4.63057873963e-07
1076	1.44064587439e-07
1077	4.59744307578e-07
1078	1.492855047e-07
1079	4.56160191092e-07
1080	1.54451586272e-07
1081	4.48357680073e-07
1082	1.61272727878e-07
1083	4.38355856706e-07
1084	1.68660071509e-07
1085	4.29042906283e-07
1086	5.32566200127e-07
1087	8.43189614293e-08
1088	4.89232215558e-07
1089	1.82947741169e-07
1090	3.69365263602e-07
1091	2.28325956792e-07
1092	3.83035567527e-07
1093	2.12735748544e-07
1094	3.88426464782e-07
1095	2.20041314128e-07
1096	3.82386910321e-07
1097	2.30283679896e-07
1098	3.75852930514e-07
1099	7.82837911418e-07
1100	1.38676745749e-07
1101	3.11030188764e-07
1102	6.58079946246e-07
1103	1.19832769829e-07
1104	3.41568476971e-07
1105	6.74543520375e-07
1106	1.20291744458e-07
1107	3.37191259601e-07
1108	7.19287701902e-07
1109	1.32725744747e-07
1110	3.2806307768e-07
1111	7.02284753353e-07
1112	1.42054044876e-07
1113	3.17022235006e-07
1114	6.94536444168e-07
1115	1.41987271543e-07
1116	2.98111801153e-07
1117	6.82484196036e-07
1118	1.65362380055e-07
1119	2.83835610494e-07
1120	6.66187258751e-07
1121	1.85564415151e-07
1122	2.70803285776e-07
1123	6.49584600068e-07
1124	2.0287873741e-07
1125	2.59931549013e-07
1126	6.36923819333e-07
1127	2.17641795307e-07
1128	2.52724557701e-07
1129	6.28760089276e-07
1130	2.28212858178e-07
1131	2.48773768326e-07
1132	6.22282477824e-07
1133	2.38858269404e-07
1134	2.45254828613e-07
1135	6.15604155477e-07
1136	2.51041167256e-07
1137	2.40395636041e-07
1138	6.0827603935e-07
1139	2.66347760747e-07
1140	2.3439886973e-07
1141	5.93548516319e-07
1142	2.85413999859e-07
1143	2.27052486268e-07
1144	5.88707717603e-07
1145	3.18772403536e-07
1146	2.17645835537e-07
1147	5.77695456547e-07
1148	5.51089014353e-07
1149	1.83765217622e-07
1150	2.07044160851e-07
1151	5.42715953196e-07
1152	5.33760671894e-07
1153	2.59576533548e-07
1154	1.99059109314e-07
1155	5.41592572372e-07
1156	5.168925082e-07
1157	2.78000199793e-07
1158	6.26955877019e-07
1159	2.51804001095e-07
1160	6.00702873013e-07
1161	3.30896472472e-07
1162	5.95321108982e-07
1163	3.46054319775e-07
1164	5.96371810766e-07
1165	3.57304770387e-07
1166	5.89971086865e-07
1167	3.7519991066e-07
1168	5.81377848238e-07
1169	3.93629285667e-07
1170	5.73119693602e-07
1171	4.11675036844e-07
1172	5.64894621707e-07
1173	4.2992760618e-07
1174	5.56453607311e-07
1175	4.50186213101e-07
1176	5.48497664863e-07
1177	3.03473715924e-07
1178	3.90162483702e-07
1179	4.02796187665e-07
1180	4.2785359373e-07
1181	4.17025450701e-07
1182	4.09572304998e-07
1183	4.76931052878e-07
1184	5.63886697613e-07
1185	2.73216470803e-07
1186	3.75639173141e-07
1187	3.8065384278e-07
1188	4.04939232415e-07
1189	4.15131634527e-07
1190	4.0042487973e-07
1191	3.84032838029e-07
1192	3.70300418963e-07
1193	3.65636500097e-07
1194	3.70034044688e-07
1195	3.78532510597e-07
1196	3.96073544135e-07
1197	4.00245379939e-07
1198	4.00098341883e-07
1199	3.96645112648e-07
1200	3.92254809125e-07
1201	3.88687742386e-07
1202	3.86640030021e-07
1203	3.85802398953e-07
1204	3.85435662019e-07
1205	3.84842693578e-07
1206	3.83639040652e-07
1207	3.81789422917e-07
1208	3.79483763758e-07
1209	3.76992584389e-07
1210	3.74538862308e-07
1211	3.7225674742e-07
1212	3.70207037988e-07
1213	3.68411772028e-07
1214	3.66886689877e-07
1215	3.65646182731e-07
1216	3.64690073076e-07
1217	3.64003695945e-07
1218	3.63550165876e-07
1219	3.63274304429e-07
1220	3.63111615122e-07
1221	3.62999304629e-07
1222	3.62885389614e-07
1223	3.6273097224e-07
1224	3.62510507649e-07
1225	3.62211272298e-07
1226	3.61828972056e-07
1227	3.6136490115e-07
1228	3.60822306992e-07
1229	3.60202850236e-07
1230	3.59502009053e-07
1231	3.58710098897e-07
1232	3.57814390336e-07
1233	3.56802681057e-07
1234	3.55668275181e-07
1235	3.54410168176e-07
1236	3.53034486741e-07
1237	3.51552840657e-07
1238	3.49981531793e-07
1239	3.48338498139e-07
1240	3.46645410516e-07
1241	3.44932201751e-07
1242	3.43203867719e-07
1243	3.41477591764e-07
1244	3.39780350108e-07
1245	3.3814071816e-07
1246	3.36582342135e-07
1247	3.35119666733e-07
1248	3.33760103616e-07
1249	3.32498693254e-07
1250	3.31091508228e-07
1251	3.29910620829e-07
1252	3.28845826277e-07
1253	3.27841743101e-07
1254	3.26908273355e-07
1255	3.26067741725e-07
1256	3.25322980295e-07
1257	3.24657882247e-07
1258	3.24049638095e-07
1259	3.23471601425e-07
1260	3.3284445416e-07
1261	3.31576758735e-07
1262	3.30718796194e-07
1263	3.30083802023e-07
1264	3.29580029366e-07
1265	3.2913778423e-07
1266	3.28719171272e-07
1267	3.28313547053e-07
1268	3.27930522269e-07
1269	3.27586290238e-07
1270	3.27293246691e-07
1271	3.26789991119e-07
1272	3.26568257174e-07
1273	3.26426905647e-07
1274	3.26329680772e-07
1275	3.26270055812e-07
1276	3.26245168553e-07
1277	3.26251207206e-07
1278	3.26287119128e-07
1279	3.26371070858e-07
1280	3.26500359391e-07
1281	3.26630066816e-07
1282	3.268103728e-07
1283	3.27039572223e-07
1284	3.26106884818e-07
1285	3.26329508411e-07
1286	3.26629873726e-07
1287	3.26982257001e-07
1288	3.27371998665e-07
1289	3.27778312947e-07
1290	3.28181246934e-07
1291	3.28570819305e-07
1292	3.28933300492e-07
1293	3.29254669765e-07
1294	3.29539770141e-07
1295	3.29782977768e-07
1296	3.29980438727e-07
1297	3.30127959501e-07
1298	3.30222455125e-07
1299	3.30260992948e-07
1300	3.302412898e-07
1301	3.30161857516e-07
1302	3.30021550974e-07
1303	3.29819497734e-07
1304	3.29555811822e-07
1305	3.29232470217e-07
1306	3.28853336575e-07
1307	3.28424066942e-07
1308	3.27952178972e-07
1309	3.27445617948e-07
1310	3.26912798155e-07
1311	3.26361528339e-07
1312	3.25799531746e-07
1313	3.25233587568e-07
1314	3.24670018387e-07
1315	3.24114740014e-07
1316	3.23648450047e-07
1317	3.22991055252e-07
1318	3.22490761561e-07
1319	3.19480263306e-07
1320	3.1890086158e-07
1321	3.18425396545e-07
1322	3.18059574255e-07
1323	3.17789216426e-07
1324	3.17583375969e-07
1325	3.17415335235e-07
1326	3.17268436381e-07
1327	3.17137279177e-07
1328	3.17023569615e-07
1329	3.16931766292e-07
1330	3.16865412618e-07
1331	3.16824973082e-07
1332	3.16807773814e-07
1333	3.16808389887e-07
1334	3.16820310797e-07
1335	3.16836727781e-07
1336	3.1685154896e-07
1337	3.16859897915e-07
1338	3.16858052074e-07
1339	3.16843048716e-07
1340	3.16813178619e-07
1341	3.16766911328e-07
1342	3.16702994651e-07
1343	3.16620275961e-07
1344	3.16517433233e-07
1345	3.16392891359e-07
1346	3.1624470427e-07
1347	3.16071467499e-07
1348	3.15871484432e-07
1349	3.15643985832e-07
1350	3.1538847617e-07
1351	3.15105218009e-07
1352	3.14794522261e-07
1353	3.14457190812e-07
1354	3.14093976363e-07
1355	3.13705423115e-07
1356	3.13292186438e-07
1357	3.12854636062e-07
1358	3.12393146518e-07
1359	3.11908143745e-07
1360	3.11400262685e-07
1361	3.10870111595e-07
1362	3.10318899939e-07
1363	3.0974797278e-07
1364	3.09159252002e-07
1365	3.08554809462e-07
1366	3.07937324912e-07
1367	3.07309736363e-07
1368	3.0667503813e-07
1369	3.06035796281e-07
1370	2.21347894006e-07
1371	2.12796301414e-07
1372	2.1873308222e-07
1373	2.18338812104e-07
1374	1.81752463056e-07
1375	1.82524574829e-07
1376	2.07456747268e-07
1377	1.72270777148e-07
1378	1.78868907532e-07
1379	2.06769309262e-07
1380	1.74562974404e-07
1381	1.81258546971e-07
1382	2.05857085939e-07
1383	1.75396493106e-07
1384	1.79683478851e-07
1385	2.03389096957e-07
1386	1.70773445813e-07
1387	1.74472776305e-07
1388	2.00159982986e-07
1389	1.65130525238e-07
1390	1.70765871488e-07
1391	1.97330858325e-07
1392	1.63166905752e-07
1393	1.68464025622e-07
1394	1.95137667081e-07
1395	1.61163047363e-07
1396	1.66378998202e-07
1397	1.92853932922e-07
1398	1.58311674136e-07
1399	1.63804619425e-07
1400	1.91308148811e-07
1401	1.57849873839e-07
1402	1.64157780851e-07
1403	1.90709047426e-07
1404	1.56350112138e-07
1405	1.62008954735e-07
1406	1.88691207356e-07
1407	2.31919949288e-07
1408	1.77526086033e-07
1409	1.63570235348e-07
1410	1.82563275739e-07
1411	2.69805650019e-07
1412	1.74236356392e-07
1413	1.66975636645e-07
1414	1.87132196017e-07
1415	2.71687446383e-07
1416	1.72573039463e-07
1417	1.65044743984e-07
1418	1.8518061704e-07
1419	2.66467153849e-07
1420	1.63293338163e-07
1421	1.61478670565e-07
1422	1.82598395221e-07
1423	2.56902682662e-07
1424	1.56068345334e-07
1425	2.82489109608e-07
1426	1.58827843058e-07
1427	1.72046194638e-07
1428	1.83757188355e-07
1429	2.52337426133e-07
1430	1.50704188487e-07
1431	2.66697724694e-07
1432	2.79048150803e-07
1433	1.73459240232e-07
1434	1.68613745463e-07
1435	1.77922934917e-07
1436	2.40298807534e-07
1437	2.49677857697e-07
1438	1.55836539026e-07
1439	1.88391134309e-07
1440	2.37540214005e-07
1441	2.50855826926e-07
1442	1.52082114834e-07
1443	1.70830994513e-07
1444	2.31789660211e-07
1445	2.40127448726e-07
1446	2.5822894587e-07
1447	1.55325501236e-07
1448	1.69483694486e-07
1449	2.26484191316e-07
1450	2.31456128733e-07
1451	2.46943937672e-07
1452	1.45020727043e-07
1453	1.8321197069e-07
1454	2.20858601104e-07
1455	2.24608886067e-07
1456	2.3870206516e-07
1457	2.49544372815e-07
1458	1.45130994238e-07
1459	1.61008575816e-07
1460	2.09457742972e-07
1461	2.10213305988e-07
1462	2.19289996907e-07
1463	2.2667930231e-07
1464	2.3552465549e-07
1465	2.4091366254e-07
1466	1.3647823695e-07
1467	1.82237902389e-07
1468	1.51410135293e-07
1469	2.12198650454e-07
1470	2.1081908299e-07
1471	2.16984151006e-07
1472	2.20609056179e-07
1473	2.23277682934e-07
1474	2.25293620555e-07
1475	2.28793160257e-07
1476	2.32949640362e-07
1477	2.37336430974e-07
1478	2.41584727031e-07
1479	2.44248272555e-07
1480	2.46266987077e-07
1481	2.46902841919e-07
1482	2.46052597001e-07
1483	2.4374846005e-07
1484	2.40087197143e-07
1485	2.35192164365e-07
1486	2.29191184993e-07
1487	2.22214868488e-07
1488	2.14404951959e-07
1489	2.05924049922e-07
1490	1.96960129471e-07
1491	1.87723621786e-07
1492	1.78438218573e-07
1493	1.69328365765e-07
1494	1.81882762182e-07
1495	1.79190986042e-07
1496	1.79085572317e-07
1497	8.47628467132e-08
1498	1.73269849824e-07
1499	1.23258377395e-07
1500	1.99962598661e-07
1501	2.53794016639e-07
1502	2.47338560967e-07
1503	1.94426238661e-07
1504	1.63228784186e-07
1505	1.32812433342e-07
1506	7.06040723902e-08
1507	7.23131098874e-08
1508	5.13232248425e-08
1509	5.67147637704e-08
1510	3.88204607245e-08
1511	4.26337564866e-08
1512	4.68841083317e-08
1513	7.18329453744e-08
1514	7.21790969209e-08
1515	8.31178130299e-08
1516	8.66849605637e-08
1517	8.56564025704e-08
1518	8.12666202683e-08
1519	7.5415391437e-08
1520	7.16203579244e-08
1521	7.23830071828e-08
1522	5.41852728409e-08
1523	6.63208421869e-08
1524	6.94311786619e-08
1525	5.76851021363e-08
1526	6.20483173121e-08
1527	6.37891757832e-08
1528	3.33088248894e-08
1529	5.358003498e-08
1530	7.64994186507e-08
1531	5.84048829119e-08
1532	5.83707061193e-08
1533	7.822898049e-08
1534	5.95319305079e-08
1535	8.30552350324e-08
1536	6.45379062276e-08
1537	8.68643618244e-08
1538	6.54333691859e-08
1539	8.66354972931e-08
1540	6.43524010269e-08
1541	7.98725315185e-08
1542	5.67854410035e-08
1543	4.40796260707e-08
1544	7.19037359053e-08
1545	5.09908809288e-08
1546	3.05592452382e-08
1547	4.43985036355e-08
1548	5.31017547495e-08
1549	6.12790392735e-08
1550	8.1221172972e-08
1551	6.32313828324e-08
1552	7.90536928569e-08
1553	7.15221829562e-08
1554	5.06313148154e-08
1555	5.57477529408e-08
1556	5.91538888981e-08
1557	6.10684886164e-08
1558	7.42552561508e-08
1559	4.0966632611e-08
1560	4.16961975803e-08
1561	4.78517436973e-08
1562	5.34948936275e-08
1563	5.74596011491e-08
1564	6.02061486538e-08
1565	4.84509987364e-08
1566	4.75861054545e-08
1567	5.43171000635e-08
1568	5.30736575507e-08
1569	4.5287868597e-08
1570	5.27215115335e-08
1571	5.83562727685e-08
1572	6.10583838178e-08
1573	4.86238443076e-08
1574	4.7982154462e-08
1575	5.09800310563e-08
1576	4.96870828855e-08
1577	3.98177879293e-08
1578	4.4409948016e-08
1579	5.08006787066e-08
1580	5.32742044737e-08
1581	5.40848621472e-08
1582	5.35483155317e-08
1583	5.10582644018e-08
1584	4.94681200799e-08
1585	4.79501468736e-08
1586	4.64573981001e-08
1587	4.49761376899e-08
1588	4.35482278584e-08
1589	4.22166163397e-08
1590	4.10302767363e-08
1591	4.00221027816e-08
1592	3.92053301431e-08
1593	3.85751564915e-08
1594	3.81114378887e-08
1595	3.77816083955e-08
1596	3.7543814661e-08
1597	3.7350940647e-08
1598	3.71555576467e-08
1599	3.69150458186e-08
1600	3.65959483484e-08
1601	3.61766796896e-08
1602	3.56499340567e-08
1603	3.5021006543e-08
1604	3.43063646466e-08
1605	3.35307298083e-08
1606	3.27232646829e-08
1607	3.19139892828e-08
1608	3.11301278379e-08
1609	3.03934112432e-08
1610	2.97182905032e-08
1611	2.91110451413e-08
1612	2.85698837614e-08
1613	2.80859957217e-08
1614	2.76459933279e-08
1615	2.72338133755e-08
1616	5.32194455555e-08
1617	3.42936945402e-08
1618	3.43832371906e-08
1619	3.40247736749e-08
1620	3.28367332695e-08
1621	3.09665676374e-08
1622	2.85580930779e-08
1623	5.15776189504e-08
1624	3.09618176312e-08
1625	2.9030163871e-08
1626	2.70975251692e-08
1627	5.05594408726e-08
1628	3.03839555309e-08
1629	2.86330239579e-08
1630	5.1282137476e-08
1631	3.16072434355e-08
1632	3.00115110667e-08
1633	5.1318719599e-08
1634	3.1329361985e-08
1635	2.8893792472e-08
1636	4.92508807808e-08
1637	2.94790418041e-08
1638	4.88405366217e-08
1639	3.04790318174e-08
1640	4.92413145208e-08
1641	3.12589625554e-08
1642	5.01618259312e-08
1643	3.14247503392e-08
1644	4.97597134478e-08
1645	3.07035061668e-08
1646	4.88142957545e-08
1647	5.04278787771e-08
1648	3.19796790365e-08
1649	4.93319510925e-08
1650	5.07133586715e-08
1651	3.25476850945e-08
1652	4.90195639272e-08
1653	4.99870088156e-08
1654	5.07551456211e-08
1655	3.27555418735e-08
1656	5.5376452566e-08
1657	3.42304176411e-08
1658	4.04670253506e-08
1659	4.35323279615e-08
1660	4.77796243186e-08
1661	5.08576717566e-08
1662	3.32475256565e-08
1663	5.624671433e-08
1664	3.16071068482e-08
1665	3.9888290964e-08
1666	4.20021997447e-08
1667	4.55526621305e-08
1668	4.82254341377e-08
1669	4.30061975118e-08
1670	5.59508511029e-08
1671	1.13018312603e-08
1672	3.31504052301e-08
1673	4.11518239755e-08
1674	4.4918210681e-08
1675	3.97141357136e-08
1676	2.28368894091e-08
1677	2.97625783337e-08
1678	3.49393063518e-08
1679	3.93828852514e-08
1680	3.70241740612e-08
1681	2.02327225649e-08
1682	2.88865350585e-08
1683	2.85803193942e-08
1684	3.70043576164e-08
1685	3.89914561798e-08
1686	4.06234342026e-08
1687	4.29669012167e-08
1688	4.40418774987e-08
1689	4.43608713147e-08
1690	3.77762723081e-08
1691	4.77929002971e-08
1692	2.40930382213e-08
1693	3.22708600075e-08
1694	2.51286483265e-08
1695	3.02993009593e-08
1696	3.40824800655e-08
1697	3.82810679028e-08
1698	4.06543284068e-08
1699	4.22689664627e-08
1700	3.57759985061e-08
1701	4.51003331098e-08
1702	2.33211063946e-08
1703	3.1363726499e-08
1704	3.64893423359e-08
1705	4.74876370035e-08
1706	3.24669575428e-08
1707	3.60544349276e-08
1708	3.88198316175e-08
1709	4.65802207517e-08
1710	3.2741337941e-08
1711	3.57094899757e-08
1712	3.81008544271e-08
1713	4.50864997911e-08
1714	3.14019070877e-08
1715	3.42163509158e-08
1716	3.65045717418e-08
1717	4.37525302793e-08
1718	2.96593265249e-08
1719	3.24901557051e-08
1720	3.49905952883e-08
1721	3.70968718254e-08
1722	4.36695572442e-08
1723	2.94330436763e-08
1724	3.17844516442e-08
1725	3.36918494048e-08
1726	3.53715664543e-08
1727	4.10829401538e-08
1728	2.71827887345e-08
1729	2.95420785395e-08
1730	3.15084279766e-08
1731	3.33037769563e-08
1732	3.47409891883e-08
1733	4.02298757233e-08
1734	2.61105198718e-08
1735	2.82511798305e-08
1736	3.00233975045e-08
1737	3.16404594243e-08
1738	3.29181436329e-08
1739	3.85744105077e-08
1740	2.39178724553e-08
1741	2.60800202779e-08
1742	2.78557611632e-08
1743	2.94916027733e-08
1744	2.9540824854e-08
1745	3.04993610687e-08
1746	3.77563246652e-08
1747	2.20750082682e-08
1748	2.26024148628e-08
1749	2.41153630624e-08
1750	2.55326264999e-08
1751	2.67120109134e-08
1752	2.75976793435e-08
1753	2.81728196848e-08
1754	3.59214507649e-08
1755	1.78464252932e-08
1756	1.99774376363e-08
1757	2.16080124397e-08
1758	2.31309290887e-08
1759	2.44099949888e-08
1760	2.54004517534e-08
1761	2.60822685896e-08
1762	3.41106789047e-08
1763	1.58924102341e-08
1764	1.823271913e-08
1765	1.98894050254e-08
1766	2.13496789235e-08
1767	2.29270105746e-08
1768	2.38933936607e-08
1769	3.28201870782e-08
1770	1.38985329009e-08
1771	1.65132895598e-08
1772	1.83179326145e-08
1773	1.99065260497e-08
1774	2.12044592044e-08
1775	2.21080935465e-08
1776	3.1381908643e-08
1777	1.18035179229e-08
1778	1.43754205129e-08
1779	1.55232941002e-08
1780	1.70658454347e-08
1781	1.29643907544e-07
1782	3.95126204332e-08
1783	-7.00750900435e-09
1784	4.89574856971e-08
1785	5.77209637106e-08
1786	9.96568571382e-09
1787	4.87321508099e-08
1788	5.08262733314e-08
1789	8.07411029426e-08
1790	8.37047746786e-08
1791	1.08495838685e-07
1792	9.74630367564e-08
1793	5.17459932519e-08
1794	1.70368481134e-08
1795	1.81801127918e-08
1796	1.02836195891e-08
1797	-1.79114903588e-09
1798	8.41848633983e-09
1799	1.14911328077e-08
1800	2.63600045236e-09
1801	8.44801043465e-09
1802	-3.84660748783e-08
1803	-1.30444705906e-08
1804	-1.34271561344e-08
1805	-1.02525877733e-08
1806	-4.8779906448e-09
1807	-1.28279013341e-11
1808	3.36875620431e-09
1809	2.44942911348e-08
1810	1.60661636497e-08
1811	2.25115414412e-08
1812	1.1166367321e-08
1813	-3.48657131262e-09
1814	1.46257254905e-08
1815	2.37924996617e-09
1816	1.03133589374e-09
1817	-1.14231088974e-09
1818	-3.6368518052e-09
1819	-6.00379485785e-09
1820	1.12509626691e-08
1821	1.30685658691e-08
1822	1.52653138451e-08
1823	-7.33194351538e-10
1824	1.61323565716e-08
1825	-2.77814669195e-10
1826	-9.06160706582e-10
1827	1.5522026153e-08
1828	9.14481509216e-10
1829	1.71262193012e-08
1830	7.46258955962e-09
1831	1.14715287934e-08
1832	1.43462326387e-08
1833	1.80697252485e-08
1834	7.90913894984e-09
1835	1.14748902448e-08
1836	1.62109554212e-08
1837	5.36321597309e-09
1838	9.58050076764e-09
1839	1.24777527951e-08
1840	1.66809922718e-08
1841	8.06754191314e-09
1842	9.48786090939e-09
1843	-5.0640517787e-09
1844	1.13205279495e-08
1845	-3.35731787148e-09
1846	1.21466372645e-08
1847	1.6777682599e-08
1848	4.62484920798e-09
1849	8.20574417258e-09
1850	-6.72660319963e-09
1851	9.61271008739e-09
1852	1.63390561055e-08
1853	-4.25294158037e-10
1854	6.82954762372e-09
1855	1.52992208626e-08
1856	-2.15391169746e-09
1857	5.81673815224e-09
1858	1.52189054635e-08
1859	-2.43017967015e-09
1860	5.68125666824e-09
1861	1.53175704915e-08
1862	1.57890648478e-09
1863	-1.23938147669e-08
1864	5.84667630401e-09
1865	-9.07330797538e-09
1866	1.4779308031e-08
1867	1.24038206205e-09
1868	2.97811334575e-09
1869	-1.10967679533e-08
1870	1.36731056253e-08
1871	-5.92051739657e-09
1872	3.19015093591e-09
1873	1.51391513932e-08
1874	-1.10286387657e-09
1875	-1.40082744866e-08
1876	-1.43923858465e-08
1877	3.26744667354e-09
1878	-1.13174017353e-08
1879	1.42886105831e-08
1880	-7.15112635901e-09
1881	-1.70474687672e-08
1882	8.9776505316e-10
1883	-1.33423069331e-08
1884	-1.42607652415e-08
1885	-1.5163214954e-08
1886	-1.62524764456e-08
1887	-1.7408287137e-08
1888	4.46392029546e-10
1889	-1.45548763292e-08
1890	-1.58174970096e-08
1891	-1.68615078608e-08
1892	-1.79065389895e-08
1893	-2.17347999196e-08
1894	-2.2676473011e-08
1895	-2.33913778167e-08
1896	-2.38776034891e-08
1897	-2.12236933943e-08
1898	-2.12646551871e-08
1899	-2.12894234527e-08
1900	-2.13174289664e-08
1901	-2.13630188599e-08
1902	-2.14263780912e-08
1903	-2.15060699571e-08
1904	-2.16023028329e-08
1905	-2.68792524966e-08
1906	-2.15090091244e-08
1907	-2.11090789222e-08
1908	-2.66104313607e-08
1909	-2.12968167087e-08
1910	-2.94988736737e-08
1911	-2.12140764744e-08
1912	-2.6345316412e-08
1913	-2.10943334633e-08
1914	-2.63587505716e-08
1915	-2.6723871052e-08
1916	-2.09589094909e-08
1917	-2.62990001031e-08
1918	-2.11850703213e-08
1919	-2.64642618702e-08
1920	-2.14126365346e-08
1921	-2.65251272767e-08
1922	-2.14768715441e-08
1923	-2.64278189197e-08
1924	-2.14094677126e-08
1925	-2.90856473586e-08
1926	-2.12722690981e-08
1927	-2.87048395621e-08
1928	-2.09081248152e-08
1929	-2.81724649146e-08
1930	-2.04587353666e-08
1931	-2.76053338309e-08
1932	-2.00397781041e-08
1933	-1.97114544024e-08
1934	-2.71175418856e-08
1935	-1.98609248111e-08
1936	-1.94043936904e-08
1937	-2.65597956623e-08
1938	-1.94886600313e-08
1939	-1.90678799621e-08
1940	-2.5654364708e-08
1941	-1.87873883647e-08
1942	-1.82673901268e-08
1943	-2.46493865699e-08
1944	-1.80787053561e-08
1945	-1.75146560108e-08
1946	-2.19529213771e-08
1947	-1.73369712183e-08
1948	-2.12891820684e-08
1949	-1.68621894022e-08
1950	-2.07220759784e-08
1951	-1.64976609166e-08
1952	-2.02309379342e-08
1953	-1.61881540069e-08
1954	-1.97896334769e-08
1955	-1.44095828503e-08
1956	-1.93507828605e-08
1957	-1.57386609795e-08
1958	-1.91711242269e-08
1959	-1.4152319689e-08
1960	-1.89143489296e-08
1961	-1.40302946169e-08
1962	-1.87308974748e-08
1963	-1.39602442295e-08
1964	-1.64968634355e-08
1965	-1.37732441288e-08
1966	-1.63512336441e-08
1967	-1.37461574026e-08
1968	-1.63343474536e-08
1969	-1.379722377e-08
1970	-1.63525012453e-08
1971	-1.38392072414e-08
1972	-1.63399751505e-08
1973	-1.37696894358e-08
1974	-1.37331784037e-08
1975	-1.62824872416e-08
1976	1.20318322823e-07
1977	-1.20683600435e-08
1978	-5.42521755092e-09
1979	4.26266764397e-08
1980	6.26853502609e-08
1981	-4.49196797543e-09
1982	2.79808283641e-08
1983	4.22278451077e-08
1984	3.99542733771e-08
1985	-3.02359693627e-08
1986	5.60798583659e-09
1987	2.62614227219e-08
1988	3.13813637889e-08
1989	3.95329679113e-08
1990	5.24935611819e-08
1991	5.24759722853e-08
1992	4.90191182979e-08
1993	1.23977924533e-08
1994	-2.21980409016e-08
1995	-1.66763424761e-08
1996	3.83001603428e-09
1997	3.89629912685e-09
1998	4.35580377467e-09
1999	1.23003430047e-08
2000	-1.8331190576e-08
2001	-1.64283108341e-08
2002	-2.98076961651e-08
2003	-2.90298522204e-08
2004	-2.42643181163e-08
2005	-2.30665903865e-08
2006	-2.29074590547e-08
2007	-2.60418147266e-08
2008	-2.83213161539e-08
2009	-2.63752453283e-08
2010	-2.57484158394e-08
2011	-2.4676397882e-08
2012	-3.13447082927e-08
2013	-1.08047895261e-08
2014	-1.09126192691e-08
2015	3.08222367803e-08
2016	-2.11283175261e-08
2017	3.43389967483e-08
2018	3.28474124e-08
2019	3.16450156326e-08
2020	3.10480099835e-08
2021	3.09674148575e-08
2022	3.10805415209e-08
2023	-5.60525183764e-09
2024	-1.52350695643e-08
2025	3.52264814486e-08
2026	3.39744051489e-08
2027	3.18931305771e-08
2028	3.10237245895e-08
2029	3.10587311934e-08
2030	3.22047022198e-08
2031	3.33382192643e-08
2032	3.41829222188e-08
2033	3.46882135307e-08
2034	3.49469520283e-08
2035	3.50910260305e-08
2036	3.52298769586e-08
2037	3.54288195587e-08
2038	3.57130527139e-08
2039	3.60790727732e-08
2040	3.65072474149e-08
2041	3.69706518381e-08
2042	3.74405285896e-08
2043	3.78896460019e-08
2044	3.50770733454e-08
2045	3.55028777588e-08
2046	3.58231314511e-08
2047	3.60248622766e-08
2048	3.61145520991e-08
2049	3.61116101547e-08
2050	3.60392433496e-08
2051	3.59203705784e-08
2052	3.57759317207e-08
2053	-1.40309242183e-08
2054	4.08899836681e-08
2055	3.85653013563e-08
2056	3.81846324604e-08
2057	3.44413100769e-08
2058	3.44742621294e-08
2059	3.45697046108e-08
2060	-1.67684419801e-08
2061	-1.7174411956e-08
2062	3.14341955001e-08
2063	3.73404113009e-08
2064	3.424974447e-08
2065	-9.85733858811e-09
2066	3.55197531255e-08
2067	3.46679284291e-08
2068	3.91351971362e-08
2069	3.55228486088e-08
2070	3.99629694399e-08
2071	-9.34831228039e-09
2072	-1.04175839008e-08
2073	-1.895977034e-08
2074	-2.53962732033e-08
2075	2.82024989117e-08
2076	3.45853650745e-08
2077	-1.38987218051e-08
2078	3.76883464385e-08
2079	3.73751716495e-08
2080	3.86062139069e-08
2081	-1.07509671212e-08
2082	3.60272080939e-08
2083	3.8629146609e-08
2084	3.88609536787e-08
2085	3.90279153017e-08
2086	-9.29100365055e-09
2087	3.9574899165e-08
2088	3.78137721335e-08
2089	1.87481084929e-07
2090	-3.12087471051e-08
2091	6.05029570085e-09
2092	-2.36269823094e-08
2093	8.21225510956e-08
2094	-4.34819601327e-08
2095	1.02851394086e-07
2096	-5.16094895698e-08
2097	-4.89897917827e-08
2098	3.87608681308e-08
2099	8.60880013305e-08
2100	-2.17275302338e-08
