1	0.14
2	0.2
3	0.27
4	0.34
5	0.41
6	0.48
7	0.55
8	0.63
9	0.7
10	0.77
11	0.84
12	0.91
13	0.98
14	1.05
15	1.12
16	1.19
17	1.26
18	1.33
19	1.4
20	1.47
21	1.54
22	1.62
23	1.7
24	1.78
25	1.86
26	1.95
27	2.03
28	2.1
29	2.17
30	2.25
31	2.32
32	2.39
33	2.46
34	2.53
35	2.61
36	2.68
37	2.75
38	2.82
39	2.89
40	2.96
41	3.03
42	3.1
43	3.18
44	3.24
45	3.32
46	3.39
47	3.45
48	3.52
49	3.6
50	3.68
51	3.75
52	3.82
53	3.89
54	3.97
55	4.04
56	4.12
57	4.19
58	4.27
59	4.34
60	4.41
61	4.48
62	4.55
63	4.62
64	4.7
65	4.78
66	4.85
67	4.93
68	5
69	5.07
70	5.14
71	5.22
72	5.29
73	5.36
74	5.43
75	5.5
76	5.58
77	5.66
78	5.73
79	5.8
80	5.88
81	5.95
82	6.03
83	6.11
84	6.18
85	6.26
86	6.33
87	6.4
88	6.47
89	6.55
90	6.62
91	6.7
92	6.78
93	6.85
94	6.92
95	6.99
96	7.07
97	7.14
98	7.21
99	7.28
100	7.35
101	7.45
102	7.52
103	7.6
104	7.67
105	7.74
106	7.81
107	7.89
108	7.96
109	8.03
110	8.1
111	8.17
112	8.25
113	8.32
114	8.4
115	8.47
116	8.54
117	8.6
118	8.68
119	8.75
120	8.82
121	8.9
122	8.97
123	9.05
124	9.12
125	9.19
126	9.26
127	9.33
128	9.4
129	9.47
130	9.54
131	9.61
132	9.68
133	9.75
134	9.81
135	9.88
136	9.95
137	10.02
138	10.09
139	10.16
140	10.22
141	10.29
142	10.36
143	10.43
144	10.5
145	10.58
146	10.65
147	10.73
148	10.8
149	10.87
150	10.94
151	11.02
152	11.09
153	11.16
154	11.23
155	11.3
156	11.38
157	11.45
158	11.52
159	11.59
160	11.67
161	11.78
162	11.9
163	12
164	12.09
165	12.18
166	12.25
167	12.32
168	12.39
169	12.47
170	12.55
171	12.62
172	12.72
173	12.84
174	12.95
175	13.05
176	13.16
177	13.28
178	13.36
179	13.45
180	13.53
181	13.63
182	13.71
183	13.78
184	13.86
185	13.94
186	14.02
187	14.1
188	14.18
189	14.25
190	14.33
191	14.39
192	14.47
193	14.55
194	14.63
195	14.72
196	14.8
197	14.88
198	14.96
199	15.04
200	15.12
201	15.24
202	15.32
203	15.4
204	15.47
205	15.55
206	15.62
207	15.7
208	15.78
209	15.86
210	15.93
211	16.02
212	16.1
213	16.2
214	16.29
215	16.38
216	16.46
217	16.54
218	16.62
219	16.7
220	16.77
221	16.85
222	16.92
223	17
224	17.08
225	17.15
226	17.23
227	17.31
228	17.39
229	17.46
230	17.53
231	17.61
232	17.68
233	17.76
234	17.83
235	17.91
236	17.98
237	18.06
238	18.13
239	18.21
240	18.28
241	18.36
242	18.44
243	18.52
244	18.6
245	18.67
246	18.75
247	18.82
248	18.9
249	18.98
250	19.06
251	19.14
252	19.21
253	19.29
254	19.37
255	19.45
256	19.53
257	19.61
258	19.69
259	19.76
260	19.84
261	19.92
262	19.99
263	20.07
264	20.14
265	20.22
266	20.3
267	20.37
268	20.44
269	20.52
270	20.59
271	20.67
272	20.75
273	20.83
274	20.91
275	20.98
276	21.06
277	21.14
278	21.21
279	21.3
280	21.37
281	21.45
282	21.54
283	21.61
284	21.69
285	21.76
286	21.84
287	21.91
288	21.98
289	22.05
290	22.13
291	22.2
292	22.28
293	22.35
294	22.42
295	22.5
296	22.57
297	22.64
298	22.72
299	22.79
300	22.88
301	22.99
302	23.07
303	23.15
304	23.23
305	23.3
306	23.38
307	23.45
308	23.53
309	23.61
310	23.68
311	23.76
312	23.84
313	23.91
314	23.99
315	24.07
316	24.14
317	24.22
318	24.3
319	24.38
320	24.45
321	24.53
322	24.6
323	24.68
324	24.76
325	24.83
326	24.92
327	24.99
328	25.07
329	25.15
330	25.22
331	25.3
332	25.38
333	25.45
334	25.53
335	25.61
336	25.68
337	25.75
338	25.83
339	25.91
340	25.98
341	26.05
342	26.13
343	26.2
344	26.28
345	26.36
346	26.43
347	26.51
348	26.59
349	26.66
350	26.73
351	26.81
352	26.89
353	26.96
354	27.04
355	27.12
356	27.19
357	27.27
358	27.35
359	27.43
360	27.51
361	27.59
362	27.67
363	27.75
364	27.83
365	27.9
366	27.98
367	28.06
368	28.13
369	28.21
370	28.28
371	28.36
372	28.43
373	28.5
374	28.58
375	28.66
376	28.74
377	28.81
378	28.89
379	28.96
380	29.05
381	29.13
382	29.21
383	29.3
384	29.39
385	29.48
386	29.57
387	29.65
388	29.73
389	29.81
390	29.89
391	29.97
392	30.05
393	30.12
394	30.2
395	30.29
396	30.36
397	30.44
398	30.51
399	30.59
400	30.67
401	30.78
402	30.86
403	30.95
404	31.04
405	31.14
406	31.23
407	31.31
408	31.41
409	31.54
410	31.65
411	31.75
412	31.85
413	31.93
414	32.01
415	32.09
416	32.15
417	32.23
418	32.32
419	32.41
420	32.48
421	32.56
422	32.65
423	32.72
424	32.8
425	32.88
426	32.97
427	33.04
428	33.13
429	33.21
430	33.29
431	33.36
432	33.43
433	33.5
434	33.57
435	33.65
436	33.72
437	33.79
438	33.85
439	33.92
440	33.99
441	34.06
442	34.14
443	34.21
444	34.28
445	34.35
446	34.42
447	34.49
448	34.57
449	34.64
450	34.72
451	34.8
452	34.87
453	34.94
454	35.01
455	35.08
456	35.15
457	35.22
458	35.3
459	35.38
460	35.45
461	35.52
462	35.59
463	35.68
464	35.75
465	35.82
466	35.9
467	35.97
468	36.04
469	36.1
470	36.17
471	36.24
472	36.31
473	36.39
474	36.45
475	36.52
476	36.6
477	36.67
478	36.73
479	36.8
480	36.87
481	36.94
482	37.01
483	37.08
484	37.15
485	37.22
486	37.29
487	37.36
488	37.43
489	37.5
490	37.57
491	37.64
492	37.71
493	37.78
494	37.86
495	37.93
496	38
497	38.07
498	38.14
499	38.2
500	38.28
501	38.38
502	38.45
503	38.52
504	38.59
505	38.66
506	38.73
507	38.8
508	38.87
509	38.94
510	39.02
511	39.09
512	39.17
513	39.25
514	39.33
515	39.4
516	39.47
517	39.54
518	39.61
519	39.68
520	39.75
521	39.82
522	39.9
523	39.97
524	40.04
525	40.11
526	40.18
527	40.26
528	40.33
529	40.4
530	40.47
531	40.54
532	40.61
533	40.68
534	40.75
535	40.82
536	40.9
537	40.98
538	41.05
539	41.12
540	41.19
541	41.26
542	41.33
543	41.39
544	41.47
545	41.54
546	41.61
547	41.68
548	41.74
549	41.82
550	41.88
551	41.95
552	42.02
553	42.09
554	42.16
555	42.23
556	42.3
557	42.37
558	42.44
559	42.51
560	42.58
561	42.65
562	42.72
563	42.79
564	42.86
565	42.93
566	43
567	43.07
568	43.14
569	43.2
570	43.27
571	43.34
572	43.41
573	43.48
574	43.55
575	43.62
576	43.69
577	43.76
578	43.83
579	43.9
580	43.98
581	44.05
582	44.13
583	44.21
584	44.27
585	44.34
586	44.41
587	44.48
588	44.55
589	44.62
590	44.69
591	44.76
592	44.82
593	44.89
594	44.96
595	45.03
596	45.1
597	45.17
598	45.24
599	45.31
600	45.38
601	45.48
602	45.55
603	45.61
604	45.68
605	45.75
606	45.82
607	45.89
608	45.96
609	46.03
610	46.1
611	46.17
612	46.24
613	46.31
614	46.39
615	46.46
616	46.53
617	46.6
618	46.67
619	46.74
620	46.8
621	46.87
622	46.94
623	47.01
624	47.08
625	47.15
626	47.22
627	47.29
628	47.36
629	47.42
630	47.49
631	47.56
632	47.63
633	47.7
634	47.78
635	47.85
636	47.92
637	47.99
638	48.05
639	48.12
640	48.19
641	48.27
642	48.34
643	48.41
644	48.48
645	48.55
646	48.62
647	48.68
648	48.76
649	48.83
650	48.9
651	48.98
652	49.05
653	49.12
654	49.19
655	49.26
656	49.33
657	49.4
658	49.47
659	49.54
660	49.61
661	49.68
662	49.75
663	49.83
664	49.9
665	49.97
666	50.04
667	50.11
668	50.18
669	50.25
670	50.32
671	50.4
672	50.47
673	50.54
674	50.61
675	50.68
676	50.75
677	50.82
678	50.89
679	50.97
680	51.04
681	51.12
682	51.19
683	51.26
684	51.34
685	51.41
686	51.48
687	51.55
688	51.62
689	51.68
690	51.75
691	51.82
692	51.89
693	51.96
694	52.03
695	52.1
696	52.17
697	52.24
698	52.32
699	52.39
700	52.46
701	52.56
702	52.63
703	52.7
704	52.77
705	52.84
706	52.91
707	52.99
708	53.06
709	53.13
710	53.2
711	53.26
712	53.34
713	53.41
714	53.48
715	53.55
716	53.62
717	53.69
718	53.76
719	53.83
720	53.9
721	53.98
722	54.05
723	54.12
724	54.19
725	54.26
726	54.33
727	54.41
728	54.48
729	54.55
730	54.62
731	54.69
732	54.76
733	54.83
734	54.9
735	54.97
736	55.05
737	55.12
738	55.19
739	55.26
740	55.32
741	55.4
742	55.46
743	55.54
744	55.6
745	55.68
746	55.74
747	55.82
748	55.89
749	55.96
750	56.03
751	56.1
752	56.17
753	56.24
754	56.31
755	56.38
756	56.45
757	56.52
758	56.59
759	56.66
760	56.73
761	56.8
762	56.87
763	56.94
764	57.01
765	57.08
766	57.15
767	57.22
768	57.3
769	57.37
770	57.43
771	57.51
772	57.58
773	57.65
774	57.72
775	57.79
776	57.86
777	57.93
778	58
779	58.07
780	58.13
781	58.2
782	58.28
783	58.35
784	58.42
785	58.49
786	58.56
787	58.63
788	58.7
789	58.77
790	58.84
791	58.91
792	58.98
793	59.05
794	59.12
795	59.19
796	59.26
797	59.33
798	59.4
799	59.47
800	59.54
801	59.64
802	59.71
803	59.78
804	59.85
805	59.92
806	60
807	60.06
808	60.13
809	60.2
810	60.28
811	60.35
812	60.41
813	60.49
814	60.56
815	60.62
816	60.7
817	60.77
818	60.83
819	60.9
820	60.97
821	61.04
822	61.12
823	61.19
824	61.27
825	61.33
826	61.4
827	61.47
828	61.54
829	61.61
830	61.68
831	61.75
832	61.83
833	61.89
834	61.97
835	62.04
836	62.11
837	62.17
838	62.24
839	62.31
840	62.38
841	62.45
842	62.53
843	62.59
844	62.67
845	62.73
846	62.8
847	62.87
848	62.94
849	63.01
850	63.08
851	63.15
852	63.23
853	63.29
854	63.37
855	63.44
856	63.51
857	63.58
858	63.65
859	63.72
860	63.79
861	63.86
862	63.93
863	64.01
864	64.07
865	64.14
866	64.21
867	64.28
868	64.35
869	64.42
870	64.5
871	64.56
872	64.63
873	64.7
874	64.78
875	64.85
876	64.92
877	64.99
878	65.06
879	65.13
880	65.2
881	65.27
882	65.34
883	65.41
884	65.49
885	65.55
886	65.62
887	65.69
888	65.76
889	65.84
890	65.9
891	65.97
892	66.04
893	66.11
894	66.18
895	66.25
896	66.33
897	66.41
898	66.48
899	66.55
900	66.62
901	66.72
902	66.79
903	66.86
904	66.94
905	67
906	67.07
907	67.15
908	67.21
909	67.29
910	67.36
911	67.43
912	67.49
913	67.57
914	67.63
915	67.71
916	67.77
917	67.85
918	67.92
919	67.98
920	68.06
921	68.13
922	68.19
923	68.27
924	68.34
925	68.41
926	68.47
927	68.55
928	68.62
929	68.69
930	68.76
931	68.83
932	68.9
933	68.98
934	69.05
935	69.12
936	69.19
937	69.26
938	69.33
939	69.4
940	69.48
941	69.55
942	69.62
943	69.69
944	69.76
945	69.84
946	69.91
947	69.98
948	70.05
949	70.12
950	70.19
951	70.26
952	70.33
953	70.4
954	70.47
955	70.55
956	70.62
957	70.69
958	70.76
959	70.83
960	70.9
961	70.97
962	71.04
963	71.11
964	71.19
965	71.27
966	71.35
967	71.42
968	71.49
969	71.56
970	71.64
971	71.71
972	71.79
973	71.86
974	71.93
975	72
976	72.08
977	72.15
978	72.22
979	72.29
980	72.37
981	72.44
982	72.52
983	72.59
984	72.66
985	72.73
986	72.8
987	72.87
988	72.94
989	73.01
990	73.08
991	73.16
992	73.24
993	73.31
994	73.39
995	73.46
996	73.53
997	73.6
998	73.67
999	73.74
1000	73.82
1001	73.92
1002	73.99
1003	74.06
1004	74.13
1005	74.2
1006	74.28
1007	74.36
1008	74.43
1009	74.5
1010	74.57
1011	74.64
1012	74.71
1013	74.79
1014	74.86
1015	74.93
1016	74.99
1017	75.07
1018	75.14
1019	75.21
1020	75.28
1021	75.36
1022	75.43
1023	75.5
1024	75.57
1025	75.64
1026	75.72
1027	75.79
1028	75.86
1029	75.93
1030	76
1031	76.07
1032	76.15
1033	76.22
1034	76.29
1035	76.37
1036	76.44
1037	76.51
1038	76.58
1039	76.65
1040	76.72
1041	76.79
1042	76.86
1043	76.93
1044	77
1045	77.07
1046	77.15
1047	77.22
1048	77.28
1049	77.36
1050	77.43
1051	77.5
1052	77.57
1053	77.64
1054	77.71
1055	77.77
1056	77.84
1057	77.91
1058	77.98
1059	78.05
1060	78.13
1061	78.2
1062	78.27
1063	78.34
1064	78.41
1065	78.48
1066	78.55
1067	78.62
1068	78.7
1069	78.76
1070	78.83
1071	78.9
1072	78.97
1073	79.04
1074	79.11
1075	79.18
1076	79.26
1077	79.33
1078	79.4
1079	79.47
1080	79.55
1081	79.62
1082	79.69
1083	79.76
1084	79.83
1085	79.9
1086	79.98
1087	80.05
1088	80.12
1089	80.19
1090	80.26
1091	80.33
1092	80.4
1093	80.47
1094	80.54
1095	80.61
1096	80.68
1097	80.75
1098	80.83
1099	80.9
1100	80.97
1101	81.07
1102	81.14
1103	81.21
1104	81.29
1105	81.36
1106	81.44
1107	81.51
1108	81.58
1109	81.66
1110	81.73
1111	81.8
1112	81.87
1113	81.94
1114	82.01
1115	82.08
1116	82.16
1117	82.23
1118	82.3
1119	82.37
1120	82.44
1121	82.51
1122	82.6
1123	82.67
1124	82.74
1125	82.81
1126	82.88
1127	82.95
1128	83.02
1129	83.09
1130	83.16
1131	83.23
1132	83.3
1133	83.37
1134	83.44
1135	83.51
1136	83.58
1137	83.65
1138	83.71
1139	83.78
1140	83.86
1141	83.93
1142	84
1143	84.07
1144	84.14
1145	84.21
1146	84.28
1147	84.36
1148	84.42
1149	84.49
1150	84.56
1151	84.63
1152	84.7
1153	84.77
1154	84.85
1155	84.91
1156	84.98
1157	85.05
1158	85.12
1159	85.19
1160	85.26
1161	85.33
1162	85.4
1163	85.47
1164	85.54
1165	85.61
1166	85.68
1167	85.75
1168	85.82
1169	85.89
1170	85.96
1171	86.03
1172	86.11
1173	86.17
1174	86.24
1175	86.31
1176	86.38
1177	86.46
1178	86.52
1179	86.59
1180	86.66
1181	86.74
1182	86.81
1183	86.88
1184	86.94
1185	87.01
1186	87.08
1187	87.15
1188	87.22
1189	87.3
1190	87.37
1191	87.44
1192	87.51
1193	87.57
1194	87.65
1195	87.72
1196	87.79
1197	87.85
1198	87.92
1199	87.99
1200	88.06
1201	88.17
1202	88.23
1203	88.31
1204	88.37
1205	88.44
1206	88.51
1207	88.58
1208	88.65
1209	88.72
1210	88.79
1211	88.86
1212	88.93
1213	89
1214	89.07
1215	89.14
1216	89.21
1217	89.28
1218	89.35
1219	89.42
1220	89.49
1221	89.56
1222	89.62
1223	89.69
1224	89.76
1225	89.83
1226	89.9
1227	89.97
1228	90.04
1229	90.11
1230	90.18
1231	90.25
1232	90.32
1233	90.39
1234	90.46
1235	90.53
1236	90.6
1237	90.67
1238	90.74
1239	90.81
1240	90.88
1241	90.95
1242	91.02
1243	91.09
1244	91.15
1245	91.22
1246	91.29
1247	91.37
1248	91.44
1249	91.51
1250	91.59
1251	91.66
1252	91.72
1253	91.79
1254	91.86
1255	91.93
1256	92
1257	92.07
1258	92.13
1259	92.21
1260	92.27
1261	92.34
1262	92.41
1263	92.48
1264	92.55
1265	92.62
1266	92.69
1267	92.76
1268	92.83
1269	92.9
1270	92.97
1271	93.03
1272	93.11
1273	93.18
1274	93.24
1275	93.31
1276	93.39
1277	93.46
1278	93.53
1279	93.6
1280	93.66
1281	93.73
1282	93.81
1283	93.88
1284	93.94
1285	94.02
1286	94.08
1287	94.15
1288	94.22
1289	94.29
1290	94.36
1291	94.43
1292	94.5
1293	94.57
1294	94.64
1295	94.71
1296	94.78
1297	94.84
1298	94.92
1299	94.99
1300	95.06
1301	95.16
1302	95.23
1303	95.3
1304	95.37
1305	95.43
1306	95.5
1307	95.57
1308	95.64
1309	95.71
1310	95.78
1311	95.85
1312	95.92
1313	95.99
1314	96.06
1315	96.13
1316	96.2
1317	96.26
1318	96.33
1319	96.41
1320	96.48
1321	96.55
1322	96.62
1323	96.69
1324	96.76
1325	96.83
1326	96.9
1327	96.97
1328	97.04
1329	97.11
1330	97.18
1331	97.25
1332	97.32
1333	97.38
1334	97.45
1335	97.52
1336	97.59
1337	97.66
1338	97.73
1339	97.8
1340	97.87
1341	97.94
1342	98.01
1343	98.08
1344	98.15
1345	98.22
1346	98.29
1347	98.36
1348	98.42
1349	98.5
1350	98.57
1351	98.63
1352	98.7
1353	98.77
1354	98.84
1355	98.91
1356	98.98
1357	99.05
1358	99.12
1359	99.19
1360	99.26
1361	99.33
1362	99.4
1363	99.47
1364	99.54
1365	99.61
1366	99.68
1367	99.75
1368	99.82
1369	99.89
1370	99.96
1371	100.03
1372	100.1
1373	100.18
1374	100.25
1375	100.33
1376	100.4
1377	100.47
1378	100.54
1379	100.61
1380	100.69
1381	100.76
1382	100.83
1383	100.9
1384	100.97
1385	101.04
1386	101.11
1387	101.19
1388	101.26
1389	101.33
1390	101.4
1391	101.48
1392	101.55
1393	101.63
1394	101.7
1395	101.78
1396	101.85
1397	101.92
1398	101.99
1399	102.06
1400	102.14
1401	102.24
1402	102.31
1403	102.39
1404	102.46
1405	102.53
1406	102.6
1407	102.67
1408	102.75
1409	102.82
1410	102.89
1411	102.96
1412	103.04
1413	103.11
1414	103.18
1415	103.25
1416	103.32
1417	103.39
1418	103.46
1419	103.54
1420	103.61
1421	103.68
1422	103.75
1423	103.83
1424	103.9
1425	103.97
1426	104.04
1427	104.11
1428	104.18
1429	104.26
1430	104.36
1431	104.44
1432	104.52
1433	104.59
1434	104.67
1435	104.74
1436	104.82
1437	104.89
1438	104.96
1439	105.03
1440	105.1
1441	105.17
1442	105.24
1443	105.31
1444	105.38
1445	105.45
1446	105.52
1447	105.6
1448	105.67
1449	105.75
1450	105.81
1451	105.89
1452	105.97
1453	106.04
1454	106.11
1455	106.19
1456	106.27
1457	106.34
1458	106.41
1459	106.49
1460	106.56
1461	106.62
1462	106.69
1463	106.76
1464	106.83
1465	106.9
1466	106.98
1467	107.06
1468	107.13
1469	107.2
1470	107.27
1471	107.34
1472	107.41
1473	107.48
1474	107.55
1475	107.62
1476	107.69
1477	107.76
1478	107.82
1479	107.89
1480	107.96
1481	108.03
1482	108.1
1483	108.17
1484	108.24
1485	108.31
1486	108.38
1487	108.45
1488	108.52
1489	108.59
1490	108.66
1491	108.73
1492	108.8
1493	108.87
1494	108.94
1495	109.02
1496	109.09
1497	109.17
1498	109.24
1499	109.31
1500	109.38
1501	109.48
1502	109.56
1503	109.62
1504	109.69
1505	109.77
1506	109.84
1507	109.91
1508	109.97
1509	110.04
1510	110.11
1511	110.18
1512	110.25
1513	110.32
1514	110.39
1515	110.46
1516	110.53
1517	110.61
1518	110.67
1519	110.74
1520	110.81
1521	110.88
1522	110.95
1523	111.03
1524	111.1
1525	111.17
1526	111.24
1527	111.31
1528	111.38
1529	111.45
1530	111.52
1531	111.6
1532	111.68
1533	111.75
1534	111.82
1535	111.89
1536	111.96
1537	112.03
1538	112.1
1539	112.17
1540	112.24
1541	112.31
1542	112.38
1543	112.45
1544	112.52
1545	112.59
1546	112.66
1547	112.73
1548	112.8
1549	112.87
1550	112.94
1551	113.01
1552	113.08
1553	113.14
1554	113.21
1555	113.28
1556	113.35
1557	113.42
1558	113.49
1559	113.56
1560	113.63
1561	113.7
1562	113.77
1563	113.84
1564	113.91
1565	113.98
1566	114.05
1567	114.12
1568	114.19
1569	114.26
1570	114.33
1571	114.4
1572	114.47
1573	114.54
1574	114.61
1575	114.68
1576	114.75
1577	114.82
1578	114.89
1579	114.96
1580	115.03
1581	115.1
1582	115.17
1583	115.25
1584	115.32
1585	115.39
1586	115.46
1587	115.53
1588	115.6
1589	115.66
1590	115.73
1591	115.81
1592	115.87
1593	115.95
1594	116.02
1595	116.09
1596	116.16
1597	116.23
1598	116.3
1599	116.37
1600	116.44
1601	116.55
1602	116.62
1603	116.7
1604	116.77
1605	116.84
1606	116.92
1607	116.99
1608	117.06
1609	117.13
1610	117.2
1611	117.27
1612	117.34
1613	117.41
1614	117.48
1615	117.56
1616	117.63
1617	117.7
1618	117.77
1619	117.84
1620	117.93
1621	118
1622	118.08
1623	118.16
1624	118.23
1625	118.31
1626	118.39
1627	118.48
1628	118.56
1629	118.63
1630	118.71
1631	118.78
1632	118.85
1633	118.92
1634	118.99
1635	119.06
1636	119.13
1637	119.2
1638	119.27
1639	119.34
1640	119.42
1641	119.49
1642	119.56
1643	119.63
1644	119.7
1645	119.77
1646	119.84
1647	119.91
1648	119.98
1649	120.05
1650	120.12
1651	120.2
1652	120.27
1653	120.34
1654	120.41
1655	120.49
1656	120.57
1657	120.64
1658	120.71
1659	120.79
1660	120.87
1661	120.95
1662	121.03
1663	121.12
1664	121.19
1665	121.27
1666	121.35
1667	121.43
1668	121.51
1669	121.58
1670	121.66
1671	121.74
1672	121.83
1673	121.91
1674	121.99
1675	122.07
1676	122.15
1677	122.22
1678	122.3
1679	122.38
1680	122.46
1681	122.53
1682	122.61
1683	122.69
1684	122.76
1685	122.84
1686	122.91
1687	122.99
1688	123.07
1689	123.15
1690	123.22
1691	123.3
1692	123.38
1693	123.46
1694	123.54
1695	123.62
1696	123.7
1697	123.78
1698	123.86
1699	123.94
1700	124.02
1701	124.14
1702	124.23
1703	124.32
1704	124.41
1705	124.49
1706	124.57
1707	124.64
1708	124.72
1709	124.79
1710	124.86
1711	124.94
1712	125.01
1713	125.08
1714	125.16
1715	125.23
1716	125.31
1717	125.38
1718	125.45
1719	125.53
1720	125.6
1721	125.68
1722	125.76
1723	125.84
1724	125.91
1725	125.98
1726	126.06
1727	126.13
1728	126.21
1729	126.3
1730	126.38
1731	126.46
1732	126.55
1733	126.63
1734	126.71
1735	126.78
1736	126.86
1737	126.94
1738	127.02
1739	127.1
1740	127.17
1741	127.24
1742	127.32
1743	127.39
1744	127.46
1745	127.54
1746	127.62
1747	127.73
1748	127.83
1749	127.92
1750	128.01
1751	128.1
1752	128.18
1753	128.26
1754	128.34
1755	128.41
1756	128.49
1757	128.56
1758	128.64
1759	128.73
1760	128.8
1761	128.88
1762	128.96
1763	129.04
1764	129.12
1765	129.2
1766	129.27
1767	129.34
1768	129.41
1769	129.49
1770	129.56
1771	129.65
1772	129.74
1773	129.83
1774	129.91
1775	129.99
1776	130.07
1777	130.15
1778	130.22
1779	130.3
1780	130.38
1781	130.46
1782	130.54
1783	130.62
1784	130.7
1785	130.77
1786	130.85
1787	130.92
1788	130.99
1789	131.06
1790	131.14
1791	131.21
1792	131.28
1793	131.36
1794	131.44
1795	131.52
1796	131.58
1797	131.66
1798	131.73
1799	131.8
1800	131.88
1801	131.98
1802	132.05
1803	132.12
1804	132.19
1805	132.26
1806	132.33
1807	132.4
1808	132.47
1809	132.54
1810	132.6
1811	132.67
1812	132.74
1813	132.81
1814	132.88
1815	132.95
1816	133.02
1817	133.08
1818	133.15
1819	133.22
1820	133.29
1821	133.36
1822	133.43
1823	133.5
1824	133.57
1825	133.63
1826	133.7
1827	133.77
1828	133.84
1829	133.91
1830	133.98
1831	134.05
1832	134.11
1833	134.18
1834	134.25
1835	134.32
1836	134.39
1837	134.46
1838	134.53
1839	134.6
1840	134.67
1841	134.73
1842	134.8
1843	134.87
1844	134.95
1845	135.02
1846	135.09
1847	135.16
1848	135.23
1849	135.3
1850	135.37
1851	135.44
1852	135.52
1853	135.59
1854	135.66
1855	135.73
1856	135.79
1857	135.86
1858	135.93
1859	136
1860	136.09
1861	136.16
1862	136.24
1863	136.31
1864	136.38
1865	136.46
1866	136.53
1867	136.61
1868	136.68
1869	136.75
1870	136.81
1871	136.88
1872	136.95
1873	137.02
1874	137.09
1875	137.17
1876	137.24
1877	137.31
1878	137.38
1879	137.45
1880	137.52
1881	137.59
1882	137.66
1883	137.72
1884	137.79
1885	137.86
1886	137.93
1887	138.01
1888	138.08
1889	138.16
1890	138.22
1891	138.29
1892	138.36
1893	138.43
1894	138.5
1895	138.57
1896	138.64
1897	138.71
1898	138.78
1899	138.85
1900	138.92
1901	139.02
1902	139.09
1903	139.17
1904	139.24
1905	139.31
1906	139.38
1907	139.45
1908	139.52
1909	139.59
1910	139.66
1911	139.73
1912	139.8
1913	139.87
1914	139.94
1915	140.01
1916	140.08
1917	140.15
1918	140.22
1919	140.29
1920	140.36
1921	140.43
1922	140.5
1923	140.57
1924	140.64
1925	140.71
1926	140.77
1927	140.84
1928	140.91
1929	140.98
1930	141.05
1931	141.12
1932	141.18
1933	141.25
1934	141.32
1935	141.39
1936	141.46
1937	141.53
1938	141.61
1939	141.68
1940	141.74
1941	141.81
1942	141.88
1943	141.96
1944	142.03
1945	142.11
1946	142.18
1947	142.25
1948	142.32
1949	142.39
1950	142.46
1951	142.53
1952	142.6
1953	142.66
1954	142.73
1955	142.8
1956	142.87
1957	142.93
1958	143
1959	143.07
1960	143.14
1961	143.21
1962	143.28
1963	143.35
1964	143.42
1965	143.49
1966	143.56
1967	143.63
1968	143.7
1969	143.77
1970	143.84
1971	143.9
1972	143.97
1973	144.04
1974	144.11
1975	144.18
1976	144.26
1977	144.32
1978	144.4
1979	144.47
1980	144.54
1981	144.62
1982	144.69
1983	144.76
1984	144.83
1985	144.91
1986	144.98
1987	145.06
1988	145.13
1989	145.2
1990	145.27
1991	145.34
1992	145.41
1993	145.48
1994	145.55
1995	145.62
1996	145.69
1997	145.76
1998	145.83
1999	145.9
2000	145.97
2001	146.07
2002	146.14
2003	146.21
2004	146.28
2005	146.34
2006	146.41
2007	146.48
2008	146.55
2009	146.61
2010	146.68
2011	146.75
2012	146.82
2013	146.89
2014	146.96
2015	147.03
2016	147.1
2017	147.16
2018	147.24
2019	147.3
2020	147.37
2021	147.44
2022	147.5
2023	147.58
2024	147.64
2025	147.71
2026	147.78
2027	147.85
2028	147.92
2029	147.99
2030	148.06
2031	148.13
2032	148.19
2033	148.26
2034	148.33
2035	148.4
2036	148.47
2037	148.54
2038	148.6
2039	148.67
2040	148.74
2041	148.81
2042	148.88
2043	148.94
2044	149.01
2045	149.07
2046	149.14
2047	149.21
2048	149.28
2049	149.34
2050	149.41
2051	149.48
2052	149.55
2053	149.62
2054	149.68
2055	149.75
2056	149.82
2057	149.88
2058	149.95
2059	150.02
2060	150.09
2061	150.15
2062	150.22
2063	150.29
2064	150.36
2065	150.43
2066	150.5
2067	150.56
2068	150.63
2069	150.7
2070	150.77
2071	150.84
2072	150.91
2073	150.98
2074	151.06
2075	151.12
2076	151.19
2077	151.27
2078	151.34
2079	151.41
2080	151.48
2081	151.55
2082	151.62
2083	151.7
2084	151.78
2085	151.84
2086	151.92
2087	151.99
2088	152.07
2089	152.15
2090	152.24
2091	152.32
2092	152.4
2093	152.49
2094	152.57
2095	152.64
2096	152.72
2097	152.79
2098	152.87
2099	152.94
2100	153.01
