1	0.999999999986
2	0.00613951980626
3	0.0296234013676
4	0.176693726621
5	0.060902153736
6	0.0279259575977
7	0.073458756274
8	0.138542238432
9	0.165396436207
10	0.0730379862517
11	0.0749197841101
12	0.11507997983
13	0.201543986384
14	0.099397147395
15	0.0863925701251
16	0.0824233605419
17	0.100249404151
18	0.14879843914
19	0.174291180712
20	0.17227981506
21	0.179510068734
22	0.173415720517
23	0.151178719698
24	0.132332347354
25	0.126962885032
26	0.1296388394
27	0.12790961698
28	0.12616969269
29	0.133153540109
30	0.125078474095
31	0.117695301293
32	0.113526515898
33	0.111217640436
34	0.113294097385
35	0.118281950933
36	0.12194247956
37	0.12402133034
38	0.120944241355
39	0.116876495326
40	0.117432463038
41	0.116372159822
42	0.121628112247
43	0.121579143004
44	0.129600403321
45	0.132105705453
46	0.133008585089
47	0.140167173566
48	0.136272905018
49	0.131570266179
50	0.126203089335
51	0.123619336135
52	0.12738380707
53	0.128545504321
54	0.126592654609
55	0.125884689254
56	0.12462460887
57	0.116584546188
58	0.107181222155
59	0.098537256258
60	0.0926499102723
61	0.091433244899
62	0.0905446805303
63	0.0902981992482
64	0.0907980520419
65	0.0917437695709
66	0.0997448080824
67	0.1005781385
68	0.102263339445
69	0.103900605711
70	0.107687785167
71	0.117298769016
72	0.12530716769
73	0.138540066951
74	0.151238283502
75	0.138043498808
76	0.116947390089
77	0.102778297722
78	0.0941910828539
79	0.0803369396469
80	0.0671538039076
81	0.0565068614282
82	0.0500228335229
83	0.0447661493649
84	0.0423907358593
85	0.0392746766444
86	0.038281634854
87	0.0383390145237
88	0.0396203945951
89	0.0411725255991
90	0.0434823584358
91	0.0391793297664
92	0.0421101259629
93	0.0435051698624
94	0.0448662798254
95	0.0459291940277
96	0.0468558184175
97	0.0474511048917
98	0.0465225524271
99	0.0492410918017
100	0.0507061747339
101	0.0493956896313
102	0.0478990825373
103	0.0457329906899
104	0.0468582718216
105	0.0429292555591
106	0.0404301668237
107	0.0382999257319
108	0.0364510518254
109	0.0406150595887
110	0.0313484137287
111	0.0362174100398
112	0.0350674272352
113	0.0332247491492
114	0.0320165176387
115	0.0303456991309
116	0.0290813496772
117	0.0273727595915
118	0.024736905398
119	0.0213863684819
120	0.0178383662443
121	0.0151102778793
122	0.0133914315746
123	0.0126984100926
124	0.0123619863514
125	0.0116882202811
126	0.011963975245
127	0.0128710456987
128	0.0109017229658
129	0.0118633932714
130	0.0123613830248
131	0.0125768996365
132	0.0123555592575
133	0.0121269139616
134	0.0119544917726
135	0.0115588317513
136	0.0112852086798
137	0.0107324468434
138	0.010503044303
139	0.0099520285947
140	0.00964200395742
141	0.00907016127904
142	0.00872748513041
143	0.00817805534937
144	0.00784338522658
145	0.00731200951603
146	0.00700149262845
147	0.00652555270705
148	0.00624614259553
149	0.00592330417025
150	0.00551134398726
151	0.00534534056503
152	0.00508044690877
153	0.0047340777082
154	0.00457764770571
155	0.00439984390844
156	0.00420957085626
157	0.00396312490568
158	0.00400979526443
159	0.00367966535285
160	0.00351680333749
161	0.00370563644948
162	0.00337069697577
163	0.00320194555473
164	0.00337279369903
165	0.0030683984062
166	0.00298899626446
167	0.0029244765448
168	0.00292291971296
169	0.00281293759334
170	0.00272979590855
171	0.00272631080047
172	0.00263318571663
173	0.00269622372675
174	0.00246772085569
175	0.00253159081655
176	0.00237034383859
177	0.0023648846991
178	0.00254341453874
179	0.00227839795649
180	0.00237653817402
181	0.00218253566562
182	0.00226276919207
183	0.00222424196556
184	0.00207072649568
185	0.00215793426049
186	0.0021433335745
187	0.00208774466732
188	0.00194276784003
189	0.00202276019247
190	0.00202441288989
191	0.00197820846086
192	0.0018944155268
193	0.00189113295987
194	0.00184384440177
195	0.0018553151254
196	0.0018390123415
197	0.00177619843603
198	0.00177672855173
199	0.00175460588283
200	0.00170314162687
201	0.00171140619601
202	0.00169278913716
203	0.00164794437813
204	0.00166090167771
205	0.0016400600598
206	0.00209629446736
207	0.00209169848127
208	0.00202022962354
209	0.00193029980252
210	0.00180860643582
211	0.00164096694348
212	0.00156308387348
213	0.00147691800133
214	0.00141915323516
215	0.00130899775371
216	0.00135134661609
217	0.001358822496
218	0.00130146543057
219	0.00123979839289
220	0.00198801151134
221	0.00179347811298
222	0.00175987801384
223	0.00178664875437
224	0.00154948095958
225	0.00155400945674
226	0.00148511478485
227	0.00146457348929
228	0.001421749844
229	0.00135635196808
230	0.00134117140693
231	0.00177491437811
232	0.00176595283269
233	0.00167540338154
234	0.00162644289226
235	0.00145848510709
236	0.00166110074263
237	0.00155452711851
238	0.0014232318054
239	0.00136757681303
240	0.00132742705741
241	0.00127082082299
242	0.00125359768178
243	0.00124961811357
244	0.00119297931762
245	0.00113215789946
246	0.00112796226583
247	0.00112160169162
248	0.001117192789
249	0.00110535216734
250	0.00109358364498
251	0.0010851519735
252	0.00107916268098
253	0.00107300586228
254	0.00106663109812
255	0.0010659200668
256	0.00105446095361
257	0.00105090571752
258	0.0010452623265
259	0.0010378065398
260	0.00103451984686
261	0.00102752104557
262	0.00102438565137
263	0.00102110941502
264	0.00163308057629
265	0.00159257642869
266	0.00149804735441
267	0.00138281233375
268	0.00125017378354
269	0.00142246314645
270	0.00136371000396
271	0.001201850387
272	0.00112702242795
273	0.00111680492284
274	0.00102341975292
275	0.000980287962676
276	0.000968923089732
277	0.00156453330777
278	0.00148507561405
279	0.0013498003993
280	0.00132014285
281	0.0011272830739
282	0.00103239040541
283	0.00145013601625
284	0.00134769375709
285	0.00118167337058
286	0.00109476677115
287	0.00101817972951
288	0.0013258283897
289	0.00131605549555
290	0.0012518780764
291	0.00114796953245
292	0.00102306079586
293	0.000931797910039
294	0.000868482915994
295	0.00086648132158
296	0.000782623546518
297	0.000747129488625
298	0.000722601054244
299	0.000782723598307
300	0.000710861543714
301	0.000743376043509
302	0.000685455756389
303	0.000693742047422
304	0.000667048463904
305	0.000673230305955
306	0.000711459764822
307	0.000667359171237
308	0.000708952972777
309	0.000665470909958
310	0.000703150075468
311	0.000683153443052
312	0.000693704659033
313	0.000670320113848
314	0.000696698605904
315	0.000651370861797
316	0.000698368805417
317	0.000660038448128
318	0.000683431308445
319	0.000649554014644
320	0.000670470231103
321	0.000644507220801
322	0.00068277628395
323	0.000656813178065
324	0.000659585826367
325	0.000630297955503
326	0.000662093291491
327	0.00065336400379
328	0.000617702675725
329	0.000641926635289
330	0.000639616826121
331	0.000611658039133
332	0.000625047969816
333	0.000620595761541
334	0.00061704492601
335	0.000615754912049
336	0.000593419628517
337	0.000625858694036
338	0.000611669729528
339	0.000624487445724
340	0.000596808553371
341	0.000611479219927
342	0.000593501604864
343	0.000607659461153
344	0.000593005197417
345	0.000603287307359
346	0.000602334643083
347	0.00059463017677
348	0.000580823148165
349	0.00059290296375
350	0.00058913753373
351	0.000584915741558
352	0.000584152630755
353	0.000583854100882
354	0.000585917757449
355	0.000585385516402
356	0.000572259395033
357	0.000573641073803
358	0.000576983437396
359	0.000572461690976
360	0.000571224304018
361	0.000567739618073
362	0.00056961101195
363	0.000568004624624
364	0.000565058725691
365	0.000563986868057
366	0.000564728642801
367	0.000566276679903
368	0.000563609293748
369	0.000563052985309
370	0.00055844372037
371	0.00055846816744
372	0.000550882908796
373	0.000561305361699
374	0.000563241372067
375	0.000550803986886
376	0.000558977663447
377	0.000559336527534
378	0.000554191257949
379	0.000541722349831
380	0.000549508655421
381	0.000554426042842
382	0.000553882129082
383	0.000551488359196
384	0.000549687237947
385	0.000551015525512
386	0.00055394160792
387	0.000558447646224
388	0.000563153882952
389	0.000567349215684
390	0.000569589004396
391	0.000570007556999
392	0.000569633219994
393	0.000569239559016
394	0.000568048612982
395	0.000566579117618
396	0.000564000765849
397	0.000560772971227
398	0.000555163390069
399	0.00054293991723
400	0.000547953965494
401	0.000549089263727
402	0.000542847877025
403	0.000529584847311
404	0.000529934200789
405	0.000542268356688
406	0.000523057689709
407	0.000523466219032
408	0.000519583110441
409	0.000518008432971
410	0.000519595148794
411	0.000528029602279
412	0.000520830797008
413	0.000520986833953
414	0.000510136004233
415	0.000506620487932
416	0.000509230855916
417	0.000515642792978
418	0.000511469848759
419	0.000510351265579
420	0.00051056482894
421	0.00105109011558
422	0.00101851619851
423	0.000899297848218
424	0.000802715020517
425	0.000732735150574
426	0.000679888722616
427	0.000645717942988
428	0.000630255504258
429	0.000630092344134
430	0.000615650961911
431	0.000601080499784
432	0.000592658479009
433	0.000592623466873
434	0.000580623116098
435	0.000567234676149
436	0.000572062957129
437	0.000576096689931
438	0.000564267755505
439	0.000568867105919
440	0.000565947465105
441	0.000565130930501
442	0.000557548828121
443	0.000560694920778
444	0.000551118194625
445	0.000541736071916
446	0.00055059853274
447	0.000539596833342
448	0.000537301295508
449	0.000521213637232
450	0.00050614819403
451	0.000506606715171
452	0.000502746849992
453	0.000500622252404
454	0.00049528042259
455	0.000489084814576
456	0.000484634392614
457	0.000482722900968
458	0.000482053014243
459	0.000481617418054
460	0.000481231333891
461	0.000480939032084
462	0.000480905387837
463	0.000481168969359
464	0.000481778867581
465	0.000482674127683
466	0.000483724094629
467	0.000484472025765
468	0.000484531430849
469	0.00048383512109
470	0.000482593279354
471	0.000481395782623
472	0.000480083478978
473	0.000479128193065
474	0.000478217088577
475	0.000477605180434
476	0.000477099497975
477	0.000476857551808
478	0.000476876480014
479	0.00088466790247
480	0.000840513190155
481	0.000747004585051
482	0.000673870400947
483	0.000623351058116
484	0.000582395036842
485	0.000568613659387
486	0.00055072142832
487	0.000521044878025
488	0.000512369886199
489	0.000507311965077
490	0.000493059926306
491	0.00049024960305
492	0.000480510803149
493	0.000477666366286
494	0.000477628254731
495	0.000473808755815
496	0.000469597136089
497	0.000466979933277
498	0.000465624394605
499	0.000464317816851
500	0.000463531293759
501	0.000462548235436
502	0.000461891676004
503	0.000461236648409
504	0.000460869358472
505	0.000460662111301
506	0.000460915361556
507	0.000461044079561
508	0.000461540457681
509	0.000461781713306
510	0.000462133953844
511	0.000462209602828
512	0.000462625982124
513	0.000462819679206
514	0.000463625713361
515	0.000463972689462
516	0.000464740349309
517	0.000464964128769
518	0.000768606814737
519	0.000736824604883
520	0.000669722968588
521	0.000625904251967
522	0.000585920542593
523	0.000549104971022
524	0.000524018869028
525	0.000507868598647
526	0.000498343945474
527	0.000494335006847
528	0.00048444093063
529	0.000475589077612
530	0.000471077151054
531	0.000469257173859
532	0.000470284455778
533	0.000464026306988
534	0.000465935110694
535	0.000459721481658
536	0.000460645622251
537	0.000456519178963
538	0.00045922271087
539	0.000457254653585
540	0.000454538900883
541	0.000453722624964
542	0.000453966197045
543	0.000454370468509
544	0.00045467436472
545	0.000454552611279
546	0.000681138143257
547	0.000658234699917
548	0.000606955725801
549	0.000573318814301
550	0.000538588210621
551	0.000507534309325
552	0.000492258662451
553	0.000479654460536
554	0.000470606409455
555	0.000460295508582
556	0.000456334240988
557	0.00044927435809
558	0.000442997412668
559	0.000439101792648
560	0.000436757168133
561	0.000435134052395
562	0.000433576213667
563	0.000432185007843
564	0.000430871018405
565	0.000429758412775
566	0.000429301933423
567	0.000429090497528
568	0.000429070668054
569	0.000599907665157
570	0.000587284156453
571	0.000547858530896
572	0.000520532599381
573	0.000491129172382
574	0.000473087810911
575	0.000459915376914
576	0.000450196221857
577	0.000443813352101
578	0.000436885985687
579	0.000434908535242
580	0.000431423935155
581	0.000427717640545
582	0.000428878082316
583	0.000430794301918
584	0.000425402642616
585	0.000425979405079
586	0.000427907132533
587	0.000552436309153
588	0.000543468584281
589	0.000514962592022
590	0.000496201815403
591	0.000476512943034
592	0.00046124907905
593	0.000449000972594
594	0.000441662973712
595	0.00043616824155
596	0.000432268021226
597	0.000429970047059
598	0.000421291327696
599	0.000420198886801
600	0.000419731553424
601	0.000419972176433
602	0.000518602367277
603	0.000507932400755
604	0.00048713454063
605	0.000472947520975
606	0.000457339373755
607	0.000446476971074
608	0.000438418420805
609	0.000433501205663
610	0.000430495422032
611	0.000428801820754
612	0.000427637028307
613	0.000426728988855
614	0.000426406396191
615	0.000499789756205
616	0.000497060686274
617	0.000481896562113
618	0.000468713411689
619	0.000455093918042
620	0.000444894303168
621	0.000437390077779
622	0.000430928996878
623	0.000427855868552
624	0.000422921934308
625	0.000422608039041
626	0.000475548357586
627	0.000475880807659
628	0.000459536588674
629	0.000451054699877
630	0.000442638559537
631	0.00043640852552
632	0.000430947307541
633	0.000426558908465
634	0.000420290606399
635	0.000422325668487
636	0.000466163082393
637	0.000464727902726
638	0.000455689997266
639	0.000447738096673
640	0.000439878617131
641	0.000432896212593
642	0.000425767327901
643	0.000419893510448
644	0.000415319516737
645	0.000442263005544
646	0.000440784876581
647	0.00043347391528
648	0.000425064882612
649	0.000415958924115
650	0.000412301749153
651	0.000408001312038
652	0.000406482334988
653	0.000426089756433
654	0.000427076774234
655	0.000424022883165
656	0.00041686824527
657	0.000413919556957
658	0.000410287201798
659	0.000408203032472
660	0.000422120939847
661	0.000421464794384
662	0.000418263317476
663	0.000414051231505
664	0.000409713639917
665	0.000405529254547
666	0.000402013695957
667	0.000411175494549
668	0.000410768180585
669	0.000409313528343
670	0.00040715580311
671	0.000406114867015
672	0.00040541154349
673	0.000402849612887
674	0.000399805670337
675	0.000399242552924
676	0.000403267882248
677	0.000402964670158
678	0.000401844247665
679	0.000399714806907
680	0.000396737692947
681	0.000394886043379
682	0.000393559467911
683	0.000388679439601
684	0.000389612643679
685	0.000388166205699
686	0.000381785988733
687	0.000380599895916
688	0.000380085625887
689	0.000379031502072
690	0.00037768866592
691	0.000374504178423
692	0.000375834663736
693	0.000375861679179
694	0.000370948900056
695	0.000372165818327
696	0.000370352411391
697	0.000370608950921
698	0.000370930559387
699	0.000374375593752
700	0.000379970954643
701	0.000382828868474
702	0.000385515505399
703	0.000385867594181
704	0.000385610758496
705	0.000385649600551
706	0.000384039608029
707	0.000384154378101
708	0.000382641049129
709	0.000381417188295
710	0.000380613166003
711	0.000380302300918
712	0.000380712572754
713	0.000382573761412
714	0.000382957732688
715	0.000383038576421
716	0.000383463052453
717	0.000384096739344
718	0.000384321095136
719	0.000385023021222
720	0.000383489715124
721	0.000380185910322
722	0.000377415384684
723	0.000374117780651
724	0.00036899980207
725	0.000367334628336
726	0.000362658494008
727	0.00036279142785
728	0.000360669457365
729	0.000357917851438
730	0.00035832134273
731	0.000357516368927
732	0.000355305433387
733	0.000352996064429
734	0.000351428750878
735	0.000350306640238
736	0.000349977335774
737	0.000348598110429
738	0.000347236796602
739	0.000345994793997
740	0.000346301181202
741	0.00034637117209
742	0.000347148459557
743	0.000348163322658
744	0.000349777665252
745	0.000351183591102
746	0.000351524851009
747	0.000350747690488
748	0.000349880917741
749	0.000349271903345
750	0.000346502840252
751	0.000343064269061
752	0.000340106729491
753	0.000337130898049
754	0.000334819638153
755	0.000333238100212
756	0.00033217464338
757	0.000331183576152
758	0.000330273823969
759	0.000329608710414
760	0.000328540929747
761	0.000327444839162
762	0.000326187200389
763	0.000324496772099
764	0.000322796340936
765	0.000321317866739
766	0.000320847998657
767	0.000320444007033
768	0.000321734677822
769	0.000322639231396
770	0.000322738492037
771	0.000322398286423
772	0.00032156350733
773	0.000319067246013
774	0.000317436489753
775	0.000313925194967
776	0.000310936417129
777	0.000307966809028
778	0.000305762091407
779	0.000303739976253
780	0.00030249757029
781	0.000300797205657
782	0.000299379627004
783	0.000298248797934
784	0.000297311586006
785	0.000296437187269
786	0.000295471119226
787	0.000294272859749
788	0.000292736162177
789	0.000290871526285
790	0.000289672565006
791	0.000288337422324
792	0.000289281185814
793	0.000289259731524
794	0.000289439087786
795	0.000288857750172
796	0.000288496771817
797	0.000285372536408
798	0.000282847009431
799	0.000279896710655
800	0.000277932649994
801	0.000275358328101
802	0.000273512296893
803	0.000272400449953
804	0.000270863399622
805	0.000269612506422
806	0.000268686829869
807	0.000267410385551
808	0.000266298655005
809	0.000264809219337
810	0.000264942492886
811	0.000262896066862
812	0.000262793186163
813	0.000261002414276
814	0.000261861340389
815	0.000260423632154
816	0.000262964056589
817	0.000261497321379
818	0.0002593760139
819	0.00025738774999
820	0.000254681795173
821	0.00025264393947
822	0.000250594833192
823	0.000248450760146
824	0.00024696373028
825	0.000245671042393
826	0.000245389371829
827	0.000243497292116
828	0.000242527506268
829	0.00024163937814
830	0.000240211838948
831	0.000239584169672
832	0.000239160457387
833	0.000237522752595
834	0.000238281821046
835	0.000235733716073
836	0.000234619378335
837	0.000232444849103
838	0.000231401865004
839	0.0002310440705
840	0.000230186546672
841	0.000228384779987
842	0.000228118763144
843	0.000226114365298
844	0.000226138610423
845	0.000224024864993
846	0.000223821792656
847	0.00022153310212
848	0.000220798745576
849	0.000219101013457
850	0.000218749318555
851	0.000217614996715
852	0.000217346768302
853	0.000215931888824
854	0.000214276779688
855	0.00021177076108
856	0.000210381346521
857	0.000207654942964
858	0.000206806071871
859	0.000204208035405
860	0.000203831658276
861	0.000201485959665
862	0.000201084444868
863	0.000200658231709
864	0.000199181772315
865	0.000198579088216
866	0.000197089174501
867	0.00019589276855
868	0.000194446551848
869	0.00019282467885
870	0.000191224124912
871	0.000189968732512
872	0.000189703599262
873	0.000189671924471
874	0.000189371583404
875	0.000188904006728
876	0.000188306617801
877	0.000186924245042
878	0.000185535467803
879	0.000184482899623
880	0.000183716630297
881	0.000182876747298
882	0.000182151874321
883	0.000180995958599
884	0.000180377204177
885	0.000178847298121
886	0.000178060960792
887	0.000177551843187
888	0.00017691884187
889	0.000175397456698
890	0.000174106835612
891	0.000172130983625
892	0.000171042338668
893	0.000170538916458
894	0.000169723520799
895	0.000169144162575
896	0.000168064249177
897	0.000167087499202
898	0.000165846998177
899	0.000164973560128
900	0.000163769080782
901	0.000162837406903
902	0.000161460403993
903	0.000160332209127
904	0.000159038867708
905	0.000157744310553
906	0.00015683180603
907	0.000156352239513
908	0.000156033009782
909	0.000155339459837
910	0.000154756424069
911	0.000153567168488
912	0.000152571386136
913	0.000151596179905
914	0.000150707082459
915	0.000149819092983
916	0.000149079689097
917	0.000148309533511
918	0.000147603201755
919	0.000146845481427
920	0.000145801977254
921	0.000145008767147
922	0.00014390255712
923	0.000142827878651
924	0.000141420221632
925	0.000140370998283
926	0.000139288066348
927	0.000138387204359
928	0.000137549474761
929	0.000136940279731
930	0.000136118140898
931	0.000135394466197
932	0.000134743924553
933	0.000133966852716
934	0.000132624933083
935	0.000131665008064
936	0.000131197741194
937	0.000131100342015
938	0.000131164977251
939	0.000131395866828
940	0.000131418518628
941	0.000131206088337
942	0.000130699096892
943	0.000130276172259
944	0.000129166933009
945	0.000128434643723
946	0.000127518964745
947	0.00012683545754
948	0.000125836723262
949	0.00012519403385
950	0.00012488706771
951	0.000124545080795
952	0.000124127845416
953	0.00012372762418
954	0.000122270356664
955	0.000120886028824
956	0.000119335889398
957	0.000118107036743
958	0.00011677080642
959	0.000115625889861
960	0.000114003847789
961	0.00011301209033
962	0.000111918401183
963	0.000111466134189
964	0.000110685121814
965	0.000109944377333
966	0.000109088664622
967	0.000107931287087
968	0.000107204790528
969	0.000106404041588
970	0.0001055091776
971	0.000104897446832
972	0.000104390918021
973	0.000103817640374
974	0.000103324059536
975	0.00010275789577
976	0.000102118393703
977	0.00010133646206
978	0.000100778956272
979	0.000100216652275
980	9.96099603354e-05
981	9.86893139066e-05
982	9.8048286066e-05
983	9.7295184302e-05
984	9.64281811741e-05
985	9.53318792071e-05
986	9.49854339504e-05
987	9.47416329694e-05
988	9.42655259042e-05
989	9.34037685568e-05
990	9.27124269901e-05
991	9.20447391701e-05
992	9.1401431022e-05
993	9.05715650723e-05
994	9.00918025234e-05
995	8.93665327909e-05
996	8.8133628171e-05
997	8.71116191539e-05
998	8.65397823575e-05
999	8.56678071015e-05
1000	8.46028680763e-05
1001	8.37438050517e-05
1002	8.3238214251e-05
1003	8.26192447344e-05
1004	8.17483151879e-05
1005	8.09695628041e-05
1006	8.02646753895e-05
1007	7.94719935858e-05
1008	7.86553260144e-05
1009	7.8023996727e-05
1010	7.73315826309e-05
1011	7.66263067034e-05
1012	7.58996626645e-05
1013	7.5243445857e-05
1014	7.45572556269e-05
1015	7.3929480631e-05
1016	7.33159200916e-05
1017	7.26242403893e-05
1018	7.19850969384e-05
1019	7.13850633275e-05
1020	7.0710809809e-05
1021	6.99936182489e-05
1022	6.92631894507e-05
1023	6.85224807332e-05
1024	6.78331096192e-05
1025	6.72574108352e-05
1026	6.65172912544e-05
1027	6.5889155095e-05
1028	6.5199339586e-05
1029	6.47132308639e-05
1030	6.41733046786e-05
1031	6.3536810762e-05
1032	6.29352787218e-05
1033	6.23141135904e-05
1034	6.17332128955e-05
1035	6.10674130728e-05
1036	6.05788356664e-05
1037	6.01216261449e-05
1038	5.95410962556e-05
1039	5.92397779934e-05
1040	5.8747017357e-05
1041	5.83542425277e-05
1042	5.79970540477e-05
1043	5.77298624111e-05
1044	5.75155924866e-05
1045	5.73121589199e-05
1046	5.71140056749e-05
1047	5.69423582345e-05
1048	5.67947401481e-05
1049	5.66628369816e-05
1050	5.65534366273e-05
1051	5.64629569962e-05
1052	5.63798926908e-05
1053	5.63008093127e-05
1054	5.62306070326e-05
1055	5.61500572622e-05
1056	5.60723870454e-05
1057	5.5998885806e-05
1058	5.59092923684e-05
1059	5.58119290739e-05
1060	5.57117663139e-05
1061	5.56104211527e-05
1062	5.55152631533e-05
1063	5.54293631065e-05
1064	5.53531727634e-05
1065	5.52853045492e-05
1066	5.5212942509e-05
1067	5.5152211137e-05
1068	5.50857325478e-05
1069	5.50208535173e-05
1070	5.49651324328e-05
1071	5.47090684693e-05
1072	5.48062324098e-05
1073	5.47896373162e-05
1074	5.44332805195e-05
1075	5.45584906447e-05
1076	5.42748571339e-05
1077	5.44273506742e-05
1078	5.41354668702e-05
1079	5.42982175179e-05
1080	5.39994466909e-05
1081	5.41774834916e-05
1082	5.38784786976e-05
1083	5.40759045756e-05
1084	5.37707617864e-05
1085	5.39527920908e-05
1086	5.3624987286e-05
1087	5.39865737265e-05
1088	5.36983009028e-05
1089	5.33313547724e-05
1090	5.35262090053e-05
1091	5.32467082981e-05
1092	5.34733202926e-05
1093	5.31407910811e-05
1094	5.33589323841e-05
1095	5.30317502938e-05
1096	5.32649608252e-05
1097	5.29451508555e-05
1098	5.31683446408e-05
1099	5.28211639057e-05
1100	5.28631294061e-05
1101	5.29087749971e-05
1102	5.25717171764e-05
1103	5.259455761e-05
1104	5.27425689958e-05
1105	5.23988971952e-05
1106	5.24301000412e-05
1107	5.25450029108e-05
1108	5.22216058817e-05
1109	5.22523836976e-05
1110	5.24001208996e-05
1111	5.20688854574e-05
1112	5.20899622986e-05
1113	5.22302620818e-05
1114	5.18762111513e-05
1115	5.18720858738e-05
1116	5.1988684064e-05
1117	5.16335643889e-05
1118	5.16447445779e-05
1119	5.18129623401e-05
1120	5.14553723103e-05
1121	5.14569429249e-05
1122	5.16469530013e-05
1123	5.12965897502e-05
1124	5.13054810887e-05
1125	5.15140644633e-05
1126	5.1138673248e-05
1127	5.11284891884e-05
1128	5.13209719998e-05
1129	5.09228077964e-05
1130	5.08779159112e-05
1131	5.10755900732e-05
1132	5.07078125948e-05
1133	5.06890075203e-05
1134	5.08951853921e-05
1135	5.05221791924e-05
1136	5.05093357378e-05
1137	5.07374031308e-05
1138	5.03750340659e-05
1139	5.03656846507e-05
1140	5.05797722902e-05
1141	5.02077675853e-05
1142	5.01779034831e-05
1143	5.03790170551e-05
1144	4.99777633627e-05
1145	4.99300159372e-05
1146	5.01569690809e-05
1147	4.97874203305e-05
1148	4.97472555961e-05
1149	4.97781249507e-05
1150	4.9897651717e-05
1151	4.9547535565e-05
1152	4.95311666186e-05
1153	4.95830050641e-05
1154	4.97309605333e-05
1155	4.93582814005e-05
1156	4.93154483595e-05
1157	4.93340664743e-05
1158	4.94553375186e-05
1159	4.9054641625e-05
1160	4.92748868065e-05
1161	4.89220740259e-05
1162	4.91430736899e-05
1163	4.88047591831e-05
1164	4.90329657997e-05
1165	4.86952753577e-05
1166	4.8935928176e-05
1167	4.86007246928e-05
1168	4.88432323132e-05
1169	4.850097936e-05
1170	4.87352664382e-05
1171	4.83863881588e-05
1172	4.8597929603e-05
1173	4.82206342875e-05
1174	4.84190939706e-05
1175	4.80635430716e-05
1176	4.83033922802e-05
1177	4.79505844048e-05
1178	4.78890475218e-05
1179	4.78274669097e-05
1180	4.78202926328e-05
1181	4.77703664742e-05
1182	4.77098644251e-05
1183	4.76558713051e-05
1184	4.80398037376e-05
1185	4.75339053155e-05
1186	4.75092187732e-05
1187	4.74234036857e-05
1188	4.73789522575e-05
1189	4.72745760688e-05
1190	4.71888535583e-05
1191	4.71157521021e-05
1192	4.70531248497e-05
1193	4.69892110274e-05
1194	4.69359873176e-05
1195	4.68833460114e-05
1196	4.68387009141e-05
1197	4.67956851473e-05
1198	4.67579448944e-05
1199	4.67112537481e-05
1200	4.66577910962e-05
1201	4.65998978156e-05
1202	4.65334664658e-05
1203	4.64580945982e-05
1204	4.637192709e-05
1205	4.62925763653e-05
1206	4.62290857489e-05
1207	4.6164289397e-05
1208	4.60964880293e-05
1209	4.60249943999e-05
1210	4.59597443762e-05
1211	4.59003672721e-05
1212	4.5845360256e-05
1213	4.57972819841e-05
1214	4.57530628574e-05
1215	4.57065192104e-05
1216	4.56539803992e-05
1217	4.55964664808e-05
1218	4.55318880298e-05
1219	4.54573732601e-05
1220	4.53718586797e-05
1221	4.52888053376e-05
1222	4.52178216915e-05
1223	4.51439289054e-05
1224	4.50745023152e-05
1225	4.50011054172e-05
1226	4.4932825812e-05
1227	4.48757173343e-05
1228	4.48192846044e-05
1229	4.47672963781e-05
1230	4.47199393245e-05
1231	4.46754818683e-05
1232	4.46267929804e-05
1233	4.45723749148e-05
1234	4.45152696034e-05
1235	4.44474312616e-05
1236	4.43691791583e-05
1237	4.4280535324e-05
1238	4.42012412497e-05
1239	4.41274755171e-05
1240	4.40479367349e-05
1241	4.39709717084e-05
1242	4.38928540271e-05
1243	4.38247242165e-05
1244	4.37721207797e-05
1245	4.37130535239e-05
1246	4.36583562405e-05
1247	4.36134272149e-05
1248	4.35741127421e-05
1249	4.35298675024e-05
1250	4.34858360663e-05
1251	4.34378900252e-05
1252	4.33823395463e-05
1253	4.33120906086e-05
1254	4.32312372119e-05
1255	4.31580033454e-05
1256	4.30865494656e-05
1257	4.30122476696e-05
1258	4.29392263828e-05
1259	4.286891573e-05
1260	4.28064398275e-05
1261	4.27537807904e-05
1262	4.26993479841e-05
1263	4.26409990762e-05
1264	4.25960157009e-05
1265	4.25595558529e-05
1266	4.25215681262e-05
1267	4.24803087024e-05
1268	4.24331652675e-05
1269	4.23831755496e-05
1270	4.23197903697e-05
1271	4.22433262501e-05
1272	4.21623462806e-05
1273	4.20848361077e-05
1274	4.20079430971e-05
1275	4.19305812712e-05
1276	4.18529613681e-05
1277	4.17831602185e-05
1278	4.17215054999e-05
1279	4.16654972016e-05
1280	4.16107268125e-05
1281	4.15502575288e-05
1282	4.14978208565e-05
1283	4.14604262708e-05
1284	4.14228008757e-05
1285	4.13835842921e-05
1286	4.13364828039e-05
1287	4.12874744592e-05
1288	4.12243500145e-05
1289	4.11474740996e-05
1290	4.10631972971e-05
1291	4.09840527236e-05
1292	4.08999967624e-05
1293	4.08245444912e-05
1294	4.07438393135e-05
1295	4.06644861399e-05
1296	4.05935459511e-05
1297	4.05309065481e-05
1298	4.04695024732e-05
1299	4.0409225058e-05
1300	4.03441056377e-05
1301	4.02893715e-05
1302	4.02490735957e-05
1303	4.02094997272e-05
1304	4.01696532978e-05
1305	4.01214109343e-05
1306	4.00718788019e-05
1307	4.0009752216e-05
1308	3.9936695032e-05
1309	3.98573102489e-05
1310	3.97794029441e-05
1311	3.96973675015e-05
1312	3.96201935614e-05
1313	3.95433159409e-05
1314	3.94671122999e-05
1315	3.93898161924e-05
1316	3.93241686267e-05
1317	3.92643737651e-05
1318	3.92047402988e-05
1319	3.91459594315e-05
1320	3.90860559455e-05
1321	3.90375815796e-05
1322	3.90010813169e-05
1323	3.89655623251e-05
1324	3.89267991711e-05
1325	3.88797112547e-05
1326	3.88282928325e-05
1327	3.87652909735e-05
1328	3.86925664583e-05
1329	3.86118717515e-05
1330	3.85309470127e-05
1331	3.84474888574e-05
1332	3.83647564966e-05
1333	3.82880705866e-05
1334	3.8208785275e-05
1335	3.81309252854e-05
1336	3.80620865137e-05
1337	3.8001330995e-05
1338	3.79399926868e-05
1339	3.78804399938e-05
1340	3.78221837794e-05
1341	3.77689309334e-05
1342	3.77266738393e-05
1343	3.76959021726e-05
1344	3.7661800353e-05
1345	3.7618683671e-05
1346	3.75716331652e-05
1347	3.75173289921e-05
1348	3.7452177044e-05
1349	3.73815690314e-05
1350	3.73057119467e-05
1351	3.72303159199e-05
1352	3.71537299817e-05
1353	3.70758961341e-05
1354	3.70050664039e-05
1355	3.69287534203e-05
1356	3.68550574161e-05
1357	3.67892057101e-05
1358	3.67241232567e-05
1359	3.66625569824e-05
1360	3.66010518724e-05
1361	3.6542750434e-05
1362	3.64876241954e-05
1363	3.64365368729e-05
1364	3.64033282739e-05
1365	3.63714914975e-05
1366	3.63355674069e-05
1367	3.62942282779e-05
1368	3.62479304631e-05
1369	3.61915417881e-05
1370	3.61292812263e-05
1371	3.63825923417e-05
1372	3.64272217062e-05
1373	3.63447864108e-05
1374	3.58147864501e-05
1375	3.60056390387e-05
1376	3.60356313191e-05
1377	3.5583822983e-05
1378	3.57586906108e-05
1379	3.58039952461e-05
1380	3.5365033464e-05
1381	3.55595614793e-05
1382	3.56138982396e-05
1383	3.51844467671e-05
1384	3.53909758088e-05
1385	3.5459093256e-05
1386	3.50519902347e-05
1387	3.52774101529e-05
1388	3.53548478259e-05
1389	3.49589132366e-05
1390	3.51655421643e-05
1391	3.52274250474e-05
1392	3.48253983378e-05
1393	3.5012831332e-05
1394	3.50532851005e-05
1395	3.46410269917e-05
1396	3.48124640239e-05
1397	3.48455127663e-05
1398	3.44279669636e-05
1399	3.45933264952e-05
1400	3.46193476019e-05
1401	3.42189917318e-05
1402	3.43882771494e-05
1403	3.44201445265e-05
1404	3.40280273618e-05
1405	3.419937034e-05
1406	3.4236729208e-05
1407	3.38636591535e-05
1408	3.39340653602e-05
1409	3.40015505657e-05
1410	3.40907409565e-05
1411	3.37049788057e-05
1412	3.37376196516e-05
1413	3.3885417268e-05
1414	3.39655404731e-05
1415	3.3564393149e-05
1416	3.357264886e-05
1417	3.37044470487e-05
1418	3.37565613997e-05
1419	3.33413254306e-05
1420	3.33399297882e-05
1421	3.34556583973e-05
1422	3.34945511182e-05
1423	3.30776406983e-05
1424	3.30710337373e-05
1425	3.32002695599e-05
1426	3.29219549679e-05
1427	3.31464809742e-05
1428	3.31423058681e-05
1429	3.2718030809e-05
1430	3.27471436026e-05
1431	3.28774531384e-05
1432	3.26254336906e-05
1433	3.2680521815e-05
1434	3.28046118442e-05
1435	3.28606312437e-05
1436	3.24500618057e-05
1437	3.24670342235e-05
1438	3.25294741754e-05
1439	3.25936996668e-05
1440	3.22989013481e-05
1441	3.22254610068e-05
1442	3.22674016027e-05
1443	3.23935436741e-05
1444	3.20717935725e-05
1445	3.20007901548e-05
1446	3.20306465468e-05
1447	3.19766042262e-05
1448	3.20886988744e-05
1449	3.17489490985e-05
1450	3.16655923867e-05
1451	3.17070679334e-05
1452	3.16603365304e-05
1453	3.17716320283e-05
1454	3.14405871962e-05
1455	3.13605480312e-05
1456	3.14187096282e-05
1457	3.13858937068e-05
1458	3.13287360406e-05
1459	3.14737109916e-05
1460	3.11552809464e-05
1461	3.10883513995e-05
1462	3.11499586665e-05
1463	3.11243970997e-05
1464	3.1068044225e-05
1465	3.0995427296e-05
1466	3.0922846858e-05
1467	3.10950547612e-05
1468	3.10849382157e-05
1469	3.07002813867e-05
1470	3.07042330406e-05
1471	3.0728339943e-05
1472	3.06441156394e-05
1473	3.05437078531e-05
1474	3.04496761513e-05
1475	3.0372873199e-05
1476	3.0307819155e-05
1477	3.02470188681e-05
1478	3.01878686539e-05
1479	3.0130227418e-05
1480	3.00733027498e-05
1481	3.00236023596e-05
1482	2.9981580759e-05
1483	2.99418651164e-05
1484	2.99109383041e-05
1485	2.98765468524e-05
1486	2.98461313623e-05
1487	2.98145356925e-05
1488	2.97792879119e-05
1489	2.97459287069e-05
1490	2.97083217585e-05
1491	2.96651644042e-05
1492	2.96188512864e-05
1493	2.95753717143e-05
1494	8.46878250232e-05
1495	6.79392348772e-05
1496	7.70381555061e-05
1497	6.67093596819e-05
1498	6.54087693511e-05
1499	6.29734332678e-05
1500	5.8010177176e-05
1501	4.89475689646e-05
1502	3.97047792267e-05
1503	3.47170779522e-05
1504	3.3774123907e-05
1505	3.37573394929e-05
1506	3.32662096381e-05
1507	3.22479090823e-05
1508	3.14842135507e-05
1509	3.06305697725e-05
1510	2.99568346702e-05
1511	2.99180554766e-05
1512	3.00688580753e-05
1513	2.9908074686e-05
1514	2.95454486702e-05
1515	2.90245626583e-05
1516	2.84492342134e-05
1517	2.78953605622e-05
1518	2.73889424403e-05
1519	2.6988976329e-05
1520	2.67792777044e-05
1521	2.67571325162e-05
1522	2.63257049779e-05
1523	2.62413512963e-05
1524	2.61698291452e-05
1525	2.59208924129e-05
1526	2.59878379406e-05
1527	2.59452341807e-05
1528	2.60537685401e-05
1529	2.62426858249e-05
1530	2.638005002e-05
1531	2.62309591469e-05
1532	2.6240652509e-05
1533	2.61894344972e-05
1534	2.61088605653e-05
1535	2.60322999361e-05
1536	2.58718572156e-05
1537	2.58224334374e-05
1538	2.56705527477e-05
1539	2.56471355984e-05
1540	2.55274672069e-05
1541	2.55107707428e-05
1542	2.55759130699e-05
1543	2.53531391336e-05
1544	2.54440240245e-05
1545	2.52958516703e-05
1546	2.52767564493e-05
1547	2.53651369624e-05
1548	2.54196107552e-05
1549	2.54305762901e-05
1550	2.5424807316e-05
1551	2.52523414732e-05
1552	2.5243598223e-05
1553	2.51986215429e-05
1554	2.52643381723e-05
1555	2.52544513135e-05
1556	2.51975322656e-05
1557	2.51428299069e-05
1558	2.50924549223e-05
1559	2.49008868413e-05
1560	2.49068873394e-05
1561	2.49006994274e-05
1562	2.484672025e-05
1563	2.47967790112e-05
1564	2.4750065005e-05
1565	2.47062372904e-05
1566	2.4520514139e-05
1567	2.45019700119e-05
1568	2.44571773103e-05
1569	2.45478856959e-05
1570	2.45658099912e-05
1571	2.45557851095e-05
1572	2.4526322874e-05
1573	2.45032191666e-05
1574	2.43274860147e-05
1575	2.43288302802e-05
1576	2.42833000867e-05
1577	2.43579817754e-05
1578	2.43516586965e-05
1579	2.43285970514e-05
1580	2.42809875144e-05
1581	2.42377088879e-05
1582	2.41931585154e-05
1583	2.41428115876e-05
1584	2.40950288011e-05
1585	2.40375232211e-05
1586	2.39909084336e-05
1587	2.39503298336e-05
1588	2.39110492546e-05
1589	2.38705159033e-05
1590	2.3829190022e-05
1591	2.37901918347e-05
1592	2.3751376456e-05
1593	2.37101948102e-05
1594	2.36707020906e-05
1595	2.36291434735e-05
1596	2.35889195171e-05
1597	2.35508166603e-05
1598	2.35195025059e-05
1599	2.34938594744e-05
1600	2.34669183181e-05
1601	2.34381001168e-05
1602	2.34100515464e-05
1603	2.3386254648e-05
1604	2.336215654e-05
1605	2.33385760394e-05
1606	2.33111835855e-05
1607	2.32791942367e-05
1608	2.32502864711e-05
1609	2.3218524748e-05
1610	2.31816788086e-05
1611	2.31403223834e-05
1612	2.30954027555e-05
1613	2.30478832879e-05
1614	2.29982775891e-05
1615	2.29522783194e-05
1616	2.29118753788e-05
1617	2.28988550486e-05
1618	2.28314652336e-05
1619	2.27866020427e-05
1620	2.27437648268e-05
1621	2.27032890381e-05
1622	2.26607997144e-05
1623	2.26186611947e-05
1624	2.26048690273e-05
1625	2.25389270531e-05
1626	2.2500365193e-05
1627	2.24667340744e-05
1628	2.24686524164e-05
1629	2.24202178422e-05
1630	2.23935320105e-05
1631	2.23887201824e-05
1632	2.23418067599e-05
1633	2.23135510626e-05
1634	2.2311452643e-05
1635	2.22668713924e-05
1636	2.22350558565e-05
1637	2.22297173427e-05
1638	2.21789819744e-05
1639	2.21656140207e-05
1640	2.21090229739e-05
1641	2.20864518001e-05
1642	2.20242773761e-05
1643	2.19955786564e-05
1644	2.19303451604e-05
1645	2.19107473387e-05
1646	2.1853196982e-05
1647	2.18322287676e-05
1648	2.17905917576e-05
1649	2.1732250583e-05
1650	2.17087381436e-05
1651	2.16706682263e-05
1652	2.16139643765e-05
1653	2.15904022846e-05
1654	2.1553842338e-05
1655	2.15152946839e-05
1656	2.13689345674e-05
1657	2.13619608605e-05
1658	2.1407628871e-05
1659	2.14191876916e-05
1660	2.14024390729e-05
1661	2.13659603336e-05
1662	2.1336038588e-05
1663	2.11906603334e-05
1664	2.11915084938e-05
1665	2.12347592791e-05
1666	2.12328056501e-05
1667	2.12083885612e-05
1668	2.11654151008e-05
1669	2.11279111771e-05
1670	2.09834909673e-05
1671	2.0957290475e-05
1672	2.09626165054e-05
1673	2.08235982704e-05
1674	2.08249962881e-05
1675	2.07862092947e-05
1676	2.08547435754e-05
1677	2.08208052632e-05
1678	2.06367085818e-05
1679	2.06659919378e-05
1680	2.0680502972e-05
1681	2.05314235705e-05
1682	2.04973739195e-05
1683	2.04967457601e-05
1684	2.05450671143e-05
1685	2.05432031777e-05
1686	2.05096719606e-05
1687	2.04739558518e-05
1688	2.04459660303e-05
1689	2.04202315247e-05
1690	2.03959198894e-05
1691	2.02787047541e-05
1692	2.02521687416e-05
1693	2.0299545688e-05
1694	2.02990361518e-05
1695	2.01464371344e-05
1696	2.017559144e-05
1697	2.0200684673e-05
1698	2.01842714133e-05
1699	2.01539433084e-05
1700	2.01177044797e-05
1701	1.99768984353e-05
1702	1.99317161042e-05
1703	1.99036192346e-05
1704	1.98487204104e-05
1705	1.98034645254e-05
1706	1.97641403823e-05
1707	1.97122919355e-05
1708	1.96770161081e-05
1709	1.96429963752e-05
1710	1.96168770945e-05
1711	1.95678226426e-05
1712	1.95334851925e-05
1713	1.94997066386e-05
1714	1.94805340258e-05
1715	1.94466618292e-05
1716	1.9430337657e-05
1717	1.94108047831e-05
1718	1.93971689619e-05
1719	1.93624520507e-05
1720	1.93425745345e-05
1721	1.93192123731e-05
1722	1.92966702588e-05
1723	1.92792713035e-05
1724	1.92377870371e-05
1725	1.92121978668e-05
1726	1.9183159931e-05
1727	1.91510432947e-05
1728	1.91240269478e-05
1729	1.90696997841e-05
1730	1.90307689712e-05
1731	1.89961273354e-05
1732	1.89600144503e-05
1733	1.89233190044e-05
1734	1.889521951e-05
1735	1.88444604875e-05
1736	1.88085768711e-05
1737	1.87718346022e-05
1738	1.87362852581e-05
1739	1.87014944418e-05
1740	1.86747715635e-05
1741	1.86260337345e-05
1742	1.85980958818e-05
1743	1.85780921853e-05
1744	1.8561828081e-05
1745	1.85442571983e-05
1746	1.85213323238e-05
1747	1.8507752941e-05
1748	1.84696502818e-05
1749	1.84474345806e-05
1750	1.84256767754e-05
1751	1.84028830614e-05
1752	1.83774123687e-05
1753	1.8349206984e-05
1754	1.83184138508e-05
1755	1.82942843175e-05
1756	1.82424338391e-05
1757	1.82033505711e-05
1758	1.81634344236e-05
1759	1.81279451531e-05
1760	1.80910491267e-05
1761	1.80534749745e-05
1762	1.80176170864e-05
1763	1.79914161256e-05
1764	1.79410452214e-05
1765	1.79068247971e-05
1766	1.78719663889e-05
1767	1.78360311954e-05
1768	1.7799956071e-05
1769	1.77643211387e-05
1770	1.77455157815e-05
1771	1.77077112817e-05
1772	1.76928670273e-05
1773	1.7674079465e-05
1774	1.76531874906e-05
1775	1.76344767402e-05
1776	1.76106501572e-05
1777	1.75935877915e-05
1778	1.75505833159e-05
1779	1.75277311589e-05
1780	1.75014545813e-05
1781	6.65979224773e-05
1782	5.03063693243e-05
1783	3.96651178259e-05
1784	5.20056060008e-05
1785	6.23697851427e-05
1786	5.2737163668e-05
1787	4.19470203779e-05
1788	4.02395587685e-05
1789	3.72145086048e-05
1790	3.19397116185e-05
1791	2.57219516026e-05
1792	2.22936281216e-05
1793	2.18180290736e-05
1794	2.16383626439e-05
1795	2.07677299664e-05
1796	1.96426683213e-05
1797	1.83803436611e-05
1798	1.71793566298e-05
1799	1.63961574768e-05
1800	1.59770604029e-05
1801	1.60408655756e-05
1802	1.61554289417e-05
1803	1.61606918896e-05
1804	1.61599632494e-05
1805	1.61300869658e-05
1806	1.60777420453e-05
1807	1.60370981712e-05
1808	1.59901825236e-05
1809	1.59536834278e-05
1810	1.59271532224e-05
1811	1.58394488832e-05
1812	1.56892455433e-05
1813	1.54962141628e-05
1814	1.52775253847e-05
1815	1.50889568797e-05
1816	1.49250962878e-05
1817	1.48204509748e-05
1818	1.47550876024e-05
1819	1.47115165788e-05
1820	1.46719180768e-05
1821	1.46368119288e-05
1822	1.45816886299e-05
1823	1.45352164026e-05
1824	1.45104014296e-05
1825	1.45315970566e-05
1826	1.45468370268e-05
1827	1.45687232856e-05
1828	1.45973437663e-05
1829	1.46018588719e-05
1830	1.46173353581e-05
1831	1.46028219566e-05
1832	1.45770422951e-05
1833	1.45389517362e-05
1834	1.45050299858e-05
1835	1.44512164321e-05
1836	1.43988198859e-05
1837	1.43534541444e-05
1838	1.42982866948e-05
1839	1.42475894634e-05
1840	1.41989680836e-05
1841	1.41631096356e-05
1842	1.41151829937e-05
1843	1.40804721389e-05
1844	1.40423245887e-05
1845	1.40252222773e-05
1846	1.39984534788e-05
1847	1.39881302702e-05
1848	1.39799865434e-05
1849	1.39609912128e-05
1850	1.39455606825e-05
1851	1.39192941011e-05
1852	1.39078042051e-05
1853	1.38999801237e-05
1854	1.38777410879e-05
1855	1.38559400754e-05
1856	1.38383439384e-05
1857	1.38101635708e-05
1858	1.37831252303e-05
1859	1.37615812804e-05
1860	1.3725813735e-05
1861	1.36903115451e-05
1862	1.36626720763e-05
1863	1.36218794644e-05
1864	1.35767111965e-05
1865	1.35526182849e-05
1866	1.35156391653e-05
1867	1.35065491021e-05
1868	1.34717176195e-05
1869	1.34424440196e-05
1870	1.34068638472e-05
1871	1.33979806542e-05
1872	1.33658169942e-05
1873	1.33393757949e-05
1874	1.33207354585e-05
1875	1.3292758294e-05
1876	1.32603058632e-05
1877	1.32368775958e-05
1878	1.32177136408e-05
1879	1.31878287275e-05
1880	1.31877679993e-05
1881	1.31614983864e-05
1882	1.31290521481e-05
1883	1.31161257186e-05
1884	1.30841431613e-05
1885	1.30615273619e-05
1886	1.30392359669e-05
1887	1.30149495386e-05
1888	1.29877271393e-05
1889	1.29698726446e-05
1890	1.29306030274e-05
1891	1.29006782652e-05
1892	1.28700429193e-05
1893	1.28432993923e-05
1894	1.28181709489e-05
1895	1.27921820444e-05
1896	1.27646934114e-05
1897	1.27365518578e-05
1898	1.27121154259e-05
1899	1.26917266304e-05
1900	1.2671794878e-05
1901	1.26506794253e-05
1902	1.26275621183e-05
1903	1.26047572506e-05
1904	1.25826338178e-05
1905	1.25640364422e-05
1906	1.25520967494e-05
1907	1.25262005405e-05
1908	1.24999378121e-05
1909	1.24762687855e-05
1910	1.244388396e-05
1911	1.24204863057e-05
1912	1.2388824145e-05
1913	1.23626688025e-05
1914	1.23307902696e-05
1915	1.23047766133e-05
1916	1.22767536875e-05
1917	1.22453887135e-05
1918	1.22216845864e-05
1919	1.21919887862e-05
1920	1.21678819744e-05
1921	1.21397766251e-05
1922	1.21193288667e-05
1923	1.20918186507e-05
1924	1.2069288764e-05
1925	1.20418031148e-05
1926	1.20218168697e-05
1927	1.20003341022e-05
1928	1.19834873366e-05
1929	1.19576363113e-05
1930	1.19369915951e-05
1931	1.19086868974e-05
1932	1.18872276186e-05
1933	1.18583713036e-05
1934	1.18279826187e-05
1935	1.18016048906e-05
1936	1.17655056328e-05
1937	1.17304374837e-05
1938	1.17012995815e-05
1939	1.16627156639e-05
1940	1.16307778668e-05
1941	1.16109474781e-05
1942	1.15876515096e-05
1943	1.15673836561e-05
1944	1.15516305971e-05
1945	1.15285036748e-05
1946	1.15075728462e-05
1947	1.1493444107e-05
1948	1.14703525442e-05
1949	1.14555120219e-05
1950	1.14317599112e-05
1951	1.14108977696e-05
1952	1.13832992881e-05
1953	1.13588952325e-05
1954	1.13288242357e-05
1955	1.13010111419e-05
1956	1.12675953935e-05
1957	1.12385938584e-05
1958	1.12016713671e-05
1959	1.11717366248e-05
1960	1.11361248695e-05
1961	1.11051097816e-05
1962	1.10677892098e-05
1963	1.10410878096e-05
1964	1.10139140206e-05
1965	1.09936108507e-05
1966	1.09720046306e-05
1967	1.09585354958e-05
1968	1.09373815991e-05
1969	1.09195091761e-05
1970	1.08992099278e-05
1971	1.08803226529e-05
1972	1.08547574395e-05
1973	1.08319342335e-05
1974	1.07989810733e-05
1975	1.07644707745e-05
1976	7.18575534915e-05
1977	4.9506932356e-05
1978	3.79819853437e-05
1979	5.29129009401e-05
1980	6.53725822678e-05
1981	5.22869979534e-05
1982	4.0653211023e-05
1983	4.10455164542e-05
1984	3.76772754731e-05
1985	6.67479909722e-05
1986	4.38184714301e-05
1987	3.39778809639e-05
1988	3.44424430597e-05
1989	3.18059048067e-05
1990	2.65685539326e-05
1991	2.17971835517e-05
1992	1.87146474623e-05
1993	1.74064220157e-05
1994	1.64489991973e-05
1995	1.52324659989e-05
1996	1.41497714994e-05
1997	1.32424952038e-05
1998	1.22639810596e-05
1999	1.13072424333e-05
2000	1.05347405677e-05
2001	9.91868256814e-06
2002	9.47586843661e-06
2003	9.18388056143e-06
2004	9.04242382372e-06
2005	9.00479398418e-06
2006	9.00223891818e-06
2007	8.96072034803e-06
2008	8.96215756303e-06
2009	8.92905069739e-06
2010	8.87099952825e-06
2011	8.80102249235e-06
2012	8.71231531638e-06
2013	8.57595224127e-06
2014	8.51016451247e-06
2015	8.43086446868e-06
2016	8.29014528167e-06
2017	8.22231473392e-06
2018	8.13121480485e-06
2019	8.08513357789e-06
2020	8.0358935587e-06
2021	7.98755165953e-06
2022	7.94463358278e-06
2023	7.90825966318e-06
2024	7.89797140206e-06
2025	7.88557660902e-06
2026	7.79119052475e-06
2027	7.76769627469e-06
2028	7.75309650818e-06
2029	7.736472742e-06
2030	7.7278511273e-06
2031	7.72838066353e-06
2032	7.73157482819e-06
2033	7.72994508702e-06
2034	7.72116780313e-06
2035	7.70564716343e-06
2036	7.68510684365e-06
2037	7.65872869517e-06
2038	7.62850313397e-06
2039	7.59813915448e-06
2040	7.57063888285e-06
2041	7.54419459306e-06
2042	7.51884733449e-06
2043	7.49519236477e-06
2044	7.47490198517e-06
2045	7.45621125872e-06
2046	7.44112305262e-06
2047	7.42771583607e-06
2048	7.41380401727e-06
2049	7.39932772228e-06
2050	7.38418126518e-06
2051	7.36941302868e-06
2052	7.35423543106e-06
2053	7.33976081912e-06
2054	7.31550554976e-06
2055	7.31253293278e-06
2056	7.30893955789e-06
2057	7.29954246831e-06
2058	7.28863083586e-06
2059	7.28074204339e-06
2060	7.27274819767e-06
2061	7.25527885697e-06
2062	7.26424885552e-06
2063	7.22190640071e-06
2064	7.21693357215e-06
2065	7.21079712135e-06
2066	7.1933197282e-06
2067	7.19482212789e-06
2068	7.19168372684e-06
2069	7.1808418009e-06
2070	7.16598543366e-06
2071	7.1518069585e-06
2072	7.12715443691e-06
2073	7.12907654187e-06
2074	7.06102485257e-06
2075	7.07433614608e-06
2076	7.01091201858e-06
2077	6.99422628133e-06
2078	6.95983287147e-06
2079	6.95030131925e-06
2080	6.93534080121e-06
2081	6.91447760301e-06
2082	6.87839793055e-06
2083	6.87507666875e-06
2084	6.85993541499e-06
2085	6.84364274156e-06
2086	6.82641845252e-06
2087	6.79892902872e-06
2088	6.79535574962e-06
2089	0.000111168011736
2090	6.93651947349e-05
2091	5.35796892234e-05
2092	5.89344451015e-05
2093	8.82952989659e-05
2094	5.29514798878e-05
2095	8.39336684445e-05
2096	6.14062403257e-05
2097	7.1760320992e-05
2098	6.80489027173e-05
2099	9.43972273952e-05
2100	6.61337322321e-05
