1	0.0422122107321
2	0.000240292524236
3	0.00112991203827
4	0.00581755892755
5	0.00169199958597
6	0.00102279603109
7	0.0025732284832
8	0.00658019340429
9	0.00429935591903
10	0.00160312415388
11	0.00299493011131
12	0.00283827598466
13	0.00521795288358
14	0.00432606093721
15	0.00244466590724
16	0.00321863462149
17	0.00484532084839
18	0.00682444420815
19	0.0085834363011
20	0.00602438125289
21	0.00585994297836
22	0.00838828811453
23	0.00632805035877
24	0.00452060844526
25	0.00565804652424
26	0.00632459250708
27	0.00514858342934
28	0.00482181674727
29	0.00651482051044
30	0.00622126599628
31	0.00574785397518
32	0.00374377435916
33	0.00515202686718
34	0.00397552706762
35	0.00480229182746
36	0.00511598796908
37	0.00462160895173
38	0.00377139856813
39	0.00361293789124
40	0.00321653092316
41	0.00408738940719
42	0.00371719022396
43	0.0047970289079
44	0.00423850618868
45	0.00436196627386
46	0.00586754087631
47	0.00536609482027
48	0.00503637575229
49	0.0046876202755
50	0.00560246773967
51	0.00349610421281
52	0.00508661775984
53	0.00476351286467
54	0.00424694457743
55	0.00395572968727
56	0.00422094184555
57	0.00410428858111
58	0.00368546612141
59	0.00339264654191
60	0.00291041488813
61	0.00303267691737
62	0.00304084809376
63	0.00339946053419
64	0.00382736907878
65	0.00370145542488
66	0.00417418340514
67	0.00434877937263
68	0.00381141814595
69	0.00404955040454
70	0.00521429350774
71	0.00513231748658
72	0.0046918395892
73	0.00563460592989
74	0.00577304160187
75	0.00502808436128
76	0.00392710383485
77	0.00344994784198
78	0.00341647410994
79	0.00237538600322
80	0.00204101133161
81	0.0022101998917
82	0.00227340042908
83	0.00144859731798
84	0.00140612965277
85	0.00182794889445
86	0.000709274869957
87	0.00185420537065
88	0.00135183678719
89	0.00144608389814
90	0.00161042378826
91	0.00147507818939
92	0.00155437133135
93	0.00181851648722
94	0.00175159626071
95	0.00170508723368
96	0.00164066774962
97	0.00193514530411
98	0.00182648640843
99	0.00221978682174
100	0.00251403964283
101	0.00177843145558
102	0.00183855388669
103	0.00142329806315
104	0.0017235223952
105	0.00181435470794
106	0.0018891217728
107	0.00103130734616
108	0.000870816799127
109	0.00167858363556
110	0.000813668488245
111	0.0014150875638
112	0.00145508489734
113	0.00149499902173
114	0.00154588283985
115	0.000846619194312
116	0.00101276521298
117	0.00122919818877
118	0.00113481163416
119	0.000643884442961
120	0.00072895540257
121	0.000614612156632
122	0.000502389468282
123	0.000364464059285
124	0.000535929090781
125	0.000518754288379
126	0.000332390029671
127	0.000438181863194
128	0.000413943215182
129	0.000430376774336
130	0.000395750948233
131	0.000416836869006
132	0.000565696641588
133	0.000391333325956
134	0.000517017451577
135	0.000371062852533
136	0.000439647637332
137	0.000355276578737
138	0.000397828608545
139	0.000340322524061
140	0.000383676925901
141	0.000312376864494
142	0.000337022454911
143	0.000296121444427
144	0.000360677405682
145	0.000290838052597
146	0.000285169604135
147	0.000262996888078
148	0.000275839416844
149	0.000258726247173
150	0.000260459364277
151	0.000242353526785
152	0.000251092271607
153	0.000222910404218
154	0.0002228985407
155	0.000140290841485
156	0.000195519539677
157	0.00015625685958
158	0.000147585882896
159	0.000177696183251
160	0.000137383458776
161	0.000149664127426
162	0.000161769806513
163	0.000121779217481
164	0.000142274134571
165	0.00013386564554
166	0.000121739682951
167	0.000123064148664
168	0.000113652975487
169	0.000136056353106
170	0.00011574935404
171	0.000117012289997
172	9.93474625447e-05
173	0.00012394324219
174	8.72620585919e-05
175	0.000121319933859
176	0.000117945217275
177	7.6038250916e-05
178	0.000123957535191
179	4.58110445819e-05
180	0.000116566421969
181	7.72982811663e-05
182	5.12388055639e-05
183	0.000108470638861
184	7.60672080237e-05
185	4.77966906714e-05
186	6.0303309139e-05
187	0.000100848496736
188	7.51632495302e-05
189	4.41407703599e-05
190	5.95390572016e-05
191	8.76040913313e-05
192	5.62836218523e-05
193	9.34171555817e-05
194	5.73851168668e-05
195	5.56540170339e-05
196	8.93765341167e-05
197	5.7507334458e-05
198	5.14438911243e-05
199	8.42407142365e-05
200	5.6280521321e-05
201	4.83527354514e-05
202	8.08055449342e-05
203	5.4849159174e-05
204	4.59884487452e-05
205	7.76706065576e-05
206	8.68681573387e-05
207	7.32376532714e-05
208	9.55493315621e-05
209	9.19131226066e-05
210	8.69287502942e-05
211	6.96855920167e-05
212	7.59509302788e-05
213	4.02038289514e-05
214	6.94722358583e-05
215	3.87734115822e-05
216	4.61032048404e-05
217	3.45267951277e-05
218	5.36377876465e-05
219	3.44586392133e-05
220	7.01848166722e-05
221	8.80859439419e-05
222	5.17464904986e-05
223	8.30599423405e-05
224	7.38989410282e-05
225	7.70497931038e-05
226	3.28769953919e-05
227	3.86842959463e-05
228	5.47094890622e-05
229	3.70477157355e-05
230	3.52266848698e-05
231	7.74115301519e-05
232	7.02048796324e-05
233	6.05192808139e-05
234	7.04691972792e-05
235	6.93260585911e-05
236	6.74913141463e-05
237	5.68027679991e-05
238	6.48987615173e-05
239	5.8338622983e-05
240	6.35058050756e-05
241	4.54325461444e-05
242	4.39022454186e-05
243	3.55181373262e-05
244	4.47888097102e-05
245	3.31134995454e-05
246	3.28378405064e-05
247	3.38372207823e-05
248	3.44734978264e-05
249	3.43468198492e-05
250	3.42697735571e-05
251	3.36605378828e-05
252	3.30569409321e-05
253	3.29595472316e-05
254	3.31351198093e-05
255	3.3397589177e-05
256	3.26836197681e-05
257	3.30044642234e-05
258	3.30761659406e-05
259	3.34412016369e-05
260	3.34773181788e-05
261	3.33759017433e-05
262	3.34897571939e-05
263	3.37876994649e-05
264	5.49726212013e-05
265	4.30086102519e-05
266	5.90898716916e-05
267	4.67380500691e-05
268	5.81640049785e-05
269	4.10549416758e-05
270	5.36808832505e-05
271	5.59253008027e-05
272	4.40688314959e-05
273	4.58189438772e-05
274	4.75458995625e-05
275	4.8086963819e-05
276	4.67751437225e-05
277	5.06993944794e-05
278	6.34198139702e-05
279	5.88476998207e-05
280	5.20796580662e-05
281	4.89499745852e-05
282	4.97028568479e-05
283	4.57323584005e-05
284	4.88392285141e-05
285	4.99942610499e-05
286	4.86880728655e-05
287	4.78466031837e-05
288	5.58883197759e-05
289	6.36850412827e-05
290	5.83575607363e-05
291	4.5867995217e-05
292	4.38038791073e-05
293	4.55859877508e-05
294	2.43890921651e-05
295	3.21142066584e-05
296	3.47009179012e-05
297	3.68295248268e-05
298	2.14817020786e-05
299	3.52862636543e-05
300	2.02001462943e-05
301	3.39091975275e-05
302	2.03128537404e-05
303	3.1253582431e-05
304	2.35351524596e-05
305	2.22811302414e-05
306	3.45072135303e-05
307	2.01888687324e-05
308	3.30418176218e-05
309	2.49185092258e-05
310	3.03002157013e-05
311	3.14093836132e-05
312	3.05305374726e-05
313	2.1001675389e-05
314	3.22375849764e-05
315	1.61974357173e-05
316	2.98692588584e-05
317	3.22066326116e-05
318	2.50494106538e-05
319	3.24083314711e-05
320	2.67799754352e-05
321	2.51258559338e-05
322	2.53778798231e-05
323	1.80894367408e-05
324	2.74826357213e-05
325	2.42117338964e-05
326	2.00274611638e-05
327	2.87453797514e-05
328	2.37030127438e-05
329	1.93710441095e-05
330	2.36717951668e-05
331	1.8060017546e-05
332	1.64784179546e-05
333	1.75190177959e-05
334	1.75542152344e-05
335	3.05232025723e-05
336	1.52005760321e-05
337	2.99290692534e-05
338	1.7146242523e-05
339	3.0199403912e-05
340	1.86462893783e-05
341	2.90111835654e-05
342	1.82095007917e-05
343	2.87613882289e-05
344	1.97276731329e-05
345	1.88175012496e-05
346	1.83518695444e-05
347	2.96497110764e-05
348	1.95985628609e-05
349	1.87586026596e-05
350	1.92272946927e-05
351	2.12246641943e-05
352	2.43481570029e-05
353	2.78592253163e-05
354	1.86718664267e-05
355	2.06231937049e-05
356	2.73594259477e-05
357	2.09416738597e-05
358	2.7112349707e-05
359	1.78889428168e-05
360	2.64733610472e-05
361	1.90159975277e-05
362	2.03385483978e-05
363	1.97991690168e-05
364	1.89389459851e-05
365	2.71333155074e-05
366	2.07477649032e-05
367	2.13869229067e-05
368	1.82542772381e-05
369	1.86198196326e-05
370	1.63583677808e-05
371	2.69315288628e-05
372	1.76280460062e-05
373	1.66061527983e-05
374	2.72002094921e-05
375	2.00160054116e-05
376	1.81819780356e-05
377	1.70690812072e-05
378	2.63987922262e-05
379	1.94735271279e-05
380	2.16127003622e-05
381	2.09377954925e-05
382	2.04956790002e-05
383	2.06851072055e-05
384	2.15415099659e-05
385	2.04506050094e-05
386	2.08269523366e-05
387	2.09635550996e-05
388	2.10531643264e-05
389	2.10691816955e-05
390	2.08966081047e-05
391	2.0961412929e-05
392	2.09650584617e-05
393	2.08935258676e-05
394	2.08205316213e-05
395	2.06130571165e-05
396	2.02492808162e-05
397	1.84698290586e-05
398	2.75132772582e-05
399	2.21314249566e-05
400	1.9719447916e-05
401	1.94257645381e-05
402	2.59754407084e-05
403	2.57369888841e-05
404	1.92149098876e-05
405	2.12010671644e-05
406	2.22598106931e-05
407	1.86299966288e-05
408	1.89777443413e-05
409	2.34677297834e-05
410	2.11521242172e-05
411	2.36603446374e-05
412	1.69070741492e-05
413	1.89462080784e-05
414	1.94574204514e-05
415	2.42677298663e-05
416	2.174197475e-05
417	1.94161630093e-05
418	1.89683927849e-05
419	2.06842690442e-05
420	2.25258068185e-05
421	3.96777639383e-05
422	2.89454359458e-05
423	2.34504834159e-05
424	2.26718467108e-05
425	2.19634941105e-05
426	2.29078182343e-05
427	2.58012372003e-05
428	1.66912403762e-05
429	2.01266713557e-05
430	1.98380772943e-05
431	2.02384256331e-05
432	2.03382208459e-05
433	2.05119557089e-05
434	1.81085760565e-05
435	2.48549767273e-05
436	2.15712476648e-05
437	2.05518460503e-05
438	1.92912976237e-05
439	2.36438791922e-05
440	1.6407030855e-05
441	1.48825132952e-05
442	1.66999219545e-05
443	1.89534391935e-05
444	2.19534618351e-05
445	1.75828587824e-05
446	1.48623275996e-05
447	2.04720633398e-05
448	1.86118965174e-05
449	1.93771893975e-05
450	1.78638912784e-05
451	2.03504920545e-05
452	1.88157929168e-05
453	1.89419973986e-05
454	1.97705494191e-05
455	1.99440885473e-05
456	2.04598927118e-05
457	2.07808658911e-05
458	2.13046577258e-05
459	2.14982798122e-05
460	2.1497229507e-05
461	2.12407209359e-05
462	2.08715348848e-05
463	2.0410938713e-05
464	1.99061071103e-05
465	1.93961758834e-05
466	1.89319091496e-05
467	1.84841007768e-05
468	1.8146244691e-05
469	1.79447055429e-05
470	1.79216413448e-05
471	1.80049129367e-05
472	1.82289066316e-05
473	1.84056388432e-05
474	1.86286892741e-05
475	1.87569525667e-05
476	1.88750461771e-05
477	1.89222806547e-05
478	1.89118896785e-05
479	2.86093101681e-05
480	1.86241892501e-05
481	1.83233934083e-05
482	1.76728139473e-05
483	3.10754835155e-05
484	2.04623715507e-05
485	1.86287877039e-05
486	1.63521294961e-05
487	1.47982825956e-05
488	2.29756859641e-05
489	1.73747617128e-05
490	1.48028397495e-05
491	2.27780094399e-05
492	1.30547195158e-05
493	1.72162678736e-05
494	1.51008131454e-05
495	1.76924956926e-05
496	1.52582180869e-05
497	1.68366085192e-05
498	1.57205753595e-05
499	1.67116955463e-05
500	1.60139243003e-05
501	1.7080854031e-05
502	1.68242492232e-05
503	1.79118158586e-05
504	1.77410663352e-05
505	1.89595046511e-05
506	1.85586837941e-05
507	1.99446702833e-05
508	1.94727159715e-05
509	2.07948119435e-05
510	1.96749401197e-05
511	2.12173051184e-05
512	1.93963551299e-05
513	2.10752118738e-05
514	1.87183032468e-05
515	2.05096046178e-05
516	1.77929644838e-05
517	1.93197897814e-05
518	1.59675716731e-05
519	2.80078049829e-05
520	2.1997823587e-05
521	2.90626085841e-05
522	2.46353797593e-05
523	1.73679023915e-05
524	1.78553951801e-05
525	2.00048847717e-05
526	2.42684316492e-05
527	1.55559771056e-05
528	1.63252310932e-05
529	1.40980281478e-05
530	2.06370335863e-05
531	2.05653870838e-05
532	2.21287146215e-05
533	1.58788129242e-05
534	2.02858030103e-05
535	1.7948103632e-05
536	2.03536087748e-05
537	1.63524369816e-05
538	1.3118152252e-05
539	1.34336303993e-05
540	1.332270782e-05
541	1.3444423969e-05
542	1.35224163089e-05
543	1.35629764765e-05
544	1.35567284555e-05
545	1.35071877662e-05
546	1.22893482937e-05
547	2.58091861299e-05
548	1.64038562478e-05
549	1.42196541976e-05
550	1.51205014004e-05
551	1.41749750304e-05
552	1.62917851613e-05
553	1.44845589976e-05
554	1.73267976942e-05
555	1.49426374028e-05
556	1.21931336702e-05
557	1.21260925514e-05
558	1.22368364695e-05
559	1.23369229073e-05
560	1.24023164257e-05
561	1.25239355647e-05
562	1.2515992731e-05
563	1.23909047848e-05
564	1.22363315081e-05
565	1.21094709906e-05
566	1.20263011566e-05
567	1.19821390209e-05
568	1.19458352098e-05
569	2.61003342108e-05
570	1.39282739927e-05
571	1.30822686267e-05
572	1.54811620614e-05
573	1.16027568264e-05
574	1.06210152387e-05
575	1.48292215908e-05
576	1.29895821244e-05
577	1.72731389475e-05
578	1.08719860835e-05
579	1.1061121618e-05
580	1.45921723449e-05
581	2.04244876007e-05
582	1.25801941635e-05
583	1.66103234169e-05
584	2.02904287399e-05
585	1.12556998009e-05
586	1.37563937627e-05
587	1.34409036966e-05
588	2.65514170333e-05
589	2.32374450109e-05
590	2.08249238308e-05
591	1.56716174338e-05
592	1.58072387878e-05
593	1.72601595419e-05
594	1.94550903293e-05
595	2.12468961169e-05
596	1.08690082324e-05
597	1.27722131559e-05
598	8.3360388193e-06
599	1.44810770853e-05
600	1.85836292417e-05
601	1.11203221426e-05
602	1.9640726775e-05
603	2.30280611648e-05
604	2.22908517361e-05
605	1.96701824675e-05
606	1.41680962956e-05
607	1.50217174412e-05
608	1.62584251111e-05
609	1.77272950441e-05
610	1.85021151987e-05
611	1.8384503411e-05
612	1.79152023874e-05
613	1.74115252047e-05
614	1.69716520788e-05
615	2.30750420158e-05
616	2.29223515629e-05
617	1.62515853675e-05
618	1.46595938538e-05
619	1.36835921276e-05
620	1.35200588377e-05
621	1.32975184738e-05
622	1.95849897344e-05
623	1.32546764787e-05
624	1.91129775406e-05
625	1.37206500378e-05
626	1.08753056435e-05
627	1.25705423723e-05
628	1.39441912472e-05
629	1.76617518385e-05
630	2.07446169566e-05
631	2.10919791396e-05
632	1.02989615999e-05
633	1.5425700385e-05
634	1.81127007711e-05
635	2.07793870216e-05
636	1.70933675449e-05
637	1.70745482746e-05
638	1.96672610237e-05
639	2.0484762051e-05
640	2.05289613841e-05
641	1.93537174317e-05
642	1.86139530545e-05
643	1.84973597576e-05
644	1.84044220646e-05
645	2.15539805345e-05
646	2.1366650706e-05
647	1.40437472854e-05
648	1.29192838539e-05
649	1.3120005209e-05
650	1.21384292707e-05
651	1.33892397138e-05
652	1.28787274403e-05
653	2.0082463773e-05
654	1.79404014997e-05
655	1.16549224399e-05
656	1.53822908465e-05
657	1.25720225078e-05
658	1.4356801934e-05
659	1.19207896931e-05
660	1.34801055852e-05
661	1.29062319508e-05
662	1.30846149513e-05
663	1.36869522099e-05
664	1.41770959044e-05
665	1.4821530624e-05
666	1.5466910875e-05
667	1.31004486972e-05
668	1.30331527999e-05
669	1.47066651566e-05
670	1.69722519873e-05
671	1.94572331679e-05
672	9.66244641824e-06
673	9.5602660889e-06
674	1.21441251238e-05
675	9.18865167054e-06
676	1.02165621523e-05
677	1.11436249847e-05
678	1.19817975339e-05
679	1.43943693721e-05
680	1.75569479087e-05
681	1.96999308286e-05
682	8.71109376156e-06
683	1.1745876586e-05
684	1.20193091406e-05
685	1.37145701183e-05
686	1.36350199729e-05
687	1.60486479504e-05
688	1.74981326286e-05
689	1.84565409721e-05
690	8.4415148979e-06
691	1.14529250571e-05
692	1.19931503128e-05
693	1.57565062447e-05
694	1.68030460108e-05
695	8.23265772993e-06
696	1.83014131329e-05
697	9.08618101185e-06
698	1.78249812442e-05
699	1.67593622938e-05
700	1.26917711072e-05
701	1.1928184432e-05
702	1.32231482376e-05
703	1.66643967159e-05
704	1.88883345696e-05
705	1.63067116034e-05
706	1.4501265978e-05
707	1.22620009407e-05
708	1.27424814375e-05
709	1.33504817444e-05
710	1.35951936411e-05
711	1.38302659038e-05
712	1.40697541366e-05
713	1.38263161197e-05
714	1.44974544222e-05
715	1.58534363348e-05
716	1.69665315634e-05
717	1.78178677523e-05
718	1.82783773801e-05
719	1.8194412522e-05
720	1.8017556063e-05
721	1.8572344273e-05
722	1.86481498686e-05
723	7.79061226392e-06
724	1.09311491362e-05
725	1.5338840312e-05
726	1.73991842469e-05
727	1.15530623828e-05
728	1.79334123959e-05
729	1.78072585063e-05
730	1.6865784889e-05
731	1.61864087367e-05
732	1.53961760316e-05
733	1.43745714772e-05
734	1.56629100741e-05
735	1.62933455635e-05
736	1.59154242358e-05
737	1.59593024613e-05
738	1.59914601925e-05
739	1.63429322058e-05
740	1.54646096649e-05
741	1.38728928906e-05
742	1.19948530898e-05
743	9.35366957992e-06
744	9.04204627039e-06
745	1.08227570872e-05
746	1.18521641813e-05
747	1.16204647715e-05
748	1.16071896311e-05
749	1.16517553125e-05
750	1.13319196927e-05
751	1.09661269877e-05
752	1.08037523904e-05
753	1.08583994649e-05
754	1.10165463057e-05
755	1.12263609164e-05
756	1.15615440369e-05
757	1.18935574218e-05
758	1.20842109907e-05
759	1.19789206035e-05
760	1.15524401332e-05
761	1.06937556056e-05
762	9.67557103965e-06
763	8.65140384628e-06
764	7.70819712212e-06
765	1.53098413375e-05
766	8.83230541967e-06
767	1.49357938817e-05
768	7.80441141757e-06
769	1.3854217271e-05
770	1.09408753342e-05
771	1.02990150064e-05
772	7.50134881279e-06
773	1.47741222088e-05
774	8.75078900783e-06
775	8.14617161596e-06
776	6.90320378885e-06
777	1.34895657519e-05
778	8.89639124094e-06
779	7.53394905672e-06
780	6.90009862065e-06
781	7.17378717602e-06
782	7.84020288004e-06
783	8.70032691539e-06
784	9.29018328815e-06
785	9.46727563319e-06
786	9.36634725172e-06
787	8.33550347224e-06
788	6.66381538631e-06
789	1.38878354201e-05
790	7.18664581835e-06
791	1.20245910311e-05
792	7.45485285147e-06
793	9.63168402232e-06
794	6.4270470933e-06
795	6.5849477742e-06
796	1.25901273581e-05
797	1.22197789516e-05
798	6.91285033834e-06
799	1.08686628963e-05
800	6.79565686478e-06
801	1.00298341413e-05
802	1.25492765036e-05
803	7.25050821256e-06
804	1.04560978189e-05
805	1.34448612679e-05
806	7.30191869038e-06
807	1.10118894636e-05
808	5.83806794608e-06
809	6.92023420327e-06
810	5.75800998082e-06
811	8.52584934907e-06
812	6.73843356187e-06
813	1.01806406863e-05
814	5.81852372186e-06
815	1.16950721726e-05
816	6.0290894175e-06
817	1.1599228602e-05
818	6.4281359584e-06
819	9.7579386875e-06
820	1.21171132914e-05
821	6.17160242036e-06
822	1.11244641906e-05
823	1.22819205766e-05
824	5.65305528614e-06
825	5.8187287382e-06
826	1.0836657869e-05
827	5.84440457777e-06
828	6.09874538405e-06
829	1.12255064162e-05
830	5.96490495003e-06
831	7.06477819781e-06
832	6.16670749233e-06
833	9.73268177791e-06
834	6.46663969433e-06
835	6.28274539546e-06
836	1.12477625613e-05
837	1.10438892079e-05
838	6.27418755694e-06
839	6.54643407058e-06
840	5.17653040693e-06
841	7.09261007089e-06
842	6.11007029617e-06
843	8.18176431205e-06
844	6.54780436106e-06
845	8.04715682389e-06
846	6.01312714489e-06
847	7.11070654682e-06
848	5.34492914025e-06
849	6.84810419242e-06
850	5.02601202024e-06
851	7.85501985532e-06
852	6.50882326973e-06
853	8.62584360898e-06
854	6.10082407622e-06
855	7.52123719875e-06
856	6.07080527435e-06
857	8.47285381616e-06
858	6.0304667831e-06
859	9.23338081439e-06
860	6.15861866877e-06
861	4.56880488266e-06
862	9.80589628524e-06
863	3.89564532757e-06
864	9.82091146033e-06
865	4.15723262117e-06
866	3.87325511073e-06
867	9.3296378227e-06
868	3.90301936373e-06
869	3.92742908061e-06
870	8.50651413645e-06
871	9.21319223954e-06
872	9.14073514949e-06
873	5.40212368174e-06
874	8.13557144255e-06
875	4.47981947414e-06
876	8.61986232084e-06
877	3.76541875603e-06
878	8.55798053526e-06
879	3.98808796199e-06
880	8.88995116501e-06
881	4.29715157718e-06
882	8.66614056882e-06
883	4.38495800365e-06
884	7.71486601191e-06
885	8.66843230786e-06
886	8.66761648379e-06
887	4.54591360836e-06
888	7.62933492905e-06
889	3.79940917851e-06
890	6.72630119553e-06
891	8.08735804126e-06
892	3.9878564835e-06
893	7.3654053685e-06
894	3.67530416516e-06
895	7.71234310915e-06
896	3.69491538399e-06
897	7.31822778005e-06
898	3.7089277676e-06
899	6.98861528359e-06
900	3.66761326489e-06
901	6.85143405822e-06
902	3.48489485925e-06
903	6.80086056441e-06
904	3.30290009846e-06
905	6.5549800464e-06
906	7.57946969173e-06
907	3.88414813118e-06
908	6.7708037648e-06
909	3.40610475732e-06
910	6.38637266644e-06
911	3.20929323081e-06
912	6.45618625688e-06
913	3.27340400241e-06
914	6.31668390727e-06
915	3.32634945668e-06
916	6.10547136301e-06
917	7.34783596658e-06
918	3.43197641457e-06
919	6.15979384734e-06
920	6.93556166011e-06
921	3.13294422468e-06
922	6.48346739438e-06
923	2.82922124943e-06
924	6.05769445686e-06
925	2.95965336366e-06
926	6.05611834465e-06
927	2.87893847114e-06
928	6.17223371221e-06
929	2.82928520555e-06
930	6.04357471751e-06
931	4.01405662675e-06
932	6.26378440243e-06
933	2.8533884464e-06
934	5.23739352323e-06
935	5.06808041654e-06
936	4.92866863297e-06
937	5.3163669625e-06
938	5.49785033254e-06
939	5.80052392447e-06
940	6.24305966685e-06
941	6.28875955338e-06
942	3.1226195717e-06
943	5.41212325534e-06
944	5.56182195893e-06
945	6.23143340544e-06
946	3.0621686174e-06
947	4.63814952969e-06
948	5.0164059242e-06
949	4.99616629365e-06
950	5.36969060982e-06
951	5.88521886559e-06
952	3.15295706721e-06
953	5.43038120755e-06
954	5.71377020492e-06
955	5.95373101115e-06
956	2.77593595634e-06
957	4.54740763367e-06
958	2.78701968125e-06
959	5.56796971668e-06
960	2.82086158105e-06
961	5.11996908344e-06
962	2.82818157197e-06
963	5.45631327197e-06
964	2.74342791857e-06
965	2.49865114614e-06
966	5.28284795915e-06
967	2.56682085797e-06
968	2.37319230173e-06
969	5.23877703777e-06
970	2.4456529508e-06
971	2.29967818335e-06
972	5.16431004944e-06
973	2.59024855768e-06
974	2.48322023261e-06
975	2.35807836263e-06
976	5.05161316902e-06
977	2.62173354987e-06
978	2.45749335283e-06
979	2.26709684356e-06
980	4.81326823228e-06
981	2.62652576253e-06
982	2.39847146475e-06
983	2.28387823658e-06
984	4.41120838434e-06
985	2.43445672452e-06
986	2.30602149843e-06
987	2.27313444065e-06
988	4.62729119298e-06
989	2.54964958021e-06
990	2.16916320042e-06
991	2.07078671556e-06
992	4.54359827566e-06
993	2.5022476445e-06
994	2.23246162355e-06
995	1.88720316187e-06
996	4.31129029486e-06
997	2.42323867145e-06
998	2.29793676712e-06
999	2.13370006511e-06
1000	2.07398557934e-06
1001	2.08827216531e-06
1002	2.02750430389e-06
1003	1.94363322915e-06
1004	1.98855725605e-06
1005	1.980407634e-06
1006	1.94624998731e-06
1007	2.03011652273e-06
1008	2.02860502489e-06
1009	1.87514605524e-06
1010	1.77728249296e-06
1011	1.85661391041e-06
1012	1.86292690909e-06
1013	1.7813637806e-06
1014	1.82061174272e-06
1015	1.96216419605e-06
1016	1.75079264338e-06
1017	1.71330508975e-06
1018	1.82025531666e-06
1019	1.69441561166e-06
1020	1.58333523084e-06
1021	1.56621254685e-06
1022	1.47990147934e-06
1023	1.41845937949e-06
1024	1.37752835715e-06
1025	1.39049224963e-06
1026	1.34896711362e-06
1027	2.14159330411e-06
1028	2.223218055e-06
1029	1.47575980659e-06
1030	1.37043224607e-06
1031	2.10207984004e-06
1032	2.23741659205e-06
1033	1.48009619377e-06
1034	2.32281892442e-06
1035	1.53732731349e-06
1036	1.67781862571e-06
1037	2.89657997214e-06
1038	2.2892524976e-06
1039	2.22989541532e-06
1040	2.07436235202e-06
1041	2.03097757519e-06
1042	2.02395630314e-06
1043	2.02209563025e-06
1044	2.01962505603e-06
1045	2.0130266898e-06
1046	2.0054729428e-06
1047	1.99515556026e-06
1048	1.98608677029e-06
1049	1.97826773706e-06
1050	1.97133774076e-06
1051	1.96493167271e-06
1052	1.95889310233e-06
1053	1.95309939812e-06
1054	1.94742045011e-06
1055	1.94171273374e-06
1056	1.93591404471e-06
1057	1.93006233735e-06
1058	1.92424858863e-06
1059	1.91862072836e-06
1060	1.91327747857e-06
1061	1.9082886559e-06
1062	1.90370202441e-06
1063	1.89952290031e-06
1064	1.89571015064e-06
1065	1.89216633207e-06
1066	1.88882570671e-06
1067	1.88561922261e-06
1068	1.88246848942e-06
1069	1.87930926042e-06
1070	1.60645798422e-06
1071	1.96802112279e-06
1072	1.88682215233e-06
1073	1.56258259207e-06
1074	1.917127828e-06
1075	1.56705349874e-06
1076	1.90732925638e-06
1077	1.5569354073e-06
1078	1.89219120739e-06
1079	1.54922221095e-06
1080	1.88148512007e-06
1081	1.54067526158e-06
1082	1.86969417959e-06
1083	1.53149485109e-06
1084	1.85725625684e-06
1085	1.52264879184e-06
1086	1.95572824212e-06
1087	1.88442114425e-06
1088	1.53324680729e-06
1089	1.83648962664e-06
1090	1.47880362082e-06
1091	1.78862290881e-06
1092	1.48434258006e-06
1093	1.80272045914e-06
1094	1.48290446639e-06
1095	1.79378775455e-06
1096	1.47500341276e-06
1097	1.7793972471e-06
1098	1.46674902712e-06
1099	2.37709969503e-06
1100	2.00677478802e-06
1101	1.4468780911e-06
1102	2.54633512639e-06
1103	1.88983342001e-06
1104	1.4323670255e-06
1105	2.58441821946e-06
1106	1.89305849355e-06
1107	1.42124899861e-06
1108	2.24362221101e-06
1109	1.89891822185e-06
1110	1.41668673293e-06
1111	2.22435172791e-06
1112	1.87341536192e-06
1113	1.40254497946e-06
1114	2.19647214307e-06
1115	1.85189813735e-06
1116	1.39040517859e-06
1117	2.16648189287e-06
1118	1.82781304852e-06
1119	1.37827570884e-06
1120	2.14448400122e-06
1121	1.80394723175e-06
1122	1.36854790221e-06
1123	2.12408087881e-06
1124	1.78349574112e-06
1125	1.36008576853e-06
1126	2.10529747557e-06
1127	1.76211243896e-06
1128	1.35075533293e-06
1129	2.08627634294e-06
1130	1.74353162615e-06
1131	1.34055402652e-06
1132	2.06738702421e-06
1133	1.72514622159e-06
1134	1.3300605855e-06
1135	2.04845456509e-06
1136	1.70763689443e-06
1137	1.31996440016e-06
1138	2.02938672897e-06
1139	1.68961115929e-06
1140	1.31008218191e-06
1141	2.01484632495e-06
1142	1.66982890975e-06
1143	1.29967567101e-06
1144	1.99143275097e-06
1145	1.63706000281e-06
1146	1.29276824385e-06
1147	1.97148232851e-06
1148	2.29652352754e-06
1149	1.73250826196e-06
1150	1.24399059765e-06
1151	1.86480847869e-06
1152	2.14745309205e-06
1153	1.6644939387e-06
1154	1.24171880274e-06
1155	1.86991265371e-06
1156	2.14358934079e-06
1157	1.63762692752e-06
1158	2.46977039448e-06
1159	1.70533982927e-06
1160	2.40794116551e-06
1161	1.63586602535e-06
1162	2.36808323952e-06
1163	1.61235827083e-06
1164	2.35803221127e-06
1165	1.60135884578e-06
1166	2.34169735635e-06
1167	1.58651469594e-06
1168	2.32078299043e-06
1169	1.57146173768e-06
1170	2.30045278726e-06
1171	1.55742671035e-06
1172	2.2808924777e-06
1173	1.54405556877e-06
1174	2.26157238256e-06
1175	1.53360931382e-06
1176	2.24416674198e-06
1177	1.16342140396e-06
1178	1.70925475998e-06
1179	1.78382515334e-06
1180	1.9065291063e-06
1181	2.03640100126e-06
1182	2.10930058308e-06
1183	1.88226414247e-06
1184	2.2421436427e-06
1185	1.15141427573e-06
1186	1.69112576711e-06
1187	1.75329183516e-06
1188	1.85218492339e-06
1189	1.95646710567e-06
1190	2.02664577523e-06
1191	2.05232399004e-06
1192	2.03345966286e-06
1193	1.99109519504e-06
1194	1.94972111984e-06
1195	1.92444875703e-06
1196	1.91664499e-06
1197	1.91832382231e-06
1198	1.92151878706e-06
1199	1.92128927827e-06
1200	1.91603993583e-06
1201	1.90710205713e-06
1202	1.89677917179e-06
1203	1.88688244017e-06
1204	1.87802929181e-06
1205	1.86988606227e-06
1206	1.86173235751e-06
1207	1.85301797549e-06
1208	1.84358680732e-06
1209	1.83364407277e-06
1210	1.82355748101e-06
1211	1.81367121998e-06
1212	1.80418748667e-06
1213	1.79514101992e-06
1214	1.78650910314e-06
1215	1.77824517427e-06
1216	1.77032653784e-06
1217	1.76275963392e-06
1218	1.75556390803e-06
1219	1.74872957274e-06
1220	1.74220380842e-06
1221	1.73589462469e-06
1222	1.72969703237e-06
1223	1.7235324969e-06
1224	1.71733014159e-06
1225	1.71105131765e-06
1226	1.70468937387e-06
1227	1.69826124793e-06
1228	1.69178999363e-06
1229	1.68530247332e-06
1230	1.67881931482e-06
1231	1.67232966542e-06
1232	1.66580572335e-06
1233	1.65921717707e-06
1234	1.65252690491e-06
1235	1.64570673854e-06
1236	1.63874571038e-06
1237	1.63165381908e-06
1238	1.62442587673e-06
1239	1.61710161828e-06
1240	1.60972177211e-06
1241	1.60231542586e-06
1242	1.59494495509e-06
1243	1.58762675846e-06
1244	1.58037684093e-06
1245	1.57319816863e-06
1246	1.56610079178e-06
1247	1.55909823361e-06
1248	1.55220418709e-06
1249	1.54541463512e-06
1250	1.538814003e-06
1251	1.53209496029e-06
1252	1.52539973278e-06
1253	1.51877439487e-06
1254	1.51223713662e-06
1255	1.50580291702e-06
1256	1.49950441502e-06
1257	1.49335152919e-06
1258	1.48734107459e-06
1259	1.48144800467e-06
1260	1.47776341948e-06
1261	1.47143090755e-06
1262	1.46550434043e-06
1263	1.45988495368e-06
1264	1.45444868204e-06
1265	1.44910197994e-06
1266	1.44381331826e-06
1267	1.43859024328e-06
1268	1.43346851735e-06
1269	1.42846564699e-06
1270	1.42357825794e-06
1271	1.41901653656e-06
1272	1.41442644042e-06
1273	1.40993181877e-06
1274	1.40554907041e-06
1275	1.40128486248e-06
1276	1.39715619143e-06
1277	1.39316657168e-06
1278	1.38931337511e-06
1279	1.38558493241e-06
1280	1.38201234513e-06
1281	1.37861608514e-06
1282	1.3753670265e-06
1283	1.37225382179e-06
1284	1.36947716767e-06
1285	1.36659760741e-06
1286	1.36384923135e-06
1287	1.36119043451e-06
1288	1.358625879e-06
1289	1.35615182111e-06
1290	1.35376492911e-06
1291	1.35144001831e-06
1292	1.34918037845e-06
1293	1.34694863545e-06
1294	1.34475277174e-06
1295	1.34257611799e-06
1296	1.34041407968e-06
1297	1.3382613487e-06
1298	1.33611055847e-06
1299	1.33395815241e-06
1300	1.33179518032e-06
1301	1.3296027781e-06
1302	1.32737332057e-06
1303	1.32509867003e-06
1304	1.32276044919e-06
1305	1.32035712035e-06
1306	1.31787886668e-06
1307	1.31534202721e-06
1308	1.31276819318e-06
1309	1.3101685201e-06
1310	1.30755989691e-06
1311	1.30498257438e-06
1312	1.30247163747e-06
1313	1.30003367463e-06
1314	1.29769259854e-06
1315	1.29549655862e-06
1316	1.29330571055e-06
1317	1.29145886641e-06
1318	1.28980618585e-06
1319	1.28881930831e-06
1320	1.28746988917e-06
1321	1.28632139e-06
1322	1.28527940188e-06
1323	1.28436685512e-06
1324	1.28355175681e-06
1325	1.28281282656e-06
1326	1.28213439503e-06
1327	1.28148434633e-06
1328	1.28085324141e-06
1329	1.2802403465e-06
1330	1.27965365369e-06
1331	1.279103934e-06
1332	1.27861008133e-06
1333	1.27820124931e-06
1334	1.27789880082e-06
1335	1.27770535924e-06
1336	1.277624901e-06
1337	1.27766096948e-06
1338	1.27780600096e-06
1339	1.27806249072e-06
1340	1.27842354793e-06
1341	1.27885914599e-06
1342	1.27935471397e-06
1343	1.27988809199e-06
1344	1.2804256348e-06
1345	1.280944487e-06
1346	1.28144107149e-06
1347	1.28190858376e-06
1348	1.2823387232e-06
1349	1.28273260463e-06
1350	1.28310802568e-06
1351	1.28348013019e-06
1352	1.283886528e-06
1353	1.28435398146e-06
1354	1.28490282877e-06
1355	1.28557069394e-06
1356	1.28637602354e-06
1357	1.287313176e-06
1358	1.2883830524e-06
1359	1.28958962941e-06
1360	1.29093401165e-06
1361	1.29240596841e-06
1362	1.29398878819e-06
1363	1.29566631919e-06
1364	1.29741251652e-06
1365	1.29920914155e-06
1366	1.3010312871e-06
1367	1.30285056908e-06
1368	1.3046644393e-06
1369	1.30646558644e-06
1370	1.37852097599e-06
1371	1.71850668285e-06
1372	1.81356396225e-06
1373	1.22798595011e-06
1374	1.51134478097e-06
1375	1.74042871545e-06
1376	1.07668443044e-06
1377	1.49191098658e-06
1378	1.73817903822e-06
1379	1.07485964646e-06
1380	1.48402107041e-06
1381	1.72428756681e-06
1382	1.08871402289e-06
1383	1.46641184668e-06
1384	1.71512395459e-06
1385	1.07872611975e-06
1386	1.46805284073e-06
1387	1.71490739533e-06
1388	1.05217631998e-06
1389	1.47194784376e-06
1390	1.70856817377e-06
1391	1.03408180578e-06
1392	1.46445176924e-06
1393	1.69841174487e-06
1394	1.02544829205e-06
1395	1.45684505093e-06
1396	1.6898389154e-06
1397	1.01801273199e-06
1398	1.45507436468e-06
1399	1.68389958482e-06
1400	8.60092467939e-07
1401	1.47512303065e-06
1402	1.68514801385e-06
1403	8.62817083071e-07
1404	1.46895890259e-06
1405	1.67732262607e-06
1406	8.65399034363e-07
1407	1.68791791087e-06
1408	1.12403326371e-06
1409	1.56872204952e-06
1410	1.00960353957e-06
1411	1.54467200308e-06
1412	1.20592889403e-06
1413	1.60351456389e-06
1414	8.8055632478e-07
1415	1.53851291336e-06
1416	1.22361543186e-06
1417	1.59982903129e-06
1418	8.98186419726e-07
1419	1.54018430449e-06
1420	1.24081997676e-06
1421	1.59608288929e-06
1422	9.15564632208e-07
1423	1.53988631036e-06
1424	1.26930349824e-06
1425	1.61530957523e-06
1426	1.45970124595e-06
1427	1.61532628305e-06
1428	9.53597865122e-07
1429	1.5509650032e-06
1430	1.26996408743e-06
1431	1.62463770988e-06
1432	1.60410664475e-06
1433	1.27339626678e-06
1434	1.59221330395e-06
1435	9.65975572178e-07
1436	1.55133304447e-06
1437	1.59641139663e-06
1438	1.23005971422e-06
1439	7.909061455e-07
1440	1.54449074483e-06
1441	1.56742803282e-06
1442	1.29344161415e-06
1443	8.62363338309e-07
1444	1.53543542635e-06
1445	1.55768661106e-06
1446	1.51625088695e-06
1447	1.28657201397e-06
1448	8.68511285145e-07
1449	1.53466380437e-06
1450	1.55175327273e-06
1451	1.50861394631e-06
1452	1.30143806483e-06
1453	8.23548098946e-07
1454	1.53092715394e-06
1455	1.54304367013e-06
1456	1.49935071605e-06
1457	1.48913539856e-06
1458	1.30670391856e-06
1459	8.78195633853e-07
1460	1.51451122349e-06
1461	1.53078375062e-06
1462	1.4895991144e-06
1463	1.47815241141e-06
1464	1.47829876996e-06
1465	1.47847912046e-06
1466	1.33732602407e-06
1467	1.54907861904e-06
1468	1.13942124847e-06
1469	1.49218875054e-06
1470	1.53067768147e-06
1471	1.47156502197e-06
1472	1.46162779787e-06
1473	1.46007531829e-06
1474	1.46219665528e-06
1475	1.46333882843e-06
1476	1.46368176866e-06
1477	1.46357209276e-06
1478	1.46434267423e-06
1479	1.4627048851e-06
1480	1.46150628621e-06
1481	1.45960429184e-06
1482	1.45715991856e-06
1483	1.45430816704e-06
1484	1.45121966838e-06
1485	1.44801605993e-06
1486	1.44479685598e-06
1487	1.44164491788e-06
1488	1.43863198696e-06
1489	1.4358029304e-06
1490	1.43318259299e-06
1491	1.43077105094e-06
1492	1.42855317658e-06
1493	1.42649121889e-06
1494	4.12050982245e-06
1495	3.03089251826e-06
1496	2.88064732991e-06
1497	3.09799715448e-06
1498	3.06856513352e-06
1499	2.66804731037e-06
1500	2.06058158242e-06
1501	1.45424403442e-06
1502	1.86898655336e-06
1503	9.17524473234e-07
1504	1.54140921718e-06
1505	1.66212394372e-06
1506	1.28768148971e-06
1507	9.8670759248e-07
1508	7.9407235769e-07
1509	8.80191454243e-07
1510	7.29599356165e-07
1511	7.25795529126e-07
1512	7.37830293002e-07
1513	1.46039929147e-06
1514	1.44506390258e-06
1515	1.36101483661e-06
1516	1.32903858913e-06
1517	1.31046608843e-06
1518	1.29885988221e-06
1519	1.29239753477e-06
1520	1.2116554208e-06
1521	8.01964896514e-07
1522	1.24057666533e-06
1523	1.29730253297e-06
1524	9.48783629074e-07
1525	1.27094380116e-06
1526	9.11676122858e-07
1527	7.43719438022e-07
1528	1.23491332663e-06
1529	1.24406473412e-06
1530	1.13439738054e-06
1531	7.37780762645e-07
1532	6.9175885852e-07
1533	1.30047540647e-06
1534	6.84441508446e-07
1535	1.28217820418e-06
1536	6.96159132689e-07
1537	1.2766181726e-06
1538	6.97771558565e-07
1539	1.27195526791e-06
1540	6.97473425428e-07
1541	1.2330611567e-06
1542	8.88321163023e-07
1543	1.2280193712e-06
1544	1.00548396033e-06
1545	6.93676416934e-07
1546	1.15917572505e-06
1547	1.16739352225e-06
1548	1.22013792571e-06
1549	1.24708825003e-06
1550	1.05838749703e-06
1551	7.09608719923e-07
1552	1.2482108374e-06
1553	1.22505214602e-06
1554	1.22388496721e-06
1555	1.20872510303e-06
1556	1.21610229832e-06
1557	1.22342114045e-06
1558	1.01578436021e-06
1559	1.15453097405e-06
1560	1.14287365242e-06
1561	1.16721229245e-06
1562	1.18154492404e-06
1563	1.19432977954e-06
1564	1.20342064495e-06
1565	9.07528722546e-07
1566	6.50675461631e-07
1567	1.17910501785e-06
1568	1.0335321993e-06
1569	1.0923950778e-06
1570	1.16674649397e-06
1571	1.18397130787e-06
1572	1.19800822033e-06
1573	9.01700886445e-07
1574	6.35326114957e-07
1575	1.15939452188e-06
1576	1.00756620698e-06
1577	1.06287114591e-06
1578	1.14081096622e-06
1579	1.14832983757e-06
1580	1.16189726049e-06
1581	1.16540748312e-06
1582	1.16421124726e-06
1583	1.16525755448e-06
1584	1.15813932003e-06
1585	1.15056241819e-06
1586	1.14329305288e-06
1587	1.13622372738e-06
1588	1.12921086505e-06
1589	1.12277567679e-06
1590	1.11719453595e-06
1591	1.1125340598e-06
1592	1.10870390763e-06
1593	1.10554885362e-06
1594	1.10290497032e-06
1595	1.10061689591e-06
1596	1.09853943962e-06
1597	1.09653321954e-06
1598	1.09446974072e-06
1599	1.09223675312e-06
1600	1.08974518992e-06
1601	1.08694065193e-06
1602	1.08378356417e-06
1603	1.08027372888e-06
1604	1.07644718306e-06
1605	1.07236859388e-06
1606	1.06812608912e-06
1607	1.06381492113e-06
1608	1.05952634693e-06
1609	1.05533888929e-06
1610	1.05130949515e-06
1611	1.04746914631e-06
1612	1.04382283483e-06
1613	1.04035561202e-06
1614	1.03703048189e-06
1615	1.03379989417e-06
1616	1.13084096561e-06
1617	1.04814197677e-06
1618	1.05267723394e-06
1619	1.04907328163e-06
1620	1.04464311309e-06
1621	1.03711105588e-06
1622	1.02741661346e-06
1623	1.11454180909e-06
1624	1.02603848611e-06
1625	1.02362204338e-06
1626	1.01458780698e-06
1627	1.10528863666e-06
1628	1.01815908701e-06
1629	1.01688895854e-06
1630	1.09965694618e-06
1631	1.0200168016e-06
1632	1.01521914628e-06
1633	1.09386373889e-06
1634	1.01430410988e-06
1635	1.00673530544e-06
1636	1.08873489709e-06
1637	1.00127112993e-06
1638	1.08712313431e-06
1639	1.00009768744e-06
1640	1.08291711376e-06
1641	9.99265073262e-07
1642	1.07640066257e-06
1643	9.96323162777e-07
1644	1.07186447338e-06
1645	9.90415611527e-07
1646	1.06670828478e-06
1647	1.05931679561e-06
1648	9.89653082909e-07
1649	1.05981680777e-06
1650	1.05328931299e-06
1651	9.85927367809e-07
1652	1.0533830635e-06
1653	1.04671199109e-06
1654	1.04604778031e-06
1655	6.42126409707e-07
1656	1.06821800331e-06
1657	7.66164276246e-07
1658	9.45876949584e-07
1659	1.01899020462e-06
1660	1.02943507967e-06
1661	1.03816584448e-06
1662	6.51592669434e-07
1663	1.05895587177e-06
1664	7.74832152846e-07
1665	9.40248691181e-07
1666	1.00854121022e-06
1667	1.015517064e-06
1668	1.02177826239e-06
1669	6.89942084994e-07
1670	1.03930051706e-06
1671	6.81401767149e-07
1672	9.69248144549e-07
1673	9.44715708521e-07
1674	9.21202736302e-07
1675	8.38512074782e-07
1676	8.81231963008e-07
1677	6.1564854651e-07
1678	9.06891337771e-07
1679	9.5595965218e-07
1680	6.60188575545e-07
1681	9.47757751426e-07
1682	9.31506984567e-07
1683	7.80273564455e-07
1684	9.26235351542e-07
1685	9.74634797188e-07
1686	9.7875133518e-07
1687	9.81720799142e-07
1688	9.79697447005e-07
1689	9.77052123341e-07
1690	6.51226294454e-07
1691	1.00792187685e-06
1692	7.25520313638e-07
1693	8.7440433391e-07
1694	5.60252643674e-07
1695	8.51877393519e-07
1696	9.16785272059e-07
1697	9.40796109672e-07
1698	9.51638883536e-07
1699	9.56705992008e-07
1700	6.37398384347e-07
1701	9.9587516501e-07
1702	9.1563291417e-07
1703	8.61323068654e-07
1704	8.6093774558e-07
1705	9.9640361328e-07
1706	8.54934922332e-07
1707	8.53527502779e-07
1708	8.57005522137e-07
1709	9.88445517127e-07
1710	8.46804969305e-07
1711	8.45117010621e-07
1712	8.47685072892e-07
1713	9.76501068154e-07
1714	8.36211825109e-07
1715	8.3302407698e-07
1716	8.34691377552e-07
1717	9.63503489908e-07
1718	8.2399783899e-07
1719	8.21724532318e-07
1720	8.22486522428e-07
1721	8.22946252976e-07
1722	9.42801992291e-07
1723	8.14325031418e-07
1724	8.10313900413e-07
1725	8.11302152179e-07
1726	8.11074364793e-07
1727	9.29852165313e-07
1728	8.01382183437e-07
1729	7.9699882139e-07
1730	7.98025618738e-07
1731	7.98204503559e-07
1732	7.98188676766e-07
1733	9.13301127138e-07
1734	7.89743134867e-07
1735	7.85236434974e-07
1736	7.86074114728e-07
1737	7.86253026268e-07
1738	7.8634073664e-07
1739	9.03532837375e-07
1740	7.78938347963e-07
1741	7.74117041079e-07
1742	7.75052626758e-07
1743	7.75510519826e-07
1744	7.78074853209e-07
1745	7.78830354166e-07
1746	8.9308271558e-07
1747	7.71126416134e-07
1748	7.66854786348e-07
1749	7.67055368077e-07
1750	7.67251902625e-07
1751	7.6762880938e-07
1752	7.67818939159e-07
1753	7.67663489304e-07
1754	8.79855653911e-07
1755	7.61497430215e-07
1756	7.54185323127e-07
1757	7.53801265597e-07
1758	7.5371079991e-07
1759	7.53934369144e-07
1760	7.54035749863e-07
1761	7.53855496195e-07
1762	8.69246173144e-07
1763	7.48100402887e-07
1764	7.41555646695e-07
1765	7.41314234364e-07
1766	7.40398521491e-07
1767	7.40922442563e-07
1768	7.41482377896e-07
1769	8.63608250285e-07
1770	7.38125596143e-07
1771	7.31508564493e-07
1772	7.31883244049e-07
1773	7.31578051266e-07
1774	7.32608615858e-07
1775	7.33442072034e-07
1776	8.56417699683e-07
1777	7.31876624623e-07
1778	7.24526687459e-07
1779	7.24568873019e-07
1780	7.25580646095e-07
1781	2.73699207624e-06
1782	2.48667965815e-06
1783	1.22778679337e-06
1784	2.20635244292e-06
1785	3.08690930589e-06
1786	1.90041441257e-06
1787	1.66437454962e-06
1788	1.56437997876e-06
1789	1.79787872102e-06
1790	1.40405372774e-06
1791	1.09958899658e-06
1792	9.50127206348e-07
1793	1.06842058666e-06
1794	7.86550486249e-07
1795	9.42712938151e-07
1796	9.31433025158e-07
1797	7.10825804485e-07
1798	8.84555995083e-07
1799	8.85872859172e-07
1800	5.68706184225e-07
1801	9.34247405442e-07
1802	8.48560713547e-07
1803	6.97295696876e-07
1804	7.05069395206e-07
1805	6.6896114581e-07
1806	6.55273960799e-07
1807	6.49805662692e-07
1808	6.50253370647e-07
1809	7.81772179841e-07
1810	7.01414018645e-07
1811	7.78091150978e-07
1812	6.92712037569e-07
1813	6.3229759482e-07
1814	6.69584227144e-07
1815	6.19569907519e-07
1816	6.14396699543e-07
1817	6.11410112592e-07
1818	6.08459938877e-07
1819	6.04384938015e-07
1820	6.60414075365e-07
1821	6.56420557957e-07
1822	6.49818705206e-07
1823	5.96725534336e-07
1824	6.38218916652e-07
1825	5.97358738128e-07
1826	5.95848523546e-07
1827	6.38592215139e-07
1828	6.01157016389e-07
1829	7.26566508254e-07
1830	6.50521362052e-07
1831	6.42380482607e-07
1832	6.39676746536e-07
1833	7.18677265349e-07
1834	6.49944944065e-07
1835	6.4354733864e-07
1836	7.28657736013e-07
1837	6.49309019811e-07
1838	6.38446879942e-07
1839	6.33991608885e-07
1840	7.14096522372e-07
1841	6.33201024161e-07
1842	6.28139708053e-07
1843	5.84544114035e-07
1844	6.24262534761e-07
1845	5.85439227307e-07
1846	6.2381175426e-07
1847	7.04643391175e-07
1848	6.35221479603e-07
1849	6.26896514404e-07
1850	5.85469211248e-07
1851	6.24142855203e-07
1852	7.06871138039e-07
1853	6.35991423842e-07
1854	6.26237210556e-07
1855	7.08956242218e-07
1856	6.34863084444e-07
1857	6.24555164971e-07
1858	7.0715496663e-07
1859	6.32870314927e-07
1860	6.22177553629e-07
1861	7.03119994591e-07
1862	6.28859706249e-07
1863	5.77281376933e-07
1864	6.1627801179e-07
1865	5.78057432323e-07
1866	7.03247529933e-07
1867	6.23931174987e-07
1868	6.17110067004e-07
1869	5.75884921546e-07
1870	7.03819550494e-07
1871	6.27647017555e-07
1872	6.16183443582e-07
1873	6.98018271873e-07
1874	6.24375487598e-07
1875	5.72958890875e-07
1876	5.69761091017e-07
1877	6.11231816114e-07
1878	5.74097639041e-07
1879	6.97421078356e-07
1880	6.22909664052e-07
1881	5.68737970185e-07
1882	6.0905171503e-07
1883	5.69484802499e-07
1884	5.66630168457e-07
1885	5.64816029574e-07
1886	5.63386791432e-07
1887	5.61678255879e-07
1888	6.04877260691e-07
1889	5.64945465853e-07
1890	5.61657452993e-07
1891	5.59596379527e-07
1892	5.58303969183e-07
1893	5.56960993177e-07
1894	5.56020893812e-07
1895	5.55242767209e-07
1896	5.54823169733e-07
1897	5.54971122468e-07
1898	5.55119580684e-07
1899	5.55554212363e-07
1900	5.56073750844e-07
1901	5.56629627596e-07
1902	5.57173486062e-07
1903	5.57664913045e-07
1904	5.58061123256e-07
1905	5.66780634641e-07
1906	5.59496577343e-07
1907	5.58845358879e-07
1908	5.67733865121e-07
1909	5.59610888175e-07
1910	5.67046130453e-07
1911	5.58950254976e-07
1912	5.65948542014e-07
1913	5.57326051873e-07
1914	5.63925050604e-07
1915	5.64140382069e-07
1916	5.54043564896e-07
1917	5.60743086552e-07
1918	5.5184018455e-07
1919	5.57980902234e-07
1920	5.49375460841e-07
1921	5.55424761324e-07
1922	5.47061546833e-07
1923	5.53146825558e-07
1924	5.44903317518e-07
1925	5.50758858253e-07
1926	5.4289810866e-07
1927	5.48693172551e-07
1928	5.4082064753e-07
1929	5.46482963969e-07
1930	5.38489083385e-07
1931	5.43899463073e-07
1932	5.3577169009e-07
1933	5.3351615292e-07
1934	5.39031889174e-07
1935	5.30698156977e-07
1936	5.28672596535e-07
1937	5.33649525739e-07
1938	5.25630757331e-07
1939	5.23616565972e-07
1940	5.28814348266e-07
1941	5.21200008658e-07
1942	5.19541508745e-07
1943	5.24507177299e-07
1944	5.17327513022e-07
1945	5.16130303898e-07
1946	5.21450890022e-07
1947	5.1420786798e-07
1948	5.19537258618e-07
1949	5.12639499898e-07
1950	5.18000265257e-07
1951	5.11268358174e-07
1952	5.1647023789e-07
1953	5.099509353e-07
1954	5.1491653479e-07
1955	5.08693469501e-07
1956	5.1329320512e-07
1957	5.07249294297e-07
1958	5.11837224667e-07
1959	5.06061627758e-07
1960	5.10518728013e-07
1961	5.05051046185e-07
1962	5.0952581334e-07
1963	5.04312284226e-07
1964	5.09151267672e-07
1965	5.03779736617e-07
1966	5.08646814772e-07
1967	5.03384151288e-07
1968	5.08200148469e-07
1969	5.03016951057e-07
1970	5.07752098876e-07
1971	5.02628649015e-07
1972	5.07261276941e-07
1973	5.02346337625e-07
1974	5.02256499152e-07
1975	5.06298503549e-07
1976	3.58806593178e-06
1977	2.114244646e-06
1978	1.45579676127e-06
1979	1.76109545263e-06
1980	2.29031669606e-06
1981	1.81331458323e-06
1982	1.87993531842e-06
1983	1.8213877232e-06
1984	1.72832979738e-06
1985	2.2573836661e-06
1986	2.09393514255e-06
1987	1.49973868468e-06
1988	1.3535943099e-06
1989	1.29403178189e-06
1990	1.29135876245e-06
1991	1.0846750891e-06
1992	9.11610500037e-07
1993	7.37459379394e-07
1994	7.14794838166e-07
1995	7.76927728432e-07
1996	6.79228750679e-07
1997	5.21572863899e-07
1998	4.73497200927e-07
1999	5.81468502729e-07
2000	4.895447969e-07
2001	4.78592170987e-07
2002	4.13496877962e-07
2003	4.09323633873e-07
2004	4.08596234622e-07
2005	4.0983583571e-07
2006	9.20588109155e-07
2007	4.21307005565e-07
2008	4.07526327505e-07
2009	4.09174339514e-07
2010	4.0749692654e-07
2011	4.05853756834e-07
2012	9.1436093254e-07
2013	4.65764565976e-07
2014	4.47885692002e-07
2015	9.86839401701e-07
2016	4.04205513883e-07
2017	9.98259794111e-07
2018	9.98108942553e-07
2019	9.90059873271e-07
2020	9.87043893092e-07
2021	9.89951321825e-07
2022	9.96151922023e-07
2023	4.69266182267e-07
2024	4.40819639279e-07
2025	9.80193506972e-07
2026	9.95219722349e-07
2027	9.77729424423e-07
2028	9.65286697624e-07
2029	9.61490688047e-07
2030	9.63332542004e-07
2031	9.67821757964e-07
2032	9.72548788598e-07
2033	9.76378132165e-07
2034	9.79014586528e-07
2035	9.80618628947e-07
2036	9.81427353331e-07
2037	9.81670417724e-07
2038	9.81549083714e-07
2039	9.81086834792e-07
2040	9.80297425533e-07
2041	9.79259244236e-07
2042	9.78004228726e-07
2043	9.76539341428e-07
2044	9.77787298553e-07
2045	9.76343799373e-07
2046	9.74931671105e-07
2047	9.73530994991e-07
2048	9.71913298751e-07
2049	9.70292535272e-07
2050	9.68922096934e-07
2051	9.67707098493e-07
2052	9.66591587611e-07
2053	9.01654547562e-07
2054	9.99513842409e-07
2055	9.85392024298e-07
2056	9.82187736919e-07
2057	9.81439693046e-07
2058	9.77496111003e-07
2059	9.72926546837e-07
2060	9.00041045486e-07
2061	4.51083313666e-07
2062	9.20864301018e-07
2063	9.86776879496e-07
2064	9.66910009818e-07
2065	9.11435701304e-07
2066	9.93054649161e-07
2067	9.75660630334e-07
2068	9.87984677064e-07
2069	9.72215037197e-07
2070	9.82979916615e-07
2071	9.17898443397e-07
2072	4.43924961733e-07
2073	8.5413350266e-07
2074	4.6768439381e-07
2075	9.06167245092e-07
2076	9.76871213418e-07
2077	9.02489934118e-07
2078	9.95413218635e-07
2079	9.74407325505e-07
2080	9.69861765781e-07
2081	9.01559783987e-07
2082	9.86583215861e-07
2083	9.77426054558e-07
2084	9.70157068531e-07
2085	9.60907380839e-07
2086	8.91271453122e-07
2087	9.78910173689e-07
2088	9.5359202846e-07
2089	5.45236840161e-06
2090	2.90065878081e-06
2091	2.57088809514e-06
2092	2.36447614528e-06
2093	3.06984672515e-06
2094	2.08155356833e-06
2095	3.82510788847e-06
2096	2.13974533529e-06
2097	2.78513202617e-06
2098	2.45781292822e-06
2099	3.58869846965e-06
2100	2.51507968441e-06
