1	32
2	10
3	17
4	7
5	9
6	9
7	11
8	9
9	9
10	8
11	9
12	9
13	12
14	7
15	7
16	7
17	7
18	7
19	5
20	9
21	8
22	8
23	8
24	9
25	7
26	9
27	10
28	9
29	7
30	9
31	9
32	9
33	7
34	9
35	7
36	7
37	7
38	7
39	7
40	7
41	7
42	7
43	7
44	7
45	7
46	7
47	7
48	7
49	7
50	7
51	9
52	9
53	9
54	9
55	9
56	9
57	9
58	9
59	9
60	9
61	9
62	9
63	9
64	9
65	11
66	11
67	11
68	11
69	9
70	9
71	9
72	9
73	9
74	9
75	9
76	9
77	9
78	9
79	9
80	9
81	11
82	11
83	11
84	9
85	9
86	10
87	9
88	9
89	9
90	9
91	9
92	9
93	9
94	9
95	9
96	9
97	7
98	9
99	9
100	7
101	7
102	7
103	9
104	7
105	7
106	7
107	9
108	9
109	9
110	11
111	9
112	11
113	10
114	9
115	9
116	9
117	7
118	7
119	9
120	9
121	12
122	10
123	10
124	7
125	7
126	9
127	7
128	6
129	6
130	6
131	6
132	5
133	6
134	5
135	6
136	5
137	6
138	5
139	6
140	5
141	6
142	5
143	6
144	5
145	6
146	5
147	6
148	6
149	5
150	6
151	6
152	5
153	6
154	6
155	7
156	5
157	8
158	5
159	5
160	8
161	5
162	5
163	8
164	5
165	7
166	7
167	8
168	7
169	7
170	8
171	7
172	9
173	5
174	9
175	5
176	7
177	10
178	5
179	11
180	5
181	9
182	9
183	5
184	9
185	9
186	9
187	5
188	9
189	9
190	9
191	7
192	9
193	7
194	9
195	9
196	7
197	9
198	9
199	7
200	9
201	9
202	7
203	9
204	9
205	7
206	5
207	7
208	6
209	6
210	6
211	8
212	7
213	9
214	5
215	9
216	9
217	9
218	7
219	9
220	5
221	6
222	8
223	5
224	8
225	7
226	9
227	9
228	7
229	9
230	9
231	5
232	7
233	6
234	6
235	6
236	6
237	7
238	8
239	8
240	8
241	10
242	9
243	9
244	7
245	9
246	9
247	9
248	9
249	9
250	9
251	9
252	9
253	9
254	9
255	9
256	9
257	9
258	9
259	9
260	9
261	9
262	9
263	9
264	5
265	7
266	7
267	7
268	6
269	6
270	6
271	6
272	8
273	7
274	7
275	8
276	9
277	5
278	5
279	8
280	5
281	6
282	6
283	6
284	6
285	6
286	6
287	6
288	5
289	6
290	6
291	6
292	6
293	6
294	10
295	7
296	7
297	7
298	8
299	7
300	10
301	7
302	11
303	7
304	10
305	10
306	7
307	10
308	7
309	8
310	8
311	8
312	8
313	9
314	7
315	10
316	9
317	9
318	9
319	9
320	8
321	8
322	8
323	10
324	8
325	8
326	10
327	8
328	8
329	10
330	8
331	9
332	10
333	10
334	10
335	6
336	8
337	6
338	8
339	6
340	8
341	6
342	8
343	6
344	8
345	8
346	8
347	6
348	8
349	8
350	8
351	8
352	8
353	8
354	10
355	8
356	8
357	10
358	8
359	10
360	8
361	10
362	10
363	10
364	10
365	8
366	8
367	8
368	8
369	8
370	8
371	6
372	8
373	8
374	6
375	8
376	8
377	8
378	6
379	8
380	8
381	8
382	8
383	8
384	8
385	8
386	8
387	8
388	8
389	8
390	8
391	8
392	8
393	8
394	8
395	8
396	8
397	8
398	6
399	9
400	8
401	8
402	6
403	7
404	9
405	6
406	9
407	8
408	8
409	8
410	10
411	8
412	10
413	8
414	8
415	8
416	9
417	8
418	9
419	9
420	7
421	6
422	6
423	6
424	6
425	6
426	6
427	6
428	8
429	8
430	8
431	8
432	8
433	8
434	8
435	8
436	8
437	8
438	8
439	8
440	10
441	8
442	8
443	8
444	9
445	9
446	8
447	8
448	9
449	7
450	7
451	7
452	7
453	7
454	7
455	7
456	7
457	7
458	7
459	7
460	7
461	7
462	7
463	7
464	7
465	7
466	7
467	7
468	7
469	7
470	7
471	7
472	7
473	7
474	7
475	7
476	7
477	7
478	7
479	6
480	6
481	6
482	6
483	4
484	7
485	8
486	6
487	8
488	8
489	9
490	9
491	7
492	7
493	7
494	7
495	7
496	7
497	7
498	7
499	7
500	7
501	7
502	7
503	7
504	7
505	7
506	7
507	7
508	7
509	7
510	7
511	7
512	7
513	7
514	7
515	7
516	7
517	7
518	6
519	4
520	7
521	7
522	7
523	7
524	7
525	6
526	7
527	7
528	7
529	7
530	6
531	7
532	6
533	7
534	6
535	7
536	6
537	7
538	7
539	7
540	7
541	7
542	7
543	7
544	7
545	7
546	6
547	4
548	7
549	7
550	6
551	7
552	6
553	7
554	6
555	7
556	7
557	7
558	7
559	7
560	7
561	7
562	7
563	7
564	7
565	7
566	7
567	7
568	7
569	4
570	7
571	7
572	6
573	7
574	7
575	6
576	7
577	6
578	8
579	7
580	6
581	6
582	8
583	6
584	6
585	8
586	6
587	6
588	5
589	5
590	5
591	6
592	6
593	6
594	6
595	6
596	8
597	6
598	8
599	6
600	6
601	8
602	4
603	5
604	5
605	5
606	6
607	6
608	6
609	6
610	6
611	6
612	6
613	6
614	6
615	4
616	5
617	6
618	6
619	6
620	6
621	6
622	5
623	6
624	5
625	6
626	7
627	6
628	6
629	6
630	6
631	6
632	7
633	6
634	6
635	6
636	6
637	6
638	6
639	6
640	6
641	6
642	6
643	6
644	6
645	4
646	5
647	6
648	6
649	6
650	6
651	6
652	6
653	4
654	5
655	6
656	5
657	6
658	5
659	6
660	6
661	6
662	6
663	6
664	6
665	6
666	6
667	6
668	6
669	6
670	6
671	6
672	8
673	8
674	7
675	8
676	6
677	6
678	6
679	6
680	6
681	6
682	8
683	7
684	7
685	6
686	6
687	6
688	6
689	6
690	8
691	7
692	7
693	6
694	6
695	8
696	6
697	8
698	6
699	6
700	6
701	6
702	6
703	6
704	6
705	6
706	6
707	6
708	6
709	6
710	6
711	6
712	6
713	6
714	6
715	6
716	6
717	6
718	6
719	6
720	6
721	6
722	6
723	8
724	7
725	6
726	6
727	7
728	6
729	6
730	6
731	6
732	6
733	6
734	6
735	6
736	6
737	6
738	6
739	6
740	6
741	6
742	6
743	6
744	6
745	6
746	6
747	6
748	6
749	6
750	6
751	6
752	6
753	6
754	6
755	6
756	6
757	6
758	6
759	6
760	6
761	6
762	6
763	6
764	6
765	4
766	6
767	4
768	6
769	4
770	6
771	6
772	6
773	4
774	6
775	6
776	6
777	4
778	6
779	6
780	6
781	6
782	6
783	6
784	6
785	6
786	6
787	6
788	6
789	4
790	6
791	4
792	6
793	4
794	6
795	6
796	4
797	4
798	6
799	4
800	6
801	4
802	4
803	6
804	4
805	4
806	6
807	4
808	6
809	5
810	6
811	5
812	6
813	5
814	6
815	5
816	5
817	4
818	6
819	4
820	4
821	6
822	4
823	4
824	6
825	5
826	4
827	6
828	5
829	4
830	6
831	5
832	6
833	5
834	6
835	5
836	4
837	4
838	6
839	5
840	6
841	5
842	6
843	5
844	6
845	5
846	6
847	5
848	6
849	5
850	6
851	5
852	6
853	5
854	6
855	5
856	6
857	5
858	6
859	5
860	6
861	7
862	5
863	7
864	5
865	7
866	7
867	5
868	7
869	7
870	5
871	5
872	5
873	6
874	5
875	7
876	5
877	7
878	5
879	7
880	5
881	7
882	5
883	7
884	5
885	5
886	5
887	7
888	5
889	7
890	5
891	5
892	7
893	5
894	7
895	5
896	7
897	5
898	7
899	5
900	7
901	5
902	7
903	5
904	7
905	5
906	5
907	7
908	5
909	7
910	5
911	7
912	5
913	7
914	5
915	7
916	5
917	5
918	7
919	5
920	5
921	7
922	5
923	7
924	5
925	7
926	5
927	7
928	5
929	7
930	5
931	7
932	5
933	7
934	5
935	5
936	5
937	5
938	5
939	5
940	5
941	5
942	7
943	5
944	5
945	5
946	7
947	5
948	5
949	5
950	5
951	5
952	7
953	5
954	5
955	5
956	7
957	5
958	7
959	5
960	7
961	5
962	7
963	5
964	7
965	7
966	5
967	7
968	7
969	5
970	7
971	7
972	5
973	7
974	7
975	7
976	5
977	7
978	7
979	7
980	5
981	7
982	7
983	7
984	5
985	7
986	7
987	7
988	5
989	7
990	7
991	7
992	5
993	7
994	7
995	7
996	5
997	7
998	7
999	7
1000	7
1001	7
1002	7
1003	7
1004	7
1005	7
1006	7
1007	7
1008	7
1009	7
1010	7
1011	7
1012	7
1013	7
1014	7
1015	7
1016	7
1017	7
1018	7
1019	7
1020	7
1021	7
1022	7
1023	7
1024	7
1025	7
1026	7
1027	7
1028	7
1029	7
1030	7
1031	7
1032	7
1033	7
1034	7
1035	7
1036	7
1037	5
1038	6
1039	6
1040	6
1041	6
1042	6
1043	6
1044	6
1045	6
1046	6
1047	6
1048	6
1049	6
1050	6
1051	6
1052	6
1053	6
1054	6
1055	6
1056	6
1057	6
1058	6
1059	6
1060	6
1061	6
1062	6
1063	6
1064	6
1065	6
1066	6
1067	6
1068	6
1069	6
1070	7
1071	6
1072	6
1073	7
1074	6
1075	7
1076	6
1077	7
1078	6
1079	7
1080	6
1081	7
1082	6
1083	7
1084	6
1085	7
1086	6
1087	6
1088	7
1089	6
1090	7
1091	6
1092	7
1093	6
1094	7
1095	6
1096	7
1097	6
1098	7
1099	5
1100	6
1101	7
1102	5
1103	6
1104	7
1105	5
1106	6
1107	7
1108	5
1109	6
1110	7
1111	5
1112	6
1113	7
1114	5
1115	6
1116	7
1117	5
1118	6
1119	7
1120	5
1121	6
1122	7
1123	5
1124	6
1125	7
1126	5
1127	6
1128	7
1129	5
1130	6
1131	7
1132	5
1133	6
1134	7
1135	5
1136	6
1137	7
1138	5
1139	6
1140	7
1141	5
1142	6
1143	7
1144	5
1145	6
1146	7
1147	5
1148	5
1149	6
1150	7
1151	5
1152	5
1153	6
1154	7
1155	5
1156	5
1157	6
1158	5
1159	6
1160	5
1161	6
1162	5
1163	6
1164	5
1165	6
1166	5
1167	6
1168	5
1169	6
1170	5
1171	6
1172	5
1173	6
1174	5
1175	6
1176	5
1177	7
1178	5
1179	5
1180	5
1181	5
1182	5
1183	6
1184	5
1185	7
1186	5
1187	5
1188	5
1189	5
1190	5
1191	5
1192	5
1193	5
1194	5
1195	5
1196	5
1197	5
1198	5
1199	5
1200	5
1201	5
1202	5
1203	5
1204	5
1205	5
1206	5
1207	5
1208	5
1209	5
1210	5
1211	5
1212	5
1213	5
1214	5
1215	5
1216	5
1217	5
1218	5
1219	5
1220	5
1221	5
1222	5
1223	5
1224	5
1225	5
1226	5
1227	5
1228	5
1229	5
1230	5
1231	5
1232	5
1233	5
1234	5
1235	5
1236	5
1237	5
1238	5
1239	5
1240	5
1241	5
1242	5
1243	5
1244	5
1245	5
1246	5
1247	5
1248	5
1249	5
1250	5
1251	5
1252	5
1253	5
1254	5
1255	5
1256	5
1257	5
1258	5
1259	5
1260	5
1261	5
1262	5
1263	5
1264	5
1265	5
1266	5
1267	5
1268	5
1269	5
1270	5
1271	5
1272	5
1273	5
1274	5
1275	5
1276	5
1277	5
1278	5
1279	5
1280	5
1281	5
1282	5
1283	5
1284	5
1285	5
1286	5
1287	5
1288	5
1289	5
1290	5
1291	5
1292	5
1293	5
1294	5
1295	5
1296	5
1297	5
1298	5
1299	5
1300	5
1301	5
1302	5
1303	5
1304	5
1305	5
1306	5
1307	5
1308	5
1309	5
1310	5
1311	5
1312	5
1313	5
1314	5
1315	5
1316	5
1317	5
1318	5
1319	5
1320	5
1321	5
1322	5
1323	5
1324	5
1325	5
1326	5
1327	5
1328	5
1329	5
1330	5
1331	5
1332	5
1333	5
1334	5
1335	5
1336	5
1337	5
1338	5
1339	5
1340	5
1341	5
1342	5
1343	5
1344	5
1345	5
1346	5
1347	5
1348	5
1349	5
1350	5
1351	5
1352	5
1353	5
1354	5
1355	5
1356	5
1357	5
1358	5
1359	5
1360	5
1361	5
1362	5
1363	5
1364	5
1365	5
1366	5
1367	5
1368	5
1369	5
1370	6
1371	6
1372	6
1373	7
1374	6
1375	6
1376	7
1377	6
1378	6
1379	7
1380	6
1381	6
1382	7
1383	6
1384	6
1385	7
1386	6
1387	6
1388	7
1389	6
1390	6
1391	7
1392	6
1393	6
1394	7
1395	6
1396	6
1397	7
1398	6
1399	6
1400	7
1401	6
1402	6
1403	7
1404	6
1405	6
1406	7
1407	5
1408	6
1409	6
1410	7
1411	5
1412	6
1413	6
1414	7
1415	5
1416	6
1417	6
1418	7
1419	5
1420	6
1421	6
1422	7
1423	5
1424	6
1425	5
1426	6
1427	6
1428	7
1429	5
1430	6
1431	5
1432	5
1433	6
1434	6
1435	7
1436	5
1437	5
1438	6
1439	7
1440	5
1441	5
1442	6
1443	7
1444	5
1445	5
1446	5
1447	6
1448	7
1449	5
1450	5
1451	5
1452	6
1453	7
1454	5
1455	5
1456	5
1457	5
1458	6
1459	7
1460	5
1461	5
1462	5
1463	5
1464	5
1465	5
1466	6
1467	6
1468	7
1469	5
1470	5
1471	5
1472	5
1473	5
1474	5
1475	5
1476	5
1477	5
1478	5
1479	5
1480	5
1481	5
1482	5
1483	5
1484	5
1485	5
1486	5
1487	5
1488	5
1489	5
1490	5
1491	5
1492	5
1493	5
1494	8
1495	8
1496	8
1497	9
1498	8
1499	7
1500	7
1501	6
1502	5
1503	7
1504	6
1505	6
1506	7
1507	7
1508	7
1509	7
1510	7
1511	7
1512	7
1513	5
1514	5
1515	5
1516	5
1517	5
1518	5
1519	5
1520	6
1521	7
1522	6
1523	6
1524	7
1525	6
1526	7
1527	7
1528	6
1529	6
1530	7
1531	7
1532	7
1533	5
1534	7
1535	5
1536	7
1537	5
1538	7
1539	5
1540	7
1541	6
1542	7
1543	6
1544	7
1545	7
1546	6
1547	6
1548	6
1549	6
1550	7
1551	7
1552	5
1553	6
1554	6
1555	6
1556	6
1557	6
1558	7
1559	6
1560	6
1561	6
1562	6
1563	6
1564	6
1565	7
1566	7
1567	5
1568	6
1569	6
1570	6
1571	6
1572	6
1573	7
1574	7
1575	5
1576	6
1577	6
1578	6
1579	6
1580	6
1581	6
1582	6
1583	6
1584	6
1585	6
1586	6
1587	6
1588	6
1589	6
1590	6
1591	6
1592	6
1593	6
1594	6
1595	6
1596	6
1597	6
1598	6
1599	6
1600	6
1601	6
1602	6
1603	6
1604	6
1605	6
1606	6
1607	6
1608	6
1609	6
1610	6
1611	6
1612	6
1613	6
1614	6
1615	6
1616	6
1617	6
1618	6
1619	6
1620	6
1621	6
1622	6
1623	6
1624	6
1625	6
1626	6
1627	6
1628	6
1629	6
1630	6
1631	6
1632	6
1633	6
1634	6
1635	6
1636	6
1637	6
1638	6
1639	6
1640	6
1641	6
1642	6
1643	6
1644	6
1645	6
1646	6
1647	6
1648	6
1649	6
1650	6
1651	6
1652	6
1653	6
1654	6
1655	7
1656	5
1657	6
1658	6
1659	6
1660	6
1661	6
1662	7
1663	5
1664	6
1665	6
1666	6
1667	6
1668	6
1669	7
1670	5
1671	6
1672	5
1673	5
1674	5
1675	6
1676	6
1677	7
1678	6
1679	6
1680	7
1681	5
1682	5
1683	6
1684	6
1685	6
1686	6
1687	6
1688	6
1689	6
1690	7
1691	5
1692	6
1693	6
1694	7
1695	6
1696	6
1697	6
1698	6
1699	6
1700	7
1701	5
1702	5
1703	5
1704	5
1705	5
1706	5
1707	5
1708	5
1709	5
1710	5
1711	5
1712	5
1713	5
1714	5
1715	5
1716	5
1717	5
1718	5
1719	5
1720	5
1721	5
1722	5
1723	5
1724	5
1725	5
1726	5
1727	5
1728	5
1729	5
1730	5
1731	5
1732	5
1733	5
1734	5
1735	5
1736	5
1737	5
1738	5
1739	5
1740	5
1741	5
1742	5
1743	5
1744	5
1745	5
1746	5
1747	5
1748	5
1749	5
1750	5
1751	5
1752	5
1753	5
1754	5
1755	5
1756	5
1757	5
1758	5
1759	5
1760	5
1761	5
1762	5
1763	5
1764	5
1765	5
1766	5
1767	5
1768	5
1769	5
1770	5
1771	5
1772	5
1773	5
1774	5
1775	5
1776	5
1777	5
1778	5
1779	5
1780	5
1781	9
1782	8
1783	9
1784	9
1785	8
1786	10
1787	9
1788	8
1789	7
1790	6
1791	5
1792	6
1793	6
1794	7
1795	6
1796	6
1797	7
1798	6
1799	6
1800	7
1801	5
1802	5
1803	5
1804	5
1805	5
1806	5
1807	5
1808	5
1809	5
1810	5
1811	5
1812	5
1813	5
1814	5
1815	5
1816	5
1817	5
1818	5
1819	5
1820	5
1821	5
1822	5
1823	5
1824	5
1825	5
1826	5
1827	5
1828	5
1829	5
1830	5
1831	5
1832	5
1833	5
1834	5
1835	5
1836	5
1837	5
1838	5
1839	5
1840	5
1841	5
1842	5
1843	5
1844	5
1845	5
1846	5
1847	5
1848	5
1849	5
1850	5
1851	5
1852	5
1853	5
1854	5
1855	5
1856	5
1857	5
1858	5
1859	5
1860	5
1861	5
1862	5
1863	5
1864	5
1865	5
1866	5
1867	5
1868	5
1869	5
1870	5
1871	5
1872	5
1873	5
1874	5
1875	5
1876	5
1877	5
1878	5
1879	5
1880	5
1881	5
1882	5
1883	5
1884	5
1885	5
1886	5
1887	5
1888	5
1889	5
1890	5
1891	5
1892	5
1893	5
1894	5
1895	5
1896	5
1897	5
1898	5
1899	5
1900	5
1901	5
1902	5
1903	5
1904	5
1905	5
1906	5
1907	5
1908	5
1909	5
1910	5
1911	5
1912	5
1913	5
1914	5
1915	5
1916	5
1917	5
1918	5
1919	5
1920	5
1921	5
1922	5
1923	5
1924	5
1925	5
1926	5
1927	5
1928	5
1929	5
1930	5
1931	5
1932	5
1933	5
1934	5
1935	5
1936	5
1937	5
1938	5
1939	5
1940	5
1941	5
1942	5
1943	5
1944	5
1945	5
1946	5
1947	5
1948	5
1949	5
1950	5
1951	5
1952	5
1953	5
1954	5
1955	5
1956	5
1957	5
1958	5
1959	5
1960	5
1961	5
1962	5
1963	5
1964	5
1965	5
1966	5
1967	5
1968	5
1969	5
1970	5
1971	5
1972	5
1973	5
1974	5
1975	5
1976	9
1977	9
1978	9
1979	10
1980	9
1981	10
1982	9
1983	8
1984	8
1985	10
1986	9
1987	8
1988	9
1989	8
1990	6
1991	5
1992	6
1993	7
1994	6
1995	5
1996	5
1997	5
1998	5
1999	5
2000	5
2001	5
2002	5
2003	5
2004	5
2005	5
2006	4
2007	5
2008	5
2009	5
2010	5
2011	5
2012	4
2013	5
2014	5
2015	4
2016	5
2017	4
2018	4
2019	4
2020	4
2021	4
2022	4
2023	5
2024	5
2025	4
2026	4
2027	4
2028	4
2029	4
2030	4
2031	4
2032	4
2033	4
2034	4
2035	4
2036	4
2037	4
2038	4
2039	4
2040	4
2041	4
2042	4
2043	4
2044	4
2045	4
2046	4
2047	4
2048	4
2049	4
2050	4
2051	4
2052	4
2053	4
2054	4
2055	4
2056	4
2057	4
2058	4
2059	4
2060	4
2061	5
2062	4
2063	4
2064	4
2065	4
2066	4
2067	4
2068	4
2069	4
2070	4
2071	4
2072	5
2073	4
2074	5
2075	4
2076	4
2077	4
2078	4
2079	4
2080	4
2081	4
2082	4
2083	4
2084	4
2085	4
2086	4
2087	4
2088	4
2089	9
2090	9
2091	8
2092	9
2093	10
2094	10
2095	9
2096	10
2097	9
2098	10
2099	9
2100	10
