1	0.0799734357953
2	0.0837636920426
3	0.0470266810031
4	0.00397452230048
5	0.00984643397586
6	0.00221807037269
7	0.00202921130406
8	0.00150326666823
9	0.00103223445808
10	0.000730785694567
11	0.00060913660034
12	0.000538233431186
13	0.000495469659385
14	0.000483544212247
15	0.000486452240816
16	0.000471156372805
17	0.000454184870405
18	0.000441151424348
19	0.000430484982845
20	0.0004209920384
21	0.000419321825037
22	0.000421038522412
23	0.000425585327527
24	0.000441168128707
25	0.000452613033825
26	0.000457362253347
27	0.000456941185149
28	0.00045732393633
29	0.000460926157322
30	0.000460408697357
31	0.000465316525387
32	0.000472770141549
33	0.000482783457087
34	0.000495100419939
35	0.000507701071688
36	0.000517520617199
37	0.000524280683144
38	0.000526233351548
39	0.000521872302621
40	0.000517634364158
41	0.000517166232024
42	0.000520244152544
43	0.000521164689632
44	0.00052343867769
45	0.000523403634451
46	0.00052205316802
47	0.000520320307068
48	0.000518437289303
49	0.000519007449236
50	0.000520723623575
51	0.000519162869131
52	0.000519646996446
53	0.000517153592917
54	0.000513758159244
55	0.000509977364222
56	0.000503615758016
57	0.000497349053822
58	0.000493087575853
59	0.000490859726754
60	0.00049061653553
61	0.000489437320531
62	0.000486312702229
63	0.000481819985826
64	0.000475412558198
65	0.000467633451645
66	0.000459098183725
67	0.000450196069243
68	0.000439835145828
69	0.000430063635394
70	0.000419093454133
71	0.000409836479962
72	0.000401478984129
73	0.000393728177011
74	0.00038710259147
75	0.000379854091088
76	0.000372181901257
77	0.000365877743997
78	0.000362315643498
79	0.000365357834728
80	0.000372504728748
81	0.000378231700875
82	0.00038266956203
83	0.000384003475104
84	0.000384013583599
85	0.000162932195432
86	0.00016115549507
87	0.000159304646883
88	0.000157191351136
89	0.000154858887697
90	0.000152901180699
91	0.000151046682955
92	0.000149281020322
93	0.000147572085347
94	0.000146486697646
95	0.000145310527627
96	0.000144166896533
97	0.000143108227618
98	0.000141296781851
99	0.000141732127085
100	0.000141928863222
101	0.000142003670276
102	0.000142331224915
103	0.000142866484531
104	0.000143819192378
105	0.000143920649343
106	0.000144306945395
107	0.000144733052078
108	0.000145283887967
109	0.000144952474268
110	0.000145334143675
111	0.000145201337958
112	0.000145232834461
113	0.000145607478905
114	0.000146087102652
115	0.000146376163435
116	0.000145831686596
117	0.000144281771918
118	0.000141769918094
119	0.000139311215774
120	0.000138578185291
121	0.000138891545885
122	0.000139647084503
123	0.000140108296232
124	0.000139972665948
125	0.000139294273503
126	0.000138479899088
127	0.00013784398868
128	0.000137422637357
129	0.000137488992351
130	0.000137413567207
131	0.000137377766401
132	0.000137228026612
133	0.000137143990192
134	0.000136853318401
135	0.000136765952341
136	0.000136565862819
137	0.00013652497925
138	0.000136426363617
139	0.000136455016996
140	0.000136419631419
141	0.00013647066113
142	0.000136431344473
143	0.000136482943414
144	0.00013641757259
145	0.00013639348425
146	0.000136296259894
147	0.000136192010355
148	0.000136018615166
149	6.87619642066e-05
150	6.86728531606e-05
151	6.85474720868e-05
152	6.84220098827e-05
153	6.8285016789e-05
154	6.81054279055e-05
155	6.79278393722e-05
156	6.77332110484e-05
157	6.75152254286e-05
158	6.7327537961e-05
159	6.70731235995e-05
160	6.68217573114e-05
161	6.66211651571e-05
162	6.63416217033e-05
163	6.60665257799e-05
164	6.58254658465e-05
165	6.55477333014e-05
166	6.52637730193e-05
167	6.49861381613e-05
168	6.47018140306e-05
169	6.44200330873e-05
170	6.41067803008e-05
171	6.38226649632e-05
172	6.35219364863e-05
173	6.32224480761e-05
174	6.2917773133e-05
175	6.26164009139e-05
176	6.23064477163e-05
177	6.19849689914e-05
178	6.16757882365e-05
179	6.13551304305e-05
180	6.10537034629e-05
181	6.07319101446e-05
182	6.04112613476e-05
183	6.00925567889e-05
184	5.97643453641e-05
185	5.94329495938e-05
186	5.91280945228e-05
187	5.88087639146e-05
188	5.84613995204e-05
189	5.81265635449e-05
190	5.78188316422e-05
191	5.74868291986e-05
192	5.71633423778e-05
193	5.68628185848e-05
194	5.65043764701e-05
195	5.61852639329e-05
196	5.58452411157e-05
197	5.55064095116e-05
198	5.51993740726e-05
199	5.4860197319e-05
200	5.45276587524e-05
201	5.42132987727e-05
202	5.38839335511e-05
203	5.35572327117e-05
204	5.32384073648e-05
205	5.2910807049e-05
206	5.24352370228e-05
207	5.21132375303e-05
208	5.179879452e-05
209	5.15044669184e-05
210	5.11961671889e-05
211	5.08914958872e-05
212	5.05981904342e-05
213	5.03091032254e-05
214	5.00227807705e-05
215	4.97233996846e-05
216	4.94436960961e-05
217	4.9166995182e-05
218	4.89005077656e-05
219	4.86088053705e-05
220	4.85244047778e-05
221	4.82408549726e-05
222	4.79754512626e-05
223	4.76905200888e-05
224	4.74089314972e-05
225	4.71312282736e-05
226	4.68652417139e-05
227	4.66148903267e-05
228	4.63703954072e-05
229	4.6118283928e-05
230	4.58777884116e-05
231	4.55167324844e-05
232	4.52727457616e-05
233	4.50406053207e-05
234	4.48366222114e-05
235	4.46403089302e-05
236	4.4604004967e-05
237	4.44086437125e-05
238	4.42201544351e-05
239	4.40233755903e-05
240	4.3846883379e-05
241	4.36758210855e-05
242	4.35043971405e-05
243	4.3341741631e-05
244	4.31837555835e-05
245	4.30448588533e-05
246	4.28970061627e-05
247	4.27584219397e-05
248	4.26259270583e-05
249	4.25075108886e-05
250	4.23925421351e-05
251	4.22846930519e-05
252	4.21951189731e-05
253	4.21077574569e-05
254	4.20159303418e-05
255	4.19503220798e-05
256	4.18699065661e-05
257	4.18181440702e-05
258	4.17541515318e-05
259	4.17131685454e-05
260	4.16747029157e-05
261	4.16457810128e-05
262	4.16240147575e-05
263	4.16116991531e-05
264	4.15056573746e-05
265	4.1472404644e-05
266	4.147608302e-05
267	4.14936168467e-05
268	4.15173880735e-05
269	4.16807966827e-05
270	4.16981081022e-05
271	4.17361139121e-05
272	4.17535425206e-05
273	4.17998715475e-05
274	4.18378331503e-05
275	4.18827874293e-05
276	4.1926591306e-05
277	4.19023958257e-05
278	4.19238724445e-05
279	4.19928685582e-05
280	4.2066472599e-05
281	4.21420522334e-05
282	4.22239675321e-05
283	4.24279295906e-05
284	4.2507653963e-05
285	4.25905753891e-05
286	4.26615064942e-05
287	4.27363746057e-05
288	4.27332049476e-05
289	4.27890042106e-05
290	4.2886754186e-05
291	4.29816002821e-05
292	4.30767021202e-05
293	4.31793819624e-05
294	4.32682876538e-05
295	4.3367278068e-05
296	4.34618695661e-05
297	4.35463345298e-05
298	4.36381370963e-05
299	4.37301842338e-05
300	4.38161601502e-05
301	4.39120704454e-05
302	4.39994469171e-05
303	4.4082374967e-05
304	4.41664424483e-05
305	4.42473816105e-05
306	4.43288723063e-05
307	4.44034621899e-05
308	4.44917345286e-05
309	4.45726048865e-05
310	4.46375939647e-05
311	4.47353159586e-05
312	4.4802589945e-05
313	4.48700162165e-05
314	4.49497526905e-05
315	4.50237762219e-05
316	4.50962533855e-05
317	4.51484088309e-05
318	4.52035090959e-05
319	4.52692343489e-05
320	4.53215715241e-05
321	4.53764698573e-05
322	4.54093189952e-05
323	4.54506363689e-05
324	4.54790274923e-05
325	4.54849828572e-05
326	4.54377799344e-05
327	4.5257489937e-05
328	4.47026408996e-05
329	4.48412634328e-05
330	4.51808603276e-05
331	4.546580143e-05
332	4.56410601303e-05
333	4.57726106922e-05
334	4.58957542383e-05
335	4.5976514985e-05
336	4.60412737993e-05
337	4.60956077234e-05
338	4.61386192871e-05
339	4.61887575296e-05
340	4.62123993991e-05
341	4.62369828146e-05
342	4.62565016548e-05
343	4.62729024306e-05
344	4.62716589819e-05
345	4.62818121518e-05
346	4.62516538169e-05
347	4.62176979003e-05
348	4.61702854798e-05
349	4.60873643784e-05
350	4.59357738714e-05
351	4.55501387101e-05
352	4.49943790899e-05
353	4.51845976981e-05
354	4.51010459489e-05
355	4.50230642384e-05
356	4.51302927953e-05
357	4.52397337104e-05
358	4.5268376855e-05
359	4.51589151611e-05
360	4.46674264247e-05
361	4.38708052847e-05
362	4.42355086854e-05
363	4.46949047261e-05
364	4.48796146928e-05
365	4.47223659563e-05
366	4.42141829964e-05
367	4.44075448009e-05
368	4.41409698024e-05
369	4.46053384421e-05
370	4.46354067298e-05
371	4.40964156322e-05
372	4.44914881248e-05
373	4.35519964721e-05
374	4.42970245494e-05
375	4.44683530191e-05
376	4.40967552583e-05
377	4.44927814086e-05
378	4.37010780955e-05
379	4.42906468568e-05
380	4.43706218144e-05
381	4.42468478015e-05
382	4.44786215654e-05
383	4.32925701907e-05
384	4.42036527727e-05
385	4.4077090699e-05
386	4.43105079584e-05
387	4.43686413247e-05
388	4.42182883112e-05
389	4.44313224088e-05
390	4.36923112308e-05
391	4.42870716405e-05
392	4.34999577001e-05
393	4.41573073053e-05
394	4.40514882525e-05
395	4.42436580989e-05
396	4.42386681804e-05
397	4.42141152108e-05
398	4.42937500868e-05
399	4.41037387877e-05
400	4.42877599334e-05
401	4.39364818987e-05
402	4.42444392377e-05
403	4.36980646431e-05
404	4.41697926048e-05
405	4.3397344258e-05
406	4.40553327034e-05
407	4.30608090954e-05
408	4.39332993021e-05
409	4.27987943259e-05
410	4.38329147127e-05
411	4.27679323491e-05
412	4.37924432188e-05
413	4.29633510733e-05
414	4.3819352896e-05
415	4.32368546766e-05
416	4.38641988402e-05
417	4.34699135624e-05
418	4.389814358e-05
419	4.36341316968e-05
420	4.3897754588e-05
421	4.37185489631e-05
422	4.38223987827e-05
423	4.37610648433e-05
424	4.37086827113e-05
425	4.37768725245e-05
426	4.34275044313e-05
427	4.37004743427e-05
428	4.2005863778e-05
429	4.33086834344e-05
430	4.30918425336e-05
431	4.35265548363e-05
432	4.34536531498e-05
433	4.34550878387e-05
434	4.35611769946e-05
435	4.26085124772e-05
436	4.33150575507e-05
437	4.30705070495e-05
438	4.33638127848e-05
439	4.33616204885e-05
440	4.28142677322e-05
441	4.32667173134e-05
442	4.29883621877e-05
443	4.31718940801e-05
444	4.32479991829e-05
445	4.17294480413e-05
446	4.28716244509e-05
447	4.29865512705e-05
448	4.2253059769e-05
449	4.29117959795e-05
450	4.28750187899e-05
451	4.22663657833e-05
452	4.2831475571e-05
453	4.27935873128e-05
454	4.08411501262e-05
455	4.23742482775e-05
456	4.26575444238e-05
457	4.23531187568e-05
458	4.24168966056e-05
459	4.26648622686e-05
460	4.25548284913e-05
461	4.2051592851e-05
462	4.22001000747e-05
463	4.24750423625e-05
464	4.24232250163e-05
465	4.22107062578e-05
466	4.10354997111e-05
467	4.17775953403e-05
468	4.21518131468e-05
469	4.2228551825e-05
470	4.20945241218e-05
471	4.19304124291e-05
472	4.16837624922e-05
473	4.10866671109e-05
474	4.00748492794e-05
475	4.08807063235e-05
476	4.12550934955e-05
477	4.14006982044e-05
478	4.14415738712e-05
479	4.13972331419e-05
480	4.12834399309e-05
481	4.10878235986e-05
482	4.0649591081e-05
483	3.88040839854e-05
484	3.99753536661e-05
485	4.05500845173e-05
486	4.08293706626e-05
487	4.09653418822e-05
488	4.08095146791e-05
489	4.03720164123e-05
490	3.99876684497e-05
491	4.04109441808e-05
492	4.04246570599e-05
493	3.96436992555e-05
494	3.99381621044e-05
495	4.01052645847e-05
496	3.89383854578e-05
497	3.96476444152e-05
498	3.94718078278e-05
499	3.93734982852e-05
500	3.93777276568e-05
501	3.90390824433e-05
502	3.90898842811e-05
503	3.88744954334e-05
504	3.86775706637e-05
505	3.87504311099e-05
506	3.71057872331e-05
507	3.8173834079e-05
508	3.80633272326e-05
509	3.7313310662e-05
510	3.78240970455e-05
511	3.7728717001e-05
512	3.68079683787e-05
513	3.70557402309e-05
514	3.729429077e-05
515	3.70988690066e-05
516	3.65703191251e-05
517	3.39847860133e-05
518	3.57863424675e-05
519	3.62078018789e-05
520	3.63130265375e-05
521	3.5961915536e-05
522	3.55865854762e-05
523	3.51260368937e-05
524	3.40515025622e-05
525	3.41895352566e-05
526	3.45935588007e-05
527	3.46275770843e-05
528	3.46535373481e-05
529	3.46510539127e-05
530	3.4529302885e-05
531	3.42126803939e-05
532	3.39264789788e-05
533	3.36507753332e-05
534	3.33402846952e-05
535	3.2785047785e-05
536	3.25061791112e-05
537	3.24816106806e-05
538	3.24644209332e-05
539	3.26918407626e-05
540	3.27090013788e-05
541	3.25655637772e-05
542	3.23240746488e-05
543	3.20544653589e-05
544	3.1760372164e-05
545	3.1077292442e-05
546	3.04286639946e-05
547	3.08327677081e-05
548	3.09712395475e-05
549	3.09869926554e-05
550	3.09363256342e-05
551	3.08526178609e-05
552	3.05538951164e-05
553	3.0308630008e-05
554	2.9996264112e-05
555	2.92069012761e-05
556	2.89409441854e-05
557	2.92079671033e-05
558	2.92918701366e-05
559	2.92800520188e-05
560	2.92153811223e-05
561	2.91167395325e-05
562	2.89930278804e-05
563	2.88477945094e-05
564	2.86796276368e-05
565	2.84762153745e-05
566	2.81944455913e-05
567	2.73275596906e-05
568	2.78217980739e-05
569	2.81334848966e-05
570	2.81760278252e-05
571	2.76896532223e-05
572	2.77561049247e-05
573	2.78695043915e-05
574	2.64247971199e-05
575	2.75217088137e-05
576	2.62415051188e-05
577	2.72969269355e-05
578	2.72273094407e-05
579	2.71537255089e-05
580	2.7378004982e-05
581	2.71536947711e-05
582	2.60930742863e-05
583	2.68190963579e-05
584	2.70592473727e-05
585	2.70566348451e-05
586	2.68680151571e-05
587	2.65718835918e-05
588	2.57695972478e-05
589	2.62336015611e-05
590	2.64059690422e-05
591	2.64622779111e-05
592	2.64667246054e-05
593	2.64444291813e-05
594	2.64050316192e-05
595	2.63548784497e-05
596	2.62969155805e-05
597	2.62338796165e-05
598	2.61654917189e-05
599	2.60951128852e-05
600	2.60214510426e-05
601	2.59465029853e-05
602	2.5870047485e-05
603	2.57870872836e-05
604	2.5702683547e-05
605	2.56169454297e-05
606	2.55293173795e-05
607	2.54398327224e-05
608	2.5349894969e-05
609	2.52594086619e-05
610	2.51680230122e-05
611	2.50758362602e-05
612	2.49824736984e-05
613	2.4887604998e-05
614	2.47905867086e-05
615	2.46913446665e-05
616	2.45843150527e-05
617	2.44739208127e-05
618	2.43559666329e-05
619	2.42275196159e-05
620	2.40812183833e-05
621	2.38998005821e-05
622	2.3630025652e-05
623	2.30581637331e-05
624	2.32019180402e-05
625	2.34066655341e-05
626	2.3531189415e-05
627	2.35669763181e-05
628	2.3540390798e-05
629	2.35178355013e-05
630	2.34900040761e-05
631	2.3457673686e-05
632	2.34171548225e-05
633	2.33431515053e-05
634	2.32202967365e-05
635	2.30820782066e-05
636	2.29523897899e-05
637	2.28258209405e-05
638	2.27008568506e-05
639	2.25709582472e-05
640	2.24322120075e-05
641	2.22753628213e-05
642	2.20746248141e-05
643	2.17079920788e-05
644	2.15186075033e-05
645	2.16890890892e-05
646	2.17975694109e-05
647	2.17588621143e-05
648	2.1732183171e-05
649	2.17015470703e-05
650	2.16653143341e-05
651	2.1589054315e-05
652	2.14456045494e-05
653	2.12907729551e-05
654	2.11392335219e-05
655	2.09946416205e-05
656	2.08474165775e-05
657	2.068927632e-05
658	2.04985802296e-05
659	2.01787261501e-05
660	1.99941316203e-05
661	2.01096416417e-05
662	2.01500044854e-05
663	2.01037442126e-05
664	2.00691982212e-05
665	2.00365046117e-05
666	1.9971301737e-05
667	1.98325733291e-05
668	1.96820801475e-05
669	1.9549588056e-05
670	1.94323843721e-05
671	1.93317359324e-05
672	1.92063001647e-05
673	1.8834193957e-05
674	1.91224049224e-05
675	1.94496653342e-05
676	1.9693110496e-05
677	2.03467732438e-05
678	1.92040213682e-05
679	1.87515794108e-05
680	1.83690002503e-05
681	1.82886944018e-05
682	1.80043215844e-05
683	1.76662731046e-05
684	1.74531817127e-05
685	1.72407226467e-05
686	1.71153995891e-05
687	1.69912344322e-05
688	1.68423201175e-05
689	1.67140438074e-05
690	1.65929671776e-05
691	1.64737621305e-05
692	1.63569375566e-05
693	1.62333181213e-05
694	1.60825162223e-05
695	1.58958825216e-05
696	1.56962063266e-05
697	1.54982579284e-05
698	1.53030265894e-05
699	1.51084195013e-05
700	1.49136579951e-05
701	1.47154778482e-05
702	1.4516631669e-05
703	1.43126597525e-05
704	1.41041004938e-05
705	1.38895510559e-05
706	1.36662933866e-05
707	1.34330055465e-05
708	1.31829711189e-05
709	1.29092938485e-05
710	1.26369152989e-05
711	1.24551275779e-05
712	1.2275381403e-05
713	1.20640053179e-05
714	1.18222452329e-05
715	1.15767158813e-05
716	1.13565168021e-05
717	1.11620268687e-05
718	1.09693045207e-05
719	1.07430087068e-05
720	1.04193808014e-05
721	9.93650915909e-06
722	9.70581256988e-06
723	9.44245195524e-06
724	9.2772550885e-06
725	9.11378606845e-06
726	8.8274554589e-06
727	8.4056209797e-06
728	7.94781313025e-06
729	7.57183094109e-06
730	6.89790889174e-06
731	5.97717507347e-06
732	9.25916393318e-06
733	8.88129475628e-06
734	9.48296472108e-06
735	5.5276812248e-06
736	5.80467366984e-06
737	6.04554980677e-06
738	6.22370870737e-06
739	6.34497244786e-06
740	6.43225238066e-06
741	6.44954504559e-06
742	6.71709727205e-06
743	7.02604342294e-06
744	7.30964451681e-06
745	7.61601518621e-06
746	7.91816116026e-06
747	8.18480714993e-06
748	8.39853844834e-06
749	8.56900409849e-06
750	8.69257962331e-06
751	8.78693954977e-06
752	8.84982590438e-06
753	8.88084354772e-06
754	8.89330398156e-06
755	8.87591873839e-06
756	8.83576307089e-06
757	8.77854292135e-06
758	8.68886714396e-06
759	8.56028106508e-06
760	8.39459437238e-06
761	8.18879644331e-06
762	7.93390143047e-06
763	7.64193231868e-06
764	7.32643508672e-06
765	7.07871554086e-06
766	7.07313995632e-06
767	7.04310298895e-06
768	7.07651754681e-06
769	7.15209346908e-06
770	7.26434531847e-06
771	7.37341547354e-06
772	7.50424404572e-06
773	7.62195712018e-06
774	7.72293012219e-06
775	7.80205738982e-06
776	7.8625773466e-06
777	7.91128258159e-06
778	7.96884605982e-06
779	8.0443941423e-06
780	8.13184305878e-06
781	8.25165157335e-06
782	8.41340412449e-06
783	8.60536478285e-06
784	8.83302318276e-06
785	9.09787100804e-06
786	9.37950057629e-06
787	9.66141745386e-06
788	9.92230597828e-06
789	1.02229122173e-05
790	1.05680026555e-05
791	1.09085738261e-05
792	1.12391191809e-05
793	1.15330344327e-05
794	1.18033474286e-05
795	1.20500090861e-05
796	1.22727198031e-05
797	1.24887707692e-05
798	1.26737110496e-05
799	1.28206807062e-05
800	1.29928678178e-05
801	1.31454986328e-05
802	1.32999925874e-05
803	1.3421375236e-05
804	1.35099741541e-05
805	1.36170852204e-05
806	1.37072486723e-05
807	1.38066857485e-05
808	1.39141212178e-05
809	1.40027078767e-05
810	1.40992206954e-05
811	1.41871186028e-05
812	1.42359191588e-05
813	1.42332437655e-05
814	1.44169743421e-05
815	1.46081692002e-05
816	1.47768685786e-05
817	1.4896916365e-05
818	1.50171884463e-05
819	1.51404428682e-05
820	1.52801761217e-05
821	1.54258170199e-05
822	1.55434718772e-05
823	1.56113104319e-05
824	1.56605256189e-05
825	1.57078866647e-05
826	1.57466533541e-05
827	1.57771379162e-05
828	1.57980082896e-05
829	1.57551641074e-05
830	1.58372317621e-05
831	1.60364750511e-05
832	1.61404397429e-05
833	1.62499360649e-05
834	1.63773498626e-05
835	1.65067079855e-05
836	1.65857550283e-05
837	1.65972444761e-05
838	1.6599933783e-05
839	1.66033101133e-05
840	1.65872223107e-05
841	1.64703056795e-05
842	1.66010504149e-05
843	1.67721227166e-05
844	1.68731808531e-05
845	1.70003921162e-05
846	1.71073637559e-05
847	1.71025626225e-05
848	1.70628545887e-05
849	1.70206555319e-05
850	1.69158932211e-05
851	1.69690184131e-05
852	1.71083104145e-05
853	1.72158579807e-05
854	1.73266202416e-05
855	1.72957946316e-05
856	1.7235753371e-05
857	1.71053054767e-05
858	1.72550493563e-05
859	1.73729715919e-05
860	1.74619474512e-05
861	1.73996970345e-05
862	1.72902301149e-05
863	1.74542544992e-05
864	1.76106115276e-05
865	1.75705291827e-05
866	1.74789729947e-05
867	1.7637677221e-05
868	1.77414341639e-05
869	1.77049021064e-05
870	1.77040807946e-05
871	1.79077626651e-05
872	1.79242785577e-05
873	1.78647824026e-05
874	1.79795834605e-05
875	1.81311978366e-05
876	1.80800181648e-05
877	1.79506779599e-05
878	1.81273565624e-05
879	1.82905890059e-05
880	1.82500534591e-05
881	1.8145011591e-05
882	1.81973875669e-05
883	1.83263098212e-05
884	1.83687521211e-05
885	1.82936281009e-05
886	1.80940350214e-05
887	1.83418955569e-05
888	1.85102968275e-05
889	1.84617274388e-05
890	1.8355683975e-05
891	1.83949401404e-05
892	1.85217357224e-05
893	1.85892855771e-05
894	1.84983560715e-05
895	1.83115402692e-05
896	1.84697593342e-05
897	1.8608553838e-05
898	1.86236356622e-05
899	1.8530503484e-05
900	1.82983832745e-05
901	1.85157425334e-05
902	1.86680244675e-05
903	1.86732192232e-05
904	1.85812000656e-05
905	1.83493742646e-05
906	1.85547239321e-05
907	1.86758782977e-05
908	1.86859626054e-05
909	1.85803668166e-05
910	1.8389256857e-05
911	1.85203843088e-05
912	1.86125233635e-05
913	1.86969190217e-05
914	1.86121861376e-05
915	1.8484510596e-05
916	1.84232165865e-05
917	1.85433293414e-05
918	1.86463389761e-05
919	1.85968097906e-05
920	1.84772764864e-05
921	1.82527419182e-05
922	1.84066958417e-05
923	1.84847264426e-05
924	1.85776457993e-05
925	1.84964386641e-05
926	1.83708770499e-05
927	1.81613862752e-05
928	1.83151206765e-05
929	1.83831498991e-05
930	1.84253112433e-05
931	1.83185048246e-05
932	1.81783969472e-05
933	1.80364585835e-05
934	1.81736822982e-05
935	1.82681399006e-05
936	1.8309038748e-05
937	1.81984428818e-05
938	1.80309884569e-05
939	1.78769701512e-05
940	1.79860932677e-05
941	1.80643272794e-05
942	1.8091336425e-05
943	1.79786088433e-05
944	1.7829873403e-05
945	1.77010359912e-05
946	1.7806150107e-05
947	1.78596247246e-05
948	1.78558907565e-05
949	1.77269863364e-05
950	1.75629542517e-05
951	1.74374111413e-05
952	1.75300267456e-05
953	1.76012385575e-05
954	1.76094998828e-05
955	1.74765815143e-05
956	1.72824929307e-05
957	1.71973668999e-05
958	1.72669894189e-05
959	1.73401235409e-05
960	1.73198153068e-05
961	1.71921483298e-05
962	1.69970706575e-05
963	1.6996963668e-05
964	1.69957359052e-05
965	1.70499921003e-05
966	1.6974518618e-05
967	1.68373335396e-05
968	1.66003556819e-05
969	1.67298654227e-05
970	1.67708873586e-05
971	1.67694062235e-05
972	1.66385736033e-05
973	1.64760269168e-05
974	1.63763399726e-05
975	1.64427947698e-05
976	1.65054626894e-05
977	1.64411663407e-05
978	1.62593785133e-05
979	1.60139078906e-05
980	1.61097879488e-05
981	1.61534800161e-05
982	1.6194019945e-05
983	1.60779818772e-05
984	1.58526955931e-05
985	1.57847237349e-05
986	1.58250642807e-05
987	1.58804045398e-05
988	1.58147588476e-05
989	1.56673835242e-05
990	1.53931386217e-05
991	1.54652959335e-05
992	1.55068360165e-05
993	1.55132809964e-05
994	1.53977398034e-05
995	1.51932256422e-05
996	1.51562615503e-05
997	1.51611177735e-05
998	1.52042077249e-05
999	1.51156891635e-05
1000	1.49476982061e-05
1001	1.47307654979e-05
1002	1.47792826248e-05
1003	1.48265361576e-05
1004	1.48102831265e-05
1005	1.46402216497e-05
1006	1.43998705956e-05
1007	1.4425551835e-05
1008	1.44428902674e-05
1009	1.44672105195e-05
1010	1.42998781845e-05
1011	1.41374137751e-05
1012	1.39561292595e-05
1013	1.40105955637e-05
1014	1.39446740491e-05
1015	1.39406332747e-05
1016	1.38422177441e-05
1017	1.36677543137e-05
1018	1.3443454703e-05
1019	1.34648323776e-05
1020	1.34731586135e-05
1021	1.33807443031e-05
1022	1.32605489452e-05
1023	1.3118437911e-05
1024	1.28253692634e-05
1025	1.27977538626e-05
1026	1.2761494059e-05
1027	1.26237739732e-05
1028	1.26138997368e-05
1029	1.24733324528e-05
1030	1.21703162499e-05
1031	1.19510237948e-05
1032	1.17700233073e-05
1033	1.16308752324e-05
1034	1.14028600796e-05
1035	1.11497220262e-05
1036	1.1050802503e-05
1037	1.06217710836e-05
1038	1.02903113068e-05
1039	9.90955236791e-06
1040	9.07842523928e-06
1041	8.84735511042e-06
1042	8.46062386338e-06
1043	8.32349874302e-06
1044	8.2554485812e-06
1045	8.21173492353e-06
1046	8.17980642645e-06
1047	8.15348914209e-06
1048	8.13050007334e-06
1049	8.10908522861e-06
1050	8.08878915012e-06
1051	8.06968100792e-06
1052	8.05174696504e-06
1053	8.0351438734e-06
1054	8.02004489198e-06
1055	8.0063577746e-06
1056	7.99391501682e-06
1057	7.98244584718e-06
1058	7.97147979465e-06
1059	7.96100075694e-06
1060	7.95039730551e-06
1061	7.93996582787e-06
1062	7.92965715117e-06
1063	7.91910784335e-06
1064	7.90890944356e-06
1065	7.89918402919e-06
1066	7.89002620873e-06
1067	7.88160211297e-06
1068	7.87390914733e-06
1069	7.86721310982e-06
1070	7.86089808291e-06
1071	7.85512136535e-06
1072	7.84937927619e-06
1073	7.84340981e-06
1074	7.83728823172e-06
1075	7.83086271095e-06
1076	7.82426041782e-06
1077	7.81753437773e-06
1078	7.81094928996e-06
1079	7.80462508916e-06
1080	7.79890222786e-06
1081	7.79364116901e-06
1082	7.78908039045e-06
1083	7.78514218354e-06
1084	7.78150326036e-06
1085	7.77787702237e-06
1086	7.77409948882e-06
1087	7.77027952642e-06
1088	7.76601633268e-06
1089	7.7615662055e-06
1090	7.75661143665e-06
1091	7.75190091147e-06
1092	7.7468482605e-06
1093	7.74221794795e-06
1094	7.73830924309e-06
1095	7.73472744844e-06
1096	7.73171120458e-06
1097	7.7292275213e-06
1098	7.72688359822e-06
1099	7.72463936863e-06
1100	7.72213713532e-06
1101	7.7193232559e-06
1102	7.71605997558e-06
1103	7.71274460547e-06
1104	7.70873262151e-06
1105	7.70495661027e-06
1106	7.70125953945e-06
1107	7.69769751598e-06
1108	7.69466264374e-06
1109	7.69215743598e-06
1110	7.69004046962e-06
1111	7.68837477459e-06
1112	7.6866011951e-06
1113	7.68500318975e-06
1114	7.68314950779e-06
1115	7.68123365615e-06
1116	7.67854987163e-06
1117	7.67560298532e-06
1118	7.67252038866e-06
1119	7.66902391467e-06
1120	7.66577918309e-06
1121	7.66274603305e-06
1122	7.65997323708e-06
1123	7.65762039549e-06
1124	7.655934547e-06
1125	7.65420530348e-06
1126	7.65286594533e-06
1127	7.65160630018e-06
1128	7.65007643982e-06
1129	7.648090654e-06
1130	7.64581992825e-06
1131	7.64317821121e-06
1132	7.64026133773e-06
1133	7.63709297188e-06
1134	7.63391513141e-06
1135	7.63078506447e-06
1136	7.62811634469e-06
1137	7.62566904076e-06
1138	7.62367705822e-06
1139	7.62214202765e-06
1140	7.6207225257e-06
1141	7.61924304637e-06
1142	7.6177405944e-06
1143	7.61605904876e-06
1144	7.61370632811e-06
1145	7.61129930564e-06
1146	7.60850303554e-06
1147	7.60548381277e-06
1148	7.60211106845e-06
1149	7.59884559811e-06
1150	7.59580825576e-06
1151	7.59301125257e-06
1152	7.59073580673e-06
1153	7.58883414361e-06
1154	7.58713073294e-06
1155	7.58536907768e-06
1156	7.58383163148e-06
1157	7.58212396323e-06
1158	7.57993698949e-06
1159	7.57766013249e-06
1160	7.57480198606e-06
1161	7.5717845732e-06
1162	7.56834431979e-06
1163	7.56493395083e-06
1164	7.5614740558e-06
1165	7.55812284844e-06
1166	7.55528284058e-06
1167	7.55249133811e-06
1168	7.55031337776e-06
1169	7.54812954834e-06
1170	7.54622928204e-06
1171	7.54438019796e-06
1172	7.54203114508e-06
1173	7.53965748591e-06
1174	7.53690135567e-06
1175	7.53386242325e-06
1176	7.53033356965e-06
1177	7.52668595157e-06
1178	7.52282039334e-06
1179	7.51886382484e-06
1180	7.51513927049e-06
1181	7.51167748372e-06
1182	7.50863985274e-06
1183	7.50575591065e-06
1184	7.50300782817e-06
1185	7.50066146933e-06
1186	7.49800791076e-06
1187	7.49563423157e-06
1188	7.49275498727e-06
1189	7.48953450865e-06
1190	7.48614396614e-06
1191	7.48250488148e-06
1192	7.4785920472e-06
1193	7.47422311468e-06
1194	7.46999139851e-06
1195	7.46568088504e-06
1196	7.46151888532e-06
1197	7.45763992823e-06
1198	7.45413823566e-06
1199	7.45065927289e-06
1200	7.44755164468e-06
1201	7.44442228322e-06
1202	7.44144488291e-06
1203	7.43834136132e-06
1204	7.43489528508e-06
1205	7.43117715304e-06
1206	7.42716139119e-06
1207	7.4230006847e-06
1208	7.41847056449e-06
1209	7.41366150891e-06
1210	7.4087706084e-06
1211	7.40405871878e-06
1212	7.399499502e-06
1213	7.39502456428e-06
1214	7.39072237163e-06
1215	7.38677492527e-06
1216	7.38310543698e-06
1217	7.37936323853e-06
1218	7.37567426904e-06
1219	7.37191416423e-06
1220	7.36791300238e-06
1221	7.36385516721e-06
1222	7.35945993696e-06
1223	7.35478648648e-06
1224	7.34972500233e-06
1225	7.34473340061e-06
1226	7.33943299978e-06
1227	7.33412458519e-06
1228	7.32896485676e-06
1229	7.32369107343e-06
1230	7.31890648075e-06
1231	7.31413602753e-06
1232	7.30973128967e-06
1233	7.30537826262e-06
1234	7.30116718706e-06
1235	7.29688483877e-06
1236	7.29263093335e-06
1237	7.28819655807e-06
1238	7.28340296452e-06
1239	7.27851358756e-06
1240	7.27330810289e-06
1241	7.26781405315e-06
1242	7.26223750203e-06
1243	7.25649788241e-06
1244	7.25077355777e-06
1245	7.24504454329e-06
1246	7.23938632407e-06
1247	7.23409857478e-06
1248	7.22888496739e-06
1249	7.22379934259e-06
1250	7.21890620499e-06
1251	7.21420934997e-06
1252	7.20924404184e-06
1253	7.20470178324e-06
1254	7.19969755545e-06
1255	7.19485770984e-06
1256	7.18938945901e-06
1257	7.18390330916e-06
1258	7.17825748161e-06
1259	7.17228453295e-06
1260	7.16636934718e-06
1261	7.16013173437e-06
1262	7.15409260177e-06
1263	7.1479749255e-06
1264	7.14213711803e-06
1265	7.13628224778e-06
1266	7.13051945685e-06
1267	7.12516160534e-06
1268	7.11972403507e-06
1269	7.11474527198e-06
1270	7.10948498887e-06
1271	7.10422479351e-06
1272	7.09899831861e-06
1273	7.09358581688e-06
1274	7.08788764768e-06
1275	7.08203939207e-06
1276	7.07603066435e-06
1277	7.07001352528e-06
1278	7.06346583417e-06
1279	7.05707962843e-06
1280	7.05068772966e-06
1281	7.04433524482e-06
1282	7.03779852664e-06
1283	7.03161665319e-06
1284	7.0255824379e-06
1285	7.01964136404e-06
1286	7.01383811085e-06
1287	7.00817928447e-06
1288	7.00266707001e-06
1289	6.99703913062e-06
1290	6.9913928088e-06
1291	6.98581957422e-06
1292	6.97993499959e-06
1293	6.97391430448e-06
1294	6.96788557474e-06
1295	6.96163195693e-06
1296	6.95515974434e-06
1297	6.94848966909e-06
1298	6.94178437544e-06
1299	6.93522995715e-06
1300	6.92842322137e-06
1301	6.92186021892e-06
1302	6.91533204358e-06
1303	6.90879839608e-06
1304	6.90263675751e-06
1305	6.89652924854e-06
1306	6.89045262919e-06
1307	6.88463739529e-06
1308	6.87866025869e-06
1309	6.87285157699e-06
1310	6.86704979493e-06
1311	6.86097709844e-06
1312	6.85484055885e-06
1313	6.84847209919e-06
1314	6.84218012311e-06
1315	6.83569990302e-06
1316	6.82893735377e-06
1317	6.82200472287e-06
1318	6.81521922698e-06
1319	6.80833911862e-06
1320	6.80138710167e-06
1321	6.79461329165e-06
1322	6.7878057866e-06
1323	6.78122180065e-06
1324	6.7746078653e-06
1325	6.76825095225e-06
1326	6.76201412013e-06
1327	6.75580131624e-06
1328	6.74966232561e-06
1329	6.74357586539e-06
1330	6.73747247138e-06
1331	6.73126760124e-06
1332	6.72496233384e-06
1333	6.71860479429e-06
1334	6.71211420665e-06
1335	6.70549964004e-06
1336	6.6987637848e-06
1337	6.69192512657e-06
1338	6.68508429652e-06
1339	6.67818731665e-06
1340	6.67104863842e-06
1341	6.66410428656e-06
1342	6.65718715322e-06
1343	6.65033181207e-06
1344	6.64358144725e-06
1345	6.63688401238e-06
1346	6.63026127453e-06
1347	6.62391987399e-06
1348	6.61761749927e-06
1349	6.61124706823e-06
1350	6.60508643616e-06
1351	6.59893550774e-06
1352	6.5925299849e-06
1353	6.58620648439e-06
1354	6.57970144942e-06
1355	6.57324061972e-06
1356	6.56663223006e-06
1357	6.55987094081e-06
1358	6.55302871208e-06
1359	6.54596541437e-06
1360	6.53910513132e-06
1361	6.53213880449e-06
1362	6.52504615017e-06
1363	6.51792556483e-06
1364	6.51102098342e-06
1365	6.50405469894e-06
1366	6.49735190627e-06
1367	6.49064333871e-06
1368	6.48407619899e-06
1369	6.47751423908e-06
1370	6.47122777303e-06
1371	6.46493964639e-06
1372	6.45865736176e-06
1373	6.45229883896e-06
1374	6.44597281371e-06
1375	6.43946757593e-06
1376	6.43324348882e-06
1377	6.42683122703e-06
1378	6.42023163345e-06
1379	6.41345273747e-06
1380	6.40667500656e-06
1381	6.39996020765e-06
1382	6.39295063828e-06
1383	6.38616872705e-06
1384	6.37912304435e-06
1385	6.37222109351e-06
1386	6.36536967969e-06
1387	6.35845809086e-06
1388	6.35170843612e-06
1389	6.3448579363e-06
1390	6.33834603659e-06
1391	6.33186227319e-06
1392	6.32534734171e-06
1393	6.31914156712e-06
1394	6.31281991807e-06
1395	6.30665988658e-06
1396	6.30030540125e-06
1397	6.29420718606e-06
1398	6.28798835198e-06
1399	6.28149937724e-06
1400	6.2753314781e-06
1401	6.26876911355e-06
1402	6.26236783564e-06
1403	6.25587240896e-06
1404	6.24921818966e-06
1405	6.24259517096e-06
1406	6.23583940948e-06
1407	6.22904447918e-06
1408	6.22229267576e-06
1409	6.21556111533e-06
1410	6.20895502409e-06
1411	6.20235962662e-06
1412	6.19596006948e-06
1413	6.18949765553e-06
1414	6.18302887388e-06
1415	6.17677262859e-06
1416	6.17064384338e-06
1417	6.1644645554e-06
1418	6.15854447162e-06
1419	6.15246466159e-06
1420	6.14649457789e-06
1421	6.14049739155e-06
1422	6.13445050581e-06
1423	6.12853711106e-06
1424	6.12250273629e-06
1425	6.11638526922e-06
1426	6.11032331723e-06
1427	6.10403156536e-06
1428	6.09767139589e-06
1429	6.09140770118e-06
1430	6.08514519826e-06
1431	6.07873299163e-06
1432	6.07253430866e-06
1433	6.06618974177e-06
1434	6.05984981286e-06
1435	6.05352245793e-06
1436	6.04739237589e-06
1437	6.04118553171e-06
1438	6.03521250506e-06
1439	6.02939251028e-06
1440	6.02346922204e-06
1441	6.01782198025e-06
1442	6.01223159656e-06
1443	6.00665015222e-06
1444	6.00106713626e-06
1445	5.9955282778e-06
1446	5.99002446774e-06
1447	5.98448255914e-06
1448	5.97892405678e-06
1449	5.97344146631e-06
1450	5.96778306001e-06
1451	5.96219123833e-06
1452	5.9564316344e-06
1453	5.95061430293e-06
1454	5.94500162471e-06
1455	5.93919806201e-06
1456	5.93350709258e-06
1457	5.92760192931e-06
1458	5.92196265276e-06
1459	5.91620868988e-06
1460	5.91056448671e-06
1461	5.90479182411e-06
1462	5.89918576232e-06
1463	5.89364259256e-06
1464	5.88828791372e-06
1465	5.88297997845e-06
1466	5.87780192052e-06
1467	5.87254604191e-06
1468	5.86737181371e-06
1469	5.86239133423e-06
1470	5.85709200985e-06
1471	5.85213567951e-06
1472	5.84693337485e-06
1473	5.84191244993e-06
1474	5.83677757067e-06
1475	5.83165088899e-06
1476	5.82651701465e-06
1477	5.821181173e-06
1478	5.81594274158e-06
1479	5.81060308315e-06
1480	5.80534319616e-06
1481	5.79985374191e-06
1482	5.79438062495e-06
1483	5.78884977027e-06
1484	5.78336798084e-06
1485	5.77790181352e-06
1486	5.77255611052e-06
1487	5.7670014414e-06
1488	5.76149382709e-06
1489	5.75619529652e-06
1490	5.75102168789e-06
1491	5.74574180295e-06
1492	5.74044791716e-06
1493	5.7354723246e-06
1494	5.73031321927e-06
1495	5.72492588245e-06
1496	5.72030699177e-06
1497	5.71486659965e-06
1498	5.70964721047e-06
1499	5.70405582685e-06
1500	5.69845467603e-06
1501	5.69311434281e-06
1502	5.68758644537e-06
1503	5.68190511705e-06
1504	5.67596527905e-06
1505	5.66984015941e-06
1506	5.66363392242e-06
1507	5.65753720639e-06
1508	5.6513209359e-06
1509	5.645280026e-06
1510	5.63915479723e-06
1511	5.63305135155e-06
1512	5.62689713273e-06
1513	5.62085219918e-06
1514	5.61459889724e-06
1515	5.60844969142e-06
1516	5.60236630307e-06
1517	5.59617110251e-06
1518	5.59010336528e-06
1519	5.58396111868e-06
1520	5.57800425415e-06
1521	5.57202452287e-06
1522	5.56611079198e-06
1523	5.56013339643e-06
1524	5.55413007181e-06
1525	5.54820075658e-06
1526	5.54227878649e-06
1527	5.53623835584e-06
1528	5.53055418124e-06
1529	5.52458068459e-06
1530	5.51861873471e-06
1531	5.51254405048e-06
1532	5.50657012269e-06
1533	5.50065115167e-06
1534	5.49438314468e-06
1535	5.48832020647e-06
1536	5.48210762643e-06
1537	5.47585840858e-06
1538	9.99866290218e-06
1539	9.99078539253e-06
1540	9.98249489047e-06
1541	9.97401210655e-06
1542	9.96549988837e-06
1543	9.95659227685e-06
1544	9.94774856538e-06
1545	9.93896930023e-06
1546	9.92996954749e-06
1547	9.92113955247e-06
1548	9.91227147978e-06
1549	9.90351433795e-06
1550	9.89478805551e-06
1551	9.88619008631e-06
1552	9.87775598903e-06
1553	9.86907767252e-06
1554	9.86051269493e-06
1555	9.85192114457e-06
1556	9.84322174444e-06
1557	9.83476596921e-06
1558	9.82622863733e-06
1559	9.81748325338e-06
1560	9.80880658848e-06
1561	9.79982502908e-06
1562	9.79098913961e-06
1563	9.78189340794e-06
1564	9.77296687371e-06
1565	9.7639626319e-06
1566	9.75469251204e-06
1567	9.74549811181e-06
1568	9.7360931512e-06
1569	9.72657910566e-06
1570	9.71731345967e-06
1571	9.70758751902e-06
1572	9.69831929835e-06
1573	9.68888969469e-06
1574	9.67927470225e-06
1575	9.6701594681e-06
1576	9.66073284391e-06
1577	9.65158736898e-06
1578	9.64253600042e-06
1579	9.63327794706e-06
1580	9.62442743424e-06
1581	9.61538987089e-06
1582	9.60657982541e-06
1583	9.59777222075e-06
1584	9.58897623469e-06
1585	9.58022095431e-06
1586	9.57148903763e-06
1587	9.56241974616e-06
1588	9.55358884731e-06
1589	9.54465180184e-06
1590	9.53585667062e-06
1591	9.52679603719e-06
1592	9.51763804766e-06
1593	9.50858548669e-06
1594	9.4993308713e-06
1595	9.49007747195e-06
1596	9.48079774294e-06
1597	9.4713699058e-06
1598	9.46206779434e-06
1599	9.4524855859e-06
1600	9.44302576394e-06
1601	9.43343447777e-06
1602	9.42385214852e-06
1603	9.41460500344e-06
1604	9.40539530963e-06
1605	9.39592709617e-06
1606	9.38668345354e-06
1607	9.37755401682e-06
1608	9.36830038001e-06
1609	9.35932928177e-06
1610	9.35032655373e-06
1611	9.34153057317e-06
1612	9.33262688007e-06
1613	9.32400608779e-06
1614	9.31531029526e-06
1615	9.30636331185e-06
1616	9.2976903306e-06
1617	9.28883717713e-06
1618	9.28011357673e-06
1619	9.27136696448e-06
1620	9.26244955318e-06
1621	9.25351849136e-06
1622	9.24429489941e-06
1623	9.23521654841e-06
1624	9.22617579514e-06
1625	9.21673293644e-06
1626	9.20770859004e-06
1627	9.19833212268e-06
1628	9.18903102642e-06
1629	9.17990868676e-06
1630	9.17036460043e-06
1631	9.16118588599e-06
1632	9.15163328907e-06
1633	9.14259497645e-06
1634	9.13331669851e-06
1635	9.12432686184e-06
1636	9.11505415027e-06
1637	9.10622691935e-06
1638	9.09736059419e-06
1639	9.08859506065e-06
1640	9.0798388795e-06
1641	9.07101056907e-06
1642	9.06249720255e-06
1643	9.0536985514e-06
1644	9.04510224873e-06
1645	9.03664004485e-06
1646	9.02785857487e-06
1647	9.01934092548e-06
1648	9.0106802325e-06
1649	9.00187081688e-06
1650	8.99333287177e-06
1651	8.98428497651e-06
1652	8.97548550031e-06
1653	8.96653093038e-06
1654	8.9574227928e-06
1655	8.94842728136e-06
1656	8.93942035914e-06
1657	8.9302851064e-06
1658	8.92122165321e-06
1659	8.91209038264e-06
1660	8.9029995976e-06
1661	8.89387844143e-06
1662	8.88480636918e-06
1663	8.8758803964e-06
1664	8.86673777344e-06
1665	8.85777897164e-06
1666	8.84902364032e-06
1667	8.84031490863e-06
1668	8.83163823025e-06
1669	8.82311099742e-06
1670	8.81473359346e-06
1671	8.80615141281e-06
1672	8.79783226868e-06
1673	8.78929809782e-06
1674	8.78082021732e-06
1675	8.77253179172e-06
1676	8.7639908177e-06
1677	8.75555449284e-06
1678	8.7470367805e-06
1679	8.73837012314e-06
1680	8.73003628926e-06
1681	8.72135884617e-06
1682	8.7123662753e-06
1683	8.7038093989e-06
1684	8.69503978521e-06
1685	8.68591853978e-06
1686	8.67719348741e-06
1687	8.66818925614e-06
1688	8.65964357445e-06
1689	8.65051711296e-06
1690	8.64167637468e-06
1691	8.63275103662e-06
1692	8.62392867926e-06
1693	8.61508869674e-06
1694	8.60644561894e-06
1695	8.5981243443e-06
1696	8.58953752067e-06
1697	8.58096124941e-06
1698	8.57272094252e-06
1699	8.5641861702e-06
1700	8.55605998748e-06
1701	8.54793167825e-06
1702	8.53949290068e-06
1703	8.53159042339e-06
1704	8.52339175984e-06
1705	8.51501102583e-06
1706	8.50673895219e-06
1707	8.49828315402e-06
1708	8.49006858582e-06
1709	8.48159964335e-06
1710	8.47300500057e-06
1711	8.46459812858e-06
1712	8.45599434089e-06
1713	8.44730914739e-06
1714	8.43864821887e-06
1715	8.42995250448e-06
1716	8.42137813889e-06
1717	8.41260654146e-06
1718	8.40384350835e-06
1719	8.39516684038e-06
1720	8.38651772893e-06
1721	8.37801510228e-06
1722	8.36935363389e-06
1723	8.36108416222e-06
1724	8.35270766941e-06
1725	8.3446307525e-06
1726	8.33644502321e-06
1727	8.32821148531e-06
1728	8.32017088555e-06
1729	8.31209577893e-06
1730	8.30408630792e-06
1731	8.29600961869e-06
1732	8.28796049794e-06
1733	8.27982496561e-06
1734	8.27167634556e-06
1735	8.26368617608e-06
1736	8.25558107279e-06
1737	8.24715640954e-06
1738	8.23893067461e-06
1739	8.23049016138e-06
1740	8.22212359466e-06
1741	8.21356550229e-06
1742	8.20508453228e-06
1743	8.19662013542e-06
1744	8.18808450789e-06
1745	8.17949950928e-06
1746	8.17078766355e-06
1747	8.16243675115e-06
1748	8.15408900573e-06
1749	8.14574136819e-06
1750	8.13730312186e-06
1751	8.12887812553e-06
1752	8.12078602557e-06
1753	8.11250823911e-06
1754	8.10439044205e-06
1755	8.09630831989e-06
1756	8.08857217164e-06
1757	8.0805897795e-06
1758	8.07281217011e-06
1759	8.064817922e-06
1760	8.05676434278e-06
1761	8.04903201454e-06
1762	8.04087127521e-06
1763	8.03279283477e-06
1764	8.02470146314e-06
1765	8.01640348403e-06
1766	8.00822187678e-06
1767	7.99989090159e-06
1768	7.99145407352e-06
1769	7.98327764261e-06
1770	7.97476856066e-06
1771	7.96629868989e-06
1772	7.95775408795e-06
1773	7.94930162905e-06
1774	7.94084479188e-06
1775	7.93244933036e-06
1776	7.92401451889e-06
1777	7.91582894052e-06
1778	7.90759918919e-06
1779	7.89934383464e-06
1780	7.89124801221e-06
1781	7.8833356965e-06
1782	7.87367259097e-06
1783	7.86658342867e-06
1784	7.85882351936e-06
1785	7.84893880418e-06
1786	7.84004938504e-06
1787	7.832778805e-06
1788	7.8229357376e-06
1789	7.81367233107e-06
1790	7.80473741065e-06
1791	7.79571768065e-06
1792	7.78662399065e-06
1793	7.77693991341e-06
1794	7.76702463372e-06
1795	7.75716572639e-06
1796	7.74716627178e-06
1797	7.73753318352e-06
1798	7.72774653039e-06
1799	7.71820248825e-06
1800	7.70877926361e-06
1801	7.69937659941e-06
1802	7.68975211652e-06
1803	7.68063073585e-06
1804	7.67129440578e-06
1805	7.66200931376e-06
1806	7.65289723234e-06
1807	7.64370823496e-06
1808	7.63470252674e-06
1809	7.62572865649e-06
1810	7.61648230052e-06
1811	7.6074632002e-06
1812	7.59851081211e-06
1813	7.58957188315e-06
1814	7.58027247726e-06
1815	7.57122889426e-06
1816	7.56200268941e-06
1817	7.55275075471e-06
1818	7.54353733559e-06
1819	7.53419401745e-06
1820	7.5248008797e-06
1821	7.51541030022e-06
1822	7.50580650036e-06
1823	7.4965013353e-06
1824	7.48681752626e-06
1825	7.47728422679e-06
1826	7.46791646213e-06
1827	7.458200665e-06
1828	7.44881026679e-06
1829	7.43933335145e-06
1830	7.43016440496e-06
1831	7.42070963067e-06
1832	7.41160024e-06
1833	7.40244255749e-06
1834	7.39338885549e-06
1835	7.38430651922e-06
1836	7.37552849189e-06
1837	7.36654866628e-06
1838	7.3574156077e-06
1839	7.34839464207e-06
1840	7.33946297876e-06
1841	7.33036864388e-06
1842	7.32116813353e-06
1843	7.31202040272e-06
1844	7.3027503377e-06
1845	7.29345373915e-06
1846	7.28416905267e-06
1847	7.27463530066e-06
1848	7.26513039964e-06
1849	7.25557730743e-06
1850	7.24603535348e-06
1851	7.23650790349e-06
1852	7.22690942319e-06
1853	7.21718682557e-06
1854	7.20771115679e-06
1855	7.19821912125e-06
1856	7.18882635162e-06
1857	7.17961031533e-06
1858	7.17040528422e-06
1859	7.16103933513e-06
1860	7.15210822456e-06
1861	7.14292590144e-06
1862	7.13385523237e-06
1863	7.1246953796e-06
1864	7.11560695737e-06
1865	7.10647723785e-06
1866	7.09731773771e-06
1867	7.08807739528e-06
1868	7.07875903884e-06
1869	7.06923099059e-06
1870	7.05976566809e-06
1871	7.05023440973e-06
1872	7.04039264989e-06
1873	7.03064004323e-06
1874	7.02088042226e-06
1875	7.01093205978e-06
1876	7.001073108e-06
1877	6.99116391203e-06
1878	6.98148406554e-06
1879	6.9714169384e-06
1880	6.96169839386e-06
1881	6.95202007622e-06
1882	6.94225825868e-06
1883	6.93274395551e-06
1884	6.92319610133e-06
1885	6.91366797783e-06
1886	6.90425280521e-06
1887	6.8947607286e-06
1888	6.88509928514e-06
1889	6.87558444609e-06
1890	6.86603092108e-06
1891	6.85629301266e-06
1892	6.8463467187e-06
1893	6.83654208091e-06
1894	6.82638908938e-06
1895	6.81629894554e-06
1896	6.80602989414e-06
1897	6.79571478788e-06
1898	6.78542700455e-06
1899	6.77494518628e-06
1900	6.76433631787e-06
1901	6.75376695409e-06
1902	6.7432867544e-06
1903	6.73283030796e-06
1904	6.72234042042e-06
1905	6.71194893153e-06
1906	6.70173195838e-06
1907	6.6913738005e-06
1908	6.68103553965e-06
1909	6.6708002931e-06
1910	6.66039830913e-06
1911	6.65009714627e-06
1912	6.63973345033e-06
1913	6.62921952274e-06
1914	6.61866865675e-06
1915	6.60790861818e-06
1916	6.59713449299e-06
1917	6.5859380641e-06
1918	6.5748763339e-06
1919	6.56349517926e-06
1920	6.55218478158e-06
1921	6.54060718973e-06
1922	6.5290274741e-06
1923	6.51741508877e-06
1924	6.50567277485e-06
1925	6.49400543843e-06
1926	6.48238063762e-06
1927	6.47074443615e-06
1928	6.45913674677e-06
1929	6.44748151038e-06
1930	6.43589422117e-06
1931	6.42431196295e-06
1932	6.41257328844e-06
1933	6.40092006506e-06
1934	6.38895728299e-06
1935	6.37697697874e-06
1936	6.36490864661e-06
1937	6.35268599986e-06
1938	6.34013514966e-06
1939	6.32742873293e-06
1940	6.31453893643e-06
1941	6.30141542573e-06
1942	6.28830834025e-06
1943	6.27491813242e-06
1944	6.26141689448e-06
1945	6.24770321771e-06
1946	6.23412208478e-06
1947	6.22042845331e-06
1948	6.20670822004e-06
1949	6.19284444012e-06
1950	6.17909425191e-06
1951	6.16528030431e-06
1952	6.15140127862e-06
1953	6.1374265501e-06
1954	6.12327735871e-06
1955	6.10895288089e-06
1956	6.09436486022e-06
1957	6.0796828882e-06
1958	6.0646151072e-06
1959	6.04933270465e-06
1960	6.03359258368e-06
1961	6.01766822036e-06
1962	6.00158470093e-06
1963	5.98512807035e-06
1964	5.96828549986e-06
1965	5.95141898713e-06
1966	5.93426406931e-06
1967	5.91699588842e-06
1968	5.8995733902e-06
1969	5.8819604932e-06
1970	5.86418061097e-06
1971	5.84629485167e-06
1972	5.82827982888e-06
1973	5.80998811178e-06
1974	5.79139395249e-06
1975	5.77237187497e-06
1976	5.75291258571e-06
1977	5.73817489224e-06
1978	5.72182234495e-06
1979	5.70309143138e-06
1980	5.68807728383e-06
1981	5.67542185311e-06
1982	5.65727603617e-06
1983	5.64269198183e-06
1984	5.63170061078e-06
1985	5.62199597797e-06
1986	5.61123380036e-06
1987	5.60365996558e-06
1988	5.59467199176e-06
1989	5.58281940724e-06
1990	5.56986574624e-06
1991	5.55811851452e-06
1992	5.55070690168e-06
1993	5.54704600466e-06
1994	5.54390566995e-06
1995	5.53909902444e-06
1996	5.53288796906e-06
1997	5.52564938823e-06
1998	5.51799144399e-06
1999	5.51015286754e-06
2000	5.50207526222e-06
2001	5.49342962198e-06
2002	9.9993080722e-06
2003	9.9894213057e-06
2004	9.97778544352e-06
2005	9.96411440287e-06
2006	9.94959722147e-06
2007	9.933787263e-06
2008	9.91694997305e-06
2009	9.89965274759e-06
2010	9.88178967457e-06
2011	9.86354740518e-06
2012	9.84475053522e-06
2013	9.82572972486e-06
2014	9.80622964023e-06
2015	9.7862878147e-06
2016	9.76591291111e-06
2017	9.7448795844e-06
2018	9.72320743507e-06
2019	9.70147118037e-06
2020	9.67933588387e-06
2021	9.6567576477e-06
2022	9.63407690443e-06
2023	9.61103234654e-06
2024	9.58798039837e-06
2025	9.56433651152e-06
2026	9.54064438883e-06
2027	9.51613128589e-06
2028	9.49153208315e-06
2029	9.46653866462e-06
2030	9.44100145109e-06
2031	9.4150429666e-06
2032	9.38897921297e-06
2033	9.36265966062e-06
2034	9.33563845409e-06
2035	9.30845059293e-06
2036	9.28082350779e-06
2037	9.25278022055e-06
2038	9.22452574435e-06
2039	9.19556258967e-06
2040	9.16626735857e-06
2041	9.13647824636e-06
2042	9.1061499439e-06
2043	9.07541280466e-06
2044	9.04412296831e-06
2045	9.01223649035e-06
2046	8.97988546133e-06
2047	8.94694024246e-06
2048	8.91372221054e-06
2049	8.87966802039e-06
2050	8.84482754459e-06
2051	8.80957505734e-06
2052	8.77358696517e-06
2053	8.73708701176e-06
2054	8.69969253906e-06
2055	8.66161863914e-06
2056	8.6227491493e-06
2057	8.58338876925e-06
2058	8.54325265788e-06
2059	8.50206147083e-06
2060	8.46035106302e-06
2061	8.41760870889e-06
2062	8.37387416182e-06
2063	8.32939243127e-06
2064	8.28389628161e-06
2065	8.23769397993e-06
2066	8.19006516268e-06
2067	8.14175459608e-06
2068	8.09245390737e-06
2069	8.04610008153e-06
2070	7.99899606193e-06
2071	7.95124196873e-06
2072	7.90279465434e-06
2073	7.85357786609e-06
2074	7.80362016809e-06
2075	7.75295345737e-06
2076	7.70132174476e-06
2077	7.65323159757e-06
2078	7.60450628423e-06
2079	7.55620198168e-06
2080	7.51142574913e-06
2081	7.46597423664e-06
2082	7.4226104738e-06
2083	7.38037978509e-06
2084	7.33739685535e-06
2085	7.29397905488e-06
2086	7.2500720129e-06
2087	7.20657895672e-06
2088	7.16538043089e-06
2089	7.12338495517e-06
2090	7.11306074944e-06
2091	7.1091060442e-06
2092	7.08605568499e-06
2093	7.04257843315e-06
2094	7.01765539464e-06
2095	6.99833390342e-06
2096	6.99098870535e-06
2097	6.98730814649e-06
2098	6.94901332748e-06
2099	6.92291417421e-06
2100	6.94004468955e-06
