1	0.0816529803376
2	0.0849791600847
3	0.00821206223112
4	0.00462045165434
5	0.00701939623545
6	0.00891462611303
7	0.00511070100597
8	0.00406190618116
9	0.00257087765375
10	0.00265317719463
11	0.00278737052372
12	0.00212221558354
13	0.00126602202804
14	0.00209300895738
15	0.00192376899019
16	0.00181172840656
17	0.00158644048652
18	0.00157037885757
19	0.00171806326391
20	0.00178644408709
21	0.0018779265813
22	0.00098595993136
23	0.00178093542027
24	0.00174258752643
25	0.00170962092516
26	0.0016791457338
27	0.00165139036806
28	0.00165155164988
29	0.000887689274763
30	0.000900620436816
31	0.000900696969748
32	0.000904210167964
33	0.000906361321145
34	0.000911919055138
35	0.000908177646143
36	0.000906839908091
37	0.000903558839524
38	0.000906179977734
39	0.00090198750011
40	0.000892454467642
41	0.000873091442446
42	0.000856633853268
43	0.000834046213291
44	0.000818771585319
45	0.000798685345706
46	0.000784356713274
47	0.000784671192282
48	0.000774891026142
49	0.000767566808705
50	0.00145027282489
51	0.000760846881009
52	0.000744024423779
53	0.00139605266398
54	0.00072715346767
55	0.000716109344885
56	0.000705764854605
57	0.000696138859526
58	0.00068928389826
59	0.000682642410563
60	0.000675456652575
61	0.000668229206271
62	0.000661225445056
63	0.000654305231532
64	0.000648172724633
65	0.000643277578656
66	0.000640677205519
67	0.000636434501854
68	0.000629629394465
69	0.000621057515987
70	0.00117214634727
71	0.000607643233467
72	0.0011435633141
73	0.000592212775325
74	0.00110720753247
75	0.00109604719535
76	0.000569300323016
77	0.000560609803194
78	0.000549518617413
79	0.000541745111195
80	0.000533970737634
81	0.000524233584764
82	0.000510925829071
83	0.000503079556249
84	0.000489850560118
85	0.000489217829552
86	0.00048729963876
87	0.000485003129157
88	0.00048233946156
89	0.000478284507051
90	0.00047083718922
91	0.000462150304289
92	0.000453522943473
93	0.000446833578322
94	0.000441741622625
95	0.000437233473979
96	0.000432982314806
97	0.000428974818247
98	0.000428482482147
99	0.000421716122083
100	0.000417061985391
101	0.000415523992405
102	0.000414249618218
103	0.000412984899215
104	0.000407773784831
105	0.000408282072748
106	0.000407882724481
107	0.00040646095754
108	0.000402505873116
109	0.000401465053976
110	0.000403390893611
111	0.000399965944976
112	0.000398587600983
113	0.000396919238067
114	0.000396102149246
115	0.000394616583476
116	0.000392650124119
117	0.000390598523061
118	0.000388848912443
119	0.000386299959266
120	0.000385308094369
121	0.000388437387872
122	0.000388792112159
123	0.000386620945096
124	0.000384772506953
125	0.000386615318466
126	0.000386181664595
127	0.000382290804299
128	0.000380742439318
129	0.000375065737878
130	0.000369670376343
131	0.000365474045142
132	0.000363278087132
133	0.000361647923787
134	0.00035886672784
135	0.000357552475189
136	0.000355222351715
137	0.000354320692465
138	0.0003522509725
139	0.00035158158196
140	0.00034991601589
141	0.000349366782087
142	0.000348031711009
143	0.000347565341853
144	0.000346421867562
145	0.000346032956049
146	0.000345094491269
147	0.000344833953505
148	0.000344092276071
149	0.000343523725403
150	0.000343405888103
151	0.000342698820292
152	0.000342224486063
153	0.000342091809912
154	0.000341567362994
155	0.000341182671752
156	0.000340769064367
157	0.000340774137615
158	0.000339828688418
159	0.000339968167608
160	0.000340066601455
161	0.000338949842499
162	0.000339104438957
163	0.000339222169109
164	0.000338201239773
165	0.00033834777671
166	0.000338102899347
167	0.000337909127599
168	0.000337517158258
169	0.000337315843933
170	0.000337084125994
171	0.000336683212669
172	0.000336461310001
173	0.000335892517363
174	0.00033602335397
175	0.000335513057666
176	0.000335664461611
177	0.000335456378932
178	0.000334690190239
179	0.000334800614658
180	0.000334162922883
181	0.000334284054561
182	0.000333777776702
183	0.000333439884326
184	0.000333570851957
185	0.000333074304364
186	0.00033272052067
187	0.000332432098094
188	0.000332553856412
189	0.000332062008522
190	0.000331707679851
191	0.000331387049595
192	0.00033123340437
193	0.000330929931307
194	0.000330765380489
195	0.00033044496873
196	0.000330132351846
197	0.000329951555321
198	0.000329628613248
199	0.000329319517332
200	0.000329136138015
201	0.000328804214842
202	0.000328506111054
203	0.00032832096353
204	0.000327985768459
205	0.000327679533986
206	0.000327494165317
207	0.000327465862781
208	0.000327134223038
209	0.000326743077804
210	0.000326303117143
211	0.000326012308597
212	0.000325603402341
213	0.000325269495416
214	0.000324954638064
215	0.000325030289272
216	0.000324609399836
217	0.000324240378259
218	0.000323968364885
219	0.000323788811957
220	0.000323498597588
221	0.000323518028942
222	0.000323166871135
223	0.0003226356062
224	0.000322637566299
225	0.000322200871084
226	0.000321932550486
227	0.000321596723021
228	0.000321312511007
229	0.000321127722888
230	0.000320855726456
231	0.000320589189292
232	0.000320555269881
233	0.00032025964308
234	0.000319773370455
235	0.000319503740954
236	0.000319165893089
237	0.000318834201572
238	0.000318702051335
239	0.000318482352131
240	0.000318203848988
241	0.000317975820989
242	0.000317648852812
243	0.000317302168229
244	0.000317047584878
245	0.000316886176757
246	0.000316645113282
247	0.000316396734154
248	0.000316151900418
249	0.000315896310737
250	0.000315648392379
251	0.000315395073159
252	0.000315149892737
253	0.000314909710075
254	0.00031466654301
255	0.000314436477727
256	0.000314196269199
257	0.000313974634532
258	0.000313736354609
259	0.000313503554136
260	0.000313270723994
261	0.000313050302491
262	0.000312823073323
263	0.000312599830098
264	0.000312376811299
265	0.000312293463652
266	0.000312018243641
267	0.000311735799639
268	0.000311488473104
269	0.000311316963794
270	0.000310996754239
271	0.000310912314579
272	0.000310732591186
273	0.000310444117573
274	0.000310311279682
275	0.000310199736717
276	0.000310061504667
277	0.000309702558607
278	0.000309641304419
279	0.000309529125839
280	0.000309114469813
281	0.000309038195234
282	0.000308881810357
283	0.000308669446142
284	0.000308422617524
285	0.000308349907775
286	0.000308180782885
287	0.00030807350755
288	0.000307903708731
289	0.00030786695703
290	0.000307578211811
291	0.00030734475886
292	0.000307217523277
293	0.000307069709173
294	0.000306933119139
295	0.000306652866113
296	0.000306572637658
297	0.00030650413676
298	0.000306476132836
299	0.000306186508468
300	0.000306154961315
301	0.000305893658129
302	0.000305829421522
303	0.000305674600707
304	0.000305631227133
305	0.000305547764556
306	0.000305347595214
307	0.000305333695613
308	0.000305129076805
309	0.000305128715762
310	0.000304948843671
311	0.000304874737952
312	0.000304761681264
313	0.000304717718898
314	0.00030455570581
315	0.000304583964175
316	0.000304379443773
317	0.000304345077767
318	0.000304163032884
319	0.000304119774069
320	0.000303919473879
321	0.000303843997276
322	0.00030357273758
323	0.000303380666279
324	0.000303077857207
325	0.000302778215311
326	0.000302139161507
327	0.000301020650144
328	0.000298343199699
329	0.000298522718954
330	0.000299734700434
331	0.00030061392539
332	0.000301071040037
333	0.000301348934511
334	0.000301502967955
335	0.00030155895752
336	0.000301644655725
337	0.000301521987793
338	0.000301462982843
339	0.00030131291203
340	0.000301234641128
341	0.000301050542417
342	0.000300932206775
343	0.000300716861609
344	0.000300544080191
345	0.000300294370858
346	0.000300021206567
347	0.000299706751983
348	0.000299351213716
349	0.000298790679879
350	0.000297987888354
351	0.00029623671772
352	0.000293849149246
353	0.000294477939759
354	0.000294060569892
355	0.000293590014125
356	0.000293943233462
357	0.000294289755866
358	0.000294304318895
359	0.000293809106612
360	0.0002916674517
361	0.000288326575008
362	0.000289867066068
363	0.000291758190429
364	0.000292501985282
365	0.000291860170182
366	0.000289767888024
367	0.000290599610197
368	0.000289550030753
369	0.000291506633938
370	0.000291669220585
371	0.00028953599396
372	0.000291296176294
373	0.000287469048904
374	0.000290623770559
375	0.00029148291665
376	0.000290110357529
377	0.00029177505498
378	0.000288697146586
379	0.00029130486808
380	0.000291759676409
381	0.000291419950893
382	0.000292483479726
383	0.000287832685862
384	0.000291689265387
385	0.000291341645404
386	0.000292458420401
387	0.000292856506843
388	0.000292445739884
389	0.000293480054478
390	0.000290753029643
391	0.000293326740473
392	0.000290443645462
393	0.000293308344615
394	0.000293146365372
395	0.000294184404051
396	0.000294422228222
397	0.000294638150225
398	0.000295228348032
399	0.000294874183239
400	0.000295870575336
401	0.000294861250731
402	0.000296359777299
403	0.000294735058244
404	0.000296851396468
405	0.000294284979408
406	0.000297208892201
407	0.000293844436376
408	0.000297593892289
409	0.000293787678251
410	0.000298145720198
411	0.000294621530719
412	0.000298961652623
413	0.000296394873934
414	0.000300087984091
415	0.000298554282286
416	0.000301404601046
417	0.000300557958156
418	0.000302671709697
419	0.000302380436803
420	0.000303892324758
421	0.000304037504326
422	0.000305035513217
423	0.000305568874767
424	0.000306021218793
425	0.000306985239253
426	0.000306486210547
427	0.000308202804591
428	0.000303082985767
429	0.000308370344376
430	0.000308520644631
431	0.000310759305465
432	0.000311463835975
433	0.000312296860181
434	0.00031355681666
435	0.000311353173864
436	0.000314550450296
437	0.000314785452452
438	0.000316656634528
439	0.000317771714798
440	0.000317059714282
441	0.000319560993586
442	0.000319873437808
443	0.000321495942105
444	0.000322966834491
445	0.000319561159244
446	0.000324108468611
447	0.000325803113302
448	0.000324948243789
449	0.000328078612607
450	0.000329465357218
451	0.000329095845621
452	0.00033196924941
453	0.000333401945277
454	0.000329431671055
455	0.000335090936348
456	0.000337475620778
457	0.000338271832302
458	0.000339986314567
459	0.000342108379303
460	0.000343618213868
461	0.00034410563143
462	0.000346102225329
463	0.0003483422196
464	0.000350094425183
465	0.000351475090088
466	0.000350774447006
467	0.000354106850658
468	0.000356628661464
469	0.000358601803049
470	0.000360330851917
471	0.000361989602288
472	0.000363498125544
473	0.0003644681211
474	0.000364866777745
475	0.000367928839091
476	0.000370293645422
477	0.000372305083728
478	0.000374086310036
479	0.000375684387747
480	0.000377153031344
481	0.000378371801748
482	0.000379309523975
483	0.000379426737114
484	0.000380618938654
485	0.000380529592072
486	0.00037894439693
487	0.000373380907728
488	0.000367753837713
489	0.000362005713702
490	0.000356292495688
491	0.000350923416593
492	0.000345532440096
493	0.000339654046345
494	0.000334527036839
495	0.000329432166212
496	0.000323203168271
497	0.000318796522338
498	0.000313881058324
499	0.000308788864326
500	0.00030415206496
501	0.000298935989086
502	0.000294562369127
503	0.000289657565526
504	0.000285132629143
505	0.000280730497385
506	0.000273626058174
507	0.00027144941125
508	0.000267290419729
509	0.000262048227898
510	0.000259124832603
511	0.000255124649081
512	0.000249784534362
513	0.000246646967508
514	0.000243532729274
515	0.00023971277475
516	0.00023550435964
517	0.000226064350117
518	0.000227304524279
519	0.00022525988784
520	0.000222137261436
521	0.000218499452655
522	0.00021497165449
523	0.000211303232578
524	0.000206004699568
525	0.000203865334859
526	0.000201947986643
527	0.000199847107016
528	0.000197357306679
529	0.00019464144991
530	0.000191763461388
531	0.000188836701115
532	0.000186016853632
533	0.000183303768921
534	0.00018050477366
535	0.000177072724772
536	0.000174325720383
537	0.000172270310634
538	0.000170164231913
539	0.000168775768076
540	0.000166768800509
541	0.000164519821055
542	0.000162217547263
543	0.000159849958376
544	0.000157141108705
545	0.000153973982338
546	0.000150497959113
547	0.000149975710147
548	0.000148692165756
549	0.00014701734428
550	0.000145269390704
551	0.000143525838427
552	0.00014176711528
553	0.000140107734232
554	0.000137924911093
555	0.000134639884978
556	0.000132587951354
557	0.00013205292626
558	0.000131019227373
559	0.000129745930679
560	0.000128369716597
561	0.000126956501781
562	0.000125535794194
563	0.000124116430424
564	0.000122691715082
565	0.000121230309923
566	0.000119596223192
567	0.000116332133533
568	0.000116699101177
569	0.000116533778341
570	0.000115570317591
571	0.000113554797657
572	0.000112718347798
573	0.000112049930499
574	0.000107455365765
575	0.000109221121694
576	0.000105290124722
577	0.000106983469739
578	0.000106144792291
579	0.000105105605954
580	0.00010451508662
581	0.000103410643613
582	9.98792454886e-05
583	0.000100787279132
584	0.000100315554331
585	9.94229508681e-05
586	9.83882051072e-05
587	9.69098168579e-05
588	9.409396513e-05
589	9.44440607607e-05
590	9.40099106586e-05
591	9.32874964725e-05
592	9.2445002009e-05
593	9.15391592433e-05
594	9.06025144776e-05
595	8.9653345598e-05
596	8.87030156435e-05
597	8.77510587076e-05
598	8.68329263372e-05
599	8.59072352395e-05
600	8.50061328317e-05
601	8.41110718829e-05
602	8.32154429505e-05
603	8.23504942491e-05
604	8.14752516414e-05
605	8.06066758667e-05
606	7.97539025683e-05
607	7.89187651056e-05
608	7.80915073255e-05
609	7.72728015432e-05
610	7.646158987e-05
611	7.56569644678e-05
612	7.48584195747e-05
613	7.40650492845e-05
614	7.32746959875e-05
615	7.2486952413e-05
616	7.1705272462e-05
617	7.08970453711e-05
618	7.00922472606e-05
619	6.92731495246e-05
620	6.84240186435e-05
621	6.75085747352e-05
622	6.64134573451e-05
623	6.46500551178e-05
624	6.44732469155e-05
625	6.43809160449e-05
626	6.40335836458e-05
627	6.35704206029e-05
628	6.30774389082e-05
629	6.25342919641e-05
630	6.19514197223e-05
631	6.13388079094e-05
632	6.07022148712e-05
633	6.00423367198e-05
634	5.93859653489e-05
635	5.87409649367e-05
636	5.81141811417e-05
637	5.74944162881e-05
638	5.68709906278e-05
639	5.62375469126e-05
640	5.55859269765e-05
641	5.49000911175e-05
642	5.41319179738e-05
643	5.30407149172e-05
644	5.2298912712e-05
645	5.22089785606e-05
646	5.19014054434e-05
647	5.15184920609e-05
648	5.10722381814e-05
649	5.0583717073e-05
650	5.00577381971e-05
651	4.95092006712e-05
652	4.89415152836e-05
653	4.83848866826e-05
654	4.78463570189e-05
655	4.72937553522e-05
656	4.6740429611e-05
657	4.61578964569e-05
658	4.55235226982e-05
659	4.46465781957e-05
660	4.40120326253e-05
661	4.38523964348e-05
662	4.35485499191e-05
663	4.31800528626e-05
664	4.2757641494e-05
665	4.22992737737e-05
666	4.18135606704e-05
667	4.13100055489e-05
668	4.08093283229e-05
669	4.03152069689e-05
670	3.98131080362e-05
671	3.92839161167e-05
672	3.86670769843e-05
673	3.76024892652e-05
674	3.75720995075e-05
675	3.73174263209e-05
676	3.69498364368e-05
677	3.66816530656e-05
678	3.59482204092e-05
679	3.55456097454e-05
680	3.52010499625e-05
681	3.48108560559e-05
682	3.40598802309e-05
683	3.36606456899e-05
684	3.31877884458e-05
685	3.27323941207e-05
686	3.23099331671e-05
687	3.19084201255e-05
688	3.15137306782e-05
689	3.11098982686e-05
690	3.06952925521e-05
691	3.02695568416e-05
692	2.98364665552e-05
693	2.93943350693e-05
694	2.89460633796e-05
695	2.84931618369e-05
696	2.80417552531e-05
697	2.75976743956e-05
698	2.71529661065e-05
699	2.67092957517e-05
700	2.62633711791e-05
701	2.58146347614e-05
702	2.53590962949e-05
703	2.48997402739e-05
704	2.443652544e-05
705	2.39661075742e-05
706	2.34852366942e-05
707	2.29905558771e-05
708	2.24753275816e-05
709	2.19266537514e-05
710	2.13819883758e-05
711	2.09766958934e-05
712	2.05733867708e-05
713	2.01212622101e-05
714	1.9626630262e-05
715	1.91290967763e-05
716	1.86738107275e-05
717	1.82610498247e-05
718	1.78538629207e-05
719	1.73978850269e-05
720	1.67988918085e-05
721	1.59630577251e-05
722	1.55131014947e-05
723	1.50206056437e-05
724	1.46769097975e-05
725	1.43402033904e-05
726	1.3822032749e-05
727	1.30983249489e-05
728	1.23220638383e-05
729	1.16791387912e-05
730	1.05807541277e-05
731	9.13318927097e-06
732	7.65957891322e-06
733	7.41043904062e-06
734	7.93110524834e-06
735	8.48708208615e-06
736	8.89118858276e-06
737	9.23400387896e-06
738	9.4763216158e-06
739	9.63120467353e-06
740	9.73246179736e-06
741	9.72969176252e-06
742	1.00837135433e-05
743	1.04912921827e-05
744	1.08539440227e-05
745	1.1241779789e-05
746	1.16201424729e-05
747	1.19434345434e-05
748	1.21888304865e-05
749	1.23705663406e-05
750	1.24864662377e-05
751	1.25602665223e-05
752	1.2589058502e-05
753	1.25741514277e-05
754	1.25325215044e-05
755	1.24487429216e-05
756	1.23306936533e-05
757	1.21870667481e-05
758	1.19992411185e-05
759	1.17698463214e-05
760	1.15078160557e-05
761	1.11971282478e-05
762	1.08199214661e-05
763	1.03934623474e-05
764	9.93601432948e-06
765	9.56681379726e-06
766	9.51331008117e-06
767	9.42644824918e-06
768	9.42481651486e-06
769	9.47124644606e-06
770	9.56385752549e-06
771	9.65207046902e-06
772	9.76484704897e-06
773	9.86175187981e-06
774	9.94308441075e-06
775	1.00056174326e-05
776	1.00520549811e-05
777	1.00852004586e-05
778	1.01325011355e-05
779	1.02011344959e-05
780	1.02847708331e-05
781	1.04084575322e-05
782	1.05851098993e-05
783	1.0799886659e-05
784	1.10607077561e-05
785	1.13700491158e-05
786	1.17032574644e-05
787	1.20407969459e-05
788	1.23577103916e-05
789	1.27183383549e-05
790	1.31194154988e-05
791	1.34967969632e-05
792	1.38420865277e-05
793	1.41851845751e-05
794	1.45013652657e-05
795	1.47767638998e-05
796	1.50143842377e-05
797	1.5236567519e-05
798	1.54142114485e-05
799	1.55392275695e-05
800	1.56883665197e-05
801	1.58138902546e-05
802	1.5952900584e-05
803	1.60746686095e-05
804	1.61726800395e-05
805	1.62960140989e-05
806	1.63982649095e-05
807	1.6507168183e-05
808	1.66235673493e-05
809	1.67154236734e-05
810	1.68144222802e-05
811	1.69020188901e-05
812	1.69463924628e-05
813	1.69331420912e-05
814	1.71043703642e-05
815	1.72421788126e-05
816	1.73573006023e-05
817	1.74675595836e-05
818	1.75585753349e-05
819	1.76366763039e-05
820	1.77201425788e-05
821	1.77992903065e-05
822	1.78610484972e-05
823	1.79149851713e-05
824	1.79729010275e-05
825	1.80288767804e-05
826	1.80716876307e-05
827	1.81014948938e-05
828	1.81178586815e-05
829	1.80689873625e-05
830	1.81306375567e-05
831	1.8232812825e-05
832	1.8314458595e-05
833	1.83828639074e-05
834	1.84410696608e-05
835	1.84835607297e-05
836	1.85126682342e-05
837	1.85356441664e-05
838	1.85591836189e-05
839	1.85760523982e-05
840	1.85687581349e-05
841	1.84581023185e-05
842	1.85515525541e-05
843	1.86412776754e-05
844	1.87073472978e-05
845	1.87488797958e-05
846	1.87700949747e-05
847	1.87740052979e-05
848	1.87684837663e-05
849	1.87520568603e-05
850	1.86701282275e-05
851	1.86981805162e-05
852	1.87687581386e-05
853	1.88099083158e-05
854	1.88323342824e-05
855	1.88403709497e-05
856	1.88311346695e-05
857	1.87379518091e-05
858	1.87951834428e-05
859	1.88561406324e-05
860	1.8877678299e-05
861	1.88668158047e-05
862	1.87777138548e-05
863	1.88356967759e-05
864	1.88751974586e-05
865	1.88740667288e-05
866	1.87856079174e-05
867	1.88234944417e-05
868	1.8844656888e-05
869	1.88275593651e-05
870	1.8767842393e-05
871	1.88281242551e-05
872	1.88395588821e-05
873	1.87841195895e-05
874	1.87841691855e-05
875	1.87984394639e-05
876	1.87754762655e-05
877	1.86589262301e-05
878	1.87093984987e-05
879	1.87303570071e-05
880	1.87145633516e-05
881	1.86346001682e-05
882	1.85967326693e-05
883	1.86265560086e-05
884	1.86289926197e-05
885	1.85940019358e-05
886	1.84252945654e-05
887	1.85363749576e-05
888	1.85648650774e-05
889	1.85496381395e-05
890	1.84745956128e-05
891	1.84337168503e-05
892	1.84575649153e-05
893	1.84480395043e-05
894	1.84020494472e-05
895	1.82602451159e-05
896	1.83085352929e-05
897	1.83372138424e-05
898	1.83320611344e-05
899	1.82862106745e-05
900	1.81033042766e-05
901	1.81938570192e-05
902	1.82165902747e-05
903	1.82052332687e-05
904	1.81569776445e-05
905	1.79765040038e-05
906	1.80559709964e-05
907	1.80670319412e-05
908	1.80520699629e-05
909	1.80086867493e-05
910	1.78781279463e-05
911	1.79039244524e-05
912	1.7927112308e-05
913	1.79196867777e-05
914	1.7884913291e-05
915	1.78056903042e-05
916	1.77367243312e-05
917	1.77617871814e-05
918	1.77468375216e-05
919	1.77168709836e-05
920	1.76663007441e-05
921	1.75147707618e-05
922	1.75626283071e-05
923	1.75866556908e-05
924	1.7578174408e-05
925	1.75444710257e-05
926	1.74760222816e-05
927	1.73229865783e-05
928	1.73734969284e-05
929	1.73735202116e-05
930	1.73595581667e-05
931	1.73241123567e-05
932	1.72528755189e-05
933	1.71537440686e-05
934	1.7198491146e-05
935	1.72061184295e-05
936	1.71852616338e-05
937	1.71359718769e-05
938	1.70422681919e-05
939	1.69427703988e-05
940	1.698212617e-05
941	1.69900225272e-05
942	1.69726246572e-05
943	1.69312545017e-05
944	1.68530206179e-05
945	1.67624867193e-05
946	1.67893474454e-05
947	1.67764631356e-05
948	1.67483238908e-05
949	1.6710054638e-05
950	1.66321144839e-05
951	1.65498398657e-05
952	1.6573508102e-05
953	1.65667560428e-05
954	1.65374994233e-05
955	1.64816825417e-05
956	1.63817526511e-05
957	1.63334636836e-05
958	1.63614457862e-05
959	1.63593698387e-05
960	1.63341454624e-05
961	1.62806444721e-05
962	1.61628657401e-05
963	1.61306974548e-05
964	1.61277202654e-05
965	1.61212910632e-05
966	1.60956283732e-05
967	1.60399840863e-05
968	1.58865874819e-05
969	1.59333726556e-05
970	1.59341633824e-05
971	1.58985683034e-05
972	1.58669306762e-05
973	1.57959226373e-05
974	1.57297075183e-05
975	1.57427508417e-05
976	1.5726096219e-05
977	1.5682954042e-05
978	1.56119802282e-05
979	1.548078734e-05
980	1.55217575346e-05
981	1.55326517474e-05
982	1.55136252119e-05
983	1.54659896203e-05
984	1.53619281368e-05
985	1.53149867207e-05
986	1.53328716941e-05
987	1.53212129142e-05
988	1.5286339224e-05
989	1.52163436353e-05
990	1.50549743106e-05
991	1.51055478999e-05
992	1.5116258627e-05
993	1.50978222762e-05
994	1.50504559373e-05
995	1.4935089022e-05
996	1.49107945993e-05
997	1.49249023895e-05
998	1.49098960267e-05
999	1.48701289661e-05
1000	1.47867753834e-05
1001	1.46800008531e-05
1002	1.47109863963e-05
1003	1.47087745087e-05
1004	1.46803592788e-05
1005	1.46103716564e-05
1006	1.45062700042e-05
1007	1.45152455973e-05
1008	1.45196564944e-05
1009	1.44898823829e-05
1010	1.44358274582e-05
1011	1.43884503952e-05
1012	1.42798786512e-05
1013	1.42935575647e-05
1014	1.42670042093e-05
1015	1.42618324113e-05
1016	1.42282863485e-05
1017	1.41476319036e-05
1018	1.40615792116e-05
1019	1.40875203897e-05
1020	1.40790952543e-05
1021	1.4016791816e-05
1022	1.4005324978e-05
1023	1.39534811251e-05
1024	1.38003238243e-05
1025	1.38358059749e-05
1026	1.3844576986e-05
1027	1.37896745951e-05
1028	1.3786617035e-05
1029	1.37552633766e-05
1030	1.36882294623e-05
1031	1.36257733299e-05
1032	1.3561397945e-05
1033	1.3565057151e-05
1034	1.35574529304e-05
1035	1.35478783536e-05
1036	1.35332627085e-05
1037	1.35033155834e-05
1038	1.34681675199e-05
1039	1.34501817177e-05
1040	1.34275007132e-05
1041	1.35041517687e-05
1042	1.34338685232e-05
1043	1.35196241564e-05
1044	1.35420201289e-05
1045	1.35432123792e-05
1046	1.35347613668e-05
1047	1.35206481079e-05
1048	1.35026876633e-05
1049	1.34819547873e-05
1050	1.34592633183e-05
1051	1.34353317302e-05
1052	1.34108142704e-05
1053	1.33862651879e-05
1054	1.33620702752e-05
1055	1.33383855126e-05
1056	1.3315126932e-05
1057	1.32920272039e-05
1058	1.32687349464e-05
1059	1.32449150495e-05
1060	1.32203207588e-05
1061	1.31948351849e-05
1062	1.31684918675e-05
1063	1.31414713548e-05
1064	1.31140758074e-05
1065	1.3086681211e-05
1066	1.30596692894e-05
1067	1.30333367639e-05
1068	1.30078174061e-05
1069	1.2983041317e-05
1070	1.29587603672e-05
1071	1.29346688801e-05
1072	1.29102695819e-05
1073	1.28854035392e-05
1074	1.28598870882e-05
1075	1.28335756927e-05
1076	1.28066870582e-05
1077	1.27793109707e-05
1078	1.27519078012e-05
1079	1.27246851388e-05
1080	1.26981050787e-05
1081	1.26722296161e-05
1082	1.26472244785e-05
1083	1.26228048734e-05
1084	1.25988142882e-05
1085	1.25747857048e-05
1086	1.25505225222e-05
1087	1.25256493374e-05
1088	1.25001846442e-05
1089	1.24741181349e-05
1090	1.24474480994e-05
1091	1.24205379134e-05
1092	1.23936271455e-05
1093	1.23671266426e-05
1094	1.23412117432e-05
1095	1.23161201989e-05
1096	1.22917247083e-05
1097	1.22679371771e-05
1098	1.22443766903e-05
1099	1.22208145882e-05
1100	1.21969760264e-05
1101	1.2172495513e-05
1102	1.21474156762e-05
1103	1.21218333509e-05
1104	1.20957148858e-05
1105	1.20694360322e-05
1106	1.20433436645e-05
1107	1.2017517654e-05
1108	1.19923402105e-05
1109	1.19679611085e-05
1110	1.19441830485e-05
1111	1.19209488288e-05
1112	1.18980070979e-05
1113	1.18749324237e-05
1114	1.18515884999e-05
1115	1.1827816656e-05
1116	1.18034046559e-05
1117	1.17784888117e-05
1118	1.17532159517e-05
1119	1.1727680914e-05
1120	1.1702230478e-05
1121	1.16771750365e-05
1122	1.16526285316e-05
1123	1.16287698191e-05
1124	1.16056227896e-05
1125	1.15829336334e-05
1126	1.15605247762e-05
1127	1.15381670687e-05
1128	1.15155280454e-05
1129	1.14924729573e-05
1130	1.1468957682e-05
1131	1.14448993197e-05
1132	1.1420422852e-05
1133	1.13957596343e-05
1134	1.13710586861e-05
1135	1.13465945237e-05
1136	1.1322646613e-05
1137	1.12992784214e-05
1138	1.12765318878e-05
1139	1.12543699449e-05
1140	1.12325297064e-05
1141	1.12107827582e-05
1142	1.11889571755e-05
1143	1.11667985209e-05
1144	1.11441836793e-05
1145	1.11211393091e-05
1146	1.10976552334e-05
1147	1.10738383774e-05
1148	1.10499422213e-05
1149	1.10261869828e-05
1150	1.10026538304e-05
1151	1.0979632553e-05
1152	1.09572299131e-05
1153	1.09354459593e-05
1154	1.09140446673e-05
1155	1.08928984591e-05
1156	1.08718132325e-05
1157	1.08506106772e-05
1158	1.08290208318e-05
1159	1.08070807546e-05
1160	1.07846170969e-05
1161	1.07618529076e-05
1162	1.07388071857e-05
1163	1.07157316341e-05
1164	1.06927487851e-05
1165	1.06701203357e-05
1166	1.06479213494e-05
1167	1.06262955404e-05
1168	1.06051523061e-05
1169	1.05844458854e-05
1170	1.05639464386e-05
1171	1.05435172207e-05
1172	1.05229248565e-05
1173	1.05020809547e-05
1174	1.04808530725e-05
1175	1.04592616706e-05
1176	1.04373062202e-05
1177	1.04151268584e-05
1178	1.03928300279e-05
1179	1.0370601782e-05
1180	1.0348679029e-05
1181	1.03271502974e-05
1182	1.0306103033e-05
1183	1.02855242453e-05
1184	1.0265297409e-05
1185	1.02454317566e-05
1186	1.02256360991e-05
1187	1.0205765219e-05
1188	1.01857605493e-05
1189	1.01654542019e-05
1190	1.01448021219e-05
1191	1.01238000136e-05
1192	1.01025146456e-05
1193	1.00810610562e-05
1194	1.00595884943e-05
1195	1.00382583937e-05
1196	1.00172214465e-05
1197	9.99658441868e-06
1198	9.97639565559e-06
1199	9.95663486328e-06
1200	9.93721845252e-06
1201	9.9180168533e-06
1202	9.89888371975e-06
1203	9.87967796427e-06
1204	9.86028385673e-06
1205	9.84062175878e-06
1206	9.82065647469e-06
1207	9.80039928856e-06
1208	9.7799045471e-06
1209	9.75926603511e-06
1210	9.73860703432e-06
1211	9.71806387524e-06
1212	9.69776545923e-06
1213	9.67781212281e-06
1214	9.65825663571e-06
1215	9.63909444385e-06
1216	9.6202632549e-06
1217	9.60165771741e-06
1218	9.58315299983e-06
1219	9.56462406864e-06
1220	9.54596177859e-06
1221	9.527085952e-06
1222	9.50795069486e-06
1223	9.48854903295e-06
1224	9.46891254126e-06
1225	9.44910705442e-06
1226	9.42922677489e-06
1227	9.40938560868e-06
1228	9.38970103694e-06
1229	9.37027657669e-06
1230	9.3511845481e-06
1231	9.3324529741e-06
1232	9.31406086157e-06
1233	9.29594397516e-06
1234	9.27800801683e-06
1235	9.26014430606e-06
1236	9.24224691545e-06
1237	9.22422550722e-06
1238	9.2060142359e-06
1239	9.18757713649e-06
1240	9.16890941178e-06
1241	9.1500374794e-06
1242	9.13101602941e-06
1243	9.11192442656e-06
1244	9.09285769444e-06
1245	9.07391566765e-06
1246	9.05518931249e-06
1247	9.03674653471e-06
1248	9.01862099111e-06
1249	9.00080615288e-06
1250	8.9832576384e-06
1251	8.96590276143e-06
1252	8.94865177245e-06
1253	8.93141238646e-06
1254	8.91410159237e-06
1255	8.89665342841e-06
1256	8.87902396022e-06
1257	8.86119347181e-06
1258	8.84316769231e-06
1259	8.82497895832e-06
1260	8.8066808998e-06
1261	8.78834582853e-06
1262	8.77005470169e-06
1263	8.75189195152e-06
1264	8.73393265261e-06
1265	8.71622955643e-06
1266	8.69880659167e-06
1267	8.68165550368e-06
1268	8.66473787901e-06
1269	8.64799163285e-06
1270	8.63134275781e-06
1271	8.61471487698e-06
1272	8.59803630738e-06
1273	8.58124916892e-06
1274	8.56431306007e-06
1275	8.54720681307e-06
1276	8.52993176425e-06
1277	8.51250715825e-06
1278	8.49497102005e-06
1279	8.47737824932e-06
1280	8.45979512985e-06
1281	8.44229256198e-06
1282	8.42493785773e-06
1283	8.40778610383e-06
1284	8.39087220789e-06
1285	8.37420726604e-06
1286	8.35777377398e-06
1287	8.34153266457e-06
1288	8.32542907448e-06
1289	8.30939956948e-06
1290	8.29338036037e-06
1291	8.27731315459e-06
1292	8.26115073971e-06
1293	8.24486032809e-06
1294	8.22842532669e-06
1295	8.21184526468e-06
1296	8.19513552635e-06
1297	8.17832727942e-06
1298	8.16146495597e-06
1299	8.14460193337e-06
1300	8.12779660451e-06
1301	8.1111065292e-06
1302	8.09458082921e-06
1303	8.07825504949e-06
1304	8.06214456661e-06
1305	8.04624446592e-06
1306	8.03053009795e-06
1307	8.01496063713e-06
1308	7.99948674295e-06
1309	7.98405598501e-06
1310	7.96861667566e-06
1311	7.95312351404e-06
1312	7.93754165341e-06
1313	7.92184720004e-06
1314	7.90602943966e-06
1315	7.89009033381e-06
1316	7.87404437488e-06
1317	7.85791688711e-06
1318	7.84174772176e-06
1319	7.82558098379e-06
1320	7.80946645851e-06
1321	7.79345071875e-06
1322	7.77757542379e-06
1323	7.76187140424e-06
1324	7.74635435724e-06
1325	7.73102413945e-06
1326	7.71586431334e-06
1327	7.70084614699e-06
1328	7.68593045387e-06
1329	7.67107400981e-06
1330	7.65623309826e-06
1331	7.64136785697e-06
1332	7.62644573428e-06
1333	7.61144093366e-06
1334	7.59633802918e-06
1335	7.58113191716e-06
1336	7.56582709613e-06
1337	7.55043842083e-06
1338	7.53499027662e-06
1339	7.51951459795e-06
1340	7.5040489845e-06
1341	7.48863314786e-06
1342	7.47330560433e-06
1343	7.45810053656e-06
1344	7.44304350544e-06
1345	7.4281483153e-06
1346	7.41341567115e-06
1347	7.39883424634e-06
1348	7.38438107841e-06
1349	7.37002593368e-06
1350	7.3557338869e-06
1351	7.34146923114e-06
1352	7.32719710185e-06
1353	7.31288795409e-06
1354	7.29851882262e-06
1355	7.28407349652e-06
1356	7.26954322809e-06
1357	7.25492757434e-06
1358	7.24023415406e-06
1359	7.2254787215e-06
1360	7.21068371876e-06
1361	7.19587635754e-06
1362	7.18108780352e-06
1363	7.16635184924e-06
1364	7.15169960969e-06
1365	7.13715802858e-06
1366	7.12274766157e-06
1367	7.10847974176e-06
1368	7.09435531902e-06
1369	7.08036482033e-06
1370	7.06648909726e-06
1371	7.0526660163e-06
1372	7.03890549384e-06
1373	7.02521340604e-06
1374	7.01164874062e-06
1375	6.99791442754e-06
1376	6.98411060154e-06
1377	6.97037556506e-06
1378	6.9564566438e-06
1379	6.9424520478e-06
1380	6.9285077235e-06
1381	6.91438706024e-06
1382	6.90020880278e-06
1383	6.8861372215e-06
1384	6.87194991319e-06
1385	6.85777729141e-06
1386	6.84378943318e-06
1387	6.82976642325e-06
1388	6.81583225802e-06
1389	6.80214278561e-06
1390	6.78846483785e-06
1391	6.77490005094e-06
1392	6.76157661975e-06
1393	6.74824180291e-06
1394	6.73497679817e-06
1395	6.72189299747e-06
1396	6.70873077039e-06
1397	6.69556684621e-06
1398	6.68251401043e-06
1399	6.66932012636e-06
1400	6.65607096717e-06
1401	6.64288504871e-06
1402	6.629537044e-06
1403	6.61612039761e-06
1404	6.60276436382e-06
1405	6.589260564e-06
1406	6.57571722354e-06
1407	6.56227728278e-06
1408	6.54880091684e-06
1409	6.53528650978e-06
1410	6.52181052835e-06
1411	6.50853858534e-06
1412	6.49531627149e-06
1413	6.48213142829e-06
1414	6.46905509677e-06
1415	6.45621023152e-06
1416	6.44342332128e-06
1417	6.43064768521e-06
1418	6.41794018399e-06
1419	6.40540502611e-06
1420	6.39285673485e-06
1421	6.38024603993e-06
1422	6.36762834363e-06
1423	6.35510981232e-06
1424	6.34251211395e-06
1425	6.32979942896e-06
1426	6.31710970226e-06
1427	6.30430073971e-06
1428	6.29146209592e-06
1429	6.27871234057e-06
1430	6.26587942638e-06
1431	6.25295704016e-06
1432	6.24010076822e-06
1433	6.22723495656e-06
1434	6.2143767483e-06
1435	6.20159067301e-06
1436	6.18900072319e-06
1437	6.17643868404e-06
1438	6.1639237561e-06
1439	6.15147465023e-06
1440	6.13919886425e-06
1441	6.12698817867e-06
1442	6.11482235042e-06
1443	6.10268565328e-06
1444	6.09068593308e-06
1445	6.07868432064e-06
1446	6.06666452437e-06
1447	6.05465549286e-06
1448	6.0425850552e-06
1449	6.03058391925e-06
1450	6.01851668223e-06
1451	6.00637736462e-06
1452	5.99420952628e-06
1453	5.98195961856e-06
1454	5.96977194864e-06
1455	5.95753357569e-06
1456	5.94524684506e-06
1457	5.93297248273e-06
1458	5.92071668144e-06
1459	5.90844744761e-06
1460	5.89632538022e-06
1461	5.88422836421e-06
1462	5.87216808463e-06
1463	5.86020038853e-06
1464	5.84832055032e-06
1465	5.83652928667e-06
1466	5.82482397152e-06
1467	5.81314846398e-06
1468	5.80156648985e-06
1469	5.79014040964e-06
1470	5.77866998485e-06
1471	5.76717135584e-06
1472	5.75569656637e-06
1473	5.74421765902e-06
1474	5.73272797422e-06
1475	5.72122030312e-06
1476	5.70968774427e-06
1477	5.69812454041e-06
1478	5.68652777392e-06
1479	5.67489913917e-06
1480	5.66324255768e-06
1481	5.65156514951e-06
1482	5.63987592662e-06
1483	5.62818655466e-06
1484	5.61650935711e-06
1485	5.60485774121e-06
1486	5.5932454407e-06
1487	5.58168495723e-06
1488	5.57018735799e-06
1489	5.55876092657e-06
1490	5.54740993778e-06
1491	5.53613542411e-06
1492	5.52493534936e-06
1493	5.51380418758e-06
1494	9.98545141766e-06
1495	5.51868386935e-06
1496	9.98947611265e-06
1497	5.51165655321e-06
1498	9.95723215147e-06
1499	9.95564744267e-06
1500	9.95669287593e-06
1501	9.9519908593e-06
1502	9.93869232997e-06
1503	9.91915560412e-06
1504	9.89563231306e-06
1505	9.87211134936e-06
1506	9.84991483103e-06
1507	9.82979332159e-06
1508	9.81132104218e-06
1509	9.79380724801e-06
1510	9.77665407666e-06
1511	9.75938347552e-06
1512	9.74176897328e-06
1513	9.72372757015e-06
1514	9.70520613515e-06
1515	9.68635959892e-06
1516	9.6673127471e-06
1517	9.64812845888e-06
1518	9.62889012389e-06
1519	9.60966711717e-06
1520	9.59051749049e-06
1521	9.5714179144e-06
1522	9.55268575741e-06
1523	9.53400385838e-06
1524	9.5155298873e-06
1525	9.49741584584e-06
1526	9.47930337417e-06
1527	9.46144918342e-06
1528	9.44366221399e-06
1529	9.42578246418e-06
1530	9.40791092952e-06
1531	9.3901955123e-06
1532	9.3723385688e-06
1533	9.3543369805e-06
1534	9.33616687725e-06
1535	9.31789126777e-06
1536	9.29953163336e-06
1537	9.28106054588e-06
1538	9.26257369506e-06
1539	9.24401968427e-06
1540	9.22551041433e-06
1541	9.20698390007e-06
1542	9.1884741738e-06
1543	9.17016443403e-06
1544	9.15180963402e-06
1545	9.13370031007e-06
1546	9.11566123691e-06
1547	9.09759494658e-06
1548	9.07965759312e-06
1549	9.06186566442e-06
1550	9.04420326317e-06
1551	9.02678910057e-06
1552	9.00936807606e-06
1553	8.99191008467e-06
1554	8.9744134413e-06
1555	8.95699363683e-06
1556	8.93963158746e-06
1557	8.92230792213e-06
1558	8.90499280134e-06
1559	8.88781022777e-06
1560	8.87042250643e-06
1561	8.85298937546e-06
1562	8.83555613726e-06
1563	8.8181085268e-06
1564	8.80063860992e-06
1565	8.78314182259e-06
1566	8.76574501773e-06
1567	8.74824836423e-06
1568	8.73064229687e-06
1569	8.71294722958e-06
1570	8.69529597454e-06
1571	8.67768501087e-06
1572	8.66014400799e-06
1573	8.64266621096e-06
1574	8.62538440457e-06
1575	8.60809775937e-06
1576	8.59079869918e-06
1577	8.57350687049e-06
1578	8.55634623673e-06
1579	8.53929594676e-06
1580	8.52237681829e-06
1581	8.50555759942e-06
1582	8.48881999478e-06
1583	8.47214625757e-06
1584	8.45552051383e-06
1585	8.43893095454e-06
1586	8.42236094738e-06
1587	8.40579749944e-06
1588	8.38923011145e-06
1589	8.37264868398e-06
1590	8.35604567946e-06
1591	8.33941510713e-06
1592	8.32275307638e-06
1593	8.30605790785e-06
1594	8.28932743388e-06
1595	8.27256531193e-06
1596	8.25577234618e-06
1597	8.23895443818e-06
1598	8.22212075787e-06
1599	8.20528140697e-06
1600	8.18844797324e-06
1601	8.17163664046e-06
1602	8.15486034128e-06
1603	8.13813034996e-06
1604	8.12146009385e-06
1605	8.10486124361e-06
1606	8.08834355033e-06
1607	8.07191257134e-06
1608	8.05557019861e-06
1609	8.0393145376e-06
1610	8.02314276081e-06
1611	8.00704644098e-06
1612	7.99101327407e-06
1613	7.97503257812e-06
1614	7.95909151933e-06
1615	7.94317506242e-06
1616	7.92727149886e-06
1617	7.91137526581e-06
1618	7.89546858996e-06
1619	7.87953893487e-06
1620	7.86358545258e-06
1621	7.84760139161e-06
1622	7.8315848507e-06
1623	7.81553517457e-06
1624	7.79945826177e-06
1625	7.78335384686e-06
1626	7.76722078016e-06
1627	7.75106934113e-06
1628	7.73491292979e-06
1629	7.71875621579e-06
1630	7.7026069325e-06
1631	7.68648658464e-06
1632	7.67040316413e-06
1633	7.65436004477e-06
1634	7.63838240418e-06
1635	7.62247695946e-06
1636	7.60664083108e-06
1637	7.59089346447e-06
1638	7.57522567761e-06
1639	7.55963575168e-06
1640	7.54411800055e-06
1641	7.52866399853e-06
1642	7.51326388182e-06
1643	7.49790588437e-06
1644	7.48257637827e-06
1645	7.467264159e-06
1646	7.45195643559e-06
1647	7.43664190626e-06
1648	7.42131582661e-06
1649	7.40596032655e-06
1650	7.39057774654e-06
1651	7.37516728311e-06
1652	7.35971793864e-06
1653	7.34423855751e-06
1654	7.32873453588e-06
1655	7.31320409673e-06
1656	7.29776046561e-06
1657	7.28221544554e-06
1658	7.26655213509e-06
1659	7.25093186535e-06
1660	7.23534178944e-06
1661	7.21982065234e-06
1662	7.20435610406e-06
1663	7.18905954794e-06
1664	7.17373614232e-06
1665	7.15836782494e-06
1666	7.14311459497e-06
1667	7.12794931819e-06
1668	7.11289578412e-06
1669	7.09792306222e-06
1670	7.08312750162e-06
1671	7.06828244943e-06
1672	7.05335371912e-06
1673	7.03855924637e-06
1674	7.02371205945e-06
1675	7.0089031646e-06
1676	6.99404169712e-06
1677	6.97921474714e-06
1678	6.96449864605e-06
1679	6.94962595012e-06
1680	6.93470025875e-06
1681	6.91986765618e-06
1682	6.90491457602e-06
1683	6.88985887713e-06
1684	6.87476247496e-06
1685	6.85967983333e-06
1686	6.84461231143e-06
1687	6.82957086955e-06
1688	6.81454319482e-06
1689	6.79952926055e-06
1690	6.78453728513e-06
1691	6.7696880095e-06
1692	6.75479329803e-06
1693	6.73985633068e-06
1694	6.72501414839e-06
1695	6.71035391072e-06
1696	6.69566435775e-06
1697	6.68103374398e-06
1698	6.66649095144e-06
1699	6.65201680934e-06
1700	6.6375956026e-06
1701	6.62331946293e-06
1702	6.60897426198e-06
1703	6.59456532309e-06
1704	6.58018756041e-06
1705	6.56579721588e-06
1706	6.55140099641e-06
1707	6.53698678971e-06
1708	6.52255303073e-06
1709	6.50809246592e-06
1710	6.49360373328e-06
1711	6.47907733664e-06
1712	6.46451675891e-06
1713	6.44992592024e-06
1714	6.43531348146e-06
1715	6.42068319827e-06
1716	6.4060495312e-06
1717	6.39142306475e-06
1718	6.37681897111e-06
1719	6.36224505421e-06
1720	6.34771767157e-06
1721	6.33324277777e-06
1722	6.31882867989e-06
1723	6.30448010554e-06
1724	6.2901928342e-06
1725	6.27596785749e-06
1726	6.26180137722e-06
1727	6.2476871863e-06
1728	6.23361627163e-06
1729	6.21957547567e-06
1730	6.20555752907e-06
1731	6.19155134872e-06
1732	6.17754806167e-06
1733	6.1635381605e-06
1734	6.14951095777e-06
1735	6.13545506308e-06
1736	6.12136682695e-06
1737	6.10724415653e-06
1738	6.09308481187e-06
1739	6.0788882369e-06
1740	6.06465880745e-06
1741	6.05039683192e-06
1742	6.03611453863e-06
1743	6.02182014889e-06
1744	6.00752305732e-06
1745	5.99323479384e-06
1746	5.97896591918e-06
1747	5.96472944554e-06
1748	5.95052759906e-06
1749	5.93637216943e-06
1750	5.9222727724e-06
1751	5.90823273223e-06
1752	5.89425377635e-06
1753	5.88033488939e-06
1754	5.86647163123e-06
1755	5.85265765372e-06
1756	5.8388774613e-06
1757	5.82512339765e-06
1758	5.81138399312e-06
1759	5.79764623126e-06
1760	5.78390112719e-06
1761	5.77013887754e-06
1762	5.75635085962e-06
1763	5.74253561168e-06
1764	5.72868268212e-06
1765	5.71479227744e-06
1766	5.70086537549e-06
1767	5.6869029676e-06
1768	5.67290745106e-06
1769	5.65888234437e-06
1770	5.64483775026e-06
1771	5.63077499378e-06
1772	5.61671086083e-06
1773	5.60265625121e-06
1774	5.58862358251e-06
1775	5.57462588302e-06
1776	5.56067450157e-06
1777	5.54677937422e-06
1778	5.5329352133e-06
1779	5.51914375588e-06
1780	5.50540414632e-06
1781	9.97872785714e-06
1782	5.53102524973e-06
1783	5.51606941812e-06
1784	9.96362407577e-06
1785	9.99633682535e-06
1786	5.5255545719e-06
1787	9.96788816865e-06
1788	9.96715154684e-06
1789	9.97794480893e-06
1790	9.98283808459e-06
1791	9.97436325855e-06
1792	9.95453357362e-06
1793	9.92723809394e-06
1794	9.89762369305e-06
1795	9.8687082341e-06
1796	9.84290197865e-06
1797	9.81988838048e-06
1798	9.79920491032e-06
1799	9.77918431261e-06
1800	9.75931829138e-06
1801	9.73940414537e-06
1802	9.71870425121e-06
1803	9.69733639634e-06
1804	9.67555780816e-06
1805	9.65338265251e-06
1806	9.63097146558e-06
1807	9.60839239304e-06
1808	9.5857212428e-06
1809	9.56300528793e-06
1810	9.54029477032e-06
1811	9.51762937566e-06
1812	9.49503928154e-06
1813	9.47256078371e-06
1814	9.45019186969e-06
1815	9.42795059266e-06
1816	9.40580156212e-06
1817	9.38372342079e-06
1818	9.36167903598e-06
1819	9.33962701801e-06
1820	9.317527499e-06
1821	9.29536927143e-06
1822	9.27310973237e-06
1823	9.25073651273e-06
1824	9.22823998561e-06
1825	9.2056627166e-06
1826	9.18301406437e-06
1827	9.16033012878e-06
1828	9.13765912405e-06
1829	9.11501523364e-06
1830	9.09244502194e-06
1831	9.06996476008e-06
1832	9.04758959186e-06
1833	9.02532421127e-06
1834	9.00316219897e-06
1835	8.98108963403e-06
1836	8.95908755306e-06
1837	8.93712942605e-06
1838	8.91518802539e-06
1839	8.89323689808e-06
1840	8.87124935542e-06
1841	8.84920783533e-06
1842	8.82708602859e-06
1843	8.8048704614e-06
1844	8.7825360806e-06
1845	8.76010465407e-06
1846	8.73755573375e-06
1847	8.7149180749e-06
1848	8.69219659538e-06
1849	8.66940646725e-06
1850	8.64657268966e-06
1851	8.62371132792e-06
1852	8.60087466041e-06
1853	8.57808045203e-06
1854	8.55534250196e-06
1855	8.53267844e-06
1856	8.51010260019e-06
1857	8.48762250746e-06
1858	8.46523253728e-06
1859	8.44292206071e-06
1860	8.42067377649e-06
1861	8.39846680002e-06
1862	8.37627865513e-06
1863	8.35408034033e-06
1864	8.33183475629e-06
1865	8.30954650671e-06
1866	8.28717551844e-06
1867	8.26471782946e-06
1868	8.2421536506e-06
1869	8.21947721433e-06
1870	8.19668127779e-06
1871	8.17379068965e-06
1872	8.1508029559e-06
1873	8.12772399808e-06
1874	8.10457667078e-06
1875	8.08138369609e-06
1876	8.05815632928e-06
1877	8.03493281588e-06
1878	8.01175387131e-06
1879	7.98861856866e-06
1880	7.96555860128e-06
1881	7.94257300289e-06
1882	7.91965061248e-06
1883	7.89680885415e-06
1884	7.87401507765e-06
1885	7.85125976004e-06
1886	7.82852147181e-06
1887	7.80576992823e-06
1888	7.78298198325e-06
1889	7.76014213117e-06
1890	7.73720408938e-06
1891	7.71415575183e-06
1892	7.69098996473e-06
1893	7.66769973532e-06
1894	7.64427867692e-06
1895	7.62072993232e-06
1896	7.59706619503e-06
1897	7.57330223792e-06
1898	7.5494519964e-06
1899	7.525540952e-06
1900	7.50159196998e-06
1901	7.47763058898e-06
1902	7.45368318661e-06
1903	7.42976890329e-06
1904	7.40590599785e-06
1905	7.38210660472e-06
1906	7.35836765451e-06
1907	7.33468102437e-06
1908	7.31102627182e-06
1909	7.287378242e-06
1910	7.26370759379e-06
1911	7.23998515348e-06
1912	7.21618521544e-06
1913	7.19227791056e-06
1914	7.16824214171e-06
1915	7.14405831661e-06
1916	7.11972108138e-06
1917	7.09522615988e-06
1918	7.070576316e-06
1919	7.04578392326e-06
1920	7.02085830999e-06
1921	6.995823989e-06
1922	6.97070206442e-06
1923	6.94552354513e-06
1924	6.92031114633e-06
1925	6.89509580359e-06
1926	6.86989286782e-06
1927	6.84472269547e-06
1928	6.81958745594e-06
1929	6.79447922393e-06
1930	6.76938168005e-06
1931	6.74427205071e-06
1932	6.71911476993e-06
1933	6.69387777194e-06
1934	6.66852384249e-06
1935	6.64302625897e-06
1936	6.61736234883e-06
1937	6.59151278099e-06
1938	6.56546315481e-06
1939	6.53921146781e-06
1940	6.51276048591e-06
1941	6.48612192243e-06
1942	6.45931819249e-06
1943	6.43236558231e-06
1944	6.40528455581e-06
1945	6.37810597017e-06
1946	6.35086003425e-06
1947	6.32357373287e-06
1948	6.29626864451e-06
1949	6.26895099693e-06
1950	6.24161530028e-06
1951	6.21424850299e-06
1952	6.1868181266e-06
1953	6.15928949105e-06
1954	6.13162422573e-06
1955	6.10378300711e-06
1956	6.07572914932e-06
1957	6.04742846177e-06
1958	6.01886230311e-06
1959	5.99002067004e-06
1960	5.96089707768e-06
1961	5.93148958123e-06
1962	5.90180699064e-06
1963	5.87186382516e-06
1964	5.84168461757e-06
1965	5.81129942703e-06
1966	5.78073323049e-06
1967	5.75001779718e-06
1968	5.71917967758e-06
1969	5.68823121341e-06
1970	5.65717218873e-06
1971	5.62597637609e-06
1972	5.59460565416e-06
1973	5.56301355976e-06
1974	5.5311367559e-06
1975	5.49891995049e-06
1976	9.95497207208e-06
1977	5.54184018145e-06
1978	5.51394692534e-06
1979	9.92063500615e-06
1980	9.98721227414e-06
1981	5.53589526432e-06
1982	9.9435440238e-06
1983	9.94815295117e-06
1984	9.98648801867e-06
1985	5.49953349726e-06
1986	9.8263752961e-06
1987	9.80365009508e-06
1988	9.83198972634e-06
1989	9.86324448799e-06
1990	9.87512368622e-06
1991	9.86729584307e-06
1992	9.8509170274e-06
1993	9.83145533534e-06
1994	9.80877725289e-06
1995	9.78511047864e-06
1996	9.76131324141e-06
1997	9.73918636191e-06
1998	9.71816077211e-06
1999	9.69749167818e-06
2000	9.67615847029e-06
2001	9.65327444468e-06
2002	9.62847554302e-06
2003	9.60167135411e-06
2004	9.57305489887e-06
2005	9.54290860236e-06
2006	9.51151539147e-06
2007	9.47904536725e-06
2008	9.44585560794e-06
2009	9.4120701681e-06
2010	9.3778155208e-06
2011	9.34317861283e-06
2012	9.30820535736e-06
2013	9.27277167825e-06
2014	9.23710942112e-06
2015	9.20102741024e-06
2016	9.16438420547e-06
2017	9.12743754596e-06
2018	9.08997307673e-06
2019	9.05214953988e-06
2020	9.01405597113e-06
2021	8.97575846525e-06
2022	8.93725232204e-06
2023	8.89850006014e-06
2024	8.85973381186e-06
2025	8.82046232938e-06
2026	8.78061734211e-06
2027	8.740246962e-06
2028	8.6994292841e-06
2029	8.65821907343e-06
2030	8.61664378786e-06
2031	8.57472142398e-06
2032	8.53246041005e-06
2033	8.4898591733e-06
2034	8.44690383168e-06
2035	8.403582634e-06
2036	8.35987875328e-06
2037	8.31577298547e-06
2038	8.27125679836e-06
2039	8.22631966635e-06
2040	8.18095557951e-06
2041	8.13515602993e-06
2042	8.08891309135e-06
2043	8.04221758277e-06
2044	7.99505222204e-06
2045	7.9474019758e-06
2046	7.89925728539e-06
2047	7.85060216762e-06
2048	7.80142421275e-06
2049	7.75171703745e-06
2050	7.70146525109e-06
2051	7.65065209654e-06
2052	7.59926118743e-06
2053	7.54728034408e-06
2054	7.49468913118e-06
2055	7.4414792287e-06
2056	7.38764956309e-06
2057	7.33316655998e-06
2058	7.27801795938e-06
2059	7.22219139495e-06
2060	7.16566797715e-06
2061	7.10843553846e-06
2062	7.05039655109e-06
2063	6.99177869931e-06
2064	6.93233956e-06
2065	6.87211225633e-06
2066	6.81108758584e-06
2067	6.7492603366e-06
2068	6.68664094379e-06
2069	6.62723370833e-06
2070	6.56751550378e-06
2071	6.50719113605e-06
2072	6.44625188299e-06
2073	6.3845492285e-06
2074	6.32242860267e-06
2075	6.25956841387e-06
2076	6.196265368e-06
2077	6.13585721679e-06
2078	6.07493982677e-06
2079	6.01439424764e-06
2080	5.95709246435e-06
2081	5.89887592602e-06
2082	5.84263478925e-06
2083	5.78751063628e-06
2084	5.7318608569e-06
2085	5.67575403768e-06
2086	5.61921613503e-06
2087	5.56301414531e-06
2088	5.50851690702e-06
2089	9.96934908357e-06
2090	5.63350441556e-06
2091	5.61886612443e-06
2092	5.52142938202e-06
2093	9.86152116393e-06
2094	5.50862323228e-06
2095	9.97765179584e-06
2096	5.58241189564e-06
2097	5.50520998397e-06
2098	9.79246588796e-06
2099	9.94395726055e-06
2100	5.59952473178e-06
