# Residuals         
# Time              	Ux                  	Uy                  	Uz                  	p                   
0                   	N/A	N/A
1                   	8.376384481231e-01	9.999999999980e-01	1.000000000000e+00	9.999999999856e-01
2                   	4.769429933025e-01	9.001164730922e-01	7.818400341016e-01	6.452862705962e-03
3                   	5.806794448221e-01	6.680167211473e-02	5.215459334979e-02	1.094329472734e-02
4                   	2.669922600832e-02	4.263827627264e-02	8.739543744394e-03	5.021542316024e-01
5                   	7.235016245753e-03	1.424721337201e-02	3.863342224594e-02	2.930256771777e-02
6                   	4.290306629004e-03	1.135708676853e-01	1.128819515093e-01	1.799665867337e-02
7                   	4.344315850776e-03	1.722573933371e-01	1.331996085160e-01	6.500458869303e-02
8                   	4.121746838203e-03	4.397613215440e-02	3.722846473861e-02	2.076610836697e-01
9                   	3.180487098013e-03	2.388126937732e-02	3.734251460241e-02	5.904369038212e-02
10                  	2.294106491445e-03	7.446082825865e-02	1.422080710627e-01	2.009942278006e-02
11                  	1.660491745066e-03	4.213882428545e-01	6.238311122537e-02	2.959686883545e-02
12                  	1.308329748582e-03	6.709030799276e-02	2.785817965180e-02	6.367144966789e-02
13                  	1.105306795015e-03	2.723176254646e-02	1.494032631105e-02	3.498559443839e-01
14                  	1.061449786247e-03	3.728760408042e-02	1.284742366089e-02	7.196535139583e-02
15                  	1.023059816215e-03	9.252864793094e-02	1.566304317787e-02	5.407962048347e-02
16                  	1.017812040260e-03	1.552719802086e-01	1.693280457796e-02	6.633260164165e-02
17                  	9.669995351188e-04	6.287713291007e-02	1.394072765589e-02	2.042267049902e-01
18                  	8.673582648589e-04	5.239573918891e-02	1.231380917952e-02	1.108705881260e-01
19                  	7.729076744220e-04	8.441054132860e-02	1.190017410290e-02	5.507552206414e-02
20                  	6.936395274507e-04	9.136401480196e-02	1.078806663986e-02	4.531336034120e-02
21                  	6.357457990033e-04	5.649937380830e-02	9.355574870367e-03	4.774904689360e-02
22                  	5.976908266447e-04	4.062912298921e-02	7.769638616014e-03	6.361927314509e-02
23                  	5.716225084879e-04	3.712699839791e-02	6.884183140215e-03	7.749876639427e-02
24                  	5.558754582420e-04	3.968243130647e-02	6.415153123667e-03	8.365706979941e-02
25                  	5.424864041207e-04	3.957983801321e-02	5.920543624215e-03	8.148710674143e-02
26                  	5.263494190988e-04	3.569967223512e-02	5.240826087748e-03	7.486742562117e-02
27                  	5.066845750118e-04	3.059245733842e-02	4.661292464743e-03	6.157207765249e-02
28                  	4.844339212098e-04	2.792818299536e-02	4.308348475228e-03	5.017173980125e-02
29                  	4.614311868407e-04	2.676037105533e-02	4.332892661836e-03	4.128242933011e-02
30                  	4.403432804401e-04	2.495584318006e-02	4.461556086228e-03	3.527611678841e-02
31                  	4.230117009581e-04	2.328100894341e-02	4.434216374598e-03	3.115766540077e-02
32                  	4.081546927094e-04	2.233469298389e-02	4.220836537944e-03	2.923880061382e-02
33                  	3.963418872910e-04	2.053533410130e-02	3.895409816937e-03	2.880216981627e-02
34                  	3.864994136833e-04	1.946927277292e-02	3.487494596525e-03	2.894136192269e-02
35                  	3.774738750530e-04	1.811967992414e-02	3.078994330432e-03	2.958827375725e-02
36                  	3.672327514345e-04	1.638388505345e-02	2.728094336289e-03	2.933507293045e-02
37                  	3.574819323245e-04	1.429028456297e-02	2.494395420797e-03	2.787649631957e-02
38                  	3.482641968021e-04	1.314934334914e-02	2.406055120509e-03	2.540741314009e-02
39                  	3.402688425781e-04	1.251167012592e-02	2.499323517497e-03	2.219526693872e-02
40                  	3.314507651355e-04	1.303726501084e-02	2.541276484141e-03	1.914764610836e-02
41                  	3.223698920805e-04	1.309238082027e-02	2.505256354310e-03	1.664007231541e-02
42                  	3.150987840266e-04	1.276989218773e-02	2.412932508886e-03	1.492950951329e-02
43                  	3.090942621695e-04	1.211653988639e-02	2.271956257882e-03	1.423127029047e-02
44                  	3.039943356423e-04	1.100067459313e-02	2.094723958243e-03	1.429691598359e-02
45                  	2.988232511061e-04	9.589515097742e-03	1.927317984352e-03	1.437347747357e-02
46                  	2.934674307800e-04	8.560575774804e-03	1.789165398421e-03	1.379141708269e-02
47                  	2.886457526790e-04	7.616315700534e-03	1.722137944449e-03	1.301035597797e-02
48                  	2.840539373367e-04	7.909463165038e-03	1.718144050076e-03	1.185786915099e-02
49                  	2.795936933586e-04	8.005251210112e-03	1.740455748163e-03	1.060353022480e-02
50                  	2.759658544850e-04	8.602181591465e-03	1.729269674742e-03	9.415242917138e-03
51                  	2.718851161201e-04	8.446268132984e-03	1.691008260496e-03	8.466602629056e-03
52                  	2.690694837277e-04	8.132134700758e-03	1.625448233432e-03	7.995352853945e-03
53                  	2.676624754423e-04	7.596761040850e-03	1.542891006506e-03	7.714628138167e-03
54                  	2.632911794755e-04	6.919599369158e-03	1.458354349732e-03	7.504570826896e-03
55                  	2.599823445872e-04	6.203780191883e-03	1.384879680972e-03	7.248171274095e-03
56                  	2.550013478732e-04	5.718640237285e-03	1.328384509393e-03	6.943802358562e-03
57                  	2.505046525768e-04	5.637280550663e-03	1.307014651305e-03	6.505425851257e-03
58                  	2.468645457871e-04	5.893393308032e-03	1.313709219490e-03	5.949331743116e-03
59                  	2.433389990028e-04	6.163951891357e-03	1.309197370947e-03	5.369613952441e-03
60                  	2.400592435398e-04	6.272198946869e-03	1.286445814486e-03	4.918800707865e-03
61                  	2.380757271939e-04	6.259231466875e-03	1.254081607460e-03	4.587116424229e-03
62                  	2.364233388150e-04	6.100212269504e-03	1.223117432327e-03	4.342526773783e-03
63                  	2.340338208770e-04	5.783748636744e-03	1.186381662349e-03	4.175705516643e-03
64                  	2.330993725593e-04	5.428445624374e-03	1.147053338842e-03	4.014476621864e-03
65                  	2.318552982165e-04	5.052141518834e-03	1.111233887163e-03	3.899964864279e-03
66                  	2.300264861844e-04	4.799854779907e-03	1.083751453291e-03	3.750522065007e-03
67                  	2.291118255815e-04	4.582326297612e-03	1.067944349291e-03	3.557867498741e-03
68                  	2.249567169163e-04	4.564389706538e-03	1.060293372879e-03	3.309599259005e-03
69                  	2.228633985239e-04	4.572982346850e-03	1.050861397183e-03	3.065058002942e-03
70                  	2.198952225230e-04	4.641949508619e-03	1.034482452707e-03	2.814634640906e-03
71                  	2.171677702710e-04	4.508254361893e-03	1.016176966619e-03	2.597681851846e-03
72                  	2.174446746467e-04	4.339717722522e-03	9.985274107617e-04	2.469704446597e-03
73                  	2.184527507759e-04	4.213611596794e-03	9.789572641308e-04	2.357248505425e-03
74                  	2.181869758236e-04	4.089729750837e-03	9.607739345891e-04	2.293341730571e-03
75                  	2.161879769082e-04	4.029982251372e-03	9.469462674755e-04	2.230721662728e-03
76                  	2.135594160635e-04	4.073139397842e-03	9.390643346939e-04	2.159408444048e-03
77                  	2.154684609435e-04	4.192361236829e-03	9.343717973200e-04	2.065676062472e-03
78                  	2.141017936272e-04	4.266635522218e-03	9.287979306434e-04	1.958823636497e-03
79                  	2.152903358947e-04	4.309906745153e-03	9.196802280573e-04	1.844602503309e-03
80                  	2.117626927518e-04	4.326241799989e-03	9.074130040755e-04	1.715503111954e-03
81                  	2.092499430417e-04	4.220990444010e-03	8.940997390309e-04	1.613154649142e-03
82                  	2.077075492787e-04	4.151315097591e-03	8.807666375038e-04	1.531226267532e-03
83                  	2.060338131692e-04	4.014338011565e-03	8.669935210788e-04	1.471768620932e-03
84                  	2.067530046261e-04	3.898207708228e-03	8.534800303510e-04	1.438073957501e-03
85                  	2.074504195919e-04	3.803488257306e-03	8.410061491754e-04	1.419088922409e-03
86                  	2.048512557000e-04	3.723390334649e-03	8.304510202437e-04	1.375266318568e-03
87                  	2.002765492385e-04	3.642830137053e-03	8.221466792826e-04	1.309465855914e-03
88                  	1.993869450477e-04	3.582515428779e-03	8.142488241504e-04	1.231684718345e-03
89                  	1.991170829529e-04	3.541832235739e-03	8.058733971477e-04	1.151094257452e-03
90                  	1.990390955104e-04	3.521396677994e-03	7.967137803982e-04	1.090911923271e-03
91                  	1.987067134845e-04	3.494176692651e-03	7.870290404314e-04	1.022896898924e-03
92                  	1.986440396030e-04	3.478619197631e-03	7.776172671292e-04	9.772588550741e-04
93                  	1.938410030384e-04	3.454968621157e-03	7.697830360538e-04	9.490264557407e-04
94                  	1.936358603901e-04	3.448469032584e-03	7.626610099287e-04	9.414703192884e-04
95                  	1.940084631453e-04	3.465169692784e-03	7.554739999374e-04	9.313419421360e-04
96                  	1.955071721219e-04	3.494230575866e-03	7.483407355404e-04	9.126859369088e-04
97                  	1.939761308735e-04	3.501673962256e-03	7.415250683521e-04	8.726726894055e-04
98                  	1.893155302977e-04	3.490441596412e-03	7.352206982627e-04	8.299881010326e-04
99                  	1.891057988481e-04	3.465561302164e-03	7.287468201704e-04	7.873643399273e-04
100                 	1.854355866686e-04	3.439614503308e-03	7.219114467121e-04	7.501368772461e-04
101                 	1.857628509355e-04	3.403112833050e-03	7.144573039182e-04	7.229055494738e-04
102                 	1.883650455724e-04	3.357778387996e-03	7.063270083176e-04	7.085404806889e-04
103                 	1.914602269394e-04	3.302824708725e-03	6.982606288130e-04	7.010383526355e-04
104                 	1.855079542817e-04	3.266207580403e-03	6.917029747817e-04	6.916434719009e-04
105                 	1.863145569207e-04	3.227498691326e-03	6.851347662400e-04	6.751209392130e-04
106                 	1.879437507911e-04	3.191001467110e-03	6.785461226848e-04	6.566566917458e-04
107                 	1.884146917887e-04	3.169813792997e-03	6.711970801168e-04	6.317851066433e-04
108                 	1.882520832313e-04	3.147669229424e-03	6.640134691098e-04	6.115160290032e-04
109                 	1.790377638486e-04	3.112224140199e-03	6.581476410540e-04	5.836371644046e-04
110                 	1.762073545384e-04	3.075710229371e-03	6.524527491264e-04	5.562409738008e-04
111                 	1.770770434578e-04	3.042193910468e-03	6.461661718421e-04	5.433509083179e-04
112                 	1.803376516374e-04	3.016144155847e-03	6.391191193149e-04	5.428086434111e-04
113                 	1.794308603670e-04	2.997198589125e-03	6.325844300419e-04	5.369357100898e-04
114                 	1.821094117821e-04	2.989809096494e-03	6.262983968435e-04	5.180938719134e-04
115                 	1.799669626629e-04	2.972629426997e-03	6.207763849048e-04	5.007036735544e-04
116                 	1.837716205955e-04	2.958971954986e-03	6.152447932772e-04	4.885577625342e-04
117                 	1.828126397560e-04	2.955007918278e-03	6.090119722099e-04	4.762670815199e-04
118                 	1.822597485052e-04	2.935050779814e-03	6.028161226344e-04	4.612025621194e-04
119                 	1.697753856331e-04	2.890920104133e-03	5.982789772958e-04	4.461137789710e-04
120                 	1.719462447656e-04	2.859557837466e-03	5.931070032466e-04	4.357464107084e-04
121                 	1.751283515962e-04	2.830470091127e-03	5.869780085205e-04	4.419976060066e-04
122                 	1.760305769367e-04	2.807214388225e-03	5.809535744397e-04	4.354280516100e-04
123                 	1.761514477762e-04	2.786672200764e-03	5.748543644805e-04	4.234943071434e-04
124                 	1.795688771010e-04	2.763316912101e-03	5.686218622686e-04	4.106205781831e-04
125                 	1.797813695410e-04	2.736759860998e-03	5.621746612080e-04	3.950118215211e-04
126                 	1.778283882696e-04	2.709539447114e-03	5.571664510272e-04	3.818718364389e-04
127                 	1.783728116757e-04	2.686884740724e-03	5.523335238429e-04	3.797978869927e-04
128                 	1.680740559652e-04	2.654325610110e-03	5.475685618593e-04	3.721772553407e-04
129                 	1.729404536984e-04	2.624115752733e-03	5.423759307086e-04	3.691000566683e-04
130                 	1.780859385502e-04	2.602497830396e-03	5.364484136546e-04	3.677727881506e-04
131                 	1.734951039065e-04	2.590609026175e-03	5.311584668614e-04	3.648631843874e-04
132                 	1.722138982498e-04	2.572675934030e-03	5.258824884202e-04	3.499218233222e-04
133                 	1.773192653095e-04	2.549403585837e-03	5.201027740975e-04	3.394632303323e-04
134                 	1.804948897798e-04	2.523677073005e-03	5.142884991401e-04	3.374862070944e-04
135                 	1.776600767532e-04	2.504854269365e-03	5.087524008071e-04	3.327072583145e-04
136                 	1.804293243723e-04	2.479944797675e-03	5.044264735223e-04	3.273194998614e-04
137                 	1.725214226733e-04	2.458278110889e-03	4.996900912761e-04	3.196308378290e-04
138                 	1.732200824617e-04	2.433478483167e-03	4.944146019763e-04	3.147438723760e-04
139                 	1.735438172621e-04	2.410646564357e-03	4.890971349208e-04	3.119405152208e-04
140                 	1.768496784025e-04	2.387189079640e-03	4.838611226112e-04	3.099085760810e-04
141                 	1.835071875533e-04	2.368280448695e-03	4.779992971240e-04	3.065618130896e-04
142                 	1.777676321144e-04	2.356324223122e-03	4.727866845868e-04	2.961110235440e-04
143                 	1.896311692086e-04	2.331214408387e-03	4.678181760171e-04	2.899012839566e-04
144                 	1.766899097639e-04	2.296280143429e-03	4.618017707952e-04	2.858859974230e-04
145                 	1.771849950604e-04	2.266819506078e-03	4.574642507231e-04	2.793934283355e-04
146                 	1.854649815327e-04	2.241759800487e-03	4.520416149662e-04	2.789540330393e-04
147                 	1.770541085813e-04	2.227732511992e-03	4.469651326138e-04	2.752698240881e-04
148                 	1.825482998123e-04	2.208258414380e-03	4.410428897967e-04	2.710028051827e-04
149                 	1.886976507360e-04	2.185123100701e-03	4.355591383390e-04	2.645559728623e-04
150                 	1.935184786679e-04	2.160280262488e-03	4.292590962670e-04	2.565944338009e-04
151                 	1.847618489358e-04	2.129371334648e-03	4.238347307798e-04	2.489280815358e-04
152                 	1.922550826078e-04	2.092387519536e-03	4.178687577652e-04	2.437155848284e-04
153                 	1.873073267479e-04	2.064250293852e-03	4.114262170880e-04	2.419693301761e-04
154                 	1.901668782960e-04	2.044955292836e-03	4.059426694712e-04	2.400215596344e-04
155                 	1.952597006132e-04	2.019052249073e-03	3.999675143646e-04	2.329596399975e-04
156                 	2.009700639152e-04	1.993339990598e-03	3.944550193562e-04	2.230021476736e-04
157                 	1.919819863620e-04	1.966159370666e-03	3.888975242226e-04	2.143740817068e-04
158                 	1.960080704309e-04	1.942514410587e-03	3.844663791337e-04	2.101710190438e-04
159                 	2.095717063445e-04	1.914479895838e-03	3.784902771025e-04	2.097666600777e-04
160                 	2.166885864623e-04	1.891229051063e-03	3.729134610937e-04	2.078957359305e-04
161                 	2.132511492636e-04	1.872758192971e-03	3.676822750334e-04	1.998184242173e-04
162                 	2.262152832241e-04	1.835823624501e-03	3.603343163025e-04	1.936839404388e-04
163                 	2.248773790100e-04	1.807995498933e-03	3.550739672929e-04	1.896615265018e-04
164                 	2.391655776294e-04	1.773583877042e-03	3.470018172323e-04	1.862847413363e-04
165                 	2.647025437685e-04	1.729413913095e-03	3.363806363034e-04	1.817348844030e-04
166                 	2.636002950932e-04	1.695528276534e-03	3.286536525889e-04	1.748123267806e-04
167                 	2.493530563519e-04	1.674357160284e-03	3.252266291336e-04	1.671541032152e-04
168                 	2.426536749838e-04	1.656746657838e-03	3.216056762982e-04	1.614263039903e-04
169                 	2.551491323847e-04	1.636070344184e-03	3.164564488450e-04	1.595576912395e-04
170                 	2.583101493442e-04	1.612817623413e-03	3.107052666442e-04	1.575604426454e-04
171                 	2.615127193270e-04	1.588257711946e-03	3.048708959170e-04	1.524401203585e-04
172                 	2.600890097194e-04	1.566792788464e-03	3.001297051832e-04	1.463293105082e-04
173                 	2.634341535548e-04	1.546618276074e-03	2.957958057258e-04	1.425841238013e-04
174                 	2.609658387477e-04	1.527037413435e-03	2.907087009367e-04	1.401901576678e-04
175                 	2.675337016522e-04	1.505253291186e-03	2.859896608940e-04	1.364671701397e-04
176                 	2.751635178502e-04	1.481882423538e-03	2.805434224489e-04	1.324341352948e-04
177                 	2.755053697798e-04	1.463600124088e-03	2.752657993778e-04	1.296509195500e-04
178                 	2.445776833515e-04	1.459942164860e-03	2.745481818976e-04	1.253699352466e-04
179                 	2.402802398742e-04	1.453376585014e-03	2.729752871619e-04	1.206499409959e-04
180                 	2.670200700264e-04	1.425360425314e-03	2.657440270587e-04	1.189070550478e-04
181                 	2.625772740298e-04	1.407373288027e-03	2.613611079150e-04	1.156095820698e-04
182                 	2.596301903182e-04	1.393155919597e-03	2.577550993477e-04	1.145386258975e-04
183                 	2.391576812480e-04	1.384782182630e-03	2.555715098786e-04	1.075911570852e-04
184                 	2.419663901520e-04	1.375328577433e-03	2.531312037805e-04	1.049456218206e-04
185                 	2.437496441020e-04	1.360721617000e-03	2.493318856243e-04	1.019592913004e-04
186                 	2.536335236226e-04	1.342467086435e-03	2.443809192201e-04	9.873028984211e-05
187                 	2.761656870779e-04	1.314642708103e-03	2.379434372573e-04	9.442812810940e-05
188                 	3.019414607568e-04	1.272817663426e-03	2.281837535490e-04	9.123919593446e-05
189                 	2.963064834574e-04	1.214468072285e-03	2.150830821164e-04	8.878253071085e-05
190                 	2.516688913054e-04	1.240720807975e-03	2.194281228174e-04	8.749177604167e-05
191                 	1.673938214321e-04	1.309247308957e-03	2.326521191071e-04	8.534630753838e-05
192                 	1.539029878085e-04	1.339143837293e-03	2.378257173376e-04	8.297880333452e-05
193                 	1.551566504703e-04	1.351317339037e-03	2.394519681597e-04	8.096223099317e-05
194                 	1.562574374843e-04	1.356670098057e-03	2.395623874249e-04	7.719399254903e-05
195                 	1.605946217580e-04	1.357154735384e-03	2.384917682577e-04	7.421639730461e-05
196                 	1.827851884064e-04	1.350630489729e-03	2.362916896929e-04	7.405326641119e-05
197                 	1.669565125228e-04	1.348741393339e-03	2.346145902493e-04	7.088965362718e-05
198                 	1.707572316171e-04	1.341542603335e-03	2.322747453387e-04	6.994000160107e-05
199                 	1.678917339769e-04	1.332836817828e-03	2.296752946522e-04	6.822408599110e-05
200                 	1.805082609228e-04	1.322018871013e-03	2.264461438023e-04	6.671075971963e-05
201                 	1.672312376055e-04	1.317502488858e-03	2.245417705800e-04	6.457584882537e-05
202                 	1.637340766837e-04	1.310840633095e-03	2.222353057073e-04	6.277578745991e-05
203                 	1.664113567125e-04	1.301900448966e-03	2.194353880128e-04	6.152814644916e-05
204                 	1.319503433278e-04	1.320309374885e-03	2.217913325634e-04	6.071439819156e-05
205                 	1.118772988704e-04	1.345884756300e-03	2.257279129205e-04	6.004789446442e-05
206                 	1.078908083957e-04	1.357487818203e-03	2.269314888515e-04	5.936758949987e-05
207                 	1.077697123448e-04	1.362782242450e-03	2.269252905027e-04	5.861496474513e-05
208                 	1.088354044658e-04	1.364657175908e-03	2.262862178266e-04	5.786432626917e-05
209                 	1.097971324127e-04	1.364407540040e-03	2.252814649731e-04	5.718497568078e-05
210                 	1.104718769216e-04	1.362744497544e-03	2.240511585584e-04	5.657138125087e-05
211                 	1.109077712369e-04	1.360084932550e-03	2.226741851725e-04	5.600578812727e-05
212                 	1.112411877922e-04	1.356692133100e-03	2.211984371538e-04	5.546026237563e-05
213                 	1.114401616364e-04	1.352779405526e-03	2.196551273884e-04	5.495813922199e-05
214                 	1.115762492418e-04	1.348420384651e-03	2.180644122872e-04	5.446249595908e-05
215                 	1.116490659121e-04	1.343698124353e-03	2.164411584537e-04	5.394357155224e-05
216                 	1.116811092449e-04	1.338681634375e-03	2.147959224513e-04	5.342168478188e-05
217                 	1.116478599503e-04	1.333429089867e-03	2.131368645813e-04	5.289616432349e-05
218                 	1.116206659345e-04	1.327978740073e-03	2.114698803771e-04	5.238215076229e-05
219                 	1.115605083498e-04	1.322375800750e-03	2.097991789949e-04	5.191647662006e-05
220                 	1.114330587516e-04	1.316635199599e-03	2.081273976172e-04	5.145833325191e-05
221                 	1.113092997966e-04	1.310716172983e-03	2.064548552531e-04	5.160456965886e-05
222                 	1.111487027896e-04	1.304918379922e-03	2.047878084691e-04	5.016998740964e-05
223                 	1.109795682472e-04	1.298802943560e-03	2.031244678300e-04	4.978600075637e-05
224                 	1.108006470987e-04	1.292577009106e-03	2.014631079942e-04	5.025681653712e-05
225                 	1.105789338903e-04	1.286479499083e-03	1.998110412598e-04	4.915649337100e-05
226                 	1.103720960897e-04	1.280198013427e-03	1.981657776988e-04	4.913579127209e-05
227                 	1.101396400133e-04	1.273921092776e-03	1.965319110328e-04	4.826766711286e-05
228                 	1.098828171724e-04	1.267542141042e-03	1.949067261678e-04	4.829236435479e-05
229                 	1.096280462182e-04	1.261268281047e-03	1.932932967417e-04	4.800303307765e-05
230                 	1.093752228227e-04	1.254871459800e-03	1.916963078244e-04	4.681753847775e-05
231                 	1.090778475974e-04	1.248258985256e-03	1.901053807564e-04	4.684025851404e-05
232                 	1.088110235486e-04	1.241863454859e-03	1.885218018525e-04	4.708921848612e-05
233                 	1.085042174404e-04	1.235559360523e-03	1.869543525411e-04	4.581897929829e-05
234                 	1.082234855292e-04	1.229086597362e-03	1.853973869569e-04	4.534791289524e-05
235                 	1.078938322591e-04	1.222482561110e-03	1.838449035398e-04	4.597545551465e-05
236                 	1.075691673499e-04	1.216142135228e-03	1.823107638427e-04	4.462926235908e-05
237                 	1.072514236336e-04	1.209573603480e-03	1.807848698914e-04	4.502237955457e-05
238                 	1.069044848011e-04	1.203158724218e-03	1.792743257525e-04	4.391935929367e-05
239                 	1.065824019473e-04	1.196615299138e-03	1.777799758444e-04	4.302795992452e-05
240                 	1.062407707087e-04	1.189906779287e-03	1.762949258809e-04	4.319312986854e-05
241                 	1.058873349235e-04	1.183400613607e-03	1.748180516547e-04	4.375508184158e-05
242                 	1.055365970598e-04	1.177146025188e-03	1.733579388187e-04	4.253052880871e-05
243                 	1.051763045259e-04	1.170702158974e-03	1.719057145000e-04	4.288815030832e-05
244                 	1.048189900459e-04	1.164293018014e-03	1.704682635446e-04	4.121733746544e-05
245                 	1.044617221243e-04	1.157723812953e-03	1.690379342315e-04	4.182072168537e-05
246                 	1.040888713255e-04	1.151318448119e-03	1.676231887382e-04	4.050829602497e-05
247                 	1.037089741112e-04	1.144812046400e-03	1.662198395899e-04	4.049342952102e-05
248                 	1.033387780764e-04	1.138353001757e-03	1.648265999062e-04	4.091091266553e-05
249                 	1.029568065592e-04	1.132086340427e-03	1.634454918947e-04	4.107769779027e-05
250                 	1.025730369817e-04	1.125818358873e-03	1.620816852350e-04	3.919175777278e-05
251                 	1.021935801367e-04	1.119345370304e-03	1.607270832584e-04	3.891211399675e-05
252                 	1.018015214083e-04	1.112902225829e-03	1.593790604168e-04	3.959540978231e-05
253                 	1.014037240109e-04	1.106742008653e-03	1.580457318480e-04	3.858543655109e-05
254                 	1.010192057041e-04	1.100456667034e-03	1.567231213213e-04	3.821762961392e-05
255                 	1.006388824174e-04	1.094177954916e-03	1.554134551260e-04	3.868910372023e-05
256                 	1.002419281814e-04	1.087888530882e-03	1.541152210541e-04	3.745648304857e-05
257                 	9.983946647499e-05	1.081588643803e-03	1.528234341669e-04	3.784858520073e-05
258                 	9.942443881569e-05	1.075416476659e-03	1.515423938538e-04	3.701094060667e-05
259                 	9.902032036634e-05	1.069218216029e-03	1.502779125590e-04	3.654163205252e-05
260                 	9.863418615916e-05	1.062988163721e-03	1.490271600904e-04	3.681059185097e-05
261                 	9.824140329156e-05	1.057045110574e-03	1.477916065144e-04	3.605521201437e-05
262                 	9.784066956934e-05	1.050786685238e-03	1.465617473660e-04	3.638321201241e-05
263                 	9.744347023292e-05	1.044839685462e-03	1.453430585727e-04	3.543028179514e-05
264                 	9.702693416045e-05	1.038762056584e-03	1.441268683247e-04	3.532851264046e-05
265                 	9.664067649350e-05	1.032709665149e-03	1.429316648213e-04	3.466899264073e-05
266                 	9.623649504454e-05	1.026663349631e-03	1.417445263885e-04	3.480186089844e-05
267                 	9.583171978552e-05	1.020709319227e-03	1.405696799683e-04	3.418514891271e-05
268                 	9.542878676841e-05	1.014764272890e-03	1.394016269244e-04	3.428785404490e-05
269                 	9.501837121346e-05	1.008923696162e-03	1.382546215690e-04	3.362241769659e-05
270                 	9.461013481208e-05	1.003115659143e-03	1.371190707280e-04	3.369261282620e-05
271                 	9.422923825629e-05	9.973798806951e-04	1.359949793131e-04	3.302843762502e-05
272                 	9.382667591443e-05	9.915923611313e-04	1.348762957296e-04	3.311124625081e-05
273                 	9.342451046549e-05	9.858815567695e-04	1.337682647663e-04	3.249093211433e-05
274                 	9.302585300980e-05	9.801204074121e-04	1.326642242262e-04	3.256018521307e-05
275                 	9.261633130209e-05	9.744573351347e-04	1.315725745426e-04	3.195680373176e-05
276                 	9.220231441150e-05	9.687344050621e-04	1.304839919705e-04	3.201233486064e-05
277                 	9.179454522425e-05	9.631013483903e-04	1.294063233019e-04	3.144119163539e-05
278                 	9.139799985192e-05	9.574099915398e-04	1.283338771120e-04	3.147009622726e-05
279                 	9.100910981836e-05	9.518134138580e-04	1.272735339544e-04	3.092777402197e-05
280                 	9.060730717229e-05	9.462281383546e-04	1.262239522613e-04	3.092608619601e-05
281                 	9.019415984084e-05	9.407760907059e-04	1.251881335166e-04	3.042833639989e-05
282                 	8.979677627223e-05	9.352791529238e-04	1.241570995831e-04	3.039264307072e-05
283                 	8.939388273386e-05	9.298845937457e-04	1.231340834691e-04	3.033362389726e-05
284                 	8.900349565198e-05	9.244474287473e-04	1.221183996994e-04	2.946263753151e-05
285                 	8.860089405196e-05	9.189317547502e-04	1.211058150794e-04	2.948383113438e-05
286                 	8.818032874663e-05	9.135629900028e-04	1.201037885713e-04	2.957939543369e-05
287                 	8.779068726966e-05	9.082471466513e-04	1.191124558252e-04	2.882588555293e-05
288                 	8.737770379355e-05	9.028254250301e-04	1.181235775769e-04	2.882583564573e-05
289                 	8.698137687420e-05	8.975578432679e-04	1.171466292119e-04	2.887909097386e-05
290                 	8.657723326869e-05	8.923472898543e-04	1.161823003343e-04	2.811339529986e-05
291                 	8.619561732671e-05	8.870472432447e-04	1.152228758183e-04	2.809320663793e-05
292                 	8.581040653441e-05	8.819155159393e-04	1.142720394428e-04	2.834751624464e-05
293                 	8.539820451002e-05	8.766824378135e-04	1.133289347814e-04	2.716987274552e-05
294                 	8.501509969600e-05	8.714677159612e-04	1.123889465618e-04	2.749992813176e-05
295                 	8.461706449309e-05	8.664068343922e-04	1.114625502179e-04	2.722358691746e-05
296                 	8.422495001454e-05	8.612857183991e-04	1.105413817369e-04	2.715765079456e-05
297                 	8.384085666734e-05	8.562824631371e-04	1.096325210758e-04	2.674701094166e-05
298                 	8.345080585353e-05	8.512031491786e-04	1.087270578935e-04	2.665563698161e-05
299                 	8.306062632875e-05	8.462403855758e-04	1.078336900568e-04	2.626680489253e-05
300                 	8.268430985811e-05	8.412096918988e-04	1.069448103033e-04	2.620838974654e-05
301                 	8.231096807153e-05	8.362813218653e-04	1.060662140910e-04	2.583784868836e-05
302                 	8.192375254772e-05	8.313096277388e-04	1.051920141446e-04	2.581088800776e-05
303                 	8.154838206887e-05	8.264515982524e-04	1.043285561944e-04	2.544322264857e-05
304                 	8.118733444015e-05	8.215573822993e-04	1.034723579186e-04	2.544804628384e-05
305                 	8.080989699413e-05	8.167980719363e-04	1.026307411670e-04	2.506415835190e-05
306                 	8.043207868365e-05	8.118960011683e-04	1.017853878501e-04	2.504968460162e-05
307                 	8.006700984561e-05	8.071921800411e-04	1.009601039526e-04	2.505969406074e-05
308                 	7.970950176599e-05	8.024772675338e-04	1.001499422274e-04	2.408586664686e-05
309                 	7.935012267219e-05	7.976379707738e-04	9.933573731628e-05	2.468447447279e-05
310                 	7.898221178443e-05	7.929196447248e-04	9.853262519583e-05	2.438788387445e-05
311                 	7.863933009411e-05	7.882681434573e-04	9.774412503532e-05	2.369022585835e-05
312                 	7.828239636913e-05	7.835525723921e-04	9.695635965046e-05	2.372588444444e-05
313                 	7.792841774035e-05	7.789524628850e-04	9.617924666891e-05	2.379997417921e-05
314                 	7.758413036747e-05	7.744155877610e-04	9.540977345583e-05	2.351433703563e-05
315                 	7.723364349838e-05	7.697287011422e-04	9.465235805952e-05	2.317233886393e-05
316                 	7.691688135818e-05	7.652233902681e-04	9.390091936974e-05	2.305798209081e-05
317                 	7.655966069634e-05	7.608290136664e-04	9.315771635134e-05	2.288936040342e-05
318                 	7.622664644052e-05	7.562640022396e-04	9.242385647825e-05	2.260645702559e-05
319                 	7.590185158953e-05	7.519132810578e-04	9.170070608614e-05	2.253476471112e-05
320                 	7.556525094665e-05	7.474792471842e-04	9.098533988888e-05	2.233289909754e-05
321                 	7.523756866609e-05	7.431936589577e-04	9.027947108140e-05	2.187678337401e-05
322                 	7.492099189964e-05	7.389285154702e-04	8.958677029245e-05	2.215636283587e-05
323                 	7.459909970797e-05	7.347414987478e-04	8.890392586950e-05	2.168949124266e-05
324                 	7.428392096432e-05	7.306259690713e-04	8.823501323898e-05	2.185511657987e-05
325                 	7.396810710510e-05	7.265193252299e-04	8.757073265783e-05	2.160873804035e-05
326                 	7.366372509444e-05	7.224014987756e-04	8.691369015377e-05	2.133048637987e-05
327                 	7.336577150969e-05	7.185373887527e-04	8.627533865567e-05	2.063509515684e-05
328                 	7.308115622022e-05	7.147564612922e-04	8.565291881411e-05	2.103982294716e-05
329                 	7.278593066669e-05	7.111680784607e-04	8.506105966179e-05	2.098707760702e-05
330                 	7.250628445487e-05	7.076276341880e-04	8.448167584122e-05	2.068792260409e-05
331                 	7.223140015007e-05	7.041996272309e-04	8.390583763804e-05	2.041585608030e-05
332                 	7.198041542677e-05	7.007077582095e-04	8.333518534377e-05	2.017399065488e-05
333                 	7.173406155927e-05	6.973554793341e-04	8.276901008597e-05	2.008194972205e-05
334                 	7.147622195006e-05	6.939272349830e-04	8.220900531244e-05	1.993861138363e-05
335                 	7.123494175337e-05	6.906790399080e-04	8.165718102469e-05	1.983873253856e-05
336                 	7.100106341902e-05	6.872944163870e-04	8.110665299149e-05	1.966621267510e-05
337                 	7.075677407251e-05	6.840490471971e-04	8.055916377923e-05	1.952904912941e-05
338                 	7.052763851008e-05	6.806731727601e-04	8.001392334119e-05	1.935457631067e-05
339                 	7.028785840210e-05	6.774176148599e-04	7.946984170143e-05	1.921109336293e-05
340                 	7.004632253100e-05	6.740565611993e-04	7.893095558476e-05	1.906152621053e-05
341                 	6.980847010012e-05	6.708715389086e-04	7.839440723887e-05	1.859007138198e-05
342                 	6.957183389384e-05	6.674860297435e-04	7.786125693775e-05	1.893792855988e-05
343                 	6.934837192711e-05	6.642620979214e-04	7.733395065085e-05	1.876219569876e-05
344                 	6.911032556191e-05	6.609375582985e-04	7.680946220511e-05	1.853891062309e-05
345                 	6.889162548690e-05	6.579128290101e-04	7.628971669326e-05	1.781896137675e-05
346                 	6.866625210919e-05	6.545728635627e-04	7.577301718229e-05	1.823793590638e-05
347                 	6.844282135537e-05	6.511915684671e-04	7.526056693894e-05	1.820540457096e-05
348                 	6.821450856797e-05	6.481246103268e-04	7.474951480173e-05	1.795596459473e-05
349                 	6.798521271676e-05	6.450992550464e-04	7.424129494832e-05	1.751091480487e-05
350                 	6.777179186426e-05	6.417968519861e-04	7.373673570856e-05	1.772958001121e-05
351                 	6.753315884157e-05	6.386890060318e-04	7.323418713263e-05	1.747804253025e-05
352                 	6.732143002549e-05	6.354095635138e-04	7.273490731023e-05	1.745821342565e-05
353                 	6.709346953560e-05	6.323615034602e-04	7.223817578488e-05	1.710912645074e-05
354                 	6.688589783503e-05	6.292847241870e-04	7.174368550675e-05	1.690027816597e-05
355                 	6.665567571935e-05	6.261132710448e-04	7.125511547836e-05	1.686057193530e-05
356                 	6.643962070338e-05	6.229045442712e-04	7.077354251898e-05	1.703114525869e-05
357                 	6.622001559092e-05	6.199067735249e-04	7.029559612748e-05	1.656754597461e-05
358                 	6.600470426521e-05	6.170052208016e-04	6.982072936136e-05	1.619270023950e-05
359                 	6.581205643103e-05	6.139226587196e-04	6.934915685741e-05	1.615866036349e-05
360                 	6.559530484075e-05	6.108122861452e-04	6.888153855243e-05	1.642023767614e-05
361                 	6.538368707305e-05	6.079049952289e-04	6.841398589295e-05	1.603882450777e-05
362                 	6.516631605063e-05	6.049523697206e-04	6.794708358335e-05	1.585504483556e-05
363                 	6.496683293867e-05	6.019147061434e-04	6.748206931548e-05	1.582258916894e-05
364                 	6.475819092344e-05	5.988932289987e-04	6.701974730639e-05	1.574531724481e-05
365                 	6.455214266331e-05	5.957684581906e-04	6.655968358283e-05	1.564486690158e-05
366                 	6.433553835191e-05	5.928295626139e-04	6.610170024462e-05	1.549229407641e-05
367                 	6.412710827114e-05	5.896854111839e-04	6.565301123335e-05	1.535894442829e-05
368                 	6.391571746908e-05	5.867869701574e-04	6.520973808139e-05	1.542414517923e-05
369                 	6.371928526365e-05	5.840328764054e-04	6.477186192564e-05	1.479407143445e-05
370                 	6.352042984585e-05	5.811545952257e-04	6.433417825760e-05	1.483501554911e-05
371                 	6.333420611902e-05	5.783500718414e-04	6.389683715550e-05	1.477999980361e-05
372                 	6.312593088724e-05	5.751594897617e-04	6.345994095330e-05	1.472335844043e-05
373                 	6.295581641158e-05	5.723464334386e-04	6.302409215872e-05	1.485714006188e-05
374                 	6.279139315032e-05	5.693289094224e-04	6.258550882244e-05	2.674107601926e-05
375                 	6.253139674143e-05	5.577337958450e-04	6.233186378598e-05	2.708655145416e-05
376                 	6.234215488347e-05	5.460133102513e-04	6.207384464032e-05	2.309686331676e-05
377                 	6.217842560226e-05	5.369498786848e-04	6.175964879251e-05	2.098704379368e-05
378                 	6.202921394862e-05	5.317055277773e-04	6.139232738036e-05	1.963806119862e-05
379                 	6.189073584032e-05	5.293184146773e-04	6.099093815961e-05	1.846120287670e-05
380                 	6.174840710942e-05	5.279892704793e-04	6.057411498722e-05	1.689974910753e-05
381                 	6.159943080467e-05	5.271225043421e-04	6.015828835717e-05	1.606541529567e-05
382                 	6.145907805977e-05	5.256251769137e-04	5.976270680654e-05	1.498323443793e-05
383                 	6.134525119786e-05	5.239541262506e-04	5.940177777036e-05	1.441179107308e-05
384                 	6.123112152188e-05	5.215979414963e-04	5.906530511216e-05	1.405168487648e-05
385                 	6.112110510546e-05	5.192624496283e-04	5.874358472692e-05	1.361843163789e-05
386                 	6.102281293172e-05	5.168360691712e-04	5.843588099010e-05	1.323436591202e-05
387                 	6.093345518279e-05	5.146722740843e-04	5.813365577175e-05	1.296688904560e-05
388                 	6.086425415287e-05	5.125988855032e-04	5.783993298690e-05	1.276999271491e-05
389                 	6.080697000801e-05	5.109368363623e-04	5.757975038028e-05	1.253038988294e-05
390                 	6.078829104256e-05	5.097895606252e-04	5.736697839978e-05	1.226887732211e-05
391                 	6.080720163407e-05	5.090056839937e-04	5.718824544050e-05	1.202225063279e-05
392                 	6.085553205503e-05	5.084459575986e-04	5.703610405074e-05	1.177576539880e-05
393                 	6.090281017266e-05	5.080288118601e-04	5.690047653857e-05	1.156429137394e-05
394                 	6.095582313123e-05	5.075989610548e-04	5.676627224883e-05	1.138997239168e-05
395                 	6.101592618643e-05	5.071816616168e-04	5.663035408100e-05	1.131229834649e-05
396                 	6.105178579594e-05	5.066142163547e-04	5.647858104439e-05	1.126361733000e-05
397                 	6.108365247254e-05	5.058859855538e-04	5.630754194916e-05	1.126097489313e-05
398                 	6.107990296835e-05	5.050422025904e-04	5.612300922786e-05	1.114864999696e-05
399                 	6.107982361819e-05	5.040737687010e-04	5.592782552825e-05	1.105527962694e-05
400                 	6.107245005588e-05	5.030734285251e-04	5.572527657632e-05	1.085887244938e-05
401                 	6.104904962310e-05	5.019600144566e-04	5.551635754310e-05	1.068965389225e-05
402                 	6.101476160884e-05	5.008530796204e-04	5.530274195020e-05	1.050420242367e-05
403                 	6.097753042470e-05	4.996573315020e-04	5.508484699485e-05	1.038022095409e-05
404                 	6.093315384593e-05	4.984843921138e-04	5.486352857179e-05	1.028883807754e-05
405                 	6.088757818215e-05	4.972147455425e-04	5.463918083583e-05	1.021184679318e-05
406                 	6.084237725428e-05	4.959987389825e-04	5.441208667008e-05	1.013474668161e-05
407                 	6.078946326487e-05	4.946719695309e-04	5.418283927685e-05	1.006931592993e-05
408                 	6.072984157143e-05	4.934124237139e-04	5.395142677226e-05	9.993504681926e-06
409                 	6.066915469483e-05	4.920389509052e-04	5.371849186578e-05	9.928457308021e-06
410                 	6.059627202385e-05	4.907705284873e-04	5.348403130450e-05	9.837195014886e-06
411                 	6.053574625215e-05	4.893557335588e-04	5.324873233093e-05	9.759764846694e-06
412                 	6.046612469749e-05	4.880805412666e-04	5.301233544479e-05	9.652558561534e-06
413                 	6.037471843244e-05	4.866360705731e-04	5.277561595454e-05	9.574743542596e-06
414                 	6.030679260723e-05	4.853593749338e-04	5.253826760993e-05	9.472458588525e-06
415                 	6.023208815814e-05	4.838945747567e-04	5.230098969714e-05	9.406363853699e-06
416                 	6.014958824814e-05	4.826291713345e-04	5.206333737435e-05	9.312699413572e-06
417                 	6.006158308948e-05	4.811382664058e-04	5.182604467638e-05	9.261740613544e-06
418                 	5.998188266081e-05	4.799024670890e-04	5.158853731637e-05	9.171544233861e-06
419                 	5.989937404579e-05	4.783771991151e-04	5.135158473855e-05	9.132344470813e-06
420                 	5.982539191991e-05	4.771744362805e-04	5.111449892496e-05	9.040825716780e-06
421                 	5.972377246998e-05	4.756089365353e-04	5.087818863152e-05	9.010004917143e-06
422                 	5.962740122674e-05	4.744464057365e-04	5.064168492749e-05	8.914809274106e-06
423                 	5.952353864478e-05	4.728369477371e-04	5.040624338555e-05	8.887994448998e-06
424                 	5.945147784254e-05	4.717103403358e-04	5.017058818183e-05	8.796480731968e-06
425                 	5.933767337156e-05	4.700835559157e-04	4.993622918460e-05	8.773661803621e-06
426                 	5.925166395035e-05	4.689729306787e-04	4.970165885356e-05	8.672463254463e-06
427                 	5.914261626760e-05	4.673483275533e-04	4.946851533929e-05	8.644741248154e-06
428                 	5.906030119301e-05	4.662362299589e-04	4.923519781421e-05	8.542617331175e-06
429                 	5.895201760998e-05	4.646306148333e-04	4.900338020195e-05	8.512940382191e-06
430                 	5.885555514903e-05	4.635065664857e-04	4.877156190765e-05	8.411748196068e-06
431                 	5.876444216265e-05	4.619052025750e-04	4.854123610894e-05	8.392919674513e-06
432                 	5.865971519611e-05	4.607856927221e-04	4.831099250767e-05	8.293953185266e-06
433                 	5.854866946822e-05	4.592031825996e-04	4.808218452777e-05	8.267992445890e-06
434                 	5.845816199765e-05	4.580686446326e-04	4.785358803399e-05	8.173697847146e-06
435                 	5.834858663662e-05	4.565224520084e-04	4.762638326757e-05	8.147843896776e-06
436                 	5.824699920794e-05	4.553677943007e-04	4.739953605174e-05	8.059061027408e-06
437                 	5.813839368231e-05	4.538366041709e-04	4.717414556027e-05	8.038453526903e-06
438                 	5.803973464501e-05	4.526826324381e-04	4.694906505607e-05	7.957674749131e-06
439                 	5.793615786308e-05	4.511876527061e-04	4.672531760295e-05	7.931278634211e-06
440                 	5.782986547319e-05	4.500179527616e-04	4.650209866997e-05	7.846214132540e-06
441                 	5.771913322069e-05	4.485626843615e-04	4.628017117568e-05	7.825566060646e-06
442                 	5.761418026841e-05	4.473716269694e-04	4.605890784503e-05	7.741636619631e-06
443                 	5.750326955066e-05	4.459568166051e-04	4.583893103565e-05	7.726659117869e-06
444                 	5.740428959783e-05	4.447524360348e-04	4.561972039048e-05	7.635887346951e-06
445                 	5.728304097485e-05	4.433731033752e-04	4.540169116403e-05	7.625954576821e-06
446                 	5.717435540524e-05	4.421632565681e-04	4.518451371854e-05	7.527559709462e-06
447                 	5.705172818100e-05	4.408127336243e-04	4.496831311587e-05	7.533227380251e-06
448                 	5.695027029480e-05	4.396056582927e-04	4.475308608101e-05	7.408137789024e-06
449                 	5.683590832335e-05	4.382481016168e-04	4.453894236154e-05	7.439808057476e-06
450                 	5.673146587799e-05	4.370466702251e-04	4.432573146739e-05	7.333423805106e-06
451                 	5.662821929337e-05	4.357167096832e-04	4.411340544588e-05	7.346592800596e-06
452                 	5.651248799956e-05	4.343198690253e-04	4.390562382378e-05	6.973472532239e-06
453                 	5.640092810794e-05	4.331277642694e-04	4.369460335711e-05	7.609026214567e-06
454                 	5.627932794329e-05	4.321365710286e-04	4.348171314810e-05	7.514168105476e-06
455                 	5.616348205300e-05	4.306675213756e-04	4.327654106276e-05	6.889295831308e-06
456                 	5.606199750270e-05	4.294159201531e-04	4.306839648540e-05	7.464881479102e-06
457                 	5.593981000552e-05	4.281629486454e-04	4.286183384069e-05	7.411504087042e-06
458                 	5.582408520692e-05	4.270986022804e-04	4.265506867705e-05	7.009847261698e-06
459                 	5.572135427146e-05	4.257193142302e-04	4.245221658122e-05	6.900845316288e-06
460                 	5.561517323960e-05	4.244192236175e-04	4.225011238433e-05	7.032731414034e-06
461                 	5.549869922987e-05	4.232220865391e-04	4.204676595488e-05	7.266364257595e-06
462                 	5.537541058172e-05	4.222871284825e-04	4.184474202743e-05	6.951994918864e-06
463                 	5.525896592591e-05	4.208480331198e-04	4.164746314113e-05	6.543536308671e-06
464                 	5.514328092557e-05	4.194745570287e-04	4.144882224050e-05	6.837456673678e-06
465                 	5.501444542776e-05	4.183888468037e-04	4.124987036884e-05	6.834140506996e-06
466                 	5.490683112169e-05	4.172760659577e-04	4.105161621292e-05	6.845477316593e-06
467                 	5.479732847711e-05	4.160445564722e-04	4.085462671887e-05	6.700385347951e-06
468                 	5.468005738955e-05	4.146636107523e-04	4.066369578236e-05	6.229185658749e-06
469                 	5.456460220517e-05	4.135710311638e-04	4.046908102036e-05	6.645609257000e-06
470                 	5.444661986806e-05	4.125793892332e-04	4.027416868808e-05	6.645009830291e-06
471                 	5.432200438199e-05	4.111501109925e-04	4.008569491321e-05	6.218633550835e-06
472                 	5.421001472299e-05	4.099374370999e-04	3.989412267726e-05	6.378194575740e-06
473                 	5.410810799938e-05	4.089550767200e-04	3.970255675924e-05	6.959147955996e-06
474                 	5.399490852816e-05	4.076183983152e-04	3.951541530777e-05	6.390905697186e-06
475                 	5.388452819589e-05	4.065767873728e-04	3.932541273905e-05	6.518999956703e-06
476                 	5.375002356281e-05	4.052366846894e-04	3.914114378459e-05	6.098158139801e-06
477                 	5.363023487345e-05	4.042452169422e-04	3.895436115321e-05	6.129984563393e-06
478                 	5.353216325682e-05	4.030868800687e-04	3.877047626286e-05	6.581574259070e-06
479                 	5.340638509473e-05	4.018858158683e-04	3.858616128810e-05	6.243649413797e-06
480                 	5.329212134252e-05	4.008992739550e-04	3.840065817497e-05	6.463876639314e-06
481                 	5.316260090236e-05	3.995758128277e-04	3.822186308784e-05	5.876171288404e-06
482                 	5.303742705878e-05	3.985788457701e-04	3.803864402469e-05	6.568324414966e-06
483                 	5.292831057095e-05	3.973986741340e-04	3.786010778612e-05	6.054658238140e-06
484                 	5.282011846100e-05	3.961966138063e-04	3.768221027330e-05	5.882766657665e-06
485                 	5.269927906759e-05	3.950622204169e-04	3.750545591721e-05	5.903756707240e-06
486                 	5.257368634666e-05	3.941050676229e-04	3.732787242525e-05	5.938382370657e-06
487                 	5.245965376854e-05	3.929189985169e-04	3.715298083633e-05	6.311991509591e-06
488                 	5.233892604531e-05	3.917350562260e-04	3.697712734416e-05	5.956761405480e-06
489                 	5.222719422996e-05	3.907112834070e-04	3.680083687006e-05	5.913566717921e-06
490                 	5.210569653727e-05	3.896868799987e-04	3.662662283617e-05	5.860737243166e-06
491                 	5.198994988343e-05	3.884389100191e-04	3.645767438914e-05	5.438172538657e-06
492                 	5.187851384973e-05	3.873812138196e-04	3.628694451601e-05	5.752281090236e-06
493                 	5.174568757079e-05	3.863631849677e-04	3.611618597487e-05	5.781258313153e-06
494                 	5.163742638724e-05	3.851566387979e-04	3.594911356346e-05	5.527188220948e-06
495                 	5.152326415281e-05	3.841761166720e-04	3.578000142624e-05	5.593911327982e-06
496                 	5.138728857185e-05	3.830269631533e-04	3.561404934906e-05	6.038143065066e-06
497                 	5.128154805995e-05	3.818359791296e-04	3.544779092554e-05	5.634603942139e-06
498                 	5.118134316158e-05	3.808452196244e-04	3.528179270376e-05	5.810424739370e-06
499                 	5.103714017629e-05	3.797757892610e-04	3.511666541048e-05	5.440198172859e-06
500                 	5.093027735873e-05	3.787684698587e-04	3.495259960290e-05	5.716646085060e-06
501                 	5.081320125166e-05	3.776542720330e-04	3.479053012327e-05	5.367918943578e-06
502                 	5.068978442705e-05	3.766631995440e-04	3.462826272825e-05	5.627933044738e-06
503                 	5.057653905160e-05	3.757620853475e-04	3.446607275829e-05	5.443844279091e-06
504                 	5.044645671033e-05	3.745774270739e-04	3.430781455341e-05	5.195813449391e-06
505                 	5.034185776069e-05	3.735721058056e-04	3.414835342945e-05	5.448183722685e-06
506                 	5.022557845557e-05	3.724237783855e-04	3.399114520798e-05	2.132097862180e-05
507                 	5.021294128979e-05	3.588346255405e-04	3.403955883430e-05	1.233643985786e-05
508                 	5.004326605471e-05	3.583764193755e-04	3.386289546748e-05	1.668758334548e-05
509                 	5.002193763163e-05	3.481716777021e-04	3.384867360649e-05	1.727023327410e-05
510                 	4.995747435610e-05	3.398958737646e-04	3.381136404195e-05	1.440525480593e-05
511                 	4.990069205417e-05	3.336593224534e-04	3.373799871164e-05	1.110054980890e-05
512                 	4.981464772588e-05	3.305567233285e-04	3.362414886732e-05	9.268255729706e-06
513                 	4.971687101619e-05	3.301554136119e-04	3.347686368951e-05	9.062477422818e-06
514                 	4.959503594930e-05	3.305228246114e-04	3.332365734993e-05	8.548245789872e-06
515                 	4.947396387298e-05	3.311447441881e-04	3.316953742184e-05	8.170106937019e-06
516                 	4.935438205908e-05	3.312915782285e-04	3.302468992589e-05	7.523909523173e-06
517                 	4.923219868886e-05	3.309508265574e-04	3.288787713119e-05	6.985738372495e-06
518                 	4.909436403743e-05	3.302043601058e-04	3.275699771561e-05	6.499867446531e-06
519                 	4.897578938003e-05	3.290918076078e-04	3.263011331503e-05	6.000072011095e-06
520                 	4.885783524599e-05	3.279503868064e-04	3.250488174205e-05	5.695390129168e-06
521                 	4.874903787207e-05	3.270703473087e-04	3.237770638910e-05	5.605023790620e-06
522                 	4.859705554787e-05	3.259858494237e-04	3.225335834805e-05	5.311606406745e-06
523                 	4.847509637332e-05	3.251965725837e-04	3.212573105797e-05	5.148287846761e-06
524                 	4.833895193715e-05	3.242781072010e-04	3.199977755000e-05	5.166752625684e-06
525                 	4.821731975669e-05	3.233005767655e-04	3.187471649442e-05	5.122793675214e-06
526                 	4.807691615282e-05	3.223622320535e-04	3.174994740823e-05	5.034790029375e-06
527                 	4.795316888504e-05	3.215110893532e-04	3.162424107864e-05	4.921006535816e-06
528                 	4.783636537859e-05	3.206664493277e-04	3.149796481111e-05	4.947487808954e-06
529                 	4.769690530175e-05	3.197353771642e-04	3.137210850178e-05	4.625459206781e-06
530                 	4.755522673104e-05	3.187958113813e-04	3.124867720062e-05	4.363668492129e-06
531                 	4.742859545317e-05	3.180176278132e-04	3.112310934960e-05	4.419745113568e-06
532                 	4.729841416192e-05	3.171434264049e-04	3.099923942530e-05	4.475484353687e-06
533                 	4.717112657802e-05	3.162495285614e-04	3.087580859604e-05	4.373150493773e-06
534                 	4.703244257477e-05	3.153874783411e-04	3.075327414181e-05	4.316168408486e-06
535                 	4.691236706397e-05	3.145234088348e-04	3.063166527435e-05	4.253710849464e-06
536                 	4.678633517553e-05	3.136715581749e-04	3.051094689299e-05	4.208620240663e-06
537                 	4.665804177961e-05	3.128247332415e-04	3.039113130459e-05	4.193177413401e-06
538                 	4.651383282182e-05	3.119939473355e-04	3.027212486012e-05	4.181325908555e-06
539                 	4.639392576093e-05	3.111644778467e-04	3.015383231667e-05	4.180293748014e-06
540                 	4.626386584836e-05	3.103455965339e-04	3.003616136727e-05	4.188239622328e-06
541                 	4.613359571487e-05	3.095289914904e-04	2.991909579459e-05	4.193860468742e-06
542                 	4.600731917444e-05	3.087170855072e-04	2.980258300245e-05	4.199283081181e-06
543                 	4.589764308661e-05	3.079077996981e-04	2.968656575795e-05	4.191417872427e-06
544                 	4.575923605449e-05	3.070988769728e-04	2.957101333818e-05	4.168392006629e-06
545                 	4.563108927717e-05	3.062921622616e-04	2.945592662124e-05	4.136160947326e-06
546                 	4.549653318774e-05	3.054868157152e-04	2.934129548528e-05	4.097875259238e-06
547                 	4.537774070223e-05	3.046834652820e-04	2.922715796903e-05	4.054894858250e-06
548                 	4.525719009066e-05	3.038817279507e-04	2.911348207905e-05	4.014884562281e-06
549                 	4.513209431142e-05	3.030826024361e-04	2.900031055793e-05	3.972382730978e-06
550                 	4.499888727277e-05	3.022848443880e-04	2.888767680448e-05	3.940749768424e-06
551                 	4.487003346844e-05	3.014929015245e-04	2.877560112908e-05	3.915203845068e-06
552                 	4.475250732173e-05	3.006985216990e-04	2.866406945233e-05	3.897159476695e-06
553                 	4.462757314398e-05	2.999150029311e-04	2.855310546802e-05	3.878206667212e-06
554                 	4.449403276582e-05	2.991267341513e-04	2.844270176644e-05	3.866821124662e-06
555                 	4.437908110037e-05	2.983524767839e-04	2.833286052726e-05	3.850247970242e-06
556                 	4.424306995494e-05	2.975710615604e-04	2.822360018614e-05	3.840334688284e-06
557                 	4.413856004529e-05	2.968042108719e-04	2.811490781067e-05	3.825624359375e-06
558                 	4.400727010593e-05	2.960325894385e-04	2.800678474325e-05	3.814612145010e-06
559                 	4.388657931872e-05	2.952711139209e-04	2.789921277575e-05	3.803656615952e-06
560                 	4.376258864024e-05	2.945084803140e-04	2.779218645848e-05	3.792542793459e-06
561                 	4.363275009769e-05	2.937522154682e-04	2.768569481076e-05	3.780159231476e-06
562                 	4.351570692495e-05	2.929971949825e-04	2.757972852215e-05	3.766622799017e-06
563                 	4.339537936284e-05	2.922465786405e-04	2.747427475299e-05	3.751116306495e-06
564                 	4.327346412022e-05	2.914979079410e-04	2.736932698054e-05	3.734225129548e-06
565                 	4.315131607600e-05	2.907525382011e-04	2.726489269072e-05	3.715716986881e-06
566                 	4.303384321391e-05	2.900093344628e-04	2.716095538628e-05	3.696180349552e-06
567                 	4.291774959608e-05	2.892690826292e-04	2.705751439460e-05	3.675904190465e-06
568                 	4.280356155553e-05	2.885311643439e-04	2.695456204905e-05	3.655498112313e-06
569                 	4.268591567469e-05	2.877965390857e-04	2.685211043659e-05	3.634196958747e-06
570                 	4.254846215460e-05	2.870620251707e-04	2.675014106512e-05	3.617488849700e-06
571                 	4.242900951552e-05	2.863345589140e-04	2.664867243612e-05	3.595302518782e-06
572                 	4.230320353152e-05	2.856039560534e-04	2.654768606675e-05	3.580548795521e-06
573                 	4.219564189401e-05	2.848831515503e-04	2.644720005563e-05	3.560860428226e-06
574                 	4.208895235963e-05	2.841571737140e-04	2.634719559325e-05	3.547414352562e-06
575                 	4.196996270547e-05	2.834419178439e-04	2.624767833999e-05	3.529382047158e-06
576                 	4.184357488329e-05	2.827214042575e-04	2.614864728868e-05	3.517037446184e-06
577                 	4.170897402180e-05	2.820115099007e-04	2.605011282022e-05	3.500015967465e-06
578                 	4.159629149646e-05	2.812967213908e-04	2.595206101713e-05	3.488406210025e-06
579                 	4.151621439638e-05	2.805921307624e-04	2.585449077956e-05	3.471748417260e-06
580                 	4.137258464478e-05	2.798835480089e-04	2.575740941118e-05	3.458753861443e-06
581                 	4.125302530841e-05	2.791831277349e-04	2.566079512721e-05	3.444620131300e-06
582                 	4.113147061014e-05	2.784811491345e-04	2.556465188425e-05	3.430570540680e-06
583                 	4.101748923944e-05	2.777854141238e-04	2.546898722522e-05	3.412840491151e-06
584                 	4.090228864960e-05	2.770885842725e-04	2.537378825664e-05	3.400085355344e-06
585                 	4.078766785650e-05	2.763975267192e-04	2.527904863180e-05	3.385440907783e-06
586                 	4.067416065073e-05	2.757061465232e-04	2.518476820856e-05	3.369368904770e-06
587                 	4.055981353093e-05	2.750190670725e-04	2.509094426347e-05	3.354067474427e-06
588                 	4.044122519224e-05	2.743336085043e-04	2.499757592178e-05	3.338861781436e-06
589                 	4.032248038079e-05	2.736508116734e-04	2.490465581954e-05	3.323575183809e-06
590                 	4.021779682889e-05	2.729700729334e-04	2.481218382502e-05	3.308526859278e-06
591                 	4.010667283540e-05	2.722918197035e-04	2.472014762700e-05	3.293475392716e-06
592                 	3.999912842613e-05	2.716158860890e-04	2.462856281018e-05	3.278613278479e-06
593                 	3.987911242156e-05	2.709423760003e-04	2.453741890641e-05	3.264106891089e-06
594                 	3.976702610310e-05	2.702710977966e-04	2.444671419132e-05	3.249821690888e-06
595                 	3.963983225696e-05	2.696022627897e-04	2.435644100569e-05	3.235732594636e-06
596                 	3.952949982287e-05	2.689357169304e-04	2.426662029685e-05	3.221818686207e-06
597                 	3.942424826184e-05	2.682714615071e-04	2.417722934599e-05	3.208083526558e-06
598                 	3.930788344288e-05	2.675833338923e-04	2.408857874958e-05	3.396037628955e-06
599                 	3.920237717356e-05	2.669430362173e-04	2.400021339114e-05	3.282146461573e-06
600                 	3.910346641553e-05	2.662342938054e-04	2.391339297787e-05	3.583320751271e-06
601                 	3.899013976978e-05	2.656714794147e-04	2.382313616567e-05	3.508053250780e-06
602                 	3.887997214603e-05	2.648529413920e-04	2.373780635350e-05	3.282682739138e-06
603                 	3.876267155475e-05	2.642686031346e-04	2.365144752227e-05	3.338674896130e-06
604                 	3.865044483662e-05	2.637268892173e-04	2.356427114918e-05	3.334768473732e-06
605                 	3.853521942390e-05	2.630734979593e-04	2.347857894063e-05	3.467190622383e-06
606                 	3.843350479176e-05	2.625245206453e-04	2.338963963997e-05	3.429388537152e-06
607                 	3.831527836457e-05	2.618387936892e-04	2.330459434621e-05	3.335562104861e-06
608                 	3.821271465589e-05	2.611237767522e-04	2.322145434349e-05	3.213824435091e-06
609                 	3.809859682745e-05	2.603494204664e-04	2.313961080195e-05	3.399677566402e-06
610                 	3.798413683255e-05	2.597220835672e-04	2.305523591163e-05	3.333518152925e-06
611                 	3.789086126509e-05	2.590713323410e-04	2.297236006950e-05	3.376284825305e-06
612                 	3.778768216563e-05	2.585732147644e-04	2.288836862628e-05	3.294088029857e-06
613                 	3.766863987647e-05	2.580571668778e-04	2.280407835358e-05	3.278420838130e-06
614                 	3.757534176183e-05	2.574014124414e-04	2.272167708318e-05	3.351664691701e-06
615                 	3.747230819259e-05	2.567210886100e-04	2.263834706234e-05	3.163321147525e-06
616                 	3.734784859124e-05	2.561213485848e-04	2.255602192447e-05	3.201918935383e-06
617                 	3.723665125199e-05	2.555132197508e-04	2.247538356338e-05	3.163017678306e-06
618                 	3.713372439408e-05	2.548263823120e-04	2.239654403342e-05	3.085239515718e-06
619                 	3.703942594691e-05	2.541098040463e-04	2.231793114880e-05	3.251411904935e-06
620                 	3.692898388142e-05	2.534974282296e-04	2.223712973225e-05	3.176612888428e-06
621                 	3.682874617079e-05	2.528263487823e-04	2.215836601440e-05	3.265400849622e-06
622                 	3.672188654019e-05	2.522981649833e-04	2.207909521894e-05	3.298042598907e-06
623                 	3.661244336872e-05	2.518314221854e-04	2.199882748643e-05	3.177806582429e-06
624                 	3.651906079642e-05	2.512003898801e-04	2.191984709639e-05	3.375323485607e-06
625                 	3.642313986914e-05	2.506999243781e-04	2.183834435820e-05	3.261566200038e-06
626                 	3.630078055243e-05	2.500686422855e-04	2.175978722173e-05	3.225655532406e-06
627                 	3.619482312779e-05	2.494429054794e-04	2.168305489058e-05	3.215822616476e-06
628                 	3.609967134944e-05	2.487407219176e-04	2.160846619065e-05	3.090540313155e-06
629                 	3.598982149981e-05	2.479798047143e-04	2.153489774164e-05	3.240640715673e-06
630                 	3.588136658475e-05	2.474028723457e-04	2.145812475265e-05	3.178417166552e-06
631                 	3.578641877020e-05	2.467864761829e-04	2.138293522334e-05	3.258964096321e-06
632                 	3.568822927492e-05	2.464725278753e-04	2.130401243414e-05	2.791597494896e-06
633                 	3.558729076902e-05	2.459000513253e-04	2.122840545820e-05	2.977701062989e-06
634                 	3.548957138287e-05	2.451828435270e-04	2.115363805015e-05	2.795014462963e-06
635                 	3.538485407455e-05	2.444825268793e-04	2.108031946604e-05	2.927594181969e-06
636                 	3.529064644066e-05	2.439234806766e-04	2.100671427960e-05	3.011180052958e-06
637                 	3.519841966108e-05	2.434598601744e-04	2.093210153323e-05	2.940376441536e-06
638                 	3.508340431341e-05	2.428616686555e-04	2.085846452813e-05	3.108404294154e-06
639                 	3.498487018890e-05	2.424200268123e-04	2.078199500857e-05	3.148603146561e-06
640                 	3.487384923952e-05	2.417752622345e-04	2.070922489265e-05	3.047033245478e-06
641                 	3.478364465322e-05	2.411227179413e-04	2.063819394333e-05	2.875558502042e-06
642                 	3.468254052676e-05	2.404707569360e-04	2.056796047227e-05	2.859608496072e-06
643                 	3.458007170275e-05	2.398774258235e-04	2.049684279484e-05	2.917793917182e-06
644                 	3.449534316805e-05	2.393023475884e-04	2.042468449006e-05	2.777508352658e-06
645                 	3.439302682805e-05	2.386749062699e-04	2.035436566181e-05	2.911453932249e-06
646                 	3.428922167175e-05	2.383841508452e-04	2.028087926207e-05	2.680342733447e-06
647                 	3.420829473787e-05	2.377113322040e-04	2.021191511610e-05	2.911553966616e-06
648                 	3.414588300643e-05	2.372046128420e-04	2.013958595999e-05	2.990680005443e-06
649                 	3.406870981999e-05	2.365904856126e-04	2.007013833814e-05	2.856491213772e-06
650                 	3.399475305288e-05	2.358985686625e-04	2.000277808964e-05	2.880762905640e-06
651                 	3.392455931592e-05	2.353545917587e-04	1.993351234730e-05	2.877318301442e-06
652                 	3.385316903853e-05	2.349559369946e-04	1.986265576332e-05	2.680371241719e-06
653                 	3.377520425662e-05	2.343232391506e-04	1.979557127406e-05	2.743481659001e-06
654                 	3.370760851375e-05	2.338027794500e-04	1.972599768929e-05	2.814542936576e-06
655                 	3.362589463196e-05	2.332408151660e-04	1.965824099509e-05	2.731075012294e-06
656                 	3.356160363528e-05	2.325911409303e-04	1.959215763089e-05	2.768944996411e-06
657                 	3.348990238154e-05	2.320636249570e-04	1.952475676711e-05	2.765746915310e-06
658                 	3.341313166994e-05	2.316277122545e-04	1.945599795987e-05	2.608530768616e-06
659                 	3.333238439493e-05	2.310093575483e-04	1.939067875641e-05	2.678907929240e-06
660                 	3.325728277278e-05	2.305036524736e-04	1.932306825502e-05	2.738119140819e-06
661                 	3.319604771587e-05	2.299398606747e-04	1.925751919036e-05	2.583199277664e-06
662                 	3.311275478407e-05	2.293406830058e-04	1.919263544529e-05	2.720820020929e-06
663                 	3.304208441633e-05	2.288003846846e-04	1.912668285745e-05	2.624396097432e-06
664                 	3.295704542603e-05	2.283452305104e-04	1.906027224863e-05	2.488393657543e-06
665                 	3.288115397620e-05	2.278240869738e-04	1.899560510525e-05	2.515396989169e-06
666                 	3.282557797386e-05	2.273065026055e-04	1.893158650489e-05	2.603702085448e-06
667                 	3.274628357577e-05	2.266247300561e-04	1.886891110136e-05	2.917630446888e-06
668                 	3.266013165444e-05	2.261094515899e-04	1.880423070629e-05	2.721222401521e-06
669                 	3.260027895580e-05	2.256707746642e-04	1.873883856812e-05	2.506516522509e-06
670                 	3.253469637236e-05	2.251516201240e-04	1.867548222366e-05	2.461430613571e-06
671                 	3.244842664032e-05	2.246464269082e-04	1.861283790722e-05	2.526822195652e-06
672                 	3.237168054995e-05	2.239819025863e-04	1.855164579281e-05	2.798533774642e-06
673                 	3.230260597699e-05	2.234821001080e-04	1.848829203426e-05	2.613132661358e-06
674                 	3.221443576363e-05	2.230569048299e-04	1.842458796509e-05	2.282006211158e-05
675                 	3.227645881496e-05	2.060335342259e-04	1.860780268088e-05	1.396251932013e-05
676                 	3.213382281074e-05	2.059836559769e-04	1.851602196112e-05	1.192902234647e-05
677                 	3.203284409758e-05	2.097434383145e-04	1.837964485477e-05	1.584771471581e-05
678                 	3.208302816872e-05	1.992991754705e-04	1.848080653924e-05	1.036732393924e-05
679                 	3.193135137136e-05	2.041682788711e-04	1.833577162730e-05	1.352030870052e-05
680                 	3.194409140672e-05	1.937837277692e-04	1.842459570060e-05	1.718152404300e-05
681                 	3.194928919770e-05	1.838457344585e-04	1.850457654776e-05	1.625147910009e-05
682                 	3.177416971955e-05	1.928260207532e-04	1.829354184434e-05	1.000009071577e-05
683                 	3.176861520782e-05	1.877611347951e-04	1.831389050031e-05	1.051691438533e-05
684                 	3.173695262559e-05	1.821192532650e-04	1.834614334450e-05	1.074554426822e-05
685                 	3.167758778136e-05	1.760806383755e-04	1.836906530937e-05	8.836260918785e-06
686                 	3.162616043562e-05	1.718008436889e-04	1.836614960536e-05	6.576115521029e-06
687                 	3.157393362911e-05	1.697952059610e-04	1.833440151347e-05	5.421836145311e-06
688                 	3.149433277416e-05	1.693158032725e-04	1.828595044066e-05	4.523842258705e-06
689                 	3.141935685589e-05	1.699627189022e-04	1.822832148980e-05	4.555651269183e-06
690                 	3.135594118048e-05	1.706474218449e-04	1.817206257479e-05	4.433492161595e-06
691                 	3.127269097132e-05	1.711170957642e-04	1.811931687581e-05	4.213376992450e-06
692                 	3.119395879170e-05	1.711346299398e-04	1.807253699786e-05	3.831275790464e-06
693                 	3.111609859025e-05	1.709230947626e-04	1.802844552854e-05	3.464899280562e-06
694                 	3.103832312315e-05	1.704558168772e-04	1.798753519320e-05	3.061704998580e-06
695                 	3.096421181511e-05	1.699745405316e-04	1.794608828759e-05	2.739794992659e-06
696                 	3.086677311073e-05	1.694454143463e-04	1.790516076376e-05	2.505153730110e-06
697                 	3.080194037624e-05	1.690179669960e-04	1.786279548121e-05	2.354673504358e-06
698                 	3.070020665369e-05	1.685568955674e-04	1.782087016409e-05	2.249437136360e-06
699                 	3.062665422607e-05	1.682380301284e-04	1.777657524425e-05	2.282390147393e-06
700                 	3.054647146318e-05	1.677339785479e-04	1.773515057372e-05	2.216922322013e-06
701                 	3.047146899930e-05	1.673110034274e-04	1.769325800026e-05	2.390077790742e-06
702                 	3.038910804549e-05	1.669312597378e-04	1.765059178236e-05	2.549324427096e-06
703                 	3.030658067637e-05	1.666414864411e-04	1.760578588276e-05	2.388494089994e-06
704                 	3.023020281312e-05	1.663370838583e-04	1.756092261447e-05	2.266367204088e-06
705                 	3.013488397571e-05	1.658723391188e-04	1.751772263490e-05	2.147376502702e-06
706                 	3.005179566742e-05	1.655054730124e-04	1.747445283539e-05	2.171348995205e-06
707                 	2.997287158461e-05	1.651711149047e-04	1.743103872405e-05	2.167395927123e-06
708                 	2.990011945532e-05	1.647907335506e-04	1.738819451220e-05	2.124151857886e-06
709                 	2.981506739882e-05	1.643819940077e-04	1.734552667132e-05	2.048244017488e-06
710                 	2.973612584942e-05	1.639921011999e-04	1.730338580997e-05	1.985898720019e-06
711                 	2.965354248441e-05	1.635936491612e-04	1.726100497143e-05	1.942079835121e-06
712                 	2.956625311104e-05	1.632422394410e-04	1.721942651589e-05	1.928841635133e-06
713                 	2.947189030457e-05	1.628540524687e-04	1.717731514384e-05	1.932652698374e-06
714                 	2.939480001869e-05	1.625266095803e-04	1.713615680363e-05	1.954178348893e-06
715                 	2.931455389805e-05	1.621525244085e-04	1.709433703805e-05	1.975415531263e-06
716                 	2.924939252856e-05	1.618356743421e-04	1.705346023987e-05	1.997488810231e-06
717                 	2.915528099587e-05	1.614651011359e-04	1.701205792028e-05	2.009490895960e-06
718                 	2.909103274832e-05	1.611499641025e-04	1.697167465312e-05	2.014118010054e-06
719                 	2.900817719314e-05	1.607710020911e-04	1.693067410305e-05	2.008243887129e-06
720                 	2.891654781440e-05	1.604624161775e-04	1.689076430330e-05	2.007266328529e-06
721                 	2.884786730964e-05	1.600802717897e-04	1.684999473554e-05	1.998657810390e-06
722                 	2.875803094854e-05	1.597814100010e-04	1.681034454396e-05	2.003967545165e-06
723                 	2.868158728819e-05	1.594064708629e-04	1.676973249353e-05	1.996975181653e-06
724                 	2.859499615141e-05	1.591117317906e-04	1.673021340150e-05	2.002423812159e-06
725                 	2.851010463695e-05	1.587433641723e-04	1.668979675186e-05	1.991781142284e-06
726                 	2.844991770578e-05	1.584500459616e-04	1.665045885047e-05	1.990644418371e-06
727                 	2.835059432382e-05	1.580811851793e-04	1.661028830178e-05	1.974596775223e-06
728                 	2.827478632611e-05	1.577907814019e-04	1.657123677244e-05	1.969792501074e-06
729                 	2.821998906732e-05	1.574211466058e-04	1.653132171718e-05	1.954414520392e-06
730                 	2.813048658831e-05	1.571354272033e-04	1.649255692535e-05	1.952714365753e-06
731                 	2.805026784443e-05	1.567700778746e-04	1.645289779388e-05	1.941900787412e-06
732                 	2.795752397056e-05	1.564882407519e-04	1.641437970146e-05	1.943566517278e-06
733                 	2.790376109866e-05	1.561295781183e-04	1.637500494052e-05	1.935073573346e-06
734                 	2.781928709257e-05	1.558500062732e-04	1.633674136291e-05	1.936596339979e-06
735                 	2.774826463860e-05	1.554959494130e-04	1.629767529355e-05	1.927397790901e-06
736                 	2.766838648702e-05	1.552183445228e-04	1.625970447033e-05	1.927740802555e-06
737                 	2.759103301272e-05	1.548671185956e-04	1.622095372190e-05	1.917644655489e-06
738                 	2.751240565529e-05	1.545920586128e-04	1.618328029120e-05	1.918442733016e-06
739                 	2.743483287824e-05	1.542445095227e-04	1.614482363294e-05	1.908712176411e-06
740                 	2.734946872081e-05	1.539720136852e-04	1.610741536389e-05	1.910646682666e-06
741                 	2.728474013346e-05	1.536292726188e-04	1.606923742634e-05	1.901227100125e-06
742                 	2.722293639814e-05	1.533586914988e-04	1.603207199459e-05	1.902882134986e-06
743                 	2.713778769700e-05	1.530204332307e-04	1.599417040461e-05	1.892568385581e-06
744                 	2.705074175362e-05	1.527512394699e-04	1.595724167542e-05	1.892689436186e-06
745                 	2.699503689362e-05	1.524164512026e-04	1.591960858048e-05	1.881150090266e-06
746                 	2.692174455524e-05	1.521485794423e-04	1.588291737867e-05	1.880129611732e-06
747                 	2.684548086020e-05	1.518170082468e-04	1.584554555139e-05	1.868181976936e-06
748                 	2.676912199485e-05	1.515506035494e-04	1.580908605457e-05	1.866972310073e-06
749                 	2.670053000603e-05	1.512226486028e-04	1.577196990370e-05	1.855486823102e-06
750                 	2.661591124276e-05	1.509576228536e-04	1.573573519418e-05	1.854501520838e-06
751                 	2.654935229395e-05	1.506335632713e-04	1.569887684458e-05	1.843563777596e-06
752                 	2.648399075886e-05	1.503697214715e-04	1.566286493305e-05	1.842603107026e-06
753                 	2.642396409508e-05	1.500494705839e-04	1.562626462588e-05	1.831991392004e-06
754                 	2.634973521596e-05	1.497866728184e-04	1.559047986370e-05	1.830943098959e-06
755                 	2.627042864686e-05	1.494699264740e-04	1.555413356335e-05	1.820622654115e-06
756                 	2.620676807057e-05	1.492081388956e-04	1.551857499170e-05	1.819658983334e-06
757                 	2.612273948310e-05	1.488949188698e-04	1.548248885810e-05	1.809801347070e-06
758                 	2.605285768053e-05	1.486341101379e-04	1.544715417640e-05	1.809036688620e-06
759                 	2.598455313080e-05	1.483246065882e-04	1.541132385628e-05	1.799646038259e-06
760                 	2.592207371618e-05	1.480647962101e-04	1.537621097192e-05	1.798912424184e-06
761                 	2.585042097656e-05	1.477589539420e-04	1.534063414195e-05	1.789786734803e-06
762                 	2.578082304024e-05	1.474999282473e-04	1.530573928292e-05	1.788855115279e-06
763                 	2.571750895210e-05	1.471975335110e-04	1.527041419095e-05	1.779826244705e-06
764                 	2.564251237158e-05	1.469392016884e-04	1.523573720797e-05	1.778596410703e-06
765                 	2.558065363812e-05	1.466401261121e-04	1.520066129186e-05	1.769675801412e-06
766                 	2.549601489260e-05	1.463824485695e-04	1.516619667417e-05	1.768216821484e-06
767                 	2.544036475850e-05	1.460866554155e-04	1.513136445874e-05	1.759522673121e-06
768                 	2.537113846148e-05	1.458296292329e-04	1.509710742325e-05	1.757898651634e-06
769                 	2.529694138133e-05	1.455371715490e-04	1.506251497434e-05	1.749475876004e-06
770                 	2.523200601566e-05	1.452807428854e-04	1.502846563749e-05	1.747665955301e-06
771                 	2.517421463183e-05	1.449914619733e-04	1.499411021584e-05	1.739516630975e-06
772                 	2.510024789657e-05	1.447355896004e-04	1.496026532057e-05	1.737504338263e-06
773                 	2.501557717818e-05	1.444494065703e-04	1.492614590706e-05	1.729636713472e-06
774                 	2.495258858143e-05	1.441940949494e-04	1.489250529431e-05	1.727433931885e-06
775                 	2.487790798385e-05	1.439108903360e-04	1.485861806576e-05	1.719886662122e-06
776                 	2.482240344665e-05	1.436561137601e-04	1.482517855494e-05	1.717593016017e-06
777                 	2.475417588459e-05	1.433758397453e-04	1.479152387698e-05	1.710421745906e-06
778                 	2.468589758234e-05	1.431216284563e-04	1.475828633677e-05	1.708058631800e-06
779                 	2.462166983969e-05	1.428442737042e-04	1.472485974887e-05	1.701233071244e-06
780                 	2.455406205248e-05	1.425906037120e-04	1.469182143883e-05	1.698794778413e-06
781                 	2.449226618366e-05	1.423159941283e-04	1.465861773863e-05	1.692262533680e-06
782                 	2.441150841305e-05	1.420628634218e-04	1.462577608556e-05	1.689726578377e-06
783                 	2.436968963469e-05	1.417909204439e-04	1.459279772966e-05	1.683444636851e-06
784                 	2.429347188065e-05	1.415383668155e-04	1.456015288295e-05	1.680799872621e-06
785                 	2.423213135648e-05	1.412691158712e-04	1.452739669907e-05	1.674751340084e-06
786                 	2.417084745715e-05	1.410172349344e-04	1.449494962928e-05	1.672012110888e-06
787                 	2.410405951639e-05	1.407505052422e-04	1.446241166843e-05	1.666190337585e-06
788                 	2.404575085385e-05	1.404992376501e-04	1.443015744153e-05	1.663351712341e-06
789                 	2.397948184952e-05	1.402349535370e-04	1.439783350149e-05	1.657738429325e-06
790                 	2.391219265413e-05	1.399843809425e-04	1.436577141071e-05	1.654785499140e-06
791                 	2.384680642357e-05	1.397224843513e-04	1.433365998656e-05	1.649356176452e-06
792                 	2.380408495400e-05	1.394726519557e-04	1.430178944451e-05	1.646294363173e-06
793                 	2.371859029489e-05	1.392129858584e-04	1.426988510854e-05	1.641047624511e-06
794                 	2.366015856039e-05	1.389638822279e-04	1.423820292804e-05	1.637898758544e-06
795                 	2.361018575907e-05	1.387062953506e-04	1.420650833019e-05	1.632825441035e-06
796                 	2.352960207941e-05	1.384579255890e-04	1.417501865242e-05	1.629600114247e-06
797                 	2.347916860576e-05	1.382023827907e-04	1.414353063570e-05	1.624711706680e-06
798                 	2.340729213231e-05	1.379548626906e-04	1.411223128318e-05	1.621396453685e-06
799                 	2.335520012206e-05	1.377013247970e-04	1.408094491547e-05	1.616626441027e-06
800                 	2.330559348009e-05	1.374547183993e-04	1.404983249760e-05	1.613196090065e-06
801                 	2.322692673853e-05	1.372030848087e-04	1.401874473891e-05	1.608551460404e-06
802                 	2.316071589782e-05	1.369573649324e-04	1.398781847112e-05	1.605068564861e-06
803                 	2.309182408745e-05	1.367075078265e-04	1.395692709964e-05	1.600560104854e-06
804                 	2.304018792185e-05	1.364627036154e-04	1.392618702380e-05	1.597048624559e-06
805                 	2.298834010753e-05	1.362144981092e-04	1.389548833327e-05	1.592679446127e-06
806                 	2.291684265273e-05	1.359706444708e-04	1.386493256836e-05	1.589157797929e-06
807                 	2.286232589716e-05	1.357240705910e-04	1.383442877791e-05	1.584920768921e-06
808                 	2.280720713058e-05	1.354811947403e-04	1.380405788710e-05	1.581393279343e-06
809                 	2.274714842236e-05	1.352362017390e-04	1.377374586075e-05	1.577265327713e-06
810                 	2.268983143962e-05	1.349943747494e-04	1.374355872814e-05	1.573720897032e-06
811                 	2.263974289645e-05	1.347509005364e-04	1.371343600420e-05	1.569673527622e-06
812                 	2.256935963014e-05	1.345100818167e-04	1.368343157510e-05	1.566104541530e-06
813                 	2.251562097236e-05	1.342680364519e-04	1.365349579238e-05	1.562116154490e-06
814                 	2.245592245321e-05	1.340282784217e-04	1.362367283927e-05	1.558508638421e-06
815                 	2.241776740682e-05	1.337876302783e-04	1.359392135117e-05	1.554575093934e-06
816                 	2.234050388477e-05	1.335489303060e-04	1.356427462190e-05	1.550977707160e-06
817                 	2.227522469346e-05	1.333096487211e-04	1.353470514035e-05	1.547129325665e-06
818                 	2.222926557475e-05	1.330720527615e-04	1.350523934740e-05	1.543540010433e-06
819                 	2.215393319104e-05	1.328341327122e-04	1.347585114849e-05	1.539736366240e-06
820                 	2.210261791429e-05	1.325976508971e-04	1.344656350109e-05	1.536141283523e-06
821                 	2.202439899395e-05	1.323610160841e-04	1.341735595044e-05	1.532379598764e-06
822                 	2.199283431098e-05	1.321256258347e-04	1.338824731374e-05	1.528786869499e-06
823                 	2.191927789668e-05	1.318902546600e-04	1.335921889802e-05	1.525068748037e-06
824                 	2.188727186401e-05	1.316559838360e-04	1.333028567391e-05	1.521487353450e-06
825                 	2.182624413451e-05	1.314218419521e-04	1.330143354554e-05	1.517810928851e-06
826                 	2.176702557632e-05	1.311886674527e-04	1.327267223916e-05	1.514244206918e-06
827                 	2.171522143036e-05	1.309557355347e-04	1.324399231591e-05	1.510606852105e-06
828                 	2.165621224510e-05	1.307236735063e-04	1.321540372056e-05	1.507052862533e-06
829                 	2.160324384721e-05	1.304918821208e-04	1.318689744931e-05	1.503441542971e-06
830                 	2.153498357270e-05	1.302609038275e-04	1.315848098711e-05	1.499894095015e-06
831                 	2.148542703427e-05	1.300302706695e-04	1.313014730327e-05	1.496304997497e-06
832                 	2.143363215169e-05	1.298003807080e-04	1.310190182383e-05	1.492767968267e-06
833                 	2.138209021938e-05	1.295708813008e-04	1.307373866491e-05	1.489205560015e-06
834                 	2.131046857672e-05	1.293420583577e-04	1.304566133695e-05	1.485690246290e-06
835                 	2.126640343491e-05	1.291136420652e-04	1.301766708313e-05	1.482163382340e-06
836                 	2.120257759207e-05	1.288858526694e-04	1.298975757624e-05	1.478668956826e-06
837                 	2.114781821245e-05	1.286585465104e-04	1.296192995137e-05	1.475171535467e-06
838                 	2.111090200065e-05	1.284318479611e-04	1.293418844516e-05	1.471710844860e-06
839                 	2.105334386010e-05	1.282056038589e-04	1.290652931774e-05	1.468245726831e-06
840                 	2.099404447372e-05	1.279799561996e-04	1.287895339895e-05	1.464804256541e-06
841                 	2.092139631361e-05	1.277547904118e-04	1.285145851528e-05	1.461359190872e-06
842                 	2.088086412462e-05	1.275302062070e-04	1.282404552945e-05	1.457931885924e-06
843                 	2.083022581853e-05	1.273061221053e-04	1.279671376925e-05	1.454506986287e-06
844                 	2.078540665985e-05	1.270825893522e-04	1.276946384011e-05	1.451100901808e-06
845                 	2.072145275323e-05	1.268595346505e-04	1.274229383976e-05	1.447699748990e-06
846                 	2.066839133058e-05	1.266370036626e-04	1.271520192273e-05	1.444317221866e-06
847                 	2.062735301326e-05	1.264149565239e-04	1.268819291572e-05	1.440941526999e-06
848                 	2.056178946097e-05	1.261934453451e-04	1.266126388366e-05	1.437578285641e-06
849                 	2.051354873647e-05	1.259724193104e-04	1.263441424692e-05	1.434218432925e-06
850                 	2.047153004959e-05	1.257519132921e-04	1.260764437406e-05	1.430869549188e-06
851                 	2.040896600211e-05	1.255319072215e-04	1.258095398600e-05	1.427527390803e-06
852                 	2.034550085778e-05	1.253124278576e-04	1.255434248814e-05	1.424196459112e-06
853                 	2.030850989186e-05	1.250934416022e-04	1.252780900570e-05	1.420876720147e-06
854                 	2.025366781715e-05	1.248749814151e-04	1.250135273257e-05	1.417574262717e-06
855                 	2.019361463177e-05	1.246570256637e-04	1.247497375940e-05	1.414283828417e-06
856                 	2.016022343351e-05	1.244395781170e-04	1.244867482294e-05	1.411003623220e-06
857                 	2.008789821334e-05	1.242226198217e-04	1.242245286123e-05	1.407723484603e-06
858                 	2.004003319789e-05	1.240061505814e-04	1.239630714863e-05	1.404452343081e-06
859                 	1.999561124594e-05	1.237901557185e-04	1.237023780984e-05	1.401197903867e-06
860                 	1.996732319301e-05	1.235746304702e-04	1.234424486477e-05	1.397961350222e-06
861                 	1.989373562166e-05	1.233595932592e-04	1.231832755220e-05	1.394739131217e-06
862                 	1.985128085992e-05	1.231450520168e-04	1.229248614843e-05	1.391531018073e-06
863                 	1.978777448072e-05	1.229309959097e-04	1.226671965804e-05	1.388330866289e-06
864                 	1.974313815958e-05	1.227174188556e-04	1.224102979271e-05	1.385146249336e-06
865                 	1.970015024989e-05	1.225043158328e-04	1.221541468435e-05	1.381972423489e-06
866                 	1.966181738357e-05	1.222916759498e-04	1.218987436202e-05	1.378805872654e-06
867                 	1.961283946876e-05	1.220794983198e-04	1.216440863560e-05	1.375645247865e-06
868                 	1.954824649939e-05	1.218678119536e-04	1.213901821863e-05	1.372493984250e-06
869                 	1.949335853890e-05	1.216565910270e-04	1.211370170570e-05	1.369352282326e-06
870                 	1.946218008630e-05	1.214458310280e-04	1.208845928157e-05	1.366222568892e-06
871                 	1.940565409168e-05	1.212355185085e-04	1.206328851567e-05	1.363105004131e-06
872                 	1.934566508509e-05	1.210256799348e-04	1.203819234799e-05	1.360001106403e-06
873                 	1.930031726604e-05	1.208163152246e-04	1.201316856728e-05	1.356908927864e-06
874                 	1.925227302482e-05	1.206074206455e-04	1.198821727120e-05	1.353825430496e-06
875                 	1.919493755533e-05	1.203989923147e-04	1.196333800808e-05	1.350751888199e-06
876                 	1.914661370191e-05	1.201910056829e-04	1.193853076128e-05	1.347687369005e-06
877                 	1.910267664160e-05	1.199834658143e-04	1.191379559482e-05	1.344633665824e-06
878                 	1.905479880190e-05	1.197763745679e-04	1.188913184744e-05	1.341589822076e-06
879                 	1.901731626891e-05	1.195697472002e-04	1.186453852474e-05	1.338557736665e-06
880                 	1.896518754183e-05	1.193635688099e-04	1.184001743170e-05	1.335538568482e-06
881                 	1.892972469916e-05	1.191578296397e-04	1.181556724040e-05	1.332529308838e-06
882                 	1.888650126657e-05	1.189525448253e-04	1.179118796331e-05	1.329530989219e-06
883                 	1.883684868572e-05	1.187477034080e-04	1.176687906787e-05	1.326544121092e-06
884                 	1.879166918899e-05	1.185433059184e-04	1.174263970391e-05	1.323564537261e-06
885                 	1.872717251604e-05	1.183393564781e-04	1.171847007504e-05	1.320592794782e-06
886                 	1.871473911176e-05	1.181358718286e-04	1.169436935074e-05	1.317629352955e-06
887                 	1.869264812678e-05	1.179328471206e-04	1.167033910499e-05	1.314675472778e-06
888                 	1.867072191721e-05	1.177302585068e-04	1.164637794959e-05	1.311733074518e-06
889                 	1.865019164832e-05	1.175280939408e-04	1.162248542542e-05	1.308802883195e-06
890                 	1.861644131214e-05	1.173263541357e-04	1.159866123963e-05	1.305883707207e-06
891                 	1.860695832866e-05	1.171250636435e-04	1.157490580448e-05	1.302976216051e-06
892                 	1.857164881151e-05	1.169242050746e-04	1.155121731407e-05	1.300077737961e-06
893                 	1.853594680222e-05	1.167237920092e-04	1.152759804529e-05	1.297190162952e-06
894                 	1.850485715522e-05	1.165237909115e-04	1.150404678301e-05	1.294312207633e-06
895                 	1.847634945019e-05	1.163242024006e-04	1.148056238411e-05	1.291443037668e-06
896                 	1.847730826274e-05	1.161250482011e-04	1.145714467822e-05	1.288581019920e-06
897                 	1.845041725173e-05	1.159263348452e-04	1.143379350081e-05	1.285726437304e-06
898                 	1.841953689624e-05	1.157280461430e-04	1.141050812032e-05	1.282878478406e-06
899                 	1.837952331173e-05	1.155301907227e-04	1.138728965496e-05	1.280039852099e-06
900                 	1.835246234491e-05	1.153327623724e-04	1.136413781413e-05	1.277204560310e-06
901                 	1.833330961080e-05	1.151357504541e-04	1.134105072483e-05	1.274369872725e-06
902                 	1.831515353125e-05	1.149391522062e-04	1.131802962800e-05	1.271548841879e-06
903                 	1.828090485640e-05	1.147429761774e-04	1.129507362932e-05	1.268727158156e-06
904                 	1.825407990436e-05	1.145472016661e-04	1.127218122928e-05	1.265910940040e-06
905                 	1.821553663290e-05	1.143518175069e-04	1.124935330679e-05	1.263114938190e-06
906                 	1.819670779906e-05	1.141568309672e-04	1.122659278674e-05	1.260340090878e-06
907                 	1.818549841145e-05	1.139622647534e-04	1.120389595542e-05	1.257585618083e-06
908                 	1.814447953219e-05	1.137681162118e-04	1.118126277458e-05	1.254849925399e-06
909                 	1.810682285136e-05	1.135743744625e-04	1.115869316575e-05	1.252135033261e-06
910                 	1.808825204379e-05	1.133810461812e-04	1.113618559140e-05	1.249430294692e-06
911                 	1.806486529906e-05	1.131881185165e-04	1.111374360619e-05	1.246734975272e-06
912                 	1.803892578319e-05	1.129955780008e-04	1.109136506304e-05	1.244040776706e-06
913                 	1.803754929292e-05	1.128034426816e-04	1.106904934911e-05	1.241347510400e-06
914                 	1.800108712321e-05	1.126117234891e-04	1.104679665173e-05	1.238655020930e-06
915                 	1.796623375007e-05	1.124204079184e-04	1.102460515798e-05	1.235959034361e-06
916                 	1.793904197624e-05	1.122294893185e-04	1.100247671601e-05	1.233273965870e-06
917                 	1.792026265918e-05	1.120389799464e-04	1.098041016310e-05	1.230598754371e-06
918                 	1.788917129894e-05	1.118488767205e-04	1.095840636492e-05	1.227939135272e-06
919                 	1.787004408214e-05	1.116590346683e-04	1.093647004722e-05	1.225128955759e-06
920                 	1.783617045746e-05	1.114697985372e-04	1.091458223639e-05	1.222620810217e-06
921                 	1.781461920937e-05	1.112810527950e-04	1.089277076382e-05	1.219973854533e-06
922                 	1.778339160943e-05	1.110923288555e-04	1.087101000730e-05	1.217247536928e-06
923                 	1.776138793899e-05	1.109044889421e-04	1.084931377548e-05	1.214707799115e-06
924                 	1.774554938927e-05	1.107167890977e-04	1.082767475174e-05	1.212054718157e-06
925                 	1.771110218609e-05	1.105295861170e-04	1.080609691960e-05	1.209421978642e-06
926                 	1.767926374170e-05	1.103426371174e-04	1.078457931903e-05	1.206753299375e-06
927                 	1.766322862669e-05	1.101561207314e-04	1.076312207789e-05	1.204120239957e-06
928                 	1.762364476117e-05	1.099699347618e-04	1.074172336874e-05	1.201505762400e-06
929                 	1.761345023237e-05	1.097841646232e-04	1.072038390896e-05	1.198931750162e-06
930                 	1.757306934703e-05	1.095987994621e-04	1.069910444752e-05	1.196390008951e-06
931                 	1.756589783842e-05	1.094138595062e-04	1.067788483183e-05	1.193875726060e-06
932                 	1.753649494702e-05	1.092292931681e-04	1.065672365372e-05	1.191366503140e-06
933                 	1.750342727817e-05	1.090451028628e-04	1.063561964152e-05	1.188851339837e-06
934                 	1.747519758926e-05	1.088612778959e-04	1.061457512142e-05	1.186326430013e-06
935                 	1.745410797545e-05	1.086778296687e-04	1.059359026149e-05	1.183796910849e-06
936                 	1.741651255357e-05	1.084947460005e-04	1.057266355890e-05	1.181268746682e-06
937                 	1.740019522553e-05	1.083120261071e-04	1.055179364860e-05	1.178749974655e-06
938                 	1.736184432444e-05	1.081296735282e-04	1.053098221502e-05	1.176249987328e-06
939                 	1.734128994348e-05	1.079477043977e-04	1.051022823356e-05	1.173772432993e-06
940                 	1.732471382022e-05	1.077616832858e-04	1.048956376592e-05	1.174847866680e-06
941                 	1.729372669502e-05	1.075840719766e-04	1.046887737128e-05	1.174015021335e-06
942                 	1.727434434977e-05	1.074063097958e-04	1.044829113001e-05	1.171340212996e-06
943                 	1.724860424608e-05	1.072274884232e-04	1.042774489213e-05	1.166073657407e-06
944                 	1.722656949445e-05	1.070465088930e-04	1.040728427534e-05	1.160881625211e-06
945                 	1.719588468882e-05	1.068650058900e-04	1.038688406482e-05	1.156134713279e-06
946                 	1.717342145487e-05	1.066834811976e-04	1.036655010420e-05	1.152448247351e-06
947                 	1.713516061938e-05	1.064987523195e-04	1.034628871663e-05	1.155512352416e-06
948                 	1.712028712267e-05	1.063237522812e-04	1.032599981037e-05	1.156311564038e-06
949                 	1.709238859274e-05	1.061497914700e-04	1.030578550430e-05	1.154306299375e-06
950                 	1.705378468521e-05	1.059726610672e-04	1.028562401097e-05	1.151086245852e-06
951                 	1.704422541030e-05	1.057966343096e-04	1.026553601376e-05	1.146906301867e-06
952                 	1.701674675239e-05	1.056175314762e-04	1.024552498627e-05	1.142534066200e-06
953                 	1.698612421749e-05	1.054419833899e-04	1.022555694115e-05	1.139332985957e-06
954                 	1.697150311716e-05	1.052602026379e-04	1.020568064472e-05	1.139480875614e-06
955                 	1.693459867686e-05	1.050858807717e-04	1.018579817353e-05	1.136349803688e-06
956                 	1.692572560018e-05	1.049109522769e-04	1.016598830620e-05	1.133429186979e-06
957                 	1.689225989145e-05	1.047360049901e-04	1.014621649402e-05	1.131266779459e-06
958                 	1.686972437092e-05	1.045621626378e-04	1.012651361513e-05	1.129560480412e-06
959                 	1.685475432125e-05	1.043869083209e-04	1.010687070685e-05	1.126884608090e-06
960                 	1.680656086145e-05	1.042134909036e-04	1.008727485431e-05	1.124429247703e-06
961                 	1.677021262608e-05	1.040384518197e-04	1.006772723493e-05	1.120392284773e-06
962                 	1.676748536256e-05	1.038640261547e-04	1.004823061987e-05	1.118409181402e-06
963                 	1.673720386035e-05	1.036911016745e-04	1.002879740813e-05	1.117022139522e-06
964                 	1.671016903718e-05	1.035180996151e-04	1.000941038054e-05	1.115348735073e-06
965                 	1.669728983688e-05	1.033457393023e-04	9.990075119197e-06	2.684406174322e-05
966                 	1.667020405495e-05	8.333626107000e-05	1.025359907579e-05	1.731375968579e-05
