1	0
2	0
3	0
4	0
5	0
6	0
7	0
8	1
9	1
10	1
11	1
12	1
13	1
14	1
15	1
16	1
17	1
18	1
19	1
20	1
21	2
22	2
23	2
24	2
25	2
26	2
27	2
28	2
29	2
30	2
31	2
32	2
33	2
34	2
35	3
36	3
37	3
38	3
39	3
40	3
41	3
42	3
43	3
44	3
45	3
46	3
47	3
48	4
49	4
50	4
51	4
52	4
53	4
54	4
55	4
56	4
57	4
58	4
59	4
60	4
61	4
62	5
63	5
64	5
65	5
66	5
67	5
68	5
69	5
70	5
71	5
72	5
73	5
74	5
75	5
76	6
77	6
78	6
79	6
80	6
81	6
82	6
83	6
84	6
85	6
86	6
87	6
88	6
89	7
90	7
91	7
92	7
93	7
94	7
95	7
96	7
97	7
98	7
99	7
100	7
101	7
102	7
103	8
104	8
105	8
106	8
107	8
108	8
109	8
110	8
111	8
112	8
113	8
114	8
115	8
116	8
117	9
118	9
119	9
120	9
121	9
122	9
123	9
124	9
125	9
126	9
127	9
128	9
129	9
130	10
131	10
132	10
133	10
134	10
135	10
136	10
137	10
138	10
139	10
140	10
141	10
142	10
143	10
144	11
145	11
146	11
147	11
148	11
149	11
150	11
151	11
152	11
153	11
154	11
155	11
156	11
157	11
158	12
159	12
160	12
161	12
162	12
163	12
164	12
165	12
166	12
167	12
168	12
169	12
170	12
171	12
172	13
173	13
174	13
175	13
176	13
177	13
178	13
179	13
180	13
181	13
182	13
183	13
184	13
185	13
186	14
187	14
188	14
189	14
190	14
191	14
192	14
193	14
194	14
195	14
196	14
197	14
198	14
199	15
200	15
201	15
202	15
203	15
204	15
205	15
206	15
207	15
208	15
209	15
210	15
211	15
212	16
213	16
214	16
215	16
216	16
217	16
218	16
219	16
220	16
221	16
222	16
223	16
224	16
225	17
226	17
227	17
228	17
229	17
230	17
231	17
232	17
233	17
234	17
235	17
236	17
237	17
238	17
239	18
240	18
241	18
242	18
243	18
244	18
245	18
246	18
247	18
248	18
249	18
250	18
251	18
252	19
253	19
254	19
255	19
256	19
257	19
258	19
259	19
260	19
261	19
262	19
263	19
264	19
265	19
266	20
267	20
268	20
269	20
270	20
271	20
272	20
273	20
274	20
275	20
276	20
277	20
278	21
279	21
280	21
281	21
282	21
283	21
284	21
285	21
286	21
287	21
288	21
289	21
290	21
291	22
292	22
293	22
294	22
295	22
296	22
297	22
298	22
299	22
300	22
301	22
302	22
303	22
304	23
305	23
306	23
307	23
308	23
309	23
310	23
311	23
312	23
313	23
314	23
315	23
316	23
317	23
318	24
319	24
320	24
321	24
322	24
323	24
324	24
325	24
326	24
327	24
328	24
329	24
330	24
331	25
332	25
333	25
334	25
335	25
336	25
337	25
338	25
339	25
340	25
341	25
342	25
343	25
344	26
345	26
346	26
347	26
348	26
349	26
350	26
351	26
352	26
353	26
354	26
355	26
356	26
357	27
358	27
359	27
360	27
361	27
362	27
363	27
364	27
365	27
366	27
367	27
368	27
369	27
370	27
371	28
372	28
373	28
374	28
375	28
376	28
377	28
378	28
379	28
380	28
381	28
382	28
383	28
384	29
385	29
386	29
387	29
388	29
389	29
390	29
391	29
392	29
393	29
394	29
395	29
396	29
397	30
398	30
399	30
400	30
401	30
402	30
403	30
404	30
405	30
406	30
407	30
408	30
409	30
410	30
411	31
412	31
413	31
414	31
415	31
416	31
417	31
418	31
419	31
420	31
421	31
422	31
423	31
424	32
425	32
426	32
427	32
428	32
429	32
430	32
431	32
432	32
433	32
434	32
435	32
436	32
437	33
438	33
439	33
440	33
441	33
442	33
443	33
444	33
445	33
446	33
447	33
448	33
449	33
450	34
451	34
452	34
453	34
454	34
455	34
456	34
457	34
458	34
459	34
460	34
461	34
462	34
463	34
464	35
465	35
466	35
467	35
468	35
469	35
470	35
471	35
472	35
473	35
474	35
475	35
476	35
477	36
478	36
479	36
480	36
481	36
482	36
483	36
484	36
485	36
486	36
487	36
488	36
489	36
490	37
491	37
492	37
493	37
494	37
495	37
496	37
497	37
498	37
499	37
500	37
501	38
502	38
503	38
504	38
505	38
506	38
507	38
508	38
509	38
510	38
511	38
512	38
513	38
514	39
515	39
516	39
517	39
518	39
519	39
520	39
521	39
522	39
523	39
524	39
525	39
526	39
527	39
528	40
529	40
530	40
531	40
532	40
533	40
534	40
535	40
536	40
537	40
538	40
539	40
540	40
541	41
542	41
543	41
544	41
545	41
546	41
547	41
548	41
549	41
550	41
551	41
552	41
553	41
554	41
555	42
556	42
