1	0.0146486186115
2	2.27438429529
3	2.31708905867
4	3.68045938584
5	3.33297801359
6	1.05555811993
7	1.35745010245
8	1.11741082629
9	0.792985054984
10	0.614146426238
11	0.387637613868
12	0.325157953108
13	0.278887477952
14	0.206102653547
15	0.110051885144
16	0.089331428233
17	0.069114952538
18	0.061304234116
19	0.0517571657947
20	0.0399288502773
21	0.0346930693097
22	0.0269016210036
23	0.020403904237
24	0.0183610002508
25	0.0130354280904
26	0.0119518136022
27	0.00892962445423
28	0.00907518340695
29	0.0058596429931
30	0.00590386001624
31	0.00604464796256
32	0.00376871763406
33	0.0037285673326
34	0.00366649702763
35	0.0027705745368
36	0.00272997474026
37	0.00258261380279
38	0.00214188395174
39	0.00178437422889
40	0.00166004282116
41	0.00174875791395
42	0.00141305478141
43	0.00127378788631
44	0.000730510942235
45	0.000579140668255
46	0.000667339652291
47	0.000684106319761
48	0.000609452692828
49	0.000485285616807
50	0.000275812046058
51	0.000261713775791
52	0.000338795505931
53	0.000340785347688
54	0.000268685276785
55	0.000228284074438
56	0.000371713255327
57	0.000179407002661
58	0.00019708716879
59	0.000193327033368
60	0.000174379144874
61	0.000151363025894
62	0.000137118138855
63	0.000136890200467
64	0.000139243868241
65	0.00013488281638
66	0.000125447886101
67	0.000115744381765
68	0.000110737885587
69	0.000110907861862
70	0.000112892576133
71	0.000115489681944
72	0.000111830738359
73	0.000105066299784
74	9.9661484685e-05
75	9.43805693991e-05
76	9.04269158749e-05
77	8.7473020094e-05
78	8.53471064851e-05
79	8.49206125493e-05
80	8.66113973771e-05
81	9.05956898713e-05
82	9.47963982933e-05
83	8.9838767895e-05
84	7.95561797964e-05
85	7.65020710502e-05
86	7.36791504186e-05
87	7.21728559838e-05
88	7.34794304206e-05
89	7.63379621473e-05
90	3.28479913056e-05
91	7.8214785084e-05
92	6.88344939971e-05
93	6.617403135e-05
94	6.53368743397e-05
95	6.51474467941e-05
96	6.58756120103e-05
97	3.23920776514e-05
98	6.19802562173e-05
99	5.63464722891e-05
100	5.6799711685e-05
101	2.84206241245e-05
102	2.64776449024e-05
103	2.76814578224e-05
104	2.61974990772e-05
105	2.78262484398e-05
106	2.56449128157e-05
107	2.29370894399e-05
108	2.22854756484e-05
109	2.46740305665e-05
110	2.32477114854e-05
111	2.26708357116e-05
112	2.27387962388e-05
113	2.33555706498e-05
114	2.24120696918e-05
115	2.2414460751e-05
116	2.26742276912e-05
117	2.17672007867e-05
118	2.20582188115e-05
119	2.16404762043e-05
120	2.1578290378e-05
121	2.11310847599e-05
122	2.06997126367e-05
123	2.04663836881e-05
124	1.99394813374e-05
125	2.00697303312e-05
126	1.98536247212e-05
127	1.95831300287e-05
128	1.93136834917e-05
129	1.90515408531e-05
130	1.88190675973e-05
131	1.86292981929e-05
132	1.84449634763e-05
133	1.6360333513e-05
134	1.68567493388e-05
135	1.53247246461e-05
136	1.65728762037e-05
137	1.43822128209e-05
138	1.42734049959e-05
139	1.36412580562e-05
140	1.29380336087e-05
141	1.25584226415e-05
142	1.23875357253e-05
143	1.22604392901e-05
144	1.21136808686e-05
145	1.19505279288e-05
146	1.17861880833e-05
147	1.162904334e-05
148	1.1484421069e-05
149	1.13512510795e-05
150	1.12271053606e-05
151	1.11103714089e-05
152	1.09986535708e-05
153	1.08907874894e-05
154	1.07864598841e-05
155	1.06850548738e-05
156	1.05870712086e-05
157	1.04927630278e-05
158	1.04019342191e-05
159	1.03140201395e-05
160	1.02277436968e-05
161	6.10285599996e-06
162	5.83397382954e-06
163	5.41861131154e-06
164	5.09494051979e-06
165	5.4679812318e-06
166	5.36423799034e-06
167	5.44535807747e-06
168	5.21020744043e-06
169	4.86373400992e-06
170	4.79607876974e-06
171	4.85999306846e-06
172	4.94830269525e-06
173	4.97306582798e-06
174	4.92504610028e-06
175	4.82395848922e-06
176	4.70769969428e-06
177	4.61682565683e-06
178	4.56026593075e-06
179	4.52405362442e-06
180	4.50354392388e-06
181	4.46253000807e-06
182	4.41259889295e-06
183	4.11564932056e-06
184	4.08826421451e-06
185	4.03297689144e-06
186	3.97590407406e-06
187	3.9298830957e-06
188	3.89472713478e-06
189	3.86219648742e-06
190	3.8341196028e-06
191	4.0305765141e-06
192	3.99012502147e-06
193	3.96396298372e-06
194	3.94203087498e-06
195	3.9181081184e-06
196	3.87898889271e-06
197	3.83306371679e-06
198	3.79442316233e-06
199	3.76418801099e-06
200	3.73979694033e-06
201	3.71853516125e-06
202	3.69496611332e-06
203	3.60166348251e-06
204	3.58826828174e-06
205	3.55283660606e-06
206	3.51791527282e-06
207	3.4877648199e-06
208	3.46164015476e-06
209	3.43759070542e-06
210	3.4183781953e-06
211	3.3938287145e-06
212	3.36551965875e-06
213	3.33534444803e-06
214	3.30337292835e-06
215	3.27126456855e-06
216	3.23921705605e-06
217	3.20793833153e-06
218	3.17766561527e-06
219	3.14382172345e-06
220	3.10316672962e-06
221	3.07261880494e-06
222	3.04423204565e-06
223	3.0200423988e-06
224	2.99828687936e-06
225	2.9766680656e-06
226	2.95391274661e-06
227	2.92994641509e-06
228	2.90529653169e-06
229	2.88053989538e-06
230	2.85607288383e-06
231	2.83198424766e-06
232	2.8082089949e-06
233	2.78169712196e-06
234	2.75307781314e-06
235	2.83505478137e-06
236	2.82229043367e-06
237	2.80336541252e-06
238	2.78322380941e-06
239	2.76306930849e-06
240	2.74239555249e-06
241	2.72101967083e-06
242	2.6993480953e-06
243	2.67789035365e-06
244	2.65699810509e-06
245	2.63664587943e-06
246	2.61668961767e-06
247	2.59592996586e-06
248	2.57469730001e-06
249	2.55362046816e-06
250	2.53318755265e-06
251	2.51366842188e-06
252	2.49491817842e-06
253	7.33184573015e-06
254	3.54414736518e-06
255	3.29060753225e-06
256	2.99363412742e-06
257	2.69318080026e-06
258	2.53097576359e-06
259	2.33921349645e-06
260	2.22702922893e-06
261	2.18433964052e-06
262	2.197863197e-06
263	2.22166566929e-06
264	2.23124408312e-06
265	2.22262733801e-06
266	2.20067586799e-06
267	2.17382313618e-06
268	2.14998535269e-06
269	2.13041266288e-06
270	2.11536350333e-06
271	2.10299456271e-06
272	2.09161131452e-06
273	2.07886112917e-06
274	2.0653248113e-06
275	2.05212540607e-06
276	2.03959740935e-06
277	2.02766393243e-06
278	2.01554774504e-06
279	2.00341678145e-06
280	1.99430022982e-06
281	1.97923130484e-06
282	1.96337547046e-06
283	1.9486386649e-06
284	1.93687358092e-06
285	1.9247126494e-06
286	1.91285094036e-06
287	1.90080888965e-06
288	1.88891131377e-06
289	1.87710581198e-06
290	1.86466526071e-06
291	1.85197380016e-06
292	1.83971651526e-06
293	1.82830181357e-06
294	1.81775628464e-06
295	1.80621917453e-06
296	1.7948960841e-06
297	1.78408506988e-06
298	1.77349629936e-06
299	1.76492596554e-06
300	1.75437255796e-06
301	1.7434935081e-06
302	1.73230726668e-06
303	1.72101703553e-06
304	1.71015838316e-06
305	1.70015677451e-06
306	1.6904733545e-06
307	1.68084819497e-06
308	1.67118454241e-06
309	1.67127140328e-06
310	1.66044373628e-06
311	1.64801165427e-06
312	1.63375416065e-06
313	1.61922583262e-06
314	1.6050153022e-06
315	1.59176664119e-06
316	1.5936476859e-06
317	1.58380294444e-06
318	1.57370066464e-06
319	1.56339793934e-06
320	1.55293907155e-06
321	1.54290923481e-06
322	1.53340727636e-06
323	1.52416025727e-06
324	1.51493287647e-06
325	1.5056516436e-06
326	1.49635532297e-06
327	1.4871229724e-06
328	1.47801260192e-06
329	1.46904754241e-06
330	1.46020884105e-06
331	1.451398993e-06
332	1.4423711345e-06
333	1.4337607196e-06
334	1.42538457904e-06
335	1.41712539161e-06
336	1.40915913241e-06
337	1.40154789931e-06
338	1.39418753445e-06
339	1.38665737291e-06
340	1.37866316001e-06
341	1.37042411652e-06
342	1.36198817788e-06
343	1.35345192271e-06
344	1.34476675662e-06
345	1.33601950451e-06
346	1.32906884381e-06
347	1.32184766466e-06
348	1.31357148363e-06
349	1.30603780418e-06
350	1.29868470456e-06
351	1.2914196155e-06
352	1.28395995481e-06
353	1.27592622788e-06
354	1.26839446433e-06
355	1.26099435753e-06
356	1.25415682255e-06
357	1.24818812461e-06
358	1.24197591405e-06
359	1.23506353342e-06
360	1.22721088738e-06
361	1.21943359516e-06
362	1.2120058967e-06
363	6.25086626458e-06
364	5.25429448947e-06
365	2.8002091e-06
366	2.07327324637e-06
367	1.5231002464e-06
368	1.3212877238e-06
369	1.22704699134e-06
370	1.14680057303e-06
371	1.0758669622e-06
372	1.03876348426e-06
373	1.04526064203e-06
374	1.07899530566e-06
375	1.09914734335e-06
376	1.0955878792e-06
377	1.07896693173e-06
378	1.05479799749e-06
379	1.03624136648e-06
380	1.02323058673e-06
381	1.01425805603e-06
382	1.00831052153e-06
383	1.00422204148e-06
384	1.00066371016e-06
385	9.96897405454e-07
386	9.92341196976e-07
387	9.87038586547e-07
388	9.81193046944e-07
389	9.75062991546e-07
390	9.68883926992e-07
391	9.62809203369e-07
392	9.56914983036e-07
393	9.51230116663e-07
394	9.45744389056e-07
395	9.40431340509e-07
396	9.35256507406e-07
397	9.30185066442e-07
398	9.25183738555e-07
399	9.20118638732e-07
400	9.15174667428e-07
401	9.10428280945e-07
402	9.05772241015e-07
403	9.01096674034e-07
404	8.96357922257e-07
405	8.91564363138e-07
406	8.86749911144e-07
407	8.81948065632e-07
408	8.77019119087e-07
409	8.72033813051e-07
410	8.67176552313e-07
411	8.62462758275e-07
412	8.57905939463e-07
413	8.53607069257e-07
414	8.49562635901e-07
415	8.45648517307e-07
416	8.41746482258e-07
417	8.37778626717e-07
418	8.33722607269e-07
419	8.30369697666e-07
420	8.26264307678e-07
421	8.21978323555e-07
422	8.17671364937e-07
423	8.13503071804e-07
424	8.09463549178e-07
425	8.05479090445e-07
426	8.01489003889e-07
427	7.97414186186e-07
428	7.93045426516e-07
429	7.88509416735e-07
430	7.83940232861e-07
431	7.79399489718e-07
432	7.74912494056e-07
433	7.70502375656e-07
434	7.66226880047e-07
435	7.61897776454e-07
436	7.57422628362e-07
437	7.52853870545e-07
438	7.48334724612e-07
439	7.43963556799e-07
440	7.39751725393e-07
441	7.36179469836e-07
442	7.32149960626e-07
443	7.28196903931e-07
444	7.24289195851e-07
445	7.20406774837e-07
446	7.16535329296e-07
447	6.46094657775e-07
448	6.41862816046e-07
449	6.38221251736e-07
450	6.35088248366e-07
451	6.3218836212e-07
452	6.29255119802e-07
453	6.26161988653e-07
454	6.22903510515e-07
455	6.19530860946e-07
456	6.16111342472e-07
457	2.04498999258e-06
458	9.94496829315e-07
459	7.37811622026e-07
460	1.17634477573e-06
461	9.909038031e-07
462	1.46010864428e-06
463	1.05328965931e-06
464	8.35767922131e-07
465	1.11111856277e-06
466	1.10175571759e-06
467	1.10141978681e-06
468	1.43870307464e-06
469	6.97319090432e-07
470	1.05113271609e-06
471	7.29152338137e-07
472	5.94221369229e-07
473	5.29808139841e-07
474	5.34443537877e-07
475	5.49378017007e-07
476	5.52294111488e-07
477	5.52738269791e-07
478	5.49338699953e-07
479	5.42042421385e-07
480	5.34418045301e-07
481	5.29047722516e-07
482	5.25308089689e-07
483	5.22733817891e-07
484	5.20801346655e-07
485	5.19015306914e-07
486	5.17046086236e-07
487	5.14744515136e-07
488	5.12151050975e-07
489	5.09382333735e-07
490	5.06563264602e-07
491	5.0379976587e-07
492	5.01144476314e-07
493	5.1696071898e-07
494	5.05014360628e-07
495	5.0440789622e-07
496	4.99928644758e-07
497	4.96958289874e-07
498	4.93880442792e-07
499	4.90897580634e-07
500	4.87734728694e-07
501	4.84373577301e-07
502	4.80838334864e-07
503	4.77209174208e-07
504	4.73546397745e-07
505	4.69889305489e-07
506	4.66248234842e-07
507	4.62623831425e-07
508	4.61701167173e-07
509	4.56844694937e-07
510	4.53548845228e-07
511	4.49773591579e-07
512	4.46280995172e-07
513	4.43051367167e-06
514	2.78027218177e-06
515	3.38964271787e-06
516	3.01535593933e-06
517	2.86529160064e-06
518	2.58528119414e-06
519	4.16664623293e-06
520	2.45865092598e-06
521	2.46515835783e-06
522	1.61436220295e-06
523	7.73954810569e-07
524	7.08247896653e-07
525	6.11356780376e-07
526	4.9674775594e-07
527	4.02638862862e-07
528	3.61054198707e-07
529	3.30899864641e-07
530	5.38964374139e-07
531	6.16240447019e-07
532	3.80601806464e-07
533	6.01893857425e-07
534	3.82530254297e-07
535	6.0474317757e-07
536	6.47305713419e-07
537	3.84127043337e-07
538	4.01470792027e-07
539	3.81834195507e-07
540	3.66679965215e-07
541	6.50953530474e-07
542	4.04843087739e-07
543	3.78739857568e-07
544	3.72292510732e-07
545	3.72155492821e-07
546	3.71893730262e-07
547	3.70960453389e-07
548	3.69700717983e-07
549	3.68769417297e-07
550	3.67919325464e-07
551	3.66921748425e-07
552	3.65855856572e-07
553	3.64688719215e-07
554	3.66465107537e-07
555	3.6437887862e-07
556	6.48300185561e-07
