1	-7.71368203483e-06
2	0.00615985928093
3	0.00404879734254
4	0.00979721627813
5	0.000797871203487
6	-0.00372358325352
7	-0.00455620361025
8	-0.00184517839624
9	9.9777713064e-05
10	0.00473832180279
11	0.0014253898514
12	0.000655952371873
13	-9.44079712386e-05
14	-0.000124649441405
15	0.000486992134474
16	-9.89282943874e-05
17	-2.0354231437e-06
18	7.05735541248e-06
19	3.22520296619e-06
20	-1.51821593583e-05
21	4.5895008765e-06
22	8.65367084561e-06
23	2.5208942437e-06
24	6.94166250107e-06
25	6.2265721556e-06
26	6.99319038819e-05
27	-7.89479211648e-06
28	3.25915536434e-07
29	-1.93424994322e-06
30	-3.4940548658e-06
31	-2.91535491287e-05
32	1.29548148308e-05
33	2.34159960476e-05
34	1.18408328674e-05
35	2.60589318679e-06
36	8.77360936364e-06
37	7.33799092853e-06
38	-2.02991262106e-06
39	-2.76697021732e-05
40	-2.54032592301e-06
41	-5.10445533403e-06
42	3.79943403626e-06
43	-2.0472138851e-05
44	-3.28889223786e-06
45	8.45586540351e-07
46	-3.30991569108e-06
47	2.31905762169e-06
48	3.36636898885e-06
49	3.39435104937e-06
50	2.40501849148e-06
51	7.00842747867e-07
52	1.78880404412e-06
53	1.19347648714e-06
54	1.61586931978e-08
55	-1.36316463563e-06
56	5.43797957572e-06
57	-1.05985474141e-06
58	-1.98808505086e-06
59	-2.86589931563e-06
60	-3.35309035196e-06
61	-3.49571070081e-06
62	-3.50894035879e-06
63	-3.32004047159e-06
64	-3.2541433667e-06
65	-3.29288524622e-06
66	-3.33524744923e-06
67	-3.37271370856e-06
68	-3.44079499436e-06
69	-3.56814539843e-06
70	-3.70919715768e-06
71	-3.78415312023e-06
72	-3.68222166505e-06
73	-3.36237066919e-06
74	-3.11830863612e-06
75	-3.00504756981e-06
76	-2.96121979695e-06
77	-2.92653489881e-06
78	-2.88442587046e-06
79	-2.85036694931e-06
80	-2.82207300625e-06
81	-2.77344359997e-06
82	-2.50290825589e-06
83	-2.29435183657e-06
84	-2.33440067084e-06
85	-2.22643863002e-06
86	-2.07586800025e-06
87	-1.99088485308e-06
88	-1.87994463873e-06
89	-1.74178376859e-06
90	8.34026819064e-07
91	-1.10217910133e-06
92	-1.38947165262e-06
93	-1.46956174385e-06
94	-1.41778671141e-06
95	-1.41398425514e-06
96	-1.35609819204e-06
97	8.60066633588e-07
98	-1.18254205863e-06
99	-1.19911962706e-06
100	-1.34830151547e-06
101	9.81034585546e-07
102	7.16082978165e-07
103	7.73050331788e-07
104	6.62104172322e-07
105	8.57374047063e-07
106	8.28308524593e-07
107	5.77627870999e-07
108	5.07871921566e-07
109	5.33481454575e-07
110	5.40556822297e-07
111	4.97040890063e-07
112	4.87422574791e-07
113	5.04647705036e-07
114	5.29786034618e-07
115	5.16981469948e-07
116	5.27813270485e-07
117	4.63895810218e-07
118	4.28071837292e-07
119	4.07424447697e-07
120	4.18725370427e-07
121	4.13768870688e-07
122	4.21151422349e-07
123	4.44203833165e-07
124	4.27483851977e-07
125	4.28797383524e-07
126	4.14949786368e-07
127	4.06901006984e-07
128	4.04373766145e-07
129	4.04343180147e-07
130	4.04961578816e-07
131	4.05589805293e-07
132	4.06080131011e-07
133	-1.93958257848e-07
134	4.2160182279e-07
135	-1.79727635711e-07
136	3.96972694528e-07
137	-1.20956449864e-07
138	-1.57362085006e-07
139	-1.43458707376e-07
140	-1.03965073124e-07
141	-7.37457885349e-08
142	-5.70035349337e-08
143	-4.89955210782e-08
144	-4.54311958987e-08
145	-4.38378567762e-08
146	-4.30801371242e-08
147	-4.27859933882e-08
148	-4.28503803556e-08
149	-4.31426777976e-08
150	-4.35286544873e-08
151	-4.39058290648e-08
152	-4.42031871709e-08
153	-4.44235507681e-08
154	-4.45827077798e-08
155	-4.47212336908e-08
156	-4.48702889489e-08
157	-4.50632567159e-08
158	-4.53098087508e-08
159	-4.56068824992e-08
160	-4.59351275904e-08
161	4.47329852352e-08
162	4.31017976183e-08
163	3.752976954e-08
164	3.88134517023e-08
165	8.49359124992e-08
166	8.03151412341e-08
167	8.28740756165e-08
168	6.13785854725e-08
169	4.20742174895e-08
170	4.11335461052e-08
171	4.8594990031e-08
172	5.70489517895e-08
173	6.05231746515e-08
174	5.97822013559e-08
175	5.66413467039e-08
176	5.29995962894e-08
177	5.05441709425e-08
178	4.95238938835e-08
179	4.91682494101e-08
180	4.8817988886e-08
181	4.79954581284e-08
182	4.69956087012e-08
183	2.72300235623e-08
184	3.02758468961e-08
185	2.9367137775e-08
186	2.7282139209e-08
187	2.58032360919e-08
188	2.52180263566e-08
189	2.49246074468e-08
190	2.51314574251e-08
191	4.26280474036e-08
192	3.97130619072e-08
193	3.95248624764e-08
194	4.04660620069e-08
195	4.12967056318e-08
196	3.92322902229e-08
197	3.73975182488e-08
198	3.65961310118e-08
199	3.63904731634e-08
200	3.65100080349e-08
201	3.66688554134e-08
202	3.67098436186e-08
203	3.78786912182e-08
204	3.70067368946e-08
205	3.63334775871e-08
206	3.55583605409e-08
207	3.49256992444e-08
208	3.4512558854e-08
209	3.42307639476e-08
210	3.40996600166e-08
211	3.37246390311e-08
212	3.32915083232e-08
213	3.26297997595e-08
214	3.20978813707e-08
215	3.12545170273e-08
216	3.070512208e-08
217	3.01628809597e-08
218	2.95508279255e-08
219	2.89328584983e-08
220	2.81487781733e-08
221	2.74551387618e-08
222	2.68080186881e-08
223	2.63365704118e-08
224	2.59893090468e-08
225	2.57015776206e-08
226	2.54208060357e-08
227	2.5118250103e-08
228	2.47879747808e-08
229	2.44387645237e-08
230	2.40850080454e-08
231	2.37399413703e-08
232	2.34119113781e-08
233	2.31320144771e-08
234	2.28519980096e-08
235	2.08912734924e-08
236	2.06213550347e-08
237	2.04337217504e-08
238	2.03084143693e-08
239	2.01983076647e-08
240	2.00669128281e-08
241	1.99033586097e-08
242	1.97162509906e-08
243	1.95195126721e-08
244	1.93231592115e-08
245	1.91313770716e-08
246	1.89444264728e-08
247	1.87808532608e-08
248	1.85864811313e-08
249	1.83810861665e-08
250	1.81895094729e-08
251	1.80205559632e-08
252	1.78699254582e-08
253	1.54107925869e-07
254	3.46987813543e-08
255	2.75676371364e-08
256	2.94470856974e-08
257	1.76294445856e-08
258	1.86501887589e-08
259	1.77653412745e-08
260	1.66996821638e-08
261	1.60925298065e-08
262	1.60941033033e-08
263	1.61558875407e-08
264	1.6134828995e-08
265	1.60445289894e-08
266	1.58957455164e-08
267	1.5718695355e-08
268	1.55633040516e-08
269	1.5437813807e-08
270	1.5342560038e-08
271	1.52662655226e-08
272	1.51982420066e-08
273	1.5138646311e-08
274	1.50728030015e-08
275	1.50033092665e-08
276	1.49351059292e-08
277	1.48719657737e-08
278	1.48270807003e-08
279	1.47765469732e-08
280	1.47362463706e-08
281	1.46783519285e-08
282	1.46104895013e-08
283	1.45390680237e-08
284	1.44751894124e-08
285	1.44065189757e-08
286	1.43379121068e-08
287	1.42663515337e-08
288	1.42000504406e-08
289	1.41361077613e-08
290	1.40782095555e-08
291	1.40213819705e-08
292	1.39578520976e-08
293	1.38901513448e-08
294	1.37989052157e-08
295	1.37287354475e-08
296	1.36659043582e-08
297	1.36027378286e-08
298	1.35392532933e-08
299	1.34781716067e-08
300	1.34175103511e-08
301	1.33567718548e-08
302	1.3296238529e-08
303	1.32431470086e-08
304	1.32013879468e-08
305	1.31584630616e-08
306	1.31109275291e-08
307	1.30549365203e-08
308	1.29877936367e-08
309	1.26088311133e-08
310	1.25616732287e-08
311	1.25691173854e-08
312	1.2638279751e-08
313	1.27276268672e-08
314	1.28205090082e-08
315	1.2852830174e-08
316	1.2487058622e-08
317	1.24385607722e-08
318	1.23799998713e-08
319	1.23142880682e-08
320	1.22482758686e-08
321	1.21911248438e-08
322	1.21452353464e-08
323	1.21053138784e-08
324	1.20633562834e-08
325	1.20137583266e-08
326	1.19551224656e-08
327	1.18890739475e-08
328	1.18181826129e-08
329	1.17445319768e-08
330	1.16693149768e-08
331	1.15863295249e-08
332	1.15046307605e-08
333	1.1436262122e-08
334	1.13733982253e-08
335	1.13044986421e-08
336	1.12173370544e-08
337	1.11157113018e-08
338	1.1007923166e-08
339	1.09122200099e-08
340	1.08399298983e-08
341	1.07788030907e-08
342	1.07205954906e-08
343	1.06611062209e-08
344	1.05900197579e-08
345	1.04982100951e-08
346	1.04060310033e-08
347	1.03254662923e-08
348	1.02556888286e-08
349	1.01886530986e-08
350	1.01224907201e-08
351	1.00312603431e-08
352	9.96206659762e-09
353	9.89668906299e-09
354	9.83496432302e-09
355	9.77331063366e-09
356	9.69372097036e-09
357	9.5960225008e-09
358	9.50628456405e-09
359	9.42460371506e-09
360	9.32868011357e-09
361	9.23415515579e-09
362	9.14615277821e-09
363	-1.54947629181e-08
364	-5.4548675238e-08
365	2.17609997383e-08
366	1.09505703036e-08
367	7.71068207149e-09
368	8.75176874694e-09
369	9.59220340292e-09
370	9.31497753469e-09
371	8.71202319654e-09
372	8.34232034143e-09
373	8.31771444523e-09
374	8.48128228387e-09
375	8.50534891319e-09
376	8.44877778426e-09
377	8.24136546881e-09
378	8.20806114407e-09
379	8.12761727448e-09
380	8.06135341376e-09
381	7.98857830841e-09
382	7.90178157366e-09
383	7.82904767278e-09
384	7.75464206784e-09
385	7.69695072853e-09
386	7.63993284203e-09
387	7.58581950082e-09
388	7.53099106114e-09
389	7.47416803077e-09
390	7.41572489736e-09
391	7.35648172169e-09
392	7.29710022998e-09
393	7.2379771e-09
394	7.17935134121e-09
395	7.12141747074e-09
396	7.06428615098e-09
397	7.00803887381e-09
398	6.95262354941e-09
399	6.89212332439e-09
400	6.82928873454e-09
401	6.76937086725e-09
402	6.71381378987e-09
403	6.66132997989e-09
404	6.60996195896e-09
405	6.5584539793e-09
406	6.50651418062e-09
407	6.45445346087e-09
408	6.3930330538e-09
409	6.32435884615e-09
410	6.25976185731e-09
411	6.20160799215e-09
412	6.15044555713e-09
413	6.10150972606e-09
414	6.05078090947e-09
415	5.99877230697e-09
416	5.94711987219e-09
417	5.89707428024e-09
418	5.84918113259e-09
419	5.81133272058e-09
420	5.76762794151e-09
421	5.72219056388e-09
422	5.6774399854e-09
423	5.63516603708e-09
424	5.59470226685e-09
425	5.55504108542e-09
426	5.51547981704e-09
427	5.47659332684e-09
428	5.44278660032e-09
429	5.41174344123e-09
430	5.3802082061e-09
431	5.34716353798e-09
432	5.31145261093e-09
433	5.27183444474e-09
434	5.23422726132e-09
435	5.19861877849e-09
436	5.16295338575e-09
437	5.12675705371e-09
438	5.08917650584e-09
439	5.04989148451e-09
440	5.00984420118e-09
441	4.94025094782e-09
442	4.90452380802e-09
443	4.8705318232e-09
444	4.83837692379e-09
445	4.80803646382e-09
446	4.77942190848e-09
447	3.05465977241e-09
448	2.98144883754e-09
449	2.936629676e-09
450	2.90821672514e-09
451	2.88934730212e-09
452	2.8736972139e-09
453	2.85775231686e-09
454	2.84022737444e-09
455	2.82108649192e-09
456	2.80094240753e-09
457	1.25393316125e-08
458	6.21620639498e-09
459	4.76739804284e-09
460	3.71984494188e-09
461	7.36699118024e-09
462	6.96935104113e-09
463	7.51937190846e-09
464	2.67118452122e-09
465	4.43886295437e-09
466	3.73617177126e-09
467	5.29140013441e-09
468	1.26730546857e-08
469	2.25773463379e-09
470	4.76419926947e-09
471	4.20035723326e-09
472	2.69989692179e-09
473	3.07661462153e-09
474	2.63535242896e-09
475	2.52269739009e-09
476	2.88125619936e-09
477	2.8467583037e-09
478	2.6348453042e-09
479	2.49610904968e-09
480	2.43595702329e-09
481	2.42189318874e-09
482	2.42777715196e-09
483	2.43865298444e-09
484	2.44569226567e-09
485	2.44723842222e-09
486	2.44314894748e-09
487	2.43746547786e-09
488	2.42995642648e-09
489	2.42269526238e-09
490	2.41803737478e-09
491	2.41542872248e-09
492	2.41359969948e-09
493	2.53943676901e-09
494	2.46839665053e-09
495	2.49087036605e-09
496	2.48259853177e-09
497	2.49034852389e-09
498	2.49605659384e-09
499	2.50008571493e-09
500	2.50023779019e-09
501	2.49699046975e-09
502	2.4910503858e-09
503	2.48337282744e-09
504	2.47471897637e-09
505	2.46564113098e-09
506	2.45641935397e-09
507	2.44708107041e-09
508	2.46175655204e-09
509	2.43878904896e-09
510	2.42797716571e-09
511	2.40632366789e-09
512	2.38892442751e-09
513	-1.72121282619e-08
514	8.38790053214e-09
515	-1.17752629821e-08
516	8.57907677879e-09
517	8.92387667445e-10
518	-8.96394112612e-09
519	1.15131679596e-08
520	1.98435791745e-08
521	1.23683796838e-08
522	1.72336482183e-08
523	3.98349194515e-09
524	2.55584142216e-09
525	2.61323156659e-09
526	2.55450731737e-09
527	2.89644750221e-09
528	2.73273423847e-09
529	2.98225172019e-09
530	1.67087430045e-08
531	1.8505237244e-08
532	1.85190014665e-09
533	1.82195223452e-08
534	1.81115672597e-09
535	1.66806480764e-08
536	1.92804382434e-08
537	1.7254887515e-09
538	2.87284988948e-09
539	2.67632139337e-09
540	2.76196477436e-09
541	1.62794568936e-08
542	3.12234488609e-09
543	2.81342139006e-09
544	2.66578289109e-09
545	2.60697530379e-09
546	2.59199250005e-09
547	2.58561480505e-09
548	2.58269614133e-09
549	2.57775062102e-09
550	2.57040065408e-09
551	2.56438367578e-09
552	2.5572224917e-09
553	2.54985291615e-09
554	2.58282508252e-09
555	2.56913468557e-09
556	1.63741714702e-08
