1	0.16
2	0.22
3	0.3
4	0.39
5	0.45
6	0.53
7	0.61
8	0.68
9	0.77
10	0.83
11	0.9
12	0.98
13	1.05
14	1.13
15	1.21
16	1.28
17	1.36
18	1.43
19	1.51
20	1.58
21	1.66
22	1.73
23	1.81
24	1.88
25	1.96
26	2.05
27	2.13
28	2.2
29	2.28
30	2.34
31	2.41
32	2.49
33	2.57
34	2.64
35	2.72
36	2.79
37	2.86
38	2.93
39	3
40	3.07
41	3.14
42	3.21
43	3.29
44	3.36
45	3.44
46	3.51
47	3.58
48	3.65
49	3.73
50	3.8
51	3.89
52	3.95
53	4.02
54	4.09
55	4.16
56	4.25
57	4.32
58	4.39
59	4.46
60	4.53
61	4.6
62	4.67
63	4.74
64	4.81
65	4.89
66	4.96
67	5.04
68	5.13
69	5.19
70	5.26
71	5.33
72	5.4
73	5.48
74	5.56
75	5.65
76	5.72
77	5.78
78	5.86
79	5.93
80	6
81	6.08
82	6.16
83	6.23
84	6.3
85	6.37
86	6.45
87	6.52
88	6.59
89	6.68
90	6.75
91	6.81
92	6.89
93	6.96
94	7.03
95	7.11
96	7.18
97	7.26
98	7.33
99	7.4
100	7.48
101	7.58
102	7.66
103	7.73
104	7.8
105	7.86
106	7.92
107	7.99
108	8.06
109	8.13
110	8.2
111	8.27
112	8.34
113	8.41
114	8.49
115	8.56
116	8.62
117	8.7
118	8.79
119	8.86
120	8.94
121	9.01
122	9.08
123	9.15
124	9.23
125	9.3
126	9.37
127	9.46
128	9.53
129	9.59
130	9.66
131	9.73
132	9.79
133	9.86
134	9.93
135	10
136	10.07
137	10.14
138	10.21
139	10.29
140	10.36
141	10.43
142	10.51
143	10.59
144	10.67
145	10.74
146	10.81
147	10.89
148	10.98
149	11.05
150	11.13
151	11.2
152	11.27
153	11.33
154	11.4
155	11.48
156	11.55
157	11.64
158	11.7
159	11.77
160	11.84
161	11.91
162	11.98
163	12.05
164	12.12
165	12.2
166	12.27
167	12.34
168	12.41
169	12.48
170	12.55
171	12.61
172	12.7
173	12.76
174	12.83
175	12.91
176	12.98
177	13.05
178	13.14
179	13.2
180	13.27
181	13.34
182	13.42
183	13.49
184	13.56
185	13.63
186	13.71
187	13.78
188	13.85
189	13.93
190	14
191	14.07
192	14.14
193	14.21
194	14.29
195	14.36
196	14.44
197	14.51
198	14.59
199	14.68
200	14.75
201	14.85
202	14.93
203	15.01
204	15.09
205	15.16
206	15.24
207	15.31
208	15.39
209	15.46
210	15.53
211	15.61
212	15.68
213	15.76
214	15.83
215	15.92
216	15.99
217	16.06
218	16.14
219	16.22
220	16.31
221	16.37
222	16.45
223	16.52
224	16.59
225	16.67
226	16.74
227	16.82
228	16.89
229	16.96
230	17.04
231	17.12
232	17.19
233	17.27
234	17.34
235	17.41
236	17.49
237	17.56
238	17.64
239	17.71
240	17.78
241	17.86
242	17.93
243	18.02
244	18.08
245	18.15
246	18.23
247	18.3
248	18.37
249	18.44
250	18.51
251	18.59
252	18.66
253	18.74
254	18.82
255	18.89
256	18.98
257	19.05
258	19.12
259	19.19
260	19.27
261	19.34
262	19.42
263	19.49
264	19.57
265	19.66
266	19.73
267	19.8
268	19.88
269	19.95
270	20.03
271	20.1
272	20.18
273	20.25
274	20.33
275	20.41
276	20.5
277	20.58
278	20.66
279	20.74
280	20.81
281	20.91
282	20.98
283	21.06
284	21.12
285	21.2
286	21.27
287	21.35
288	21.43
289	21.5
290	21.58
291	21.65
292	21.72
293	21.8
294	21.87
295	21.95
296	22.02
297	22.1
298	22.17
299	22.25
300	22.32
301	22.42
302	22.5
303	22.57
304	22.65
305	22.73
306	22.8
307	22.87
308	22.95
309	23.02
310	23.1
311	23.17
312	23.25
313	23.33
314	23.41
315	23.49
316	23.56
317	23.64
318	23.71
319	23.78
320	23.86
321	23.93
322	24.01
323	24.08
324	24.16
325	24.23
326	24.31
327	24.38
328	24.45
329	24.53
330	24.61
331	24.69
332	24.76
333	24.84
334	24.91
335	24.99
336	25.06
337	25.14
338	25.22
339	25.29
340	25.36
341	25.44
342	25.51
343	25.58
344	25.66
345	25.73
346	25.81
347	25.88
348	25.96
349	26.04
350	26.11
351	26.19
352	26.27
353	26.35
354	26.43
355	26.5
356	26.57
357	26.65
358	26.72
359	26.79
360	26.88
361	26.96
362	27.03
363	27.11
364	27.18
365	27.26
366	27.33
367	27.41
368	27.48
369	27.56
370	27.63
371	27.7
372	27.78
373	27.85
374	27.92
375	28
376	28.07
377	28.15
378	28.22
379	28.3
380	28.37
381	28.44
382	28.52
383	28.59
384	28.66
385	28.73
386	28.81
387	28.89
388	28.97
389	29.04
390	29.12
391	29.19
392	29.27
393	29.34
394	29.42
395	29.49
396	29.57
397	29.65
398	29.72
399	29.8
400	29.88
401	29.98
402	30.05
403	30.13
404	30.2
405	30.28
406	30.35
407	30.43
408	30.5
409	30.57
410	30.64
411	30.71
412	30.79
413	30.86
414	30.94
415	31.01
416	31.08
417	31.16
418	31.23
419	31.31
420	31.39
421	31.47
422	31.55
423	31.62
424	31.7
425	31.77
426	31.85
427	31.92
428	31.99
429	32.07
430	32.15
431	32.23
432	32.3
433	32.38
434	32.45
435	32.53
436	32.6
437	32.68
438	32.75
439	32.82
440	32.9
441	32.97
442	33.05
443	33.13
444	33.2
445	33.28
446	33.35
447	33.43
448	33.5
449	33.57
450	33.65
451	33.72
452	33.8
453	33.87
454	33.94
455	34.02
456	34.09
457	34.16
458	34.24
459	34.31
460	34.39
461	34.46
462	34.54
463	34.62
464	34.69
465	34.77
466	34.85
467	34.92
468	35
469	35.08
470	35.15
471	35.23
472	35.3
473	35.38
474	35.45
475	35.53
476	35.6
477	35.67
478	35.75
479	35.83
480	35.9
481	35.98
482	36.05
483	36.12
484	36.2
485	36.27
486	36.35
487	36.43
488	36.5
489	36.59
490	36.69
491	36.78
492	36.86
493	36.94
494	37.02
495	37.1
496	37.2
497	37.29
498	37.37
499	37.44
500	37.53
501	37.65
502	37.73
503	37.82
504	37.9
505	37.97
506	38.05
507	38.13
508	38.21
509	38.29
510	38.36
511	38.44
512	38.51
513	38.59
514	38.66
515	38.73
516	38.81
517	38.89
518	38.96
519	39.04
520	39.12
521	39.2
522	39.27
523	39.35
524	39.42
525	39.49
526	39.56
527	39.64
528	39.71
529	39.78
530	39.86
531	39.93
532	40
533	40.08
534	40.16
535	40.23
536	40.3
537	40.38
538	40.45
539	40.53
540	40.6
541	40.67
542	40.75
543	40.82
544	40.89
545	40.97
546	41.04
547	41.12
548	41.19
549	41.27
550	41.35
551	41.42
552	41.5
553	41.57
554	41.64
555	41.72
556	41.79
