1	0.999999999986
2	0.00879507130619
3	0.0226565503442
4	0.162630270389
5	0.128869461286
6	0.0505790710234
7	0.0829349436737
8	0.218615630157
9	0.186013915835
10	0.109362857867
11	0.104157983146
12	0.140138392321
13	0.2127236592
14	0.259298535777
15	0.193926426978
16	0.155036657186
17	0.135226104686
18	0.153256245836
19	0.180085000067
20	0.133023051387
21	0.100946703236
22	0.0821641409702
23	0.0794670188977
24	0.0862525591575
25	0.0902516729414
26	0.0852922841401
27	0.0741195287842
28	0.0650271278491
29	0.0572672475294
30	0.0505871879632
31	0.0442145402661
32	0.0392705365037
33	0.035637620179
34	0.0330571658296
35	0.0312960909448
36	0.0298051245219
37	0.0275708607896
38	0.0250830537344
39	0.0228469368444
40	0.0210388273727
41	0.0193963373517
42	0.0178245251527
43	0.0164019446624
44	0.0149882779869
45	0.0137941540247
46	0.0128191263922
47	0.0119565638448
48	0.0110832689112
49	0.0102528647145
50	0.00949080165166
51	0.00881267335848
52	0.00822057617018
53	0.00768721505738
54	0.00718471000083
55	0.00669794115568
56	0.00624763016745
57	0.00585996855904
58	0.00549833293807
59	0.00517144063205
60	0.00487058818233
61	0.00459884987368
62	0.00435333323693
63	0.00412765770059
64	0.00391856960111
65	0.0037283852676
66	0.00355557909533
67	0.00339465191503
68	0.00324449365526
69	0.00310569718206
70	0.00297849203922
71	0.00286013875353
72	0.0027481427922
73	0.00264036838429
74	0.00253830370516
75	0.00243851738531
76	0.00234438778554
77	0.00225767417842
78	0.00218143562476
79	0.00211112573923
80	0.00204126891606
81	0.00197395087351
82	0.00191098524836
83	0.00185024690301
84	0.00178800400034
85	0.00172524694489
86	0.00166847080079
87	0.00162000533839
88	0.00157610328936
89	0.00153135926965
90	0.00148527716289
91	0.00144085950707
92	0.00139419622675
93	0.00135047570615
94	0.00131412861458
95	0.00128392509314
96	0.00125061456513
97	0.00121498099148
98	0.00117683327914
99	0.00113738907128
100	0.0011043387465
101	0.00107764088512
102	0.00104813736797
103	0.00102041289601
104	0.000983506156679
105	0.000951213271204
106	0.000923360836187
107	0.000892783011667
108	0.000862064921335
109	0.000830770905556
110	0.000804933337558
111	0.000776213056745
112	0.000746791353204
113	0.000719405566009
114	0.000693580734024
115	0.000665433903893
116	0.000639622007526
117	0.000615354711559
118	0.000590379778702
119	0.000568111094421
120	0.000545700730407
121	0.000525800481723
122	0.000507750362384
123	0.00049247538458
124	0.000478308233645
125	0.000464791807371
126	0.000452399766307
127	0.000441308418373
128	0.000431310951751
129	0.000421742416867
130	0.000412592510968
131	0.000403685886985
132	0.000395103423283
133	0.000386693592989
134	0.00037498865831
135	0.000369340334437
136	0.000359960185185
137	0.000354898811779
138	0.000346004922451
139	0.000338576625236
140	0.000332028164346
141	0.000326023907091
142	0.00032005005457
143	0.000314097944691
144	0.000308182359723
145	0.000302419569334
146	0.000296798367377
147	0.000291489938115
148	0.000286315823225
149	0.000281214881704
150	0.000276425948268
151	0.000271690423305
152	0.000267065432948
153	0.000262558018394
154	0.000258124841488
155	0.000253795537142
156	0.000249593574133
157	0.000245523581572
158	0.000241602224272
159	0.000237873762278
160	0.000234310091993
161	0.000230925282946
162	0.000226485108943
163	0.000223243907659
164	0.000219841739886
165	0.000216286885143
166	0.000212914565149
167	0.000209855881526
168	0.00020673578663
169	0.000203575314127
170	0.000200617935273
171	0.000197810624658
172	0.000195093468737
173	0.000192434535098
174	0.000189873851039
175	0.00018734203477
176	0.000184812653909
177	0.000182365407663
178	0.000179943582808
179	0.000177578265307
180	0.000175320794386
181	0.000173120051355
182	0.000170994367466
183	0.000168879348556
184	0.00016675210525
185	0.00016468151017
186	0.000162657735994
187	0.000160687632844
188	0.000158726801057
189	0.000156776495488
190	0.000154888492971
191	0.000152996790894
192	0.000151195229159
193	0.000149429246028
194	0.000147652698334
195	0.000145895514757
196	0.000144326717775
197	0.000142802109894
198	0.000141283718218
199	0.000139768856642
200	0.000138240375638
201	0.000136732188414
202	0.000135253323052
203	0.000133805771654
204	0.000132427592427
205	0.000131068143118
206	0.000129740871877
207	0.000128441375537
208	0.000127181960466
209	0.000125953014742
210	0.000124751089579
211	0.000123539874407
212	0.000122330315907
213	0.000121145622225
214	0.000119947434779
215	0.000118772115316
216	0.000117634942118
217	0.000116492604763
218	0.000115357879918
219	0.000114289766374
220	0.000113329326623
221	0.000112385898579
222	0.00011147927138
223	0.000110554914303
224	0.000109641487746
225	0.000108729549525
226	0.000107810993361
227	0.000106897270147
228	0.0001059902221
229	0.000105093611574
230	0.000104206129744
231	0.000103335943825
232	0.000102489575051
233	0.000101654557518
234	0.000100830700805
235	0.000100008356059
236	9.92586584155e-05
237	9.8550376195e-05
238	9.78337888295e-05
239	9.70996415466e-05
240	9.63660686283e-05
241	9.56374937966e-05
242	9.49006807223e-05
243	9.41622837201e-05
244	9.34242175657e-05
245	9.26855138111e-05
246	9.1957929546e-05
247	9.12731442993e-05
248	9.05794682319e-05
249	8.98767408517e-05
250	8.91795948194e-05
251	8.84945235854e-05
252	8.78143904881e-05
253	0.000235304704445
254	0.000178381536406
255	0.000117406094169
256	0.000105657706184
257	0.000102041359413
258	9.46822290543e-05
259	8.77186237695e-05
260	8.31583375187e-05
261	8.08709234882e-05
262	8.01346481378e-05
263	7.98687233188e-05
264	7.94626334755e-05
265	7.8787187605e-05
266	7.7951342861e-05
267	7.71558317747e-05
268	7.65044402157e-05
269	7.59480096298e-05
270	7.54367891208e-05
271	7.49310431685e-05
272	7.44244476522e-05
273	7.39379219022e-05
274	7.34664396646e-05
275	7.29949889905e-05
276	7.25239709394e-05
277	7.20469791489e-05
278	7.155610352e-05
279	7.10652035721e-05
280	7.05743055412e-05
281	7.00476417666e-05
282	6.95449865435e-05
283	6.91126126638e-05
284	6.86817655618e-05
285	6.82427008045e-05
286	6.77923534183e-05
287	6.73326607803e-05
288	6.68695035094e-05
289	6.6401410005e-05
290	6.5902927271e-05
291	6.53902284459e-05
292	6.49038637868e-05
293	6.44567715652e-05
294	6.40104129601e-05
295	6.35549711893e-05
296	6.3105216075e-05
297	6.26548888931e-05
298	6.22320476693e-05
299	6.18034049823e-05
300	6.13731145326e-05
301	6.09247703599e-05
302	6.04431522312e-05
303	5.99758135726e-05
304	5.95285746704e-05
305	5.90997766423e-05
306	5.86758940777e-05
307	5.82544033756e-05
308	5.78383217494e-05
309	5.74294628178e-05
310	5.70587035199e-05
311	5.66943394469e-05
312	5.63256938517e-05
313	5.59519461186e-05
314	5.55672803177e-05
315	5.51105491203e-05
316	5.46985584431e-05
317	5.43302407817e-05
318	5.39696324288e-05
319	5.36067202945e-05
320	5.32956213179e-05
321	5.30039322689e-05
322	5.26983779442e-05
323	5.23871141086e-05
324	5.20719348513e-05
325	5.17557159272e-05
326	5.14318831711e-05
327	5.11051550099e-05
328	5.0776498051e-05
329	5.04509122114e-05
330	5.01241515489e-05
331	4.98036852405e-05
332	4.94323131537e-05
333	4.9075819573e-05
334	4.87614522732e-05
335	4.84500147801e-05
336	4.81557918676e-05
337	4.78696427911e-05
338	4.75769391454e-05
339	4.72854276539e-05
340	4.69995236682e-05
341	4.67309897882e-05
342	4.64640973974e-05
343	4.61916996052e-05
344	4.59179041791e-05
345	4.56745082866e-05
346	4.54368624168e-05
347	4.51815219669e-05
348	4.49134312966e-05
349	4.46365990972e-05
350	4.4353883424e-05
351	4.40683808226e-05
352	4.37825306053e-05
353	4.34622009981e-05
354	4.31103381621e-05
355	4.27755245043e-05
356	4.24633744223e-05
357	4.21553852764e-05
358	4.18517421711e-05
359	4.15525550493e-05
360	4.12746575989e-05
361	4.10125985225e-05
362	4.07578400714e-05
363	0.000208902041312
364	0.000157934803192
365	9.43452902864e-05
366	6.93163246381e-05
367	6.07786014788e-05
368	5.25707731616e-05
369	4.64256040593e-05
370	4.22039471361e-05
371	3.93972138473e-05
372	3.78465923582e-05
373	3.72864083112e-05
374	3.72735696459e-05
375	3.71300881564e-05
376	3.66922629792e-05
377	3.61226945477e-05
378	3.56208951919e-05
379	3.52507065386e-05
380	3.49676314212e-05
381	3.47599023988e-05
382	3.45685188631e-05
383	3.43869304683e-05
384	3.4209708079e-05
385	3.40145575614e-05
386	3.37965401503e-05
387	3.35737847206e-05
388	3.33486790344e-05
389	3.31265424734e-05
390	3.29072133697e-05
391	3.26933914495e-05
392	3.24897133838e-05
393	3.22904058916e-05
394	3.20930183599e-05
395	3.18982046388e-05
396	3.1704575333e-05
397	3.15121209103e-05
398	3.13208590003e-05
399	3.11352089904e-05
400	3.09578129024e-05
401	3.07868373681e-05
402	3.06174767548e-05
403	3.04463789043e-05
404	3.02759725109e-05
405	3.01051017596e-05
406	2.99338919771e-05
407	2.97617022698e-05
408	2.95842198763e-05
409	2.9422372313e-05
410	2.92647380837e-05
411	2.91010408532e-05
412	2.89424251671e-05
413	2.87901106876e-05
414	2.86324016338e-05
415	2.8471668225e-05
416	2.83098081598e-05
417	2.81485916199e-05
418	2.7988653062e-05
419	2.78309112289e-05
420	2.76746540555e-05
421	2.75207525301e-05
422	2.73727046238e-05
423	2.72258272092e-05
424	2.70807116334e-05
425	2.69333773808e-05
426	2.67859096365e-05
427	2.66397118442e-05
428	2.64998567332e-05
429	2.63603942386e-05
430	2.62184363913e-05
431	2.60740802101e-05
432	2.59278942197e-05
433	2.57795279651e-05
434	2.56295778858e-05
435	2.54782331536e-05
436	2.5308146725e-05
437	2.51304405774e-05
438	2.49571140278e-05
439	2.47889396824e-05
440	2.4626350529e-05
441	2.44695087331e-05
442	2.43179134773e-05
443	2.41710151416e-05
444	2.40286752536e-05
445	2.38881581166e-05
446	2.37493850979e-05
447	2.36077204786e-05
448	2.34612785237e-05
449	2.33208057792e-05
450	2.31886509285e-05
451	2.30691785516e-05
452	2.29507437707e-05
453	2.28297474401e-05
454	2.27072139999e-05
455	2.2584206692e-05
456	2.24610027481e-05
457	6.33234078983e-05
458	3.12196620534e-05
459	2.80877443627e-05
460	5.30405261933e-05
461	3.05243237096e-05
462	4.43620086976e-05
463	3.35912365534e-05
464	4.16446911918e-05
465	3.41248336559e-05
466	4.196995696e-05
467	3.77228428876e-05
468	4.44662293071e-05
469	3.53010113534e-05
470	3.36091249727e-05
471	2.78254720379e-05
472	2.28093179117e-05
473	2.0179045783e-05
474	1.96742979251e-05
475	1.99148011994e-05
476	2.01641497416e-05
477	2.01433537673e-05
478	1.99256613193e-05
479	1.96612966544e-05
480	1.9441690394e-05
481	1.92866226449e-05
482	1.91734071109e-05
483	1.90782399225e-05
484	1.89884862415e-05
485	1.8901347772e-05
486	1.88121338613e-05
487	1.87198566976e-05
488	1.86219284223e-05
489	1.85192395579e-05
490	1.84162820406e-05
491	1.83207250645e-05
492	1.82240180864e-05
493	1.8126959682e-05
494	1.80336973179e-05
495	1.79398548491e-05
496	1.7849285632e-05
497	1.77639123059e-05
498	1.76775501258e-05
499	1.75897296493e-05
500	1.75009813282e-05
501	1.74119527144e-05
502	1.7323086762e-05
503	1.72346725742e-05
504	1.71467840184e-05
505	1.70594721686e-05
506	1.69726906065e-05
507	1.6886536434e-05
508	1.6800727866e-05
509	1.6715504663e-05
510	1.66286626784e-05
511	1.65423851096e-05
512	1.64584468084e-05
513	0.000188610368556
514	8.98855696178e-05
515	0.000120957425056
516	0.000116944212412
517	0.000105231332622
518	9.52849996328e-05
519	0.000161370221156
520	8.40959218841e-05
521	7.96636148077e-05
522	5.93734938141e-05
523	3.78618369892e-05
524	2.85370112891e-05
525	2.4046089068e-05
526	2.0704404129e-05
527	1.85016442349e-05
528	1.6901951353e-05
529	1.57141536074e-05
530	1.49427672814e-05
531	1.45306115941e-05
532	1.418607119e-05
533	1.39232648645e-05
534	1.37600937541e-05
535	1.36131540667e-05
536	1.34584363865e-05
537	1.3360867113e-05
538	1.3259518468e-05
539	1.31256471553e-05
540	1.30399045688e-05
541	1.29816378919e-05
542	1.29210876015e-05
543	1.28435642054e-05
544	1.27525959251e-05
545	1.26740727234e-05
546	1.26055095002e-05
547	1.25393790287e-05
548	1.2470710123e-05
549	1.23994535416e-05
550	1.23264214208e-05
551	1.22532807748e-05
552	1.21806237881e-05
553	1.21078101825e-05
554	1.20347713159e-05
555	1.19618373933e-05
556	1.1889702731e-05
