1	0.0448272268044
2	0.000341569232612
3	0.00102262282982
4	0.00628390860105
5	0.00635991865609
6	0.00190715583884
7	0.00412658956464
8	0.00902269972452
9	0.00746931417857
10	0.00534068746708
11	0.00450178441521
12	0.00616102647144
13	0.00965030055039
14	0.0110500398408
15	0.00603694181308
16	0.00565290253889
17	0.00535705286018
18	0.00662094607122
19	0.00765455490613
20	0.00538651559656
21	0.004701970133
22	0.0039665790778
23	0.00350320637707
24	0.00388331202947
25	0.00338763436753
26	0.0036154087302
27	0.00290013582581
28	0.00307306580188
29	0.00200042259686
30	0.00201456900907
31	0.00211394157771
32	0.00138093887409
33	0.00143997935889
34	0.00150892472735
35	0.00121771533006
36	0.0012782947191
37	0.00126706913071
38	0.00108847376106
39	0.000936926569396
40	0.000894609595432
41	0.000965526307142
42	0.00080013292134
43	0.000739068670659
44	0.000434296819695
45	0.000353068963003
46	0.000416822923758
47	0.000436802139134
48	0.000396691953903
49	0.000321590533677
50	0.00018584131109
51	0.000179134845169
52	0.000235237873938
53	0.000239780172087
54	0.000191440413233
55	0.00016468900067
56	0.000271318580946
57	0.000132359983631
58	0.000146987776803
59	0.000145688947447
60	0.000132709884858
61	0.000116262560297
62	0.000106243657261
63	0.00010695052582
64	0.000109662182773
65	0.000107051388335
66	0.00010030993026
67	9.3221388167e-05
68	8.98136703911e-05
69	9.05596298781e-05
70	9.27812202e-05
71	9.55108925864e-05
72	9.30440195383e-05
73	8.7930417338e-05
74	8.38910421835e-05
75	7.9899929303e-05
76	7.69834661561e-05
77	7.48807041405e-05
78	7.34570813938e-05
79	7.34772630842e-05
80	7.53274743644e-05
81	7.91885268112e-05
82	8.32649278143e-05
83	7.92868522098e-05
84	7.05453940839e-05
85	6.81605580717e-05
86	6.59580517282e-05
87	6.49140072937e-05
88	6.63927649028e-05
89	6.9281967537e-05
90	2.99399524484e-05
91	7.15890795327e-05
92	6.32686877109e-05
93	6.10852537827e-05
94	6.05742925048e-05
95	6.06555422578e-05
96	6.15862543527e-05
97	3.0403320952e-05
98	5.83998506667e-05
99	5.32994128447e-05
100	5.39443120375e-05
101	2.7099733739e-05
102	2.53462943329e-05
103	2.65977249526e-05
104	2.52643468332e-05
105	2.69361031679e-05
106	2.49183598328e-05
107	2.2370148859e-05
108	2.18135896181e-05
109	2.42385465709e-05
110	2.29200846101e-05
111	2.24315716424e-05
112	2.25781308812e-05
113	2.32720241555e-05
114	2.24103134432e-05
115	2.24903172689e-05
116	2.28290220431e-05
117	2.19908116863e-05
118	2.23600922815e-05
119	2.20105172914e-05
120	2.20203087694e-05
121	2.16353248102e-05
122	2.12634408096e-05
123	2.10929455066e-05
124	2.06169329446e-05
125	2.08184879803e-05
126	2.06596263476e-05
127	2.04419836633e-05
128	2.02232196234e-05
129	2.00100809968e-05
130	1.98262229458e-05
131	1.96857195595e-05
132	1.95495033397e-05
133	1.73917515661e-05
134	1.79736406321e-05
135	1.63871066557e-05
136	1.77740445802e-05
137	1.54683509788e-05
138	1.53960296878e-05
139	1.47562992623e-05
140	1.40350853331e-05
141	1.36613504382e-05
142	1.35128902075e-05
143	1.34112076038e-05
144	1.32870653551e-05
145	1.31438441636e-05
146	1.2998144905e-05
147	1.28592461654e-05
148	1.27331136586e-05
149	1.26186972226e-05
150	1.25133927408e-05
151	1.24154967102e-05
152	1.23223992307e-05
153	1.22328345238e-05
154	1.21464973119e-05
155	1.20627180778e-05
156	1.19820900878e-05
157	1.19049403369e-05
158	1.18310732782e-05
159	1.17598902697e-05
160	1.16899565135e-05
161	6.99224041599e-06
162	6.70030252004e-06
163	6.23808367544e-06
164	5.87932933009e-06
165	6.32463569723e-06
166	6.21910924737e-06
167	6.3277452838e-06
168	6.06839887731e-06
169	5.67778762285e-06
170	5.61150354498e-06
171	5.69910060407e-06
172	5.81564553453e-06
173	5.85773076325e-06
174	5.81395465321e-06
175	5.70707958163e-06
176	5.58163672024e-06
177	5.48570248483e-06
178	5.43010745478e-06
179	5.39844953834e-06
180	5.38532889497e-06
181	5.347477065e-06
182	5.29865584871e-06
183	4.95229503848e-06
184	4.9294527147e-06
185	4.8726985409e-06
186	4.8134549238e-06
187	4.76729073839e-06
188	4.73406332293e-06
189	4.70381697301e-06
190	4.67880364091e-06
191	4.92814447953e-06
192	4.8881291226e-06
193	4.86542572459e-06
194	4.84775598883e-06
195	4.82748169231e-06
196	4.78828904804e-06
197	4.74044694116e-06
198	4.70136980244e-06
199	4.67250366266e-06
200	4.65072199884e-06
201	4.63268447992e-06
202	4.61162854868e-06
203	4.50323344886e-06
204	4.49446652044e-06
205	4.45794933505e-06
206	4.42187280285e-06
207	4.39160592884e-06
208	4.36624335853e-06
209	4.34334746444e-06
210	4.32642952467e-06
211	4.30262304542e-06
212	4.2738975382e-06
213	4.24263844965e-06
214	4.20892509896e-06
215	4.1748644495e-06
216	4.14070884713e-06
217	4.10736709607e-06
218	4.0751490604e-06
219	4.03818406588e-06
220	3.99228662861e-06
221	3.9592113022e-06
222	3.92876563876e-06
223	3.90359602679e-06
224	3.88144678315e-06
225	3.85935450667e-06
226	3.83566773623e-06
227	3.81028385524e-06
228	3.7838831942e-06
229	3.75721469294e-06
230	3.73079567368e-06
231	3.70474530943e-06
232	3.6789810263e-06
233	3.64950803502e-06
234	3.61713793033e-06
235	3.73014333368e-06
236	3.71859041075e-06
237	3.69883211401e-06
238	3.67736657156e-06
239	3.65577953498e-06
240	3.6334009993e-06
241	3.6099861997e-06
242	3.5860717568e-06
243	3.56233507765e-06
244	3.53924634444e-06
245	3.51677535635e-06
246	3.49473337155e-06
247	3.47152520683e-06
248	3.44758364957e-06
249	3.42375002347e-06
250	3.40068072898e-06
251	3.37874279574e-06
252	3.35774683191e-06
253	9.87945715876e-06
254	4.78028861673e-06
255	4.44300479491e-06
256	4.04663044249e-06
257	3.64478940518e-06
258	3.42924585484e-06
259	3.17303936948e-06
260	3.02426418121e-06
261	2.96959917719e-06
262	2.99129460784e-06
263	3.02701969135e-06
264	3.04339740738e-06
265	3.03494004491e-06
266	3.00820853593e-06
267	2.97468345201e-06
268	2.9451870874e-06
269	2.9214477491e-06
270	2.90384026078e-06
271	2.88985253784e-06
272	2.87716586488e-06
273	2.86254599148e-06
274	2.84678759634e-06
275	2.83143599831e-06
276	2.81695560107e-06
277	2.80324576698e-06
278	2.78923347864e-06
279	2.77514947289e-06
280	2.76519451782e-06
281	2.74693606792e-06
282	2.7275262498e-06
283	2.70961285923e-06
284	2.69577914503e-06
285	2.68134499411e-06
286	2.66727918124e-06
287	2.65291405662e-06
288	2.63870383674e-06
289	2.62457611141e-06
290	2.6095142393e-06
291	2.59405432074e-06
292	2.57915606321e-06
293	2.56539428286e-06
294	2.55280975772e-06
295	2.53879364912e-06
296	2.52503589437e-06
297	2.51195652427e-06
298	2.49914983128e-06
299	2.48915007357e-06
300	2.47631668229e-06
301	2.46298468843e-06
302	2.44917922723e-06
303	2.43518719575e-06
304	2.42176698119e-06
305	2.40952326413e-06
306	2.39769520625e-06
307	2.38591533061e-06
308	2.37404648611e-06
309	2.37600566329e-06
310	2.36242308906e-06
311	2.34651966731e-06
312	2.32797533263e-06
313	2.30900211796e-06
314	2.29043954684e-06
315	2.27321091522e-06
316	2.27756601388e-06
317	2.26514359697e-06
318	2.25232073347e-06
319	2.23917861408e-06
320	2.22578045403e-06
321	2.21296520224e-06
322	2.2008763534e-06
323	2.1891238781e-06
324	2.17737072688e-06
325	2.16551128458e-06
326	2.15360106879e-06
327	2.14175401277e-06
328	2.13005455786e-06
329	2.11853705984e-06
330	2.10717482737e-06
331	2.09582772913e-06
332	2.08413957071e-06
333	2.07302867001e-06
334	2.06223135694e-06
335	2.05157862384e-06
336	2.04132589134e-06
337	2.03156379136e-06
338	2.02214261651e-06
339	2.01245344598e-06
340	2.00206910137e-06
341	1.9913059899e-06
342	1.98023334507e-06
343	1.96899101387e-06
344	1.95750861332e-06
345	1.94591249842e-06
346	1.93691136679e-06
347	1.92749577311e-06
348	1.91652057394e-06
349	1.90660749035e-06
350	1.8969377945e-06
351	1.8873767275e-06
352	1.87751162181e-06
353	1.86678694882e-06
354	1.85677681729e-06
355	1.846940234e-06
356	1.83790912115e-06
357	1.8301338788e-06
358	1.82198479061e-06
359	1.81279125985e-06
360	1.8021995286e-06
361	1.79169984519e-06
362	1.78169559593e-06
363	9.1936143798e-06
364	7.73083811141e-06
365	4.12158201566e-06
366	3.05280405582e-06
367	2.2436765092e-06
368	1.94726717705e-06
369	1.80918705405e-06
370	1.69161113113e-06
371	1.5876644134e-06
372	1.53356474235e-06
373	1.54380921586e-06
374	1.59430229302e-06
375	1.624754881e-06
376	1.62016353266e-06
377	1.59624033757e-06
378	1.56112119074e-06
379	1.53427761561e-06
380	1.5156214083e-06
381	1.50292886654e-06
382	1.49470535619e-06
383	1.48922736937e-06
384	1.4845267737e-06
385	1.47950926744e-06
386	1.47331061107e-06
387	1.4659941845e-06
388	1.45786109651e-06
389	1.44929450086e-06
390	1.44064423665e-06
391	1.43213844674e-06
392	1.42389076798e-06
393	1.41594455192e-06
394	1.40828499503e-06
395	1.40087307354e-06
396	1.39365775377e-06
397	1.38658746096e-06
398	1.37961288149e-06
399	1.37253451999e-06
400	1.36562825176e-06
401	1.35900848643e-06
402	1.35251536361e-06
403	1.34598506502e-06
404	1.33935241604e-06
405	1.33262993869e-06
406	1.32586835097e-06
407	1.31911779828e-06
408	1.31216936626e-06
409	1.30512885295e-06
410	1.29827228982e-06
411	1.29162301709e-06
412	1.28520154842e-06
413	1.27915948642e-06
414	1.27349190488e-06
415	1.26801311411e-06
416	1.26254600608e-06
417	1.25697387379e-06
418	1.25126313693e-06
419	1.24660161869e-06
420	1.2408043959e-06
421	1.23472960109e-06
422	1.22861686902e-06
423	1.22270624673e-06
424	1.21698302593e-06
425	1.21133661419e-06
426	1.20567586317e-06
427	1.19988187074e-06
428	1.19364002591e-06
429	1.18714035466e-06
430	1.18058460725e-06
431	1.17406563194e-06
432	1.16762165032e-06
433	1.16128765795e-06
434	1.15515080698e-06
435	1.1489274983e-06
436	1.1424783228e-06
437	1.13588230652e-06
438	1.12935555242e-06
439	1.12304658456e-06
440	1.11697278939e-06
441	1.11185972519e-06
442	1.10605116486e-06
443	1.10035311932e-06
444	1.09471864865e-06
445	1.08911753868e-06
446	1.08352820868e-06
447	9.77245403995e-07
448	9.71077411912e-07
449	9.65797814701e-07
450	9.61283718227e-07
451	9.5711869829e-07
452	9.52899554461e-07
453	9.48434576184e-07
454	9.43715401134e-07
455	9.38819373707e-07
456	9.33848442539e-07
457	3.10030868353e-06
458	1.50804175066e-06
459	1.11905488785e-06
460	1.78457633193e-06
461	1.50359925863e-06
462	2.21603100998e-06
463	1.59894369764e-06
464	1.26899692756e-06
465	1.68745400509e-06
466	1.67357202389e-06
467	1.67341815791e-06
468	2.18631549968e-06
469	1.05987921837e-06
470	1.59799872924e-06
471	1.10872857725e-06
472	9.03737381931e-07
473	8.05931773742e-07
474	8.13142449294e-07
475	8.36028696282e-07
476	8.40630678885e-07
477	8.41470123577e-07
478	8.36455641746e-07
479	8.25503325342e-07
480	8.14045753589e-07
481	8.06016781852e-07
482	8.00468514049e-07
483	7.96693177246e-07
484	7.93893686697e-07
485	7.91315338419e-07
486	7.88455638757e-07
487	7.85086950505e-07
488	7.812707161e-07
489	7.77184664405e-07
490	7.73019277762e-07
491	7.68936236193e-07
492	7.65015938082e-07
493	7.89295605249e-07
494	7.71187291266e-07
495	7.7039156067e-07
496	7.63678562175e-07
497	7.59267657451e-07
498	7.54690045058e-07
499	7.50255131082e-07
500	7.45542683173e-07
501	7.40524623221e-07
502	7.35237832434e-07
503	7.29804829357e-07
504	7.24317802295e-07
505	7.18836876191e-07
506	7.13377904556e-07
507	7.07941877692e-07
508	7.06638399988e-07
509	6.99312032761e-07
510	6.94371930533e-07
511	6.88695478536e-07
512	6.83449425717e-07
513	6.78609278826e-06
514	4.25883932741e-06
515	5.19302482141e-06
516	4.62004157882e-06
517	4.39081209687e-06
518	3.96211049359e-06
519	6.38622840774e-06
520	3.76898793927e-06
521	3.77932400858e-06
522	2.47520480232e-06
523	1.18676861907e-06
524	1.0861281562e-06
525	9.37640603738e-07
526	7.61942846597e-07
527	6.17655897534e-07
528	5.53920467322e-07
529	5.07709589875e-07
530	8.2703243148e-07
531	9.45702764199e-07
532	5.84141927724e-07
533	9.23874237353e-07
534	5.87220047007e-07
535	9.2843268327e-07
536	9.93871508849e-07
537	5.89844489432e-07
538	6.16538867982e-07
539	5.86439871015e-07
540	5.63218792798e-07
541	9.99955630212e-07
542	6.21951894828e-07
543	5.8190555449e-07
544	5.72053228485e-07
545	5.71895495596e-07
546	5.71545620048e-07
547	5.70163219098e-07
548	5.68278440042e-07
549	5.66897938339e-07
550	5.65641758464e-07
551	5.64158287293e-07
552	5.62569194386e-07
553	5.60823843376e-07
554	5.63604847265e-07
555	5.60445021239e-07
556	9.9722569256e-07
