1	28
2	16
3	17
4	13
5	10
6	13
7	11
8	11
9	11
10	9
11	9
12	8
13	10
14	11
15	10
16	9
17	9
18	9
19	9
20	10
21	9
22	7
23	8
24	9
25	9
26	8
27	8
28	7
29	8
30	8
31	7
32	7
33	5
34	5
35	7
36	6
37	6
38	5
39	4
40	4
41	5
42	5
43	4
44	4
45	4
46	4
47	4
48	4
49	4
50	4
51	4
52	4
53	4
54	4
55	4
56	3
57	4
58	4
59	4
60	4
61	4
62	4
63	4
64	4
65	4
66	4
67	4
68	4
69	4
70	4
71	4
72	4
73	4
74	4
75	4
76	4
77	4
78	4
79	4
80	4
81	4
82	4
83	4
84	4
85	4
86	4
87	4
88	4
89	4
90	5
91	4
92	4
93	4
94	4
95	4
96	4
97	5
98	4
99	4
100	4
101	5
102	5
103	5
104	5
105	5
106	5
107	5
108	5
109	5
110	5
111	5
112	5
113	5
114	5
115	5
116	5
117	5
118	5
119	5
120	5
121	5
122	5
123	5
124	5
125	5
126	5
127	5
128	5
129	5
130	5
131	5
132	5
133	6
134	5
135	6
136	5
137	6
138	6
139	6
140	6
141	6
142	6
143	6
144	6
145	6
146	6
147	6
148	6
149	6
150	6
151	6
152	6
153	6
154	6
155	6
156	6
157	6
158	6
159	6
160	6
161	7
162	7
163	7
164	7
165	7
166	7
167	7
168	7
169	7
170	7
171	7
172	7
173	7
174	7
175	7
176	7
177	7
178	7
179	7
180	7
181	7
182	7
183	7
184	7
185	7
186	7
187	7
188	7
189	7
190	7
191	7
192	7
193	7
194	7
195	7
196	7
197	7
198	7
199	7
200	7
201	7
202	7
203	7
204	7
205	7
206	7
207	7
208	7
209	7
210	7
211	7
212	7
213	7
214	7
215	7
216	7
217	7
218	7
219	7
220	7
221	7
222	7
223	7
224	7
225	7
226	7
227	7
228	7
229	7
230	7
231	7
232	7
233	7
234	7
235	7
236	7
237	7
238	7
239	7
240	7
241	7
242	7
243	7
244	7
245	7
246	7
247	7
248	7
249	7
250	7
251	7
252	7
253	7
254	7
255	7
256	7
257	7
258	7
259	7
260	7
261	7
262	7
263	7
264	7
265	7
266	7
267	7
268	7
269	7
270	7
271	7
272	7
273	7
274	7
275	7
276	7
277	7
278	7
279	7
280	7
281	7
282	7
283	7
284	7
285	7
286	7
287	7
288	7
289	7
290	7
291	7
292	7
293	7
294	7
295	7
296	7
297	7
298	7
299	7
300	7
301	7
302	7
303	7
304	7
305	7
306	7
307	7
308	7
309	7
310	7
311	7
312	7
313	7
314	7
315	7
316	7
317	7
318	7
319	7
320	7
321	7
322	7
323	7
324	7
325	7
326	7
327	7
328	7
329	7
330	7
331	7
332	7
333	7
334	7
335	7
336	7
337	7
338	7
339	7
340	7
341	7
342	7
343	7
344	7
345	7
346	7
347	7
348	7
349	7
350	7
351	7
352	7
353	7
354	7
355	7
356	7
357	7
358	7
359	7
360	7
361	7
362	7
363	7
364	6
365	7
366	7
367	7
368	7
369	7
370	7
371	7
372	7
373	7
374	7
375	7
376	7
377	7
378	7
379	7
380	7
381	7
382	7
383	7
384	7
385	7
386	7
387	7
388	7
389	7
390	7
391	7
392	7
393	7
394	7
395	7
396	7
397	7
398	7
399	7
400	7
401	7
402	7
403	7
404	7
405	7
406	7
407	7
408	7
409	7
410	7
411	7
412	7
413	7
414	7
415	7
416	7
417	7
418	7
419	7
420	7
421	7
422	7
423	7
424	7
425	7
426	7
427	7
428	7
429	7
430	7
431	7
432	7
433	7
434	7
435	7
436	7
437	7
438	7
439	7
440	7
441	7
442	7
443	7
444	7
445	7
446	7
447	7
448	7
449	7
450	7
451	7
452	7
453	7
454	7
455	7
456	7
457	7
458	7
459	7
460	9
461	7
462	7
463	7
464	9
465	8
466	9
467	7
468	7
469	9
470	7
471	7
472	7
473	7
474	7
475	7
476	7
477	7
478	7
479	7
480	7
481	7
482	7
483	7
484	7
485	7
486	7
487	7
488	7
489	7
490	7
491	7
492	7
493	7
494	7
495	7
496	7
497	7
498	7
499	7
500	7
501	7
502	7
503	7
504	7
505	7
506	7
507	7
508	7
509	7
510	7
511	7
512	7
513	9
514	9
515	8
516	9
517	9
518	8
519	9
520	9
521	8
522	7
523	7
524	7
525	7
526	7
527	7
528	7
529	7
530	5
531	5
532	7
533	5
534	7
535	5
536	5
537	7
538	7
539	7
540	7
541	5
542	7
543	7
544	7
545	7
546	7
547	7
548	7
549	7
550	7
551	7
552	7
553	7
554	7
555	7
556	5
