1	0.999927969451
2	0.729043330431
3	0.132289771291
4	0.00736556256637
5	0.00210782086427
6	0.000978368332422
7	0.000639773671229
8	0.000621732602887
9	0.000585875122513
10	0.000531884669353
11	0.000485617059438
12	0.000470126918897
13	0.000502791601926
14	0.000507973619269
15	0.000509290113233
16	0.000500116235575
17	0.000460837894647
18	0.000436199742771
19	0.000424874752974
20	0.000423924197815
21	0.000428525230523
22	0.000432459900298
23	0.000437470594195
24	0.000440015791374
25	0.000439403406092
26	0.000436916441437
27	0.000432998838322
28	0.000430519114446
29	0.000428582467787
30	0.000428370012417
31	0.000428772407722
32	0.000428931760063
33	0.000429395280889
34	0.000429794518485
35	0.00042969170383
36	0.000429666533678
37	0.000429806127965
38	0.000429789008156
39	0.000430223069896
40	0.000430956208996
41	0.000431588755366
42	0.000432367806261
43	0.000432943275563
44	0.000433014744627
45	0.000433319542849
46	0.000433461913339
47	0.000433043909156
48	0.000432792348667
49	0.000432569074737
50	0.000432415921396
51	0.000431882855879
52	0.000431853647895
53	0.000432299193738
54	0.000431590948935
55	0.000431218724639
56	0.000431757484655
57	0.000430639513377
58	0.000430071504355
59	0.000430411174138
60	0.000429131858652
61	0.000428646534691
62	0.000429103845563
63	0.000427792431817
64	0.000427185550465
65	0.000428007853202
66	0.000426614077937
67	0.000425613315768
68	0.000425313629282
69	0.000424532584827
70	0.000424702997448
71	0.000423329203733
72	0.000422957235582
73	0.000422072790956
74	0.000421514920062
75	0.00042075665312
76	0.000420050640474
77	0.000418897201766
78	0.000417301135296
79	0.00041514700764
80	0.000412358880222
81	0.000409930560788
82	0.000407793564141
83	0.000405886598235
84	0.000404454328621
85	0.000403473952861
86	0.000402318878836
87	0.000401275165537
88	0.000400476968866
89	0.000399874215871
90	0.000399122210147
91	0.000397900610037
92	0.00039710869753
93	0.000396882176271
94	0.000396364950906
95	0.000395661191357
96	0.000395143119847
97	0.000394530117174
98	0.000393622406945
99	0.000393527657731
100	0.000392985118541
101	0.000392479795514
102	0.000392211558275
103	0.000391963070277
104	0.000391143324205
105	0.000390918315584
106	0.000391059714905
107	0.000390618143794
108	0.000389751205121
109	0.000389785726963
110	0.000390032474008
111	0.000390075378625
112	0.000388951727949
113	0.000389361596805
114	0.000389410298301
115	0.000388949563299
116	0.000389012559611
117	0.0003887873766
118	0.000388144974407
119	0.000388411115173
120	0.000387744803938
121	0.00038582876414
122	0.000378924903441
123	0.000375130297703
124	0.000374347236841
125	0.000373881164036
126	0.000373324489297
127	0.000372638557166
128	0.000371925047255
129	0.000371187025428
130	0.000370391420311
131	0.00036950489636
132	0.000368602317923
133	0.000367710055151
134	0.000366796653741
135	0.000365806122768
136	0.000364740909594
137	0.000363699856056
138	0.000362640363214
139	0.000361505985448
140	0.000360300399867
141	0.000359121524263
142	0.0003579202711
143	0.000356635387669
144	0.000355345244396
145	0.000354063915815
146	0.000352727841609
147	0.000351369037307
148	0.000350039254471
149	0.000348657189594
150	0.000347267170553
151	0.000345878692187
152	0.000344451944114
153	0.00034304202849
154	0.000341603099988
155	0.000340171160203
156	0.000338715793369
157	0.00033726688262
158	0.000335789013472
159	0.000334278330595
160	0.000332699314754
161	0.000330943182319
162	0.000328850377026
163	0.000326333736321
164	0.000323570360185
165	0.000320848850763
166	0.000318313587196
167	0.00031598189739
168	0.00031403690986
169	0.000312294630901
170	0.000310643045024
171	0.000309015732231
172	0.000307399218002
173	0.000305794336281
174	0.000304204122456
175	0.000302632179872
176	0.000301115280911
177	0.000299653838323
178	0.000298217915779
179	0.000296800816554
180	0.000295398894712
181	0.000294011840405
182	0.00029263817253
183	0.000291277837056
184	0.000289932034519
185	0.000288599670275
186	0.000287280769645
187	0.000285974999485
188	0.000284682365411
189	0.000283403491597
190	0.000282143997447
191	0.000280905036047
192	0.000279681775506
193	0.000278472240344
194	0.000277275218508
195	0.000276090902113
196	0.000274917354018
197	0.000273755920568
198	0.000272606070298
199	0.000271466863797
200	0.000270338291831
201	0.000269220307579
202	0.000268112621158
203	0.000267014878121
204	0.000265927530438
205	0.000264850210133
206	0.00026378225237
207	0.000262723771555
208	0.000261674645875
209	0.000260634609617
210	0.00025960386753
211	0.000258582384854
212	0.000257569679209
213	0.000256565664025
214	0.000255570138277
215	0.000254583016154
216	0.000253604341957
217	0.000252634169744
218	0.000251671958829
219	0.000250717530067
220	0.00024977078435
221	0.000248831998931
222	0.000247901327176
223	0.000246978270187
224	0.000246062643712
225	0.000245154020482
226	0.0002442523249
227	0.000243357549651
228	0.00024246970165
229	0.000241588480217
230	0.000240713792864
231	0.000239845319276
232	0.00023898293865
233	0.000238126939611
234	0.000237276751874
235	0.000236432399279
236	0.000235593665321
237	0.000234760457234
238	0.000233933109124
239	0.000233111037973
240	0.000232294142824
241	0.000231482427405
242	0.000230675694486
243	0.000229873869607
244	0.000229076513629
245	0.00022828350704
246	0.00022749493052
247	0.000226710870052
248	0.000225930511452
249	0.000225153716955
250	0.000224380361733
251	0.00022361082765
252	0.000222844449268
253	0.000222080804264
254	0.000221282587744
255	0.000220492648029
256	0.000219710257948
257	0.000218933706489
258	0.000218161568788
259	0.000217393346155
260	0.000216628736265
261	0.000215867043755
262	0.000215108311995
263	0.000214352824069
264	0.000213600261138
265	0.00021284988552
266	0.000212101294289
267	0.000211354680898
268	0.000210609518699
269	0.000209865748946
270	0.000209123826608
271	0.000208383089135
272	0.000207643868923
273	0.000206906195623
274	0.000206170206102
275	0.000205435719882
276	0.000204703566051
277	0.000203972831926
278	0.000203245420173
279	0.000202519908527
280	0.000201798009342
281	0.000201079239753
282	0.000200364154012
283	0.000199653134637
284	0.000198946449595
285	0.000198244444322
286	0.000197547537672
287	0.000196855808527
288	0.000196170395368
289	0.000195490254364
290	0.000194817171775
291	0.00019415035347
292	0.000193489850193
293	0.000192837214726
294	0.000192191782511
295	0.000191553957472
296	0.00019092394118
297	0.000190302709841
298	0.000189690341565
299	0.000189087887327
300	0.000188497808754
301	0.000187921124775
302	0.000187360173476
303	0.000186801475298
304	0.000186244653912
305	0.000185689768674
306	0.000185137137719
307	0.000184586723121
308	0.00018403845609
309	0.000183492744337
310	0.0001829510706
311	0.000182413050264
312	0.000181878405948
313	0.000181347302712
314	0.000180819850248
315	0.00018029608996
316	0.000179776155741
317	0.000179260516592
318	0.000178749128477
319	0.000178242369312
320	0.000177740994439
321	0.000177245947273
322	0.000176760875252
323	0.000176279807311
324	0.000175800190533
325	0.000175321983446
326	0.000174845319623
327	0.000174370180586
328	0.000173896769413
329	0.000173425038998
330	0.00017295505547
331	0.000172486717144
332	0.000172020102679
333	0.000171555292808
334	0.000171092232163
335	0.000170630951361
336	0.000170171553135
337	0.000169713975054
338	0.000169258314994
339	0.000168804611662
340	0.000168352848265
341	0.000167903017329
342	0.000167455117974
343	0.000167009147021
344	0.000166565106097
345	0.000166123074106
346	0.000165683029033
347	0.000165244927948
348	0.000164808783882
349	0.000164374613188
350	0.000163942399182
351	0.000163512147299
352	0.000163083935357
353	0.000162657722351
354	0.000162233867712
355	0.000161815159996
356	0.000161405660375
357	0.000160999164456
358	0.000160594740727
359	0.000160192227785
360	0.000159791528474
361	0.000159392583128
362	0.000158995309017
363	0.000158599692266
364	0.000158164168014
365	0.000157734523262
366	0.000157310652742
367	0.000156891850815
368	0.00015647701764
369	0.000156065441217
370	0.000155656740403
371	0.00015525083652
372	0.000154847716024
373	0.000154447396817
374	0.00015404975512
375	0.00015365463939
376	0.000153261990562
377	0.000152871727486
378	0.000152483698663
379	0.000152097911411
380	0.000151714270908
381	0.000151332781248
382	0.000150953350713
383	0.000150575910202
384	0.000150200449479
385	0.000149826950051
386	0.000149455346631
387	0.000149085640525
388	0.000148717766387
389	0.000148351715972
390	0.000147987404999
391	0.000147624832641
392	0.000147264003873
393	0.000146904934767
394	0.000146547551601
395	0.000146191810027
396	0.000145837701214
397	0.000145485171059
398	0.000145134221506
399	0.00014478485001
400	0.000144437023451
401	0.000144090737891
402	0.0001437459704
403	0.00014340268614
404	0.000143060905528
405	0.000142720587678
406	0.000142381733121
407	0.000142044276312
408	0.000141708241077
409	0.000141373618652
410	0.000141040368028
411	0.000140708466993
412	0.00014037791588
413	0.000140048706461
414	0.000139720814169
415	0.000139394223796
416	0.000139068921096
417	0.000138744918465
418	0.000138422175512
419	0.00013810069367
420	0.000137780444315
421	0.000137461403887
422	0.000137143561568
423	0.000136826916028
424	0.000136511440196
425	0.000136197136871
426	0.000135883984011
427	0.000135571974512
428	0.000135261085556
429	0.00013495132146
430	0.000134642687808
431	0.000134335133955
432	0.000134028803496
433	0.00013372367852
434	0.000133419755299
435	0.000133116935582
436	0.000132815182686
437	0.000132514497124
438	0.000132214845703
439	0.000131916164545
440	0.00013161850342
441	0.000131321789508
442	0.000131026065386
443	0.000130731288485
444	0.000130437443048
445	0.000130144488477
446	0.000129852438355
447	0.0001295612571
448	0.000129270929231
449	0.000128981429382
450	0.000128692771697
451	0.00012840491187
452	0.000128117855837
453	0.000127831581275
454	0.000127546055297
455	0.000127261317029
456	0.000126977347024
457	0.000126694108966
458	0.000126411244867
459	0.000126129937185
460	0.000125848653769
461	0.000125567621707
462	0.000125288182417
463	0.00012500863461
464	0.000124730414771
465	0.000124452002603
466	0.000124174951443
467	0.000123897791999
468	0.000123621655488
469	0.000123346373509
470	0.000123070747899
471	0.000122796156066
472	0.000122522175606
473	0.000122248584581
474	0.000121975359988
475	0.000121702563197
476	0.000121430190115
477	0.000121158292531
478	0.000120886842216
479	0.000120615839311
480	0.000120345241928
481	0.000120075033385
482	0.000119805212698
483	0.000119535727616
484	0.00011926659429
485	0.000118997792326
486	0.000118729289612
487	0.000118461108434
488	0.000118193207797
489	0.000117925573378
490	0.000117658172064
491	0.000117391013939
492	0.00011712407378
493	0.000116857378334
494	0.000116590853201
495	0.000116324507277
496	0.000116058264544
497	0.000115792125102
498	0.000115526047524
499	0.000115260019846
500	0.00011499395531
501	0.000114727863636
502	0.000114461820295
503	0.000114195815367
504	0.000113929846746
505	0.000113663903356
506	0.000113397986156
507	0.000113132080657
508	0.000112866153303
509	0.000112600178845
510	0.000112334201359
511	0.000112068134024
512	0.000111802035826
513	0.000111535845333
514	0.000111235577804
515	0.000110973214813
516	0.000110678169938
517	0.000110418922337
518	0.000110126592936
519	0.000109836833616
520	0.000109581370814
521	0.00010929366097
522	0.000109007710018
523	0.000108724575241
524	0.000108444075405
525	0.000108165641947
526	0.000107888695862
527	0.00010761289012
528	0.000107338172253
529	0.000107064503828
530	0.000106791899173
531	0.000106520378985
532	0.000106249848137
533	0.0001059802619
534	0.000105711561652
535	0.000105443658453
536	0.000105176580823
537	0.000104910294359
538	0.000104644773806
539	0.00010438000714
540	0.000104115958128
541	0.000103852650951
542	0.000103590044007
543	0.000103328098615
544	0.000103066818508
545	0.000102806181723
546	0.000102546202685
547	0.000102286841486
548	0.000102028097428
549	0.000101769986051
550	0.000101512494738
551	0.00010125557886
552	0.000100999282664
553	0.000100743607147
554	0.000100488518158
555	0.000100233997044
556	9.9980060748e-05
