1	0.999999999998
2	0.797561608569
3	0.442067363381
4	0.131768318324
5	0.0290038965221
6	0.0574921486373
7	0.320290061954
8	0.127961748342
9	0.0532740323454
10	0.0327835279576
11	0.0713934170227
12	0.214702726344
13	0.360908796356
14	0.219200515971
15	0.0755590322658
16	0.04196865374
17	0.0467019918551
18	0.0406002332632
19	0.0281103396256
20	0.0163021375333
21	0.0124624022453
22	0.0156077207164
23	0.0147982951718
24	0.0110761985078
25	0.00754822788669
26	0.00588151717653
27	0.00628148090227
28	0.00625391244331
29	0.00533145759408
30	0.00432761737226
31	0.00362388036352
32	0.00345902121492
33	0.00332313828722
34	0.00322404614863
35	0.00305781434114
36	0.00292468950491
37	0.00284935659641
38	0.00282490462064
39	0.00276070650805
40	0.00266646751037
41	0.00258035607862
42	0.0025067455583
43	0.00244332631927
44	0.00238689341089
45	0.0023422095843
46	0.00230046759388
47	0.00225783715043
48	0.00221793054983
49	0.00218001979813
50	0.00214345061432
51	0.00210616287219
52	0.00207032118853
53	0.00203427189552
54	0.00199862391274
55	0.00196378780163
56	0.00193149173909
57	0.00189935958235
58	0.00186903162026
59	0.00183924106486
60	0.00180965535012
61	0.00178128042012
62	0.00175318550044
63	0.00172563845311
64	0.00169859950078
65	0.00167176499947
66	0.00164588443244
67	0.00161996157776
68	0.00159529341865
69	0.00157055205886
70	0.00154688026143
71	0.00152344135617
72	0.0015006579797
73	0.00147842310685
74	0.00145666853632
75	0.0014353610353
76	0.00141455312467
77	0.00139377448339
78	0.00137385493753
79	0.00135368133498
80	0.00133470561796
81	0.00131545835189
82	0.0012968418073
83	0.00127833486086
84	0.00126026742634
85	0.00124232036415
86	0.00122486989621
87	0.00120779468615
88	0.00119113905961
89	0.00117460229368
90	0.00115835297968
91	0.00114191804201
92	0.00112668296968
93	0.00111078282237
94	0.001095796187
95	0.00108087234296
96	0.00106619043044
97	0.00105184040908
98	0.00103729068253
99	0.00102339469188
100	0.00100979038974
101	0.000996312933735
102	0.000982829257509
103	0.000969695803285
104	0.000956782899109
105	0.000944175425611
106	0.000931534761743
107	0.000919306834235
108	0.000907443700892
109	0.000895522713274
110	0.00088359556931
111	0.000872119618036
112	0.000860802532415
113	0.000849569948893
114	0.000838562195481
115	0.000827551480142
116	0.000817038185219
117	0.000806658279193
118	0.000796287941798
119	0.000786227260703
120	0.000776103577486
121	0.000766392656702
122	0.000757836752797
123	0.000749407079846
124	0.000740691140311
125	0.000731938566384
126	0.000723266744763
127	0.000714697617257
128	0.00070623953714
129	0.000697906806145
130	0.000689713692164
131	0.000681654527523
132	0.000673728285288
133	0.000665928804906
134	0.000658218690528
135	0.00065072164208
136	0.000643246819361
137	0.000635973489674
138	0.000628741241793
139	0.000621640363019
140	0.000614673458095
141	0.000607825660781
142	0.000601075213418
143	0.000594419455614
144	0.000587862131811
145	0.000581403630722
146	0.000575046926166
147	0.000568786197744
148	0.00056261977514
149	0.000556546272431
150	0.000550564069378
151	0.000544672177184
152	0.000538867640573
153	0.000533148352879
154	0.000527511710029
155	0.000521958653255
156	0.000516486948659
157	0.000511097406368
158	0.000505790308927
159	0.000500563105342
160	0.000495413366034
161	0.000490340044621
162	0.000485348066371
163	0.000480425652542
164	0.000475569631284
165	0.000470780939439
166	0.000466068851534
167	0.000461420520832
168	0.000456836995022
169	0.000452315106665
170	0.000447855885389
171	0.000443462720551
172	0.000439133981475
173	0.000434864663431
174	0.000430652343857
175	0.000426496327479
176	0.000422397173629
177	0.000418354806026
178	0.000414365035998
179	0.000410429798481
180	0.000406548747232
181	0.000402718682567
182	0.000398939103309
183	0.000395209006461
184	0.000391525082488
185	0.000387892958489
186	0.000384311447026
187	0.000380778741422
188	0.000377293246267
189	0.000373852294681
190	0.000370456784403
191	0.000367104395836
192	0.000363795754544
193	0.000360524802032
194	0.000357294692734
195	0.000354105019016
196	0.000350953585211
197	0.00034784514045
198	0.000344776640164
199	0.000341745991827
200	0.000338752177467
201	0.000335794628707
202	0.000332873429895
203	0.000329987205628
204	0.000327135327576
205	0.000324319877796
206	0.000321538245224
207	0.000318790619733
208	0.000316075124764
209	0.000313391707753
210	0.000310739285425
211	0.000308117492137
212	0.000305525646222
213	0.00030296328183
214	0.000300431347179
215	0.000297929868847
216	0.000295457172808
217	0.000293013556129
218	0.000290599319588
219	0.000288213453049
220	0.000285855994672
221	0.000283525513616
222	0.000281221061441
223	0.000278942710122
224	0.000276689783543
225	0.000274461558254
226	0.000272258155783
227	0.000270078347481
228	0.000267922035211
229	0.000265789262421
230	0.000263680909852
231	0.000261595347466
232	0.000259532524155
233	0.000257492961585
234	0.000255476546902
235	0.000253481719807
236	0.000251508911239
237	0.000249557109079
238	0.000247625795334
239	0.00024571493896
240	0.000243824727128
241	0.000241955944701
242	0.000240107437458
243	0.000238278721036
244	0.000236469498993
245	0.000234679388099
246	0.000232908178782
247	0.000231156227598
248	0.000229423010102
249	0.000227708426938
250	0.000226011367323
251	0.00022433187473
252	0.000222669486996
253	0.000221024748787
254	0.000214358159755
255	0.000210016718644
256	0.000207989245897
257	0.000206854829211
258	0.000205795607432
259	0.000204590862451
260	0.000203247462027
261	0.000201834400467
262	0.000200404500456
263	0.000198979651196
264	0.000197565920104
265	0.000196165163524
266	0.00019478057887
267	0.000193414511142
268	0.000192068617637
269	0.000190740390407
270	0.000189426382848
271	0.000188124408582
272	0.000186833135025
273	0.000185550854079
274	0.000184279137082
275	0.00018301874678
276	0.000181769961347
277	0.000180534228303
278	0.000179310308593
279	0.00017809789685
280	0.000176896751946
281	0.000175706526764
282	0.000174527560833
283	0.000173359317128
284	0.000172201901658
285	0.000171054750625
286	0.000169917948769
287	0.000168791468123
288	0.000167675176522
289	0.000166569033132
290	0.000165473225939
291	0.000164387408355
292	0.000163311527416
293	0.000162245291284
294	0.000161188870649
295	0.000160141661119
296	0.000159103555764
297	0.00015807436869
298	0.0001570541269
299	0.000156042734318
300	0.000155040270859
301	0.000154046545846
302	0.000153061687698
303	0.000152085994863
304	0.000151119157605
305	0.00015016076202
306	0.000149210641369
307	0.000148268601947
308	0.000147334572211
309	0.000146408743074
310	0.00014549108276
311	0.000144581000343
312	0.000143678696147
313	0.000142784633897
314	0.0001418982865
315	0.000141019284729
316	0.000140147542906
317	0.000139283354175
318	0.00013842606523
319	0.000137576031751
320	0.00013673312295
321	0.000135897592677
322	0.00013506917024
323	0.000134247516859
324	0.000133432348077
325	0.000132623516466
326	0.00013182119134
327	0.00013102530875
328	0.000130235726115
329	0.000129452431662
330	0.000128675313113
331	0.000127904249836
332	0.000127139212163
333	0.000126380323082
334	0.000125627668226
335	0.000124880963637
336	0.000124140160028
337	0.000123404929447
338	0.000122675358059
339	0.00012195138548
340	0.000121232909346
341	0.000120519638824
342	0.000119811829236
343	0.000119109410935
344	0.000118412371965
345	0.000117720695606
346	0.00011703433744
347	0.000116353721167
348	0.000115678013291
349	0.000115007196149
350	0.000114341563719
351	0.000113680898575
352	0.000113025036937
353	0.000112374005012
354	0.000111727836519
355	0.000111086412021
356	0.000110449903052
357	0.000109818289603
358	0.000109191287023
359	0.000108569016794
360	0.000107951327533
361	0.000107338148678
362	0.00010672954216
363	0.00010612560676
364	0.000100785370363
365	9.74157687619e-05
366	9.6109604808e-05
367	9.58564209835e-05
368	9.57665350414e-05
369	9.55381759048e-05
370	9.51689235067e-05
371	9.47165423483e-05
372	9.42270151471e-05
373	9.37199993317e-05
374	9.32012262001e-05
375	9.26745884864e-05
376	9.21470774671e-05
377	9.16253188054e-05
378	9.11137575141e-05
379	9.06132055395e-05
380	9.01218645131e-05
381	8.96364728773e-05
382	8.91544555928e-05
383	8.86739709063e-05
384	8.8194561329e-05
385	8.77164726764e-05
386	8.72405069334e-05
387	8.67675135954e-05
388	8.6298030994e-05
389	8.58323925739e-05
390	8.53706368759e-05
391	8.49127241873e-05
392	8.44584349251e-05
393	8.40075507824e-05
394	8.35597896281e-05
395	8.31152398813e-05
396	8.26738226123e-05
397	8.22355472456e-05
398	8.18003277286e-05
399	8.13683263856e-05
400	8.09396837098e-05
401	8.05143222635e-05
402	8.00922982821e-05
403	7.96734999987e-05
404	7.92577831474e-05
405	7.88451062237e-05
406	7.84355038458e-05
407	7.80288851908e-05
408	7.76252474065e-05
409	7.72245420925e-05
410	7.68268628256e-05
411	7.64321678751e-05
412	7.60404340703e-05
413	7.56516204907e-05
414	7.52656270669e-05
415	7.48824711039e-05
416	7.45021460933e-05
417	7.41246439485e-05
418	7.37499948302e-05
419	7.33780999879e-05
420	7.30089281784e-05
421	7.26424789518e-05
422	7.22787911726e-05
423	7.1917708847e-05
424	7.15591157329e-05
425	7.12031784625e-05
426	7.08497618235e-05
427	7.04989080095e-05
428	7.01507045141e-05
429	6.98049577703e-05
430	6.94616101145e-05
431	6.91207622219e-05
432	6.87824503501e-05
433	6.8446754358e-05
434	6.81135010578e-05
435	6.77825921608e-05
436	6.74541536981e-05
437	6.71280953359e-05
438	6.68043682496e-05
439	6.64828818466e-05
440	6.61636931982e-05
441	6.5846795918e-05
442	6.55321579385e-05
443	6.52196988531e-05
444	6.49095501222e-05
445	6.4601576654e-05
446	6.42957445764e-05
447	6.39920891444e-05
448	6.36910816635e-05
449	6.33913861672e-05
450	6.30938842528e-05
451	6.2798770815e-05
452	6.25057963312e-05
453	6.22149315087e-05
454	6.19261042876e-05
455	6.16392292494e-05
456	6.13543821799e-05
457	6.10714734826e-05
458	6.29232899461e-05
459	6.17871968437e-05
460	6.06034823857e-05
461	6.20514580546e-05
462	6.07917513755e-05
463	6.1790016258e-05
464	6.03070419239e-05
465	6.12177490761e-05
466	5.96927509917e-05
467	6.06184199047e-05
468	6.12847560844e-05
469	5.92691470628e-05
470	5.98667642287e-05
471	6.04085252824e-05
472	6.05402952085e-05
473	6.03670030978e-05
474	6.0068776924e-05
475	5.97505413789e-05
476	5.94509750603e-05
477	5.91731028773e-05
478	5.89097272149e-05
479	5.86545073284e-05
480	5.84037248745e-05
481	5.81557676152e-05
482	5.79099193224e-05
483	5.76655240841e-05
484	5.74220949051e-05
485	5.71793152936e-05
486	5.69371119477e-05
487	5.669576064e-05
488	5.64556272606e-05
489	5.62170380358e-05
490	5.59801722214e-05
491	5.57450863724e-05
492	5.55117524815e-05
493	5.52800707874e-05
494	5.50497553297e-05
495	5.48211977703e-05
496	5.45938026315e-05
497	5.43677401326e-05
498	5.41429618343e-05
499	5.39195159979e-05
500	5.36975002445e-05
501	5.34769025622e-05
502	5.32576927563e-05
503	5.30398539926e-05
504	5.28233047057e-05
505	5.26080942023e-05
506	5.23941850602e-05
507	5.21815461029e-05
508	5.19701706141e-05
509	5.17600940974e-05
510	5.15513302162e-05
511	5.13438082181e-05
512	5.11375539069e-05
513	5.09325217068e-05
514	4.63723753184e-05
515	4.74122902869e-05
516	4.47504133868e-05
517	4.70618824607e-05
518	4.47889057652e-05
519	4.2496299421e-05
520	4.59925590356e-05
521	4.44088464312e-05
522	4.23572872155e-05
523	4.11716320251e-05
524	4.07165404506e-05
525	4.06573224144e-05
526	4.06760201923e-05
527	4.06517167444e-05
528	4.05655937859e-05
529	4.04362186903e-05
530	4.02851183273e-05
531	4.01211085046e-05
532	3.99574168657e-05
533	3.97973670056e-05
534	3.96180232523e-05
535	3.9450376799e-05
536	3.92689676944e-05
537	3.90976169665e-05
538	3.89358567158e-05
539	3.87639148407e-05
540	3.85937805118e-05
541	3.84276764012e-05
542	3.82591986912e-05
543	3.81044550851e-05
544	3.79426284767e-05
545	3.77795010577e-05
546	3.76178728513e-05
547	3.74582051592e-05
548	3.73001650672e-05
549	3.71433927045e-05
550	3.69878025453e-05
551	3.68333872158e-05
552	3.66802402924e-05
553	3.65284090932e-05
554	3.63779075389e-05
555	3.62286494185e-05
556	3.60807778026e-05
