1	0.0705822008602
2	0.0711728191221
3	0.0371428187447
4	0.0116004077254
5	0.00246845241195
6	0.00498444968288
7	0.0283933526819
8	0.011380882905
9	0.00469313955689
10	0.00274088963793
11	0.00617443798202
12	0.0190550219843
13	0.0322031745823
14	0.0194498987475
15	0.00650917090872
16	0.00356154181989
17	0.00408196414232
18	0.00355566518132
19	0.00243918277695
20	0.00138096467625
21	0.00105270929221
22	0.00136890546682
23	0.00130382952458
24	0.000966698473551
25	0.000645761749139
26	0.000486986368574
27	0.000525105814067
28	0.000525563538936
29	0.000447793847971
30	0.000361491878791
31	0.000301044592607
32	0.000290188053018
33	0.000281415869391
34	0.000274150294809
35	0.000259843980443
36	0.000248249785622
37	0.000242378271618
38	0.000241128670605
39	0.000236102771975
40	0.000228568268887
41	0.000221648069558
42	0.000215689056956
43	0.000210734626667
44	0.000206345727401
45	0.000202756994809
46	0.000199423546045
47	0.000195919305015
48	0.000192684447197
49	0.000189524060798
50	0.000186485031857
51	0.00018338660549
52	0.000180365177117
53	0.000177326399452
54	0.000174309263133
55	0.000171463325571
56	0.000168735922136
57	0.000166003709565
58	0.000163408295926
59	0.000160838684135
60	0.000158291866244
61	0.000155838778261
62	0.000153410232609
63	0.000151020422291
64	0.000148680857147
65	0.000146358213568
66	0.000144123042291
67	0.000141882054431
68	0.000139754799121
69	0.000137621630756
70	0.000135583991141
71	0.000133576495556
72	0.000131620624655
73	0.000129701781898
74	0.000127808895511
75	0.000125950263417
76	0.000124133027597
77	0.000122331346635
78	0.000120600907512
79	0.000118855561033
80	0.000117210566245
81	0.000115546161395
82	0.00011393815233
83	0.000112328033922
84	0.000110751859035
85	0.000109184668331
86	0.000107664498285
87	0.000106174336858
88	0.000104731665171
89	0.000103306198315
90	0.000101910483442
91	0.000100480003429
92	9.91391080789e-05
93	9.77425143029e-05
94	9.64391611894e-05
95	9.51448438059e-05
96	9.38683311363e-05
97	9.26332176258e-05
98	9.13590385429e-05
99	9.01283717228e-05
100	8.89280565584e-05
101	8.77607725928e-05
102	8.65955743388e-05
103	8.54506434258e-05
104	8.43046252555e-05
105	8.31907122733e-05
106	8.20804407379e-05
107	8.10247730093e-05
108	7.99751277894e-05
109	7.89172862078e-05
110	7.78685072093e-05
111	7.68632005118e-05
112	7.58594048867e-05
113	7.48593270921e-05
114	7.38903060137e-05
115	7.2922957305e-05
116	7.19782293829e-05
117	7.10745263398e-05
118	7.01493624187e-05
119	6.92675218765e-05
120	6.8372461851e-05
121	6.75336269791e-05
122	6.68293630001e-05
123	6.6126175826e-05
124	6.53901342705e-05
125	6.46459068071e-05
126	6.39041949073e-05
127	6.31682665727e-05
128	6.24405730831e-05
129	6.17220825015e-05
130	6.10135938865e-05
131	6.03157810861e-05
132	5.96286499528e-05
133	5.89515059718e-05
134	5.82808216819e-05
135	5.76293173051e-05
136	5.69784924479e-05
137	5.63454922811e-05
138	5.57151237073e-05
139	5.50961623335e-05
140	5.44892056569e-05
141	5.38922103627e-05
142	5.33034612116e-05
143	5.27225337141e-05
144	5.21499224167e-05
145	5.15860942427e-05
146	5.10308634883e-05
147	5.048401805e-05
148	4.99451915317e-05
149	4.94146542153e-05
150	4.88921312731e-05
151	4.83770971515e-05
152	4.78695790829e-05
153	4.73695614594e-05
154	4.68768852757e-05
155	4.63914295944e-05
156	4.59134120789e-05
157	4.54425566668e-05
158	4.49784667164e-05
159	4.45210823789e-05
160	4.4070347057e-05
161	4.36262157153e-05
162	4.31891483803e-05
163	4.27581581931e-05
164	4.23330464534e-05
165	4.1913848181e-05
166	4.15013315517e-05
167	4.10944565904e-05
168	4.06931007467e-05
169	4.02967091673e-05
170	3.99054962883e-05
171	3.95200097474e-05
172	3.91401683307e-05
173	3.8765464362e-05
174	3.83957634025e-05
175	3.80308922414e-05
176	3.76708531691e-05
177	3.73156684908e-05
178	3.69652774519e-05
179	3.6619530593e-05
180	3.6278393809e-05
181	3.59416098637e-05
182	3.56091770604e-05
183	3.52811584589e-05
184	3.49573807936e-05
185	3.46380315348e-05
186	3.43229304349e-05
187	3.40119506925e-05
188	3.37048222523e-05
189	3.34014290697e-05
190	3.31017336997e-05
191	3.28057387561e-05
192	3.25135550026e-05
193	3.2224719376e-05
194	3.19394620259e-05
195	3.16577838226e-05
196	3.13795398141e-05
197	3.11050020371e-05
198	3.08340305904e-05
199	3.05664068211e-05
200	3.03018234733e-05
201	3.00403091719e-05
202	2.97818291123e-05
203	2.95264101256e-05
204	2.92741278023e-05
205	2.90248557464e-05
206	2.8778560458e-05
207	2.85352352496e-05
208	2.82947739723e-05
209	2.80570022541e-05
210	2.78219487088e-05
211	2.75896272013e-05
212	2.73599779671e-05
213	2.7133036859e-05
214	2.69087327868e-05
215	2.6687022347e-05
216	2.64678367589e-05
217	2.62511366737e-05
218	2.60369660854e-05
219	2.58251773474e-05
220	2.56157770814e-05
221	2.54088278591e-05
222	2.52041814309e-05
223	2.50017315926e-05
224	2.48014814588e-05
225	2.46034184245e-05
226	2.44074660264e-05
227	2.42136202214e-05
228	2.40219483244e-05
229	2.38323781548e-05
230	2.36448910094e-05
231	2.34593823058e-05
232	2.32758742865e-05
233	2.30943510731e-05
234	2.29147990143e-05
235	2.27371824385e-05
236	2.25615488208e-05
237	2.2387773944e-05
238	2.22158328115e-05
239	2.20457185886e-05
240	2.18774552152e-05
241	2.17109511199e-05
242	2.15461889053e-05
243	2.13831621165e-05
244	2.12218253693e-05
245	2.10622003957e-05
246	2.09042240093e-05
247	2.07479421149e-05
248	2.05932849602e-05
249	2.04402102398e-05
250	2.02887218034e-05
251	2.01388274184e-05
252	1.9990483023e-05
253	1.98436172342e-05
254	1.92152896443e-05
255	1.88101817629e-05
256	1.86230071882e-05
257	1.85199862973e-05
258	1.84250636139e-05
259	1.83180006026e-05
260	1.81988270849e-05
261	1.80733715942e-05
262	1.79461128425e-05
263	1.78190026665e-05
264	1.76928376629e-05
265	1.75678470457e-05
266	1.7444325923e-05
267	1.73225815207e-05
268	1.7202662777e-05
269	1.70843637687e-05
270	1.69673775968e-05
271	1.68514349407e-05
272	1.67363589787e-05
273	1.6622123879e-05
274	1.6508827974e-05
275	1.63965312876e-05
276	1.62852886066e-05
277	1.61751510986e-05
278	1.60660230432e-05
279	1.59579393318e-05
280	1.58508623725e-05
281	1.57447730678e-05
282	1.56396787116e-05
283	1.55355897928e-05
284	1.5432464523e-05
285	1.53302744829e-05
286	1.52290077191e-05
287	1.51286608584e-05
288	1.50292152345e-05
289	1.49306428284e-05
290	1.48329673047e-05
291	1.47361776446e-05
292	1.46402354599e-05
293	1.45451455312e-05
294	1.44509105366e-05
295	1.43575191613e-05
296	1.42649242369e-05
297	1.4173118736e-05
298	1.40821232428e-05
299	1.39919455392e-05
300	1.39025717713e-05
301	1.38139927977e-05
302	1.3726158357e-05
303	1.36390999947e-05
304	1.35528282447e-05
305	1.34673129379e-05
306	1.33825226856e-05
307	1.32984543634e-05
308	1.32151244778e-05
309	1.31325024534e-05
310	1.3050594545e-05
311	1.2969385169e-05
312	1.28888569779e-05
313	1.2809048865e-05
314	1.27299171175e-05
315	1.26514310143e-05
316	1.25735792257e-05
317	1.24964122189e-05
318	1.2419871638e-05
319	1.2343981862e-05
320	1.22687186444e-05
321	1.21940853596e-05
322	1.21200774903e-05
323	1.20466549167e-05
324	1.19738066865e-05
325	1.1901529139e-05
326	1.18298252407e-05
327	1.17586854076e-05
328	1.16881080529e-05
329	1.1618093028e-05
330	1.1548634538e-05
331	1.14797406607e-05
332	1.14113885093e-05
333	1.13435873602e-05
334	1.12763211148e-05
335	1.12095902266e-05
336	1.1143400503e-05
337	1.10777016868e-05
338	1.10125044735e-05
339	1.09477948611e-05
340	1.088359802e-05
341	1.08198814062e-05
342	1.07566458712e-05
343	1.06938976833e-05
344	1.06316430425e-05
345	1.05698819398e-05
346	1.05085990808e-05
347	1.04478018905e-05
348	1.03874409672e-05
349	1.03275251929e-05
350	1.02680795704e-05
351	1.02090804841e-05
352	1.01505158304e-05
353	1.00924005975e-05
354	1.00347284777e-05
355	9.97747905474e-06
356	9.920658461e-06
357	9.86425840741e-06
358	9.80831657126e-06
359	9.75281221909e-06
360	9.69772018441e-06
361	9.64303314536e-06
362	9.5887450089e-06
363	9.53486051635e-06
364	9.02130936965e-06
365	8.70013891687e-06
366	8.57477676852e-06
367	8.54932164771e-06
368	8.54060478762e-06
369	8.52044725077e-06
370	8.48810639257e-06
371	8.44834454051e-06
372	8.40510860061e-06
373	8.36019433237e-06
374	8.31419137562e-06
375	8.26752111084e-06
376	8.22084744756e-06
377	8.17480545923e-06
378	8.12977318895e-06
379	8.0857969026e-06
380	8.04269180905e-06
381	8.00017836326e-06
382	7.95799346581e-06
383	7.91596277586e-06
384	7.87402315131e-06
385	7.83220004136e-06
386	7.79056015342e-06
387	7.74919023535e-06
388	7.70816051867e-06
389	7.66749653288e-06
390	7.62719380091e-06
391	7.5872375354e-06
392	7.54761292165e-06
393	7.50829695051e-06
394	7.46926919628e-06
395	7.43052311671e-06
396	7.39205655708e-06
397	7.35387162973e-06
398	7.31596914578e-06
399	7.27835122943e-06
400	7.2410256176e-06
401	7.2039804901e-06
402	7.16722566813e-06
403	7.13075100623e-06
404	7.09454676431e-06
405	7.0586096546e-06
406	7.02293707005e-06
407	6.98753259567e-06
408	6.95239539768e-06
409	6.91751460666e-06
410	6.88289688006e-06
411	6.84853706944e-06
412	6.81444182711e-06
413	6.78061185511e-06
414	6.7470233885e-06
415	6.71368286002e-06
416	6.68059430455e-06
417	6.64773726964e-06
418	6.61512149099e-06
419	6.58274184141e-06
420	6.55058771599e-06
421	6.51867090801e-06
422	6.48697879105e-06
423	6.4555065507e-06
424	6.42426965233e-06
425	6.39326133309e-06
426	6.36247355267e-06
427	6.33191057555e-06
428	6.30156680794e-06
429	6.27143659163e-06
430	6.24152199857e-06
431	6.21181707971e-06
432	6.18232324583e-06
433	6.15304362497e-06
434	6.12397740943e-06
435	6.09511631169e-06
436	6.06645866945e-06
437	6.03799378605e-06
438	6.00972108462e-06
439	5.98164775739e-06
440	5.95376663287e-06
441	5.92607542425e-06
442	5.89857758097e-06
443	5.87127291093e-06
444	5.84415551872e-06
445	5.81722163423e-06
446	5.79047452776e-06
447	5.76391318567e-06
448	5.73758028742e-06
449	5.71135247194e-06
450	5.68531172136e-06
451	5.65947010537e-06
452	5.63381830061e-06
453	5.60834191673e-06
454	5.58302960622e-06
455	5.55787819424e-06
456	5.53288920211e-06
457	9.97795778846e-06
458	5.67875456517e-06
459	5.5751452843e-06
460	9.90643845277e-06
461	5.60311506967e-06
462	9.94123525698e-06
463	5.58118975803e-06
464	9.86485546957e-06
465	5.53122081062e-06
466	9.76694545457e-06
467	9.92292433005e-06
468	5.54029107329e-06
469	9.70170128853e-06
470	9.80393319222e-06
471	9.89525886963e-06
472	9.91847412174e-06
473	9.89161440142e-06
474	9.84428671888e-06
475	9.79354311779e-06
476	9.74564406632e-06
477	9.70114562185e-06
478	9.65894313677e-06
479	9.61805705723e-06
480	9.57790624063e-06
481	9.53822598809e-06
482	9.49886812121e-06
483	9.45972880913e-06
484	9.42070086506e-06
485	9.38174395489e-06
486	9.34285735106e-06
487	9.30407799393e-06
488	9.26547070058e-06
489	9.22709605116e-06
490	9.18898738004e-06
491	9.15116053739e-06
492	9.11359763488e-06
493	9.07627975762e-06
494	9.03916260083e-06
495	9.00231968407e-06
496	8.96565024087e-06
497	8.92919395967e-06
498	8.89293455743e-06
499	8.85688255744e-06
500	8.82104019155e-06
501	8.78540627925e-06
502	8.74998276721e-06
503	8.71477227848e-06
504	8.6797726427e-06
505	8.64497454843e-06
506	8.61037556607e-06
507	8.57597274792e-06
508	8.54176307936e-06
509	8.50774458876e-06
510	8.47391986946e-06
511	8.44027984719e-06
512	8.40683171276e-06
513	8.37356535367e-06
514	7.55408129556e-06
515	7.76577098623e-06
516	7.29104627402e-06
517	7.70187901084e-06
518	7.2934776703e-06
519	6.89493882013e-06
520	7.51244859028e-06
521	7.22498707101e-06
522	6.86933495184e-06
523	6.66396938083e-06
524	6.58362075569e-06
525	6.57100514295e-06
526	6.5726796476e-06
527	6.5682514372e-06
528	6.5542944264e-06
529	6.53363139287e-06
530	6.50963087009e-06
531	6.48366156902e-06
532	6.45788278051e-06
533	6.43282291668e-06
534	6.40470930979e-06
535	6.37862690861e-06
536	6.35037226822e-06
537	6.32385292893e-06
538	6.29895596369e-06
539	6.27242238291e-06
540	6.24624119069e-06
541	6.22075032974e-06
542	6.19489333691e-06
543	6.17128957807e-06
544	6.14651512505e-06
545	6.12153459759e-06
546	6.0968109991e-06
547	6.07240812552e-06
548	6.04826202253e-06
549	6.02431766085e-06
550	6.00055847692e-06
551	5.97698010039e-06
552	5.95359375651e-06
553	5.93040749759e-06
554	5.90742369346e-06
555	5.88462682256e-06
556	5.86204244994e-06
