1	1
2	0.706304757234
3	0.0775715050837
4	0.0246514539096
5	0.0152908425823
6	0.0461209159839
7	0.132175509415
8	0.210334978735
9	0.0740309337339
10	0.0196865388018
11	0.0147941978276
12	0.0165810868811
13	0.0152518705377
14	0.0106182796186
15	0.00534874293771
16	0.00442016150063
17	0.00577153740718
18	0.00532613907198
19	0.00370554548193
20	0.00215966837419
21	0.00164530458002
22	0.00193733842477
23	0.00197385445623
24	0.00159232814971
25	0.00116492609756
26	0.000964484720272
27	0.000970342122318
28	0.000978061278736
29	0.000920835040015
30	0.000836426623149
31	0.000777188919438
32	0.000745480053534
33	0.000730306738225
34	0.00071201606942
35	0.000689961205994
36	0.000670325694322
37	0.000656774704073
38	0.000644826905677
39	0.000632531902272
40	0.000619071520142
41	0.000604988088005
42	0.000590704828439
43	0.000577197478649
44	0.000565041632237
45	0.000553526929606
46	0.000542572242297
47	0.000531981990636
48	0.000522074859729
49	0.00051242419832
50	0.000503080742021
51	0.000493619509919
52	0.000484654353745
53	0.000475852996119
54	0.000467085514989
55	0.000458672901218
56	0.000450648621953
57	0.00044281558658
58	0.000435220266512
59	0.000427877664889
60	0.000420640745347
61	0.000413692654091
62	0.000406846095688
63	0.000400206040027
64	0.000393752378967
65	0.000387376621979
66	0.000381265901692
67	0.000375150401424
68	0.000369382969961
69	0.000363594552756
70	0.000358092132958
71	0.000352645543578
72	0.000347357148226
73	0.00034220434241
74	0.000337155939461
75	0.000332204932155
76	0.000327386204982
77	0.000322629615199
78	0.000318091377889
79	0.000313516058386
80	0.000309227175982
81	0.000304900891483
82	0.000300750239205
83	0.000296632426812
84	0.0002926273589
85	0.00028869881455
86	0.00028487016328
87	0.000281077860604
88	0.000277377188443
89	0.000273734516867
90	0.000270197846799
91	0.000266677225964
92	0.0002632986622
93	0.000259852627364
94	0.000256616739651
95	0.000253349377058
96	0.000250120595897
97	0.000247009361646
98	0.000243947070321
99	0.000240874303898
100	0.000237933760017
101	0.000234997509819
102	0.00023209704123
103	0.000229233092531
104	0.00022643358674
105	0.000223678472791
106	0.000220892494643
107	0.000218237801963
108	0.000215640408531
109	0.000213019351878
110	0.000210388200727
111	0.000207841956881
112	0.000205343853565
113	0.000202828086751
114	0.000200358147825
115	0.000197888016476
116	0.000195496713291
117	0.000193150883886
118	0.000190788244248
119	0.000188487263847
120	0.000186165249298
121	0.000183940971599
122	0.000181997949876
123	0.000180148903761
124	0.000178223265867
125	0.000176297981229
126	0.000174396005034
127	0.000172526835921
128	0.000170693657448
129	0.000168896295605
130	0.000167134788204
131	0.000165408226153
132	0.000163714008544
133	0.000162051144389
134	0.000160416473733
135	0.000158816089621
136	0.000157239722158
137	0.000155694008694
138	0.000154170555341
139	0.000152674096911
140	0.000151202965363
141	0.000149755644394
142	0.000148330678453
143	0.000146927534749
144	0.000145545937177
145	0.000144185315739
146	0.00014284518115
147	0.000141524701647
148	0.000140223642152
149	0.000138941264401
150	0.000137677084228
151	0.000136430762011
152	0.000135202044277
153	0.000133990337101
154	0.000132795146252
155	0.000131616056771
156	0.000130452866173
157	0.00012930525422
158	0.00012817291139
159	0.000127055812269
160	0.000125954320364
161	0.000124867004847
162	0.000123793866134
163	0.000122734013261
164	0.00012168717512
165	0.000120653246127
166	0.000119632316266
167	0.00011862383774
168	0.000117627904045
169	0.000116643892576
170	0.000115671674853
171	0.000114711216513
172	0.00011376226468
173	0.000112824316036
174	0.000111897375851
175	0.00011098112279
176	0.000110075398672
177	0.000109180224362
178	0.000108295407614
179	0.000107420693312
180	0.000106555913506
181	0.000105700880884
182	0.000104855548483
183	0.000104019719265
184	0.000103193111816
185	0.000102375743554
186	0.000101567452846
187	0.000100768171999
188	9.99777770919e-05
189	9.91960318901e-05
190	9.84229732856e-05
191	9.76583437129e-05
192	9.69020800661e-05
193	9.61539186042e-05
194	9.5413979362e-05
195	9.46821260408e-05
196	9.39577796659e-05
197	9.32414274099e-05
198	9.25325174959e-05
199	9.18311147281e-05
200	9.11370818771e-05
201	9.04502709979e-05
202	8.97705002426e-05
203	8.9097800435e-05
204	8.84320792617e-05
205	8.77726812734e-05
206	8.7120413908e-05
207	8.64749030535e-05
208	8.5836013364e-05
209	8.52035787632e-05
210	8.45775124293e-05
211	8.39578339349e-05
212	8.334439288e-05
213	8.27370277837e-05
214	8.21356420533e-05
215	8.15402131667e-05
216	8.095078628e-05
217	8.0367258039e-05
218	7.97893770754e-05
219	7.92171954445e-05
220	7.86505684132e-05
221	7.80895059436e-05
222	7.75340312038e-05
223	7.69840000551e-05
224	7.64393332596e-05
225	7.58999892661e-05
226	7.53659852217e-05
227	7.48371142613e-05
228	7.43133385241e-05
229	7.37946339493e-05
230	7.32809587147e-05
231	7.2772213515e-05
232	7.22683068018e-05
233	7.17692225747e-05
234	7.12749288371e-05
235	7.0785310817e-05
236	7.03002121418e-05
237	6.98197315976e-05
238	6.93437609371e-05
239	6.88723773699e-05
240	6.8405521947e-05
241	6.79430100608e-05
242	6.74848777908e-05
243	6.70310174807e-05
244	6.65814344179e-05
245	6.61360385974e-05
246	6.56947875109e-05
247	6.52576716937e-05
248	6.48246374502e-05
249	6.43955748835e-05
250	6.39704452015e-05
251	6.35493166976e-05
252	6.31320520535e-05
253	6.27185862015e-05
254	6.25408128474e-05
255	6.22796529419e-05
256	6.19373609212e-05
257	6.15594900792e-05
258	6.11750025121e-05
259	6.07958548334e-05
260	6.0424048269e-05
261	6.00582558856e-05
262	5.96966544055e-05
263	5.93379475716e-05
264	5.89820505816e-05
265	5.86287054265e-05
266	5.82778967955e-05
267	5.79297963946e-05
268	5.75845768691e-05
269	5.72420956792e-05
270	5.69023452078e-05
271	5.65652817332e-05
272	5.62309086627e-05
273	5.58991767e-05
274	5.55700155002e-05
275	5.52434478155e-05
276	5.49194697875e-05
277	5.45980115849e-05
278	5.42790261683e-05
279	5.3962493957e-05
280	5.36484233197e-05
281	5.3336780477e-05
282	5.30274924289e-05
283	5.27205552992e-05
284	5.24159660163e-05
285	5.21137168196e-05
286	5.18137943744e-05
287	5.1516187815e-05
288	5.12208815437e-05
289	5.09278538441e-05
290	5.06370601271e-05
291	5.03484505042e-05
292	5.00620160009e-05
293	4.97777459155e-05
294	4.94956419217e-05
295	4.92156767421e-05
296	4.89377778879e-05
297	4.86619407174e-05
298	4.83881602962e-05
299	4.81163867938e-05
300	4.7846618035e-05
301	4.75788980547e-05
302	4.73131788355e-05
303	4.70493208232e-05
304	4.67875071307e-05
305	4.65276013748e-05
306	4.6269587122e-05
307	4.60134502786e-05
308	4.57592029152e-05
309	4.55067307408e-05
310	4.52560707008e-05
311	4.50073043432e-05
312	4.47603273858e-05
313	4.45151181168e-05
314	4.42716474027e-05
315	4.40299234883e-05
316	4.37898800933e-05
317	4.355150054e-05
318	4.33147685588e-05
319	4.30796792585e-05
320	4.28462185062e-05
321	4.26143381841e-05
322	4.2384035438e-05
323	4.21553288185e-05
324	4.19282222408e-05
325	4.17026525503e-05
326	4.14786133753e-05
327	4.12560971148e-05
328	4.10351158708e-05
329	4.08156470899e-05
330	4.05976703995e-05
331	4.03811713641e-05
332	4.01661282665e-05
333	3.99525097149e-05
334	3.97403043864e-05
335	3.95295194828e-05
336	3.9320168103e-05
337	3.91122194426e-05
338	3.89056639566e-05
339	3.87004819264e-05
340	3.84966698276e-05
341	3.82942232344e-05
342	3.80931210392e-05
343	3.78933603683e-05
344	3.76949180612e-05
345	3.74977945686e-05
346	3.73019737338e-05
347	3.7107429045e-05
348	3.69141593188e-05
349	3.67221468555e-05
350	3.65314074196e-05
351	3.63419067878e-05
352	3.61536404351e-05
353	3.59666091232e-05
354	3.57808188523e-05
355	3.55962479149e-05
356	3.54128341329e-05
357	3.5230680996e-05
358	3.50497313192e-05
359	3.48699289881e-05
360	3.46912764412e-05
361	3.45137739906e-05
362	3.43373995555e-05
363	3.4162163935e-05
364	3.42288187564e-05
365	3.42054034523e-05
366	3.41018956518e-05
367	3.39565136501e-05
368	3.37988460467e-05
369	3.36421382744e-05
370	3.34896218619e-05
371	3.33404347556e-05
372	3.31929221244e-05
373	3.30460406902e-05
374	3.28994834706e-05
375	3.27533060904e-05
376	3.26076735251e-05
377	3.24626858477e-05
378	3.23183948036e-05
379	3.2174801289e-05
380	3.20319122389e-05
381	3.18897486948e-05
382	3.17483010259e-05
383	3.16076111621e-05
384	3.14676922259e-05
385	3.13285455414e-05
386	3.11901688645e-05
387	3.10525531923e-05
388	3.0915691808e-05
389	3.07795732516e-05
390	3.06442048135e-05
391	3.05095856275e-05
392	3.03757030939e-05
393	3.02425583717e-05
394	3.01101530412e-05
395	2.99784751805e-05
396	2.98475388732e-05
397	2.97173326085e-05
398	2.95878473408e-05
399	2.94590793148e-05
400	2.93310125955e-05
401	2.92036551489e-05
402	2.90770062847e-05
403	2.89510619367e-05
404	2.88258295481e-05
405	2.87012997237e-05
406	2.85774706606e-05
407	2.84543395665e-05
408	2.83318993487e-05
409	2.82101390894e-05
410	2.80890495246e-05
411	2.79686303175e-05
412	2.78488828901e-05
413	2.77298095132e-05
414	2.76114012449e-05
415	2.74936480338e-05
416	2.73765588305e-05
417	2.72601174349e-05
418	2.71443174351e-05
419	2.70291613435e-05
420	2.69146454008e-05
421	2.68007620556e-05
422	2.66875025217e-05
423	2.65748703537e-05
424	2.64628623985e-05
425	2.63514717781e-05
426	2.62406937675e-05
427	2.6130529986e-05
428	2.60209903535e-05
429	2.59120536598e-05
430	2.58037139117e-05
431	2.56959784517e-05
432	2.5588830212e-05
433	2.54822626703e-05
434	2.53763215795e-05
435	2.52709630967e-05
436	2.51661812077e-05
437	2.50619834946e-05
438	2.49583601101e-05
439	2.48553136779e-05
440	2.47528523156e-05
441	2.46509506451e-05
442	2.45496074894e-05
443	2.44488131332e-05
444	2.43485693183e-05
445	2.42488760947e-05
446	2.41497410265e-05
447	2.4051157068e-05
448	2.39531484178e-05
449	2.38556497488e-05
450	2.37586870601e-05
451	2.3662249823e-05
452	2.35663381659e-05
453	2.34709405298e-05
454	2.33760526875e-05
455	2.32816689871e-05
456	2.31877871611e-05
457	2.309442183e-05
458	2.29759938702e-05
459	2.2895870025e-05
460	2.2813808046e-05
461	2.27008947986e-05
462	2.26233422507e-05
463	2.25169921526e-05
464	2.24426024917e-05
465	2.23382169144e-05
466	2.22652948836e-05
467	2.21613912614e-05
468	2.20631434485e-05
469	2.19975439146e-05
470	2.18986302658e-05
471	2.18029267383e-05
472	2.17131919585e-05
473	2.16268662616e-05
474	2.15420355029e-05
475	2.14579048933e-05
476	2.13741704225e-05
477	2.12907275435e-05
478	2.12076017495e-05
479	2.11248355242e-05
480	2.10424662081e-05
481	2.09605223805e-05
482	2.08790098147e-05
483	2.07979273487e-05
484	2.07172876715e-05
485	2.06370798746e-05
486	2.0557306199e-05
487	2.04779576721e-05
488	2.03990259601e-05
489	2.0320512713e-05
490	2.02424095076e-05
491	2.0164722881e-05
492	2.00874414722e-05
493	2.00105667455e-05
494	1.99340840877e-05
495	1.98580291673e-05
496	1.97823742585e-05
497	1.97071279543e-05
498	1.96322961738e-05
499	1.95578642513e-05
500	1.94838127523e-05
501	1.94101392406e-05
502	1.93368448822e-05
503	1.92639288086e-05
504	1.91913838113e-05
505	1.91192062174e-05
506	1.90473974521e-05
507	1.89759502336e-05
508	1.89048695499e-05
509	1.8834142906e-05
510	1.87637795326e-05
511	1.86937764024e-05
512	1.86241301867e-05
513	1.8554835962e-05
514	1.87521413004e-05
515	1.85801118651e-05
516	1.8695573927e-05
517	1.84787453189e-05
518	1.85782624958e-05
519	1.86382621415e-05
520	1.8358907592e-05
521	1.84266959592e-05
522	1.84730974099e-05
523	1.84755147791e-05
524	1.84490633127e-05
525	1.84062898827e-05
526	1.83571775933e-05
527	1.83064288586e-05
528	1.82556523098e-05
529	1.82050373419e-05
530	1.81544135569e-05
531	1.81034396125e-05
532	1.80524398376e-05
533	1.80016782842e-05
534	1.79505342199e-05
535	1.78997692369e-05
536	1.78487372555e-05
537	1.77978976153e-05
538	1.77474415122e-05
539	1.76969545131e-05
540	1.76465490073e-05
541	1.75962802323e-05
542	1.75459870086e-05
543	1.74961977307e-05
544	1.74465497904e-05
545	1.73970850067e-05
546	1.73478219745e-05
547	1.72987686277e-05
548	1.72499267339e-05
549	1.72012978723e-05
550	1.71528879219e-05
551	1.71046962506e-05
552	1.70567219393e-05
553	1.70089635897e-05
554	1.69614207586e-05
555	1.69140955468e-05
556	1.68669826579e-05
