1	0
2	0
3	0
4	0
5	0
6	1
7	1
8	1
9	1
10	1
11	1
12	1
13	1
14	1
15	1
16	1
17	1
18	1
19	1
20	1
21	1
22	1
23	2
24	2
25	2
26	2
27	2
28	2
29	2
30	2
31	2
32	2
33	2
34	2
35	2
36	2
37	2
38	2
39	2
40	2
41	3
42	3
43	3
44	3
45	3
46	3
47	3
48	3
49	3
50	3
51	3
52	3
53	3
54	3
55	3
56	3
57	3
58	4
59	4
60	4
61	4
62	4
63	4
64	4
65	4
66	4
67	4
68	4
69	4
70	4
71	4
72	4
73	4
74	4
75	5
76	5
77	5
78	5
79	5
80	5
81	5
82	5
83	5
84	5
85	5
86	5
87	5
88	5
89	5
90	5
91	5
92	6
93	6
94	6
95	6
96	6
97	6
98	6
99	6
100	6
101	6
102	6
103	6
104	6
105	6
106	6
107	6
108	6
109	7
110	7
111	7
112	7
113	7
114	7
115	7
116	7
117	7
118	7
119	7
120	7
121	7
122	7
123	7
124	7
125	7
126	8
127	8
128	8
129	8
130	8
131	8
132	8
133	8
134	8
135	8
136	8
137	8
138	8
139	8
140	8
141	8
142	8
143	9
144	9
145	9
146	9
147	9
148	9
149	9
150	9
151	9
152	9
153	9
154	9
155	9
156	9
157	9
158	9
159	9
160	9
161	10
162	10
163	10
164	10
165	10
166	10
167	10
168	10
169	10
170	10
171	10
172	10
173	10
174	10
175	10
176	10
177	11
178	11
179	11
180	11
181	11
182	11
183	11
184	11
185	11
186	11
187	11
188	11
189	11
190	11
191	11
192	11
193	11
194	12
195	12
196	12
197	12
198	12
199	12
200	12
201	12
202	12
203	12
204	12
205	12
206	12
207	12
208	12
209	12
210	12
211	13
212	13
213	13
214	13
215	13
216	13
217	13
218	13
219	13
220	13
221	13
222	13
223	13
224	13
225	13
226	13
227	14
228	14
229	14
230	14
231	14
232	14
233	14
234	14
235	14
236	14
237	14
238	14
239	14
240	14
241	14
242	14
243	14
244	15
245	15
246	15
247	15
248	15
249	15
250	15
251	15
252	15
253	15
254	15
255	15
256	15
257	15
258	15
259	15
260	16
261	16
262	16
263	16
264	16
265	16
266	16
267	16
268	16
269	16
270	16
271	16
272	16
273	16
274	16
275	16
276	16
277	17
278	17
279	17
280	17
281	17
282	17
283	17
284	17
285	17
286	17
287	17
288	17
289	17
290	17
291	17
292	17
293	17
294	18
295	18
296	18
297	18
298	18
299	18
300	18
301	18
302	18
303	18
304	18
305	18
306	18
307	18
308	18
309	18
310	19
311	19
312	19
313	19
314	19
315	19
316	19
317	19
318	19
319	19
320	19
321	19
322	19
323	19
324	19
325	19
326	20
327	20
328	20
329	20
330	20
331	20
332	20
333	20
334	20
335	20
336	20
337	20
338	20
339	20
340	20
341	20
342	20
343	21
344	21
345	21
346	21
347	21
348	21
349	21
350	21
351	21
352	21
353	21
354	21
355	21
356	21
357	21
358	21
359	21
360	22
361	22
362	22
363	22
364	22
365	22
366	22
367	22
368	22
369	22
370	22
371	22
372	22
373	22
374	22
375	22
376	22
377	23
378	23
379	23
380	23
381	23
382	23
383	23
384	23
385	23
386	23
387	23
388	23
389	23
390	23
391	23
392	23
393	23
394	24
395	24
396	24
397	24
398	24
399	24
400	24
401	24
402	24
403	24
404	24
405	24
406	24
407	24
408	24
409	24
410	24
411	25
412	25
413	25
414	25
415	25
416	25
417	25
418	25
419	25
420	25
421	25
422	25
423	25
424	25
425	25
426	25
427	25
428	26
429	26
430	26
431	26
432	26
433	26
434	26
435	26
436	26
437	26
438	26
439	26
440	26
441	26
442	26
443	26
444	26
445	27
446	27
447	27
448	27
449	27
450	27
451	27
452	27
453	27
454	27
455	27
456	27
457	27
458	27
459	27
460	27
461	27
462	27
463	28
464	28
465	28
466	28
467	28
468	28
469	28
470	28
471	28
472	28
473	28
474	28
475	28
476	28
477	28
478	28
479	28
480	29
481	29
482	29
483	29
484	29
485	29
486	29
487	29
488	29
489	29
490	29
491	29
492	29
493	29
494	29
495	29
496	29
497	29
498	30
499	30
500	30
501	30
502	30
503	30
504	30
505	30
506	30
507	30
508	30
509	30
510	30
511	30
512	30
513	30
514	30
515	31
516	31
517	31
518	31
519	31
520	31
521	31
522	31
523	31
524	31
525	31
526	31
527	31
528	31
529	31
530	31
531	31
532	32
533	32
534	32
535	32
536	32
537	32
538	32
539	32
540	32
541	32
542	32
543	32
544	32
545	32
546	32
547	32
548	32
549	32
550	33
551	33
552	33
553	33
554	33
555	33
556	33
557	33
558	33
559	33
560	33
561	33
562	33
563	33
564	33
565	33
566	33
567	34
568	34
569	34
570	34
571	34
572	34
573	34
574	34
575	34
576	34
577	34
578	34
579	34
580	34
581	34
582	34
583	35
584	35
585	35
586	35
587	35
588	35
589	35
590	35
591	35
592	35
593	35
594	35
595	35
596	35
597	35
598	35
599	35
600	36
601	36
602	36
603	36
604	36
605	36
606	36
607	36
608	36
609	36
610	36
611	36
612	36
613	36
614	36
615	36
616	36
617	37
618	37
619	37
620	37
621	37
