1	-0.000112696697302
2	-0.0229052913402
3	-0.0414003301467
4	-0.0246988030766
5	-0.0515593466067
6	-0.0672793126296
7	0.0313385503871
8	0.0224895788884
9	0.0408230295034
10	0.0437932599849
11	0.0443577922577
12	0.0459553915575
13	0.0456884968105
14	0.0445175620947
15	0.043755308512
16	0.0436177095683
17	0.0429393485785
18	0.0443217978788
19	0.044469776961
20	0.044891384113
21	0.0451512449733
22	0.0454792121981
23	0.0451247767068
24	0.0450306294346
25	0.0447569406019
26	0.0444864765895
27	0.0442552810152
28	0.044348745152
29	0.044437158354
30	0.0445206134144
31	0.0444913022321
32	0.0447032267455
33	0.0448445336366
34	0.0449548261819
35	0.0450669908249
36	0.045203926662
37	0.0452695774686
38	0.0453160808749
39	0.0453185903796
40	0.0453400159559
41	0.0453536335473
42	0.0453665807496
43	0.0453973018283
44	0.0454359562608
45	0.0454601167619
46	0.0454754497885
47	0.0454834783514
48	0.0454896379867
49	0.0455030201425
50	0.0455136597857
51	0.0455250777054
52	0.0455300437008
53	0.0455263156644
54	0.0455280313119
55	0.0455318640281
56	0.0455347534678
57	0.0455362706424
58	0.0455381495524
59	0.0455407239351
60	0.0455419266829
61	0.0455428219934
62	0.0455435408029
63	0.0455444250999
64	0.0455453145108
65	0.0455467887747
66	0.0455493697794
67	0.0455518485909
68	0.0455546998469
69	0.0455559086908
70	0.0455566813391
71	0.0455579520522
72	0.0455591129277
73	0.0455605189638
74	0.0455630517145
75	0.0455637459554
76	0.0455657675841
77	0.045567220718
78	0.045566130839
79	0.0455657883268
80	0.0455638060486
81	0.0455643542974
82	0.0455647462838
83	0.0455652412382
84	0.0455662656433
85	0.0455652173604
86	0.0455655025359
87	0.0455659117442
88	0.045566732594
89	0.0455680133202
90	0.0455687508204
91	0.0455705184224
92	0.0455708800954
93	0.0455710508479
94	0.0455717101027
95	0.0455725102951
96	0.0455721303627
97	0.0455713715874
98	0.0455716675621
99	0.0455718670913
100	0.0455734271307
101	0.045573553415
102	0.0455750674713
103	0.0455760085336
104	0.0455773562403
105	0.0455781075716
106	0.0455785527599
107	0.0455791823507
108	0.0455795480756
109	0.0455794122958
110	0.0455796146553
111	0.0455795935254
112	0.0455807200699
113	0.0455808073393
114	0.0455810465438
115	0.0455814395697
116	0.0455824121303
117	0.0455832711147
118	0.0455840139828
119	0.0455841333275
120	0.0455841457052
121	0.0455844336474
122	0.0455845256782
123	0.0455847177856
124	0.0455850992685
125	0.0455861264695
126	0.0455861309603
127	0.0455864699879
128	0.0455871174754
129	0.0455878998989
130	0.0455888111987
131	0.0455896870092
132	0.0455896920713
133	0.0455898284706
134	0.0455899487934
135	0.0455900860743
136	0.0455904858372
137	0.0455905749552
138	0.0455908565781
139	0.0455916050686
140	0.0455921956276
141	0.0455925993436
142	0.0455929529202
143	0.0455929549342
144	0.0455928780575
145	0.0455930699311
146	0.0455927107758
147	0.0455928122415
148	0.0455931605567
149	0.0455938296759
150	0.0455942856665
151	0.0455948334969
152	0.0455950774302
153	0.045595198909
154	0.045595283289
155	0.0455953745671
156	0.0455954610542
157	0.0455956307805
158	0.0455960873128
159	0.0455966345434
160	0.0455970969053
161	0.0455971547144
162	0.0455970667647
163	0.0455968603136
164	0.0455970144995
165	0.0455973827442
166	0.045597748867
167	0.0455981682784
168	0.0455985792223
169	0.0455991555375
170	0.0455990304543
171	0.0455990978694
172	0.0455992940964
173	0.0455994584471
174	0.0455997206036
175	0.0456001531534
176	0.0456002236626
177	0.0456004294246
178	0.0456006151265
179	0.0456006591619
180	0.0456009093299
181	0.0456011213668
182	0.0456012398155
183	0.0456013755964
184	0.0456015406934
185	0.045601631207
186	0.0456015665974
187	0.0456017289887
188	0.0456018318372
189	0.0456018958483
190	0.0456018166054
191	0.0456019572605
192	0.0456020512318
193	0.045602134951
194	0.045602214297
195	0.0456022798037
196	0.0456024413272
197	0.045602360161
198	0.0456024687523
199	0.0456025633034
200	0.0456026708575
201	0.0456027180592
202	0.0456027058997
203	0.0456028142001
204	0.0456028850467
205	0.0456029595327
206	0.0456030633513
207	0.0456031104881
208	0.0456031607081
209	0.0456031911083
210	0.0456031860362
211	0.0456031665475
212	0.0456031611674
213	0.0456032001264
214	0.0456032439593
215	0.0456032510072
216	0.0456032715049
217	0.0456032784441
218	0.0456033072655
219	0.0456033137306
220	0.045603331538
221	0.0456033859932
222	0.0456034022275
223	0.0456034062351
224	0.0456033942967
225	0.0456034246384
226	0.0456034629423
227	0.0456035113757
228	0.0456035474479
229	0.0456035790312
230	0.0456036288414
231	0.0456036537428
232	0.0456036557557
233	0.0456036952499
234	0.0456037262073
235	0.0456037023818
236	0.0456038183475
237	0.0456038504105
238	0.0456038938968
239	0.0456039274839
240	0.0456039657246
241	0.0456039976857
242	0.0456040187906
243	0.0456040607796
244	0.0456040819808
245	0.0456040799072
246	0.0456040636385
247	0.0456040533737
248	0.0456040735641
249	0.0456041059405
250	0.0456041468449
251	0.0456041780763
252	0.0456042142078
253	0.0456042456464
254	0.0456042638736
255	0.045604302146
256	0.0456043300897
257	0.0456043533525
258	0.0456043952755
259	0.0456044166432
260	0.0456044143947
261	0.045604396657
262	0.0456044171412
263	0.0456044496838
264	0.0456044888215
265	0.0456045147815
266	0.0456045402191
267	0.0456045699353
268	0.0456045661094
269	0.0456045970595
270	0.0456046342909
271	0.0456046623708
272	0.0456046896187
273	0.0456047188215
274	0.0456047356007
275	0.0456047656302
276	0.0456048019959
277	0.0456048295934
278	0.0456048595275
279	0.0456048853231
280	0.0456048854555
281	0.0456049083229
282	0.0456049375021
283	0.0456049730984
284	0.0456049997695
285	0.0456050227482
286	0.0456050579821
287	0.045605079085
288	0.0456050851106
289	0.0456051214975
290	0.0456051349151
291	0.0456051602627
292	0.0456051861167
293	0.0456052151702
294	0.0456052382135
295	0.0456052687706
296	0.045605292353
297	0.0456053162838
298	0.0456053404534
299	0.0456053469969
300	0.045605336573
301	0.0456053310264
302	0.0456053262468
303	0.0456053258936
304	0.0456053376808
305	0.0456053515247
306	0.0456053597283
307	0.0456053554147
308	0.0456053627138
309	0.0456053854068
310	0.0456054072015
311	0.045605413297
312	0.0456054321115
313	0.0456054504904
314	0.0456054649339
315	0.045605476297
316	0.0456054761063
317	0.0456054766809
318	0.0456055041825
319	0.0456055217853
320	0.0456055296267
321	0.0456055499131
322	0.0456055781861
323	0.0456055942834
324	0.0456056018968
325	0.0456056210684
326	0.0456056486899
327	0.0456056641407
328	0.0456056731022
329	0.0456056916006
330	0.0456057187798
331	0.0456057344019
332	0.0456057429471
333	0.0456057602244
334	0.0456057861153
335	0.0456058022488
336	0.0456058115941
337	0.0456058290331
338	0.0456058431727
339	0.0456058597294
340	0.0456058727873
341	0.0456058721253
342	0.0456058791914
343	0.0456058949597
344	0.0456059010419
345	0.0456059034515
346	0.0456059106061
347	0.0456059369524
348	0.0456059488394
349	0.0456059668141
350	0.045605991387
351	0.0456060052521
352	0.0456060144639
353	0.0456060350751
354	0.045606061042
355	0.0456060711996
356	0.0456060886982
357	0.0456061128524
358	0.045606125188
359	0.0456061373292
360	0.0456061559159
361	0.0456061722704
362	0.0456061780156
363	0.0456062046677
364	0.0456062190505
365	0.0456062311584
366	0.045606254253
367	0.0456062626565
368	0.0456062808359
369	0.0456062965796
370	0.0456062986618
371	0.0456063075432
372	0.0456063196756
373	0.0456063464681
374	0.0456063577707
375	0.0456063807046
376	0.0456063900253
377	0.0456064016207
378	0.0456064199882
379	0.0456064336434
380	0.0456064430713
381	0.0456064595071
382	0.0456064734541
383	0.0456064833649
384	0.0456065043459
385	0.045606511909
386	0.0456065307214
387	0.0456065433782
388	0.045606551849
389	0.0456065648708
390	0.0456065822043
391	0.0456065975908
392	0.0456066128121
393	0.0456066322267
394	0.0456066399712
395	0.0456066531885
396	0.0456066710376
397	0.0456067036765
398	0.0456067006292
399	0.0456067170196
400	0.0456067468904
401	0.0456067628719
402	0.0456067752659
403	0.0456067861473
404	0.0456067935667
405	0.0456067807233
406	0.0456068073993
407	0.0456068191415
408	0.0456068530966
409	0.0456068991464
410	0.04560694068
411	0.0456069431764
412	0.0456069493262
413	0.0456069737816
414	0.0456069681285
415	0.0456069888919
416	0.0456070198453
417	0.0456070386758
418	0.0456070676761
419	0.0456070624687
420	0.0456070832895
421	0.0456071115922
422	0.0456071251101
423	0.0456071540537
424	0.0456071452469
425	0.0456071651453
426	0.0456071915612
427	0.0456072212554
428	0.0456072382952
429	0.0456072648668
430	0.0456072577557
431	0.0456072787996
432	0.0456072733318
433	0.0456072695076
434	0.045607259418
435	0.0456072816962
436	0.0456072837261
437	0.0456072731035
438	0.0456073052895
439	0.0456073179031
440	0.0456073419939
441	0.0456073338955
442	0.0456073582233
443	0.0456073868341
444	0.0456073946137
445	0.0456073848275
446	0.0456074101337
447	0.0456074337398
448	0.0456074235664
449	0.0456074168653
450	0.0456074183721
451	0.0456074109148
452	0.045607441271
453	0.0456074549118
454	0.0456074757035
455	0.0456074685769
456	0.0456074910581
457	0.0456075162548
458	0.0456075225337
459	0.0456075152001
460	0.0456075382631
461	0.045607559711
462	0.0456075575354
463	0.0456075871049
464	0.0456075898959
465	0.0456076170612
466	0.0456076505765
467	0.04560766035
468	0.0456076865601
469	0.0456076933858
470	0.0456077185795
471	0.0456077250953
472	0.0456077519516
473	0.0456077630379
474	0.0456077976174
475	0.0456078041368
476	0.0456078304433
477	0.0456078412183
478	0.0456078716177
479	0.0456078779691
480	0.0456079047063
481	0.0456079148905
482	0.0456079420826
483	0.0456079480447
484	0.0456079725402
485	0.0456079782091
486	0.0456080023548
487	0.045608011618
488	0.0456080347513
489	0.0456080375414
490	0.0456080572447
491	0.0456080568222
492	0.0456080761593
493	0.0456080758479
494	0.0456080947897
495	0.0456080945691
496	0.0456081133801
497	0.0456081128852
498	0.045608131543
499	0.0456081307266
500	0.0456081491268
501	0.0456081482586
502	0.0456081662716
503	0.0456081656289
504	0.0456081830432
505	0.0456081829849
506	0.0456082587358
507	0.045608352109
508	0.0456084212013
509	0.0456084794746
510	0.0456085062764
511	0.0456085277155
512	0.0456085320492
513	0.0456085809697
514	0.0456085924332
515	0.0456086160466
516	0.0456086373838
517	0.0456086607679
518	0.045608685105
519	0.0456087090579
520	0.0456087323404
521	0.0456087552467
522	0.0456087781118
523	0.0456088011236
524	0.0456088243195
525	0.0456088476617
526	0.0456088710709
527	0.0456088944809
528	0.0456089178411
529	0.0456089411287
530	0.0456089643374
531	0.0456089874678
532	0.0456090105224
533	0.0456090335035
534	0.0456090564093
535	0.0456090792317
536	0.0456091019654
537	0.0456091246097
538	0.0456091471652
539	0.0456091696323
540	0.0456091920108
541	0.0456092143189
542	0.0456092365554
543	0.0456092587065
544	0.0456092807615
545	0.0456093027134
546	0.0456093245582
547	0.0456093462848
548	0.0456093678957
549	0.0456093893993
550	0.0456094108031
551	0.0456094321112
552	0.0456094533247
553	0.0456094744424
554	0.0456094954622
555	0.0456095163817
556	0.0456095371994
557	0.045609557914
558	0.0456095785251
559	0.0456095990324
560	0.0456096194359
561	0.0456096397307
562	0.0456096599139
563	0.0456096799866
564	0.0456096999505
565	0.0456097198082
566	0.0456097395702
567	0.0456097592355
568	0.0456097787967
569	0.0456097982487
570	0.0456098175927
571	0.0456098368305
572	0.0456098559636
573	0.0456098744157
574	0.0456098927982
575	0.0456099111456
576	0.045609929435
577	0.0456099472682
578	0.0456099654062
579	0.0456099834094
580	0.0456100015343
581	0.0456100196197
582	0.0456100377851
583	0.0456100559283
584	0.0456100740644
585	0.0456100921741
586	0.0456101102784
587	0.0456101283708
588	0.0456101464578
589	0.045610164534
590	0.0456101826004
591	0.0456102006539
592	0.0456102185902
593	0.0456102365261
594	0.0456102544045
595	0.0456102722401
596	0.0456102900287
597	0.0456103077679
598	0.0456103254546
599	0.0456103430856
600	0.0456103606584
601	0.0456103781725
602	0.0456103956262
603	0.0456104125323
604	0.0456104293139
605	0.0456104460228
606	0.0456104626603
607	0.0456104792223
608	0.0456104957045
609	0.0456105121061
610	0.0456105284342
611	0.0456105446939
612	0.0456105608856
613	0.045610577007
614	0.0456105930553
615	0.0456106090287
616	0.0456106249282
617	0.0456106407565
618	0.0456106565124
619	0.0456106721937
620	0.045610687799
621	0.0456107033276
