1	-0.000112696697302
2	-0.0227925946429
3	-0.0184950388064
4	0.01670152707
5	-0.0268605435301
6	-0.0157199660228
7	0.0986178630167
8	-0.00884897149871
9	0.018333450615
10	0.00297023048146
11	0.000564532272803
12	0.00159759929988
13	-0.000266894746992
14	-0.00117093471583
15	-0.000762253582741
16	-0.000137598943649
17	-0.000678360989828
18	0.00138244930033
19	0.000147979082168
20	0.000421607151963
21	0.000259860860351
22	0.00032796722481
23	-0.000354435491302
24	-9.414727217e-05
25	-0.000273688832781
26	-0.000270464012316
27	-0.000231195574389
28	9.34641368907e-05
29	8.84132019988e-05
30	8.34550603966e-05
31	-2.93111823885e-05
32	0.000211924513451
33	0.000141306891125
34	0.000110292545281
35	0.000112164643033
36	0.000136935837093
37	6.56508065921e-05
38	4.65034062843e-05
39	2.50950472996e-06
40	2.14255763037e-05
41	1.36175913455e-05
42	1.29472023283e-05
43	3.07210786661e-05
44	3.86544324699e-05
45	2.41605011087e-05
46	1.53330266485e-05
47	8.02856290218e-06
48	6.15963525094e-06
49	1.33821558317e-05
50	1.06396431964e-05
51	1.14179197266e-05
52	4.96599540753e-06
53	-3.72803644392e-06
54	1.71564753629e-06
55	3.83271618638e-06
56	2.88943969999e-06
57	1.51717462099e-06
58	1.87890994796e-06
59	2.57438270885e-06
60	1.2027477853e-06
61	8.95310521963e-07
62	7.18809498003e-07
63	8.84297042687e-07
64	8.89410815772e-07
65	1.47426390583e-06
66	2.58100475593e-06
67	2.47881146967e-06
68	2.85125606033e-06
69	1.20884382948e-06
70	7.7264830321e-07
71	1.27071310368e-06
72	1.16087555968e-06
73	1.40603605972e-06
74	2.53275073492e-06
75	6.94240908126e-07
76	2.02162862753e-06
77	1.45313394246e-06
78	-1.08987903708e-06
79	-3.42512161481e-07
80	-1.98227823123e-06
81	5.48248778202e-07
82	3.91986400879e-07
83	4.94954465596e-07
84	1.02440507107e-06
85	-1.04828292667e-06
86	2.85175552698e-07
87	4.09208242014e-07
88	8.2084988326e-07
89	1.28072610237e-06
90	7.37500273495e-07
91	1.76760197527e-06
92	3.61672981801e-07
93	1.70752469575e-07
94	6.59254810391e-07
95	8.00192413688e-07
96	-3.79932418422e-07
97	-7.58775254231e-07
98	2.95974743717e-07
99	1.99529167619e-07
100	1.56003942614e-06
101	1.26284256127e-07
102	1.51405633134e-06
103	9.41062263397e-07
104	1.34770672925e-06
105	7.51331267188e-07
106	4.45188292038e-07
107	6.29590859469e-07
108	3.65724847935e-07
109	-1.3577981951e-07
110	2.0235951863e-07
111	-2.11298705897e-08
112	1.12654445752e-06
113	8.72694100734e-08
114	2.39204549745e-07
115	3.93025821521e-07
116	9.72560604118e-07
117	8.58984403312e-07
118	7.42868134385e-07
119	1.19344698247e-07
120	1.2377667408e-08
121	2.87942190939e-07
122	9.20308309325e-08
123	1.9210743765e-07
124	3.81482903068e-07
125	1.02720094159e-06
126	4.49085444731e-09
127	3.39027562651e-07
128	6.47487535865e-07
129	7.82423486145e-07
130	9.11299798351e-07
131	8.75810500313e-07
132	5.06209274313e-09
133	1.36399297178e-07
134	1.20322814371e-07
135	1.37280933063e-07
136	3.99762881476e-07
137	8.91179920789e-08
138	2.81622891101e-07
139	7.48490517323e-07
140	5.90558962219e-07
141	4.03716022624e-07
142	3.53576636574e-07
143	2.01397452232e-09
144	-7.68767575325e-08
145	1.91873597005e-07
146	-3.59155224604e-07
147	1.01465650854e-07
148	3.48315182137e-07
149	6.69119244041e-07
150	4.55990549871e-07
151	5.47830465148e-07
152	2.4393323348e-07
153	1.21478811427e-07
154	8.43800453621e-08
155	9.12780960455e-08
156	8.64870905033e-08
157	1.69726335171e-07
158	4.56532270466e-07
159	5.47230633604e-07
160	4.62361811987e-07
161	5.78091708872e-08
162	-8.79497267196e-08
163	-2.06451085563e-07
164	1.54185862847e-07
165	3.68244723509e-07
166	3.66122773781e-07
167	4.19411434016e-07
168	4.10943883518e-07
169	5.76315236527e-07
170	-1.2508319796e-07
171	6.74150718992e-08
172	1.96226964516e-07
173	1.64350768903e-07
174	2.62156433245e-07
175	4.32549863593e-07
176	7.05091309135e-08
177	2.05761994441e-07
178	1.85701906118e-07
179	4.40354763319e-08
180	2.50168004556e-07
181	2.12036851401e-07
182	1.18448733266e-07
183	1.35780888084e-07
184	1.65096967068e-07
185	9.05136244572e-08
186	-6.46095825192e-08
187	1.62391306256e-07
188	1.02848469036e-07
189	6.40110497051e-08
190	-7.92428273451e-08
191	1.40655055346e-07
192	9.39713179575e-08
193	8.37192539377e-08
194	7.93459445252e-08
195	6.55066562062e-08
196	1.6152359424e-07
197	-8.11662306016e-08
198	1.08591318327e-07
199	9.45510990661e-08
200	1.07554042255e-07
201	4.72017615053e-08
202	-1.21595381893e-08
203	1.0830038828e-07
204	7.08465995127e-08
205	7.44860359492e-08
206	1.03818610735e-07
207	4.7136801991e-08
208	5.02200044522e-08
209	3.04001782836e-08
210	-5.07207855442e-09
211	-1.94887651821e-08
212	-5.38006736237e-09
213	3.89589543253e-08
214	4.38329472881e-08
215	7.04785248275e-09
216	2.04977547865e-08
217	6.9391903138e-09
218	2.88213547071e-08
219	6.46516923136e-09
220	1.78073573976e-08
221	5.44552422298e-08
222	1.62343173448e-08
223	4.00755126963e-09
224	-1.19384108763e-08
225	3.03417527233e-08
226	3.83038877779e-08
227	4.84333490649e-08
228	3.60722071774e-08
229	3.15833000507e-08
230	4.98102245545e-08
231	2.49014079e-08
232	2.01284016114e-09
233	3.94941965855e-08
234	3.09574022602e-08
235	-2.38254509586e-08
236	1.15965727061e-07
237	3.20629945855e-08
238	4.34862419227e-08
239	3.3587154087e-08
240	3.82407191192e-08
241	3.19610897505e-08
242	2.1104881917e-08
243	4.19889792384e-08
244	2.12012056578e-08
245	-2.07355613973e-09
246	-1.62687019835e-08
247	-1.02648176405e-08
248	2.01904116717e-08
249	3.2376340595e-08
250	4.09043890092e-08
251	3.12313993689e-08
252	3.61315825489e-08
253	3.14385601834e-08
254	1.82271759829e-08
255	3.82723780015e-08
256	2.79437516112e-08
257	2.32627547735e-08
258	4.19230582395e-08
259	2.13676323932e-08
260	-2.24850073713e-09
261	-1.77376343469e-08
262	2.0484182028e-08
263	3.25425764758e-08
264	3.91376731065e-08
265	2.59600724346e-08
266	2.54375609997e-08
267	2.97161948573e-08
268	-3.82587907422e-09
269	3.09500751445e-08
270	3.72314346639e-08
271	2.80799213036e-08
272	2.72478982751e-08
273	2.92027514242e-08
274	1.67792544058e-08
275	3.0029435999e-08
276	3.63657467908e-08
277	2.75974668306e-08
278	2.9934159491e-08
279	2.5795574425e-08
280	1.32331040843e-10
281	2.2867425939e-08
282	2.91791991231e-08
283	3.55963240399e-08
284	2.66710679911e-08
285	2.29786985309e-08
286	3.52338886408e-08
287	2.11029277877e-08
288	6.02557032927e-09
289	3.63869252414e-08
290	1.34176350531e-08
291	2.53475620812e-08
292	2.58540738397e-08
293	2.90534126685e-08
294	2.30432926499e-08
295	3.05571237084e-08
296	2.35824336083e-08
297	2.39307836937e-08
298	2.41696243063e-08
299	6.54344692862e-09
300	-1.0423832143e-08
301	-5.54665494997e-09
302	-4.77962959329e-09
303	-3.53120426961e-10
304	1.17871267636e-08
305	1.38439883585e-08
306	8.2035417386e-09
307	-4.31358618065e-09
308	7.29911143672e-09
309	2.26929928863e-08
310	2.17946604921e-08
311	6.09552544264e-09
312	1.88145029133e-08
313	1.83788938394e-08
314	1.44435095947e-08
315	1.13630649366e-08
316	-1.90621901128e-10
317	5.74531051964e-10
318	2.75016220384e-08
319	1.76028047132e-08
320	7.84140268938e-09
321	2.02864442993e-08
322	2.8272984904e-08
323	1.60972236947e-08
324	7.61343907307e-09
325	1.91716335951e-08
326	2.76215076294e-08
327	1.54508090787e-08
328	8.96142909971e-09
329	1.84984333093e-08
330	2.71791545834e-08
331	1.5622173232e-08
332	8.54519675312e-09
333	1.72772701319e-08
334	2.58909104563e-08
335	1.61334792649e-08
336	9.34534955481e-09
337	1.74389722602e-08
338	1.41396210179e-08
339	1.6556687469e-08
340	1.305790675e-08
341	-6.62034004924e-10
342	7.06613201876e-09
343	1.57682428282e-08
344	6.08220396237e-09
345	2.40965842161e-09
346	7.15458612078e-09
347	2.6346285958e-08
348	1.18869794696e-08
349	1.79747300907e-08
350	2.4572937841e-08
351	1.38650626611e-08
352	9.21180390978e-09
353	2.06111825484e-08
354	2.59669025951e-08
355	1.01575936079e-08
356	1.74985834899e-08
357	2.41542066141e-08
358	1.23356415168e-08
359	1.21411727202e-08
360	1.85866862857e-08
361	1.63545504197e-08
362	5.74514642256e-09
363	2.66520837097e-08
364	1.43828177402e-08
365	1.21079019954e-08
366	2.30946428278e-08
367	8.40350236609e-09
368	1.81793275358e-08
369	1.57437914615e-08
370	2.08210931652e-09
371	8.8814630048e-09
372	1.2132374182e-08
373	2.67925530016e-08
374	1.13025171379e-08
375	2.293391789e-08
376	9.32069640441e-09
377	1.15954136036e-08
378	1.83675440434e-08
379	1.36551908114e-08
380	9.42790721116e-09
381	1.64357688124e-08
382	1.39470337454e-08
383	9.91078320551e-09
384	2.09810152143e-08
385	7.5631102373e-09
386	1.8812367284e-08
387	1.26568032975e-08
388	8.47081912707e-09
389	1.30218050294e-08
390	1.73334229617e-08
391	1.53865055534e-08
392	1.52213360125e-08
393	1.9414600412e-08
394	7.74447709136e-09
395	1.32172920099e-08
396	1.78491075343e-08
397	3.26389529957e-08
398	-3.04733989902e-09
399	1.63904502863e-08
400	2.98707319125e-08
401	1.59814871664e-08
402	1.23940813556e-08
403	1.08813997841e-08
404	7.41933696871e-09
405	-1.28433793699e-08
406	2.66759934217e-08
407	1.17421958713e-08
408	3.39550649893e-08
409	4.6049847472e-08
410	4.15336138947e-08
411	2.49635351226e-09
412	6.14982238514e-09
413	2.44554139874e-08
414	-5.65312417316e-09
415	2.07633921401e-08
416	3.09533990728e-08
417	1.88305181441e-08
418	2.90002940307e-08
419	-5.20735105193e-09
420	2.08208067897e-08
421	2.830263933e-08
422	1.35179594254e-08
423	2.89435616068e-08
424	-8.80680133382e-09
425	1.98984009151e-08
426	2.64158729545e-08
427	2.96942267304e-08
428	1.70397976756e-08
429	2.65715590689e-08
430	-7.11103882763e-09
431	2.10438287517e-08
432	-5.46775973917e-09
433	-3.82420100577e-09
434	-1.00896262061e-08
435	2.22782445196e-08
436	2.0299396633e-09
437	-1.06226331046e-08
438	3.21859539898e-08
439	1.26135907358e-08
440	2.40908705378e-08
441	-8.09839252695e-09
442	2.4327779748e-08
443	2.86108169421e-08
444	7.77954067558e-09
445	-9.78621991753e-09
446	2.530625538e-08
447	2.36061234831e-08
448	-1.01733962597e-08
449	-6.70112812427e-09
450	1.50681490622e-09
451	-7.45730704249e-09
452	3.0356197492e-08
453	1.36407371789e-08
454	2.07917935065e-08
455	-7.12662773847e-09
456	2.24811423265e-08
457	2.51967471745e-08
458	6.27890750226e-09
459	-7.33358851035e-09
460	2.30629874349e-08
461	2.14479228193e-08
462	-2.17562274803e-09
463	2.95694676287e-08
464	2.79101498405e-09
465	2.71653000729e-08
466	3.35153457008e-08
467	9.77346364881e-09
468	2.62100566191e-08
469	6.82574120333e-09
470	2.51937061455e-08
471	6.51582879168e-09
472	2.68562453937e-08
473	1.10862708506e-08
474	3.4579593427e-08
475	6.51934039566e-09
476	2.63065555112e-08
477	1.07749535828e-08
478	3.0399438196e-08
479	6.3513587315e-09
480	2.6737224257e-08
481	1.01841649643e-08
482	2.71921020037e-08
483	5.96213934834e-09
484	2.44954303716e-08
485	5.66895772429e-09
486	2.41456613751e-08
487	9.26322668844e-09
488	2.31332890337e-08
489	2.79009646594e-09
490	1.97032849402e-08
491	-4.22518081285e-10
492	1.9337128762e-08
493	-3.11371395377e-10
494	1.89417660917e-08
495	-2.20546897322e-10
496	1.88109948483e-08
497	-4.94938109197e-10
498	1.8657761715e-08
499	-8.16369435635e-10
500	1.84001729807e-08
501	-8.68152658428e-10
502	1.80129519526e-08
503	-6.42616677159e-10
504	1.7414232471e-08
505	-5.82866424209e-11
506	7.57508970549e-08
507	9.33731765874e-08
508	6.90923503794e-08
509	5.82732671793e-08
510	2.68018764577e-08
511	2.14390486681e-08
512	4.3336971902e-09
513	4.89204970475e-08
514	1.14634901241e-08
515	2.36133705371e-08
516	2.13372791512e-08
517	2.33840880771e-08
518	2.43370862968e-08
519	2.39528885375e-08
520	2.32825333654e-08
521	2.29062941089e-08
522	2.28650663047e-08
523	2.30117698341e-08
524	2.31959198792e-08
525	2.33421983995e-08
526	2.34092598036e-08
527	2.34099519211e-08
528	2.33601878413e-08
529	2.32876085198e-08
530	2.32087395348e-08
531	2.3130389297e-08
532	2.30545481752e-08
533	2.29810981774e-08
534	2.29058155277e-08
535	2.28223773778e-08
536	2.27337721747e-08
537	2.26442915171e-08
538	2.25554880646e-08
539	2.24671401149e-08
540	2.23784178045e-08
541	2.23081860473e-08
542	2.22364601698e-08
543	2.21511168044e-08
544	2.20549825224e-08
545	2.19519041988e-08
546	2.18447376015e-08
547	2.17266278767e-08
548	2.16109025535e-08
549	2.15036006739e-08
550	2.14037841725e-08
551	2.13081671785e-08
552	2.12134984859e-08
553	2.11176771191e-08
554	2.10198100946e-08
555	2.09195189365e-08
556	2.08176937952e-08
557	2.07146058679e-08
558	2.06111065671e-08
559	2.05072538392e-08
560	2.04035058204e-08
561	2.02947703688e-08
562	2.01831766743e-08
563	2.00727742099e-08
564	1.99638928309e-08
565	1.98576682043e-08
566	1.97620066532e-08
567	1.96652729986e-08
568	1.95612206938e-08
569	1.94519703783e-08
570	1.93440142077e-08
571	1.92378742717e-08
572	1.91330767238e-08
573	1.8452073501e-08
574	1.83824861141e-08
575	1.8347417702e-08
576	1.8289431255e-08
577	1.78331455415e-08
578	1.81379842549e-08
579	1.80031995019e-08
580	1.81249259e-08
581	1.80853779583e-08
582	1.8165428979e-08
583	1.81431606989e-08
584	1.81361704937e-08
585	1.81096668634e-08
586	1.81042809105e-08
587	1.80924045924e-08
588	1.80870230253e-08
589	1.80762337128e-08
590	1.80663982931e-08
591	1.80534961814e-08
592	1.79362989648e-08
593	1.79358705172e-08
594	1.78783967619e-08
595	1.78355850078e-08
596	1.77885959013e-08
597	1.77392648864e-08
598	1.76866508144e-08
599	1.76309970583e-08
600	1.757276912e-08
601	1.75141083974e-08
602	1.74537541957e-08
603	1.69061274958e-08
604	1.67815572321e-08
605	1.67089223614e-08
606	1.66374569771e-08
607	1.65620424479e-08
608	1.64821613196e-08
609	1.64016083667e-08
610	1.63280877852e-08
611	1.62597049327e-08
612	1.61916882806e-08
613	1.61213992668e-08
614	1.60483211106e-08
615	1.59734318716e-08
616	1.58994319853e-08
617	1.58283472987e-08
618	1.57558752085e-08
619	1.56813107353e-08
620	1.56053242845e-08
621	1.55285510326e-08
