1	0.0143980586488
2	18.7467801675
3	10.5568260568
4	14.5240243545
5	8.33654818378
6	4.33111148901
7	9.55245828184
8	6.01756110932
9	1.71712661227
10	1.97790184419
11	1.69732105785
12	1.04874297928
13	0.52556000171
14	0.398314503696
15	0.638310601728
16	0.364852298833
17	0.33532880249
18	0.170523679555
19	0.125285140226
20	0.172778786407
21	0.104598991176
22	0.0950671649189
23	0.0921719388334
24	0.0928113229368
25	0.074088503114
26	0.0613495809012
27	0.0423077921989
28	0.0327608862398
29	0.0274643256492
30	0.0361358343065
31	0.0308968275683
32	0.0218587421395
33	0.020040598603
34	0.0133197776492
35	0.0116175936917
36	0.0172084944503
37	0.0131164701804
38	0.013060930426
39	0.0106891080801
40	0.00859578530018
41	0.00595817931453
42	0.00614672998679
43	0.00759228998859
44	0.00607448488842
45	0.00628824949179
46	0.00433704637369
47	0.00347065144532
48	0.00321167403776
49	0.00305518709019
50	0.00394339532701
51	0.00295537207323
52	0.00227227666012
53	0.0031539329564
54	0.00290509197971
55	0.00170716212517
56	0.00171625964228
57	0.00164228936585
58	0.00213609415968
59	0.00154533696605
60	0.00124904665582
61	0.00106040090819
62	0.000978047378458
63	0.000953829323047
64	0.000917401035725
65	0.00113077875302
66	0.00134295686794
67	0.00117645834324
68	0.000925499814074
69	0.000677354749097
70	0.000884615997952
71	0.000931609854266
72	0.000982329042125
73	0.00105030587674
74	0.00105232960838
75	0.000702270022576
76	0.00100694869523
77	0.000495494220251
78	0.000900579792338
79	0.000804494844291
80	0.000747574869254
81	0.000401939980596
82	0.000626145238342
83	0.000569182077547
84	0.000646355860051
85	0.00064131081656
86	0.000672167880924
87	0.000417992674654
88	0.000494245226197
89	0.000482344139992
90	0.000454291556325
91	0.000680347397754
92	0.000574107805867
93	0.0003253151847
94	0.000309029578084
95	0.000300494220779
96	0.000513577154642
97	0.00055031936318
98	0.000283787834007
99	0.000507836609938
100	0.000386926265431
101	0.000296331054357
102	0.000336397093013
103	0.000356029781058
104	0.000366409979919
105	0.000290274322358
106	0.000413850974562
107	0.000310281939114
108	0.000227038040809
109	0.000438520954022
110	0.00024147362227
111	0.000225934871488
112	0.000382462486415
113	0.000363433621643
114	0.000243698307046
115	0.000290669560457
116	0.000343848337877
117	0.000351281187444
118	0.000238812504358
119	0.000217010014245
120	0.0003138586343
121	0.00022916627178
122	0.000208436760309
123	0.000335627016977
124	0.000253634330747
125	0.000295159967837
126	0.00031272125904
127	0.000202708374193
128	0.000189390842856
129	0.00022505891495
130	0.000351168585183
131	0.000238286681261
132	0.000206474264044
133	0.000197568730904
134	0.000168137304696
135	0.000172181283836
136	0.000247193643157
137	0.000161095114882
138	0.000188081919317
139	0.000257692287164
140	0.000206489337231
141	0.000231724852149
142	0.000165325029671
143	0.000219903715849
144	0.000201124297413
145	0.000178290756423
146	0.000118796013487
147	0.000158843146655
148	0.000183364712345
149	0.000219291020267
150	0.000161324583584
151	0.000195947045368
152	0.000145401991976
153	0.000190989801787
154	0.000149514095273
155	0.000131646623801
156	0.0001757169835
157	0.000127042611448
158	0.000174903483676
159	0.000227890257693
160	0.000146488966886
161	0.000163987339483
162	0.000106643881173
163	9.47009333884e-05
164	0.000138856575122
165	0.000179801016182
166	0.000157806444014
167	0.00016354527287
168	0.00013203572468
169	0.000189074097091
170	0.000108116819994
171	0.000134969119781
172	0.000154914600894
173	0.000117889800951
174	0.000116333565914
175	0.000135563056106
176	0.000142882234685
177	0.00012774033025
178	0.000145152723724
179	9.82339065181e-05
180	0.000117822423808
181	0.000118080902264
182	8.61152598214e-05
183	0.000102359741939
184	0.000131940343692
185	8.61473288411e-05
186	6.8126043981e-05
187	8.93479324327e-05
188	9.64627224546e-05
189	7.00162754681e-05
190	6.68319956446e-05
191	9.22533415504e-05
192	6.97254545391e-05
193	6.91473932801e-05
194	8.16690556494e-05
195	5.57925403193e-05
196	6.38549385709e-05
197	6.68563270164e-05
198	7.26798785178e-05
199	7.85277472912e-05
200	6.04105698118e-05
201	5.73016161854e-05
202	5.86765198446e-05
203	6.75614448212e-05
204	4.27245337394e-05
205	4.49845975243e-05
206	6.05943478834e-05
207	3.76627416237e-05
208	3.83262891725e-05
209	3.36883299712e-05
210	5.10572384886e-05
211	4.81150841221e-05
212	4.67463151683e-05
213	4.68341626844e-05
214	4.70776992949e-05
215	2.09967601858e-05
216	4.46455122003e-05
217	2.04189367986e-05
218	4.34531156182e-05
219	2.02297067527e-05
220	4.16307156415e-05
221	3.54124479087e-05
222	2.17649869345e-05
223	1.87211598259e-05
224	3.82840174883e-05
225	2.55068607651e-05
226	2.76495092437e-05
227	3.0950952355e-05
228	2.40108700376e-05
229	2.46042837582e-05
230	3.18038008904e-05
231	2.08098783921e-05
232	1.79029118954e-05
233	2.60539208296e-05
234	2.10885410011e-05
235	3.03415850712e-05
236	3.2960856902e-05
237	2.50877763623e-05
238	2.78739430524e-05
239	2.41484604373e-05
240	2.53404725336e-05
241	2.09274439839e-05
242	2.00991400252e-05
243	2.75109446779e-05
244	1.87822382927e-05
245	1.77217267747e-05
246	1.58388413458e-05
247	1.57748091078e-05
248	1.87580050329e-05
249	2.2405552237e-05
250	2.54094933611e-05
251	2.19547963741e-05
252	2.31755756697e-05
253	1.96488379585e-05
254	1.82923198778e-05
255	2.38371030522e-05
256	1.85199052228e-05
257	1.90239083019e-05
258	2.53381659269e-05
259	1.73303029942e-05
260	1.64211108316e-05
261	1.44556760134e-05
262	1.70998220487e-05
263	2.09240272166e-05
264	2.49775704946e-05
265	1.73564189557e-05
266	1.89663348509e-05
267	1.80547140929e-05
268	1.53334779513e-05
269	1.91921058365e-05
270	2.26353287942e-05
271	1.74046087704e-05
272	1.87874702118e-05
273	1.76192032984e-05
274	1.60638726952e-05
275	1.90281496143e-05
276	2.18608164253e-05
277	1.71377275421e-05
278	1.86477595803e-05
279	1.57705507858e-05
280	1.3154175406e-05
281	1.61758083715e-05
282	1.78726476577e-05
283	2.00733906266e-05
284	1.64061557973e-05
285	1.66236765375e-05
286	2.09762962481e-05
287	1.43871598436e-05
288	1.2405835317e-05
289	2.01316065765e-05
290	1.34545681761e-05
291	1.61104502807e-05
292	1.6495062821e-05
293	1.76750319048e-05
294	1.66267251837e-05
295	1.70300456818e-05
296	1.43014052872e-05
297	1.53772115111e-05
298	1.40779532863e-05
299	9.56775193015e-06
300	1.12504193481e-05
301	1.16035751341e-05
302	1.17632976012e-05
303	1.06842679674e-05
304	1.23720040581e-05
305	1.27577032965e-05
306	1.05888349432e-05
307	1.14800731862e-05
308	9.23547129746e-06
309	1.370700998e-05
310	1.41077284199e-05
311	1.00949254966e-05
312	1.2863233504e-05
313	1.30424954366e-05
314	1.24639304585e-05
315	1.17120985544e-05
316	9.49785813648e-06
317	9.76683102435e-06
318	1.4106378326e-05
319	1.12365471437e-05
320	9.73279683032e-06
321	1.25625836768e-05
322	1.4861997831e-05
323	1.09188256553e-05
324	9.4425804574e-06
325	1.19698367081e-05
326	1.43066247292e-05
327	1.05442975068e-05
328	9.05263659406e-06
329	1.15923883124e-05
330	1.38306650225e-05
331	1.03096740657e-05
332	8.79869092222e-06
333	1.11822784171e-05
334	1.31913213937e-05
335	1.0075101168e-05
336	8.54426693006e-06
337	1.09811426899e-05
338	1.29346348426e-05
339	1.09356069565e-05
340	1.0489634491e-05
341	8.12500567041e-06
342	8.19607463862e-06
343	1.19507229145e-05
344	8.05479463889e-06
345	7.06509128889e-06
346	7.6869606471e-06
347	1.21428810575e-05
348	9.02116088978e-06
349	1.07350127779e-05
350	1.20253365894e-05
351	8.92657759625e-06
352	7.43384447662e-06
353	9.59719891318e-06
354	1.21754462189e-05
355	8.5050549177e-06
356	1.02011168886e-05
357	1.14419106457e-05
358	8.3997821744e-06
359	9.27728088279e-06
360	1.00187743658e-05
361	8.71446298865e-06
362	7.25883291765e-06
363	9.67599738181e-06
364	8.06776668794e-06
365	8.91094689223e-06
366	1.07007440371e-05
367	7.67327025215e-06
368	9.42834440516e-06
369	8.99746264011e-06
370	6.80029427497e-06
371	6.20037566027e-06
372	6.38759341427e-06
373	1.12923500716e-05
374	7.7126857551e-06
375	1.04131189867e-05
376	7.23936304539e-06
377	8.19197891366e-06
378	8.88433731307e-06
379	7.28153338645e-06
380	6.00133723229e-06
381	8.30804452585e-06
382	7.10047310313e-06
383	7.68268439373e-06
384	9.75608216544e-06
385	6.77458032406e-06
386	8.7677746088e-06
387	6.79929085094e-06
388	5.66500338175e-06
389	7.5868228188e-06
390	1.12830920788e-05
391	7.31022351355e-06
392	7.93956258685e-06
393	9.20392284076e-06
394	6.2872840908e-06
395	7.35840912719e-06
396	8.27722394613e-06
397	1.15945840078e-05
398	1.11082729298e-05
399	1.15089680933e-05
400	9.79072393871e-06
401	7.20293089692e-06
402	1.15253840704e-05
403	7.15524769795e-06
404	6.42080754482e-06
405	1.14353287957e-05
406	1.05368084642e-05
407	1.1487574177e-05
408	1.03925812266e-05
409	1.02346560297e-05
410	1.12766469028e-05
411	1.06427024712e-05
412	6.17848954866e-06
413	9.79834078229e-06
414	1.04131871568e-05
415	1.07014927024e-05
416	1.14302865602e-05
417	1.11007228989e-05
418	1.03881861939e-05
419	9.9716616017e-06
420	1.00009173086e-05
421	1.07461114534e-05
422	1.13882758068e-05
423	1.05930024149e-05
424	9.64507776671e-06
425	9.26717935371e-06
426	1.01650339083e-05
427	1.1154220924e-05
428	1.06902517373e-05
429	1.09954867579e-05
430	9.50954182525e-06
431	9.020324642e-06
432	8.89693821101e-06
433	9.06315228307e-06
434	9.16203128447e-06
435	8.47328526383e-06
436	8.75498862545e-06
437	8.78899855019e-06
438	1.13350411071e-05
439	6.35195986034e-06
440	8.39851692632e-06
441	8.49988733063e-06
442	9.16739554877e-06
443	1.09372179913e-05
444	8.55232721351e-06
445	8.29378052427e-06
446	9.00221823843e-06
447	9.44963829661e-06
448	8.32881320529e-06
449	7.84649904756e-06
450	7.84674157353e-06
451	7.94198601215e-06
452	1.04080664967e-05
453	7.91999795206e-06
454	7.32537419671e-06
455	7.71290110821e-06
456	8.28097964152e-06
457	9.62686273966e-06
458	7.79467408478e-06
459	7.49903482609e-06
460	8.03986632239e-06
461	7.86912424645e-06
462	7.81074002539e-06
463	8.16353241931e-06
464	7.22826432401e-06
465	1.0501576815e-05
466	9.71079435486e-06
467	7.2492433012e-06
468	9.37310747112e-06
469	6.82210182117e-06
470	8.8873607442e-06
471	6.70212945532e-06
472	9.44358091829e-06
473	6.73316326242e-06
474	8.96391852346e-06
475	6.73443183197e-06
476	9.1681090584e-06
477	6.54710968608e-06
478	8.79872526466e-06
479	6.5079133894e-06
480	8.84422694122e-06
481	6.35853158338e-06
482	8.4408292391e-06
483	6.33636109442e-06
484	8.41572058191e-06
485	6.2358746475e-06
486	8.52215428338e-06
487	6.0911489404e-06
488	8.08454795952e-06
489	5.93588101e-06
490	7.63990226782e-06
491	5.97794236632e-06
492	7.38750727408e-06
493	5.92605907775e-06
494	7.23434671532e-06
495	5.85527116965e-06
496	7.14940074546e-06
497	5.76215418785e-06
498	7.07399861234e-06
499	5.66865912787e-06
500	6.96629911413e-06
501	5.58744099449e-06
502	6.81000417798e-06
503	5.51824790323e-06
504	6.60521538426e-06
505	5.4623431817e-06
506	6.4825899143e-06
507	8.49782288707e-06
508	8.76435253088e-06
509	1.07249017307e-05
510	6.91563551252e-06
511	5.56648959881e-06
512	4.78569647635e-06
513	1.04346238022e-05
514	1.07062483373e-05
515	1.07877916047e-05
516	1.0835654613e-05
517	1.07828760775e-05
518	1.07381434088e-05
519	1.06603193582e-05
520	1.05681364121e-05
521	1.04871133289e-05
522	1.0427330245e-05
523	1.0383498338e-05
524	1.03460741743e-05
525	1.03067360707e-05
526	1.02623382574e-05
527	1.0213273447e-05
528	1.01586588458e-05
529	1.01005296428e-05
530	1.00409916371e-05
531	9.9816576479e-06
532	9.92337497844e-06
533	9.86625105141e-06
534	9.80866754944e-06
535	9.75069093635e-06
536	9.69294371783e-06
537	9.63577788537e-06
538	9.57932177e-06
539	9.5235366126e-06
540	9.46824663841e-06
541	9.41239577808e-06
542	9.35587304287e-06
543	9.29890785951e-06
544	9.24153681649e-06
545	9.18384658561e-06
546	9.12607056646e-06
547	9.06782544541e-06
548	9.00986813573e-06
549	8.9528659786e-06
550	8.89690758752e-06
551	8.84214164245e-06
552	8.7883224195e-06
553	8.73508353691e-06
554	8.68210043155e-06
555	8.62919273152e-06
556	8.57631504685e-06
557	8.52353131775e-06
558	8.47093033979e-06
559	8.41859728447e-06
560	8.36657568961e-06
561	8.31498558759e-06
562	8.26375860498e-06
563	8.21414971635e-06
564	8.1644310699e-06
565	8.11443261496e-06
566	8.06492133936e-06
567	8.01552308745e-06
568	7.96589588776e-06
569	7.91602589846e-06
570	7.86633363034e-06
571	7.81707059498e-06
572	7.76826950036e-06
573	7.7125307658e-06
574	7.66848627297e-06
575	7.62097887759e-06
576	7.5744240168e-06
577	7.52866340885e-06
578	7.48467537826e-06
579	7.43520620653e-06
580	7.39003767896e-06
581	7.34294225384e-06
582	7.29750692691e-06
583	7.25163855329e-06
584	7.20653491584e-06
585	7.16178206225e-06
586	7.11776474626e-06
587	7.07414031269e-06
588	7.03089117205e-06
589	6.98773430231e-06
590	6.94462197051e-06
591	6.9015268243e-06
592	6.85496978552e-06
593	6.81290632094e-06
594	6.77073855121e-06
595	6.72874242669e-06
596	6.68682178773e-06
597	6.64511154788e-06
598	6.60369566797e-06
599	6.56261038986e-06
600	6.52185816757e-06
601	6.4819393769e-06
602	6.44163914547e-06
603	6.39917587103e-06
604	6.35874835635e-06
605	6.31934360326e-06
606	6.28045763258e-06
607	6.24170021374e-06
608	6.2032153989e-06
609	6.16554467735e-06
610	6.12839682132e-06
611	6.09134358124e-06
612	6.05425893012e-06
613	6.0171339828e-06
614	5.98007264898e-06
615	5.94316986471e-06
616	5.90657912726e-06
617	5.87021894339e-06
618	5.83394742872e-06
619	5.79773786866e-06
620	5.7616962231e-06
621	5.72595728353e-06
