1	0.0264200245303
2	0.000186189163323
3	0.000402961227736
4	0.00856401577521
5	0.000852195389167
6	0.000715872547217
7	0.00410821379416
8	0.00879033344296
9	0.000834755486993
10	0.00107216045081
11	0.00196373850518
12	0.00827145672715
13	0.00177155454188
14	0.00141565615754
15	0.00398321299624
16	0.00608810035421
17	0.0025299367453
18	0.00119738180186
19	0.000955151453813
20	0.00168403007164
21	0.00129829164957
22	0.00138554365646
23	0.00138333249988
24	0.00140229898388
25	0.00106261144988
26	0.000864860117425
27	0.000600656963516
28	0.000474692382391
29	0.000408208241911
30	0.000564683715675
31	0.000507551009894
32	0.000374370347165
33	0.000350154878905
34	0.00023792975255
35	0.000211915023305
36	0.000319992718374
37	0.000248066808787
38	0.000252068366106
39	0.000210268229554
40	0.000172607435402
41	0.000121616331914
42	0.000127679396974
43	0.000160344516954
44	0.00013018597181
45	0.000136812453783
46	9.58990926757e-05
47	7.79291650271e-05
48	7.31478181611e-05
49	7.05024596681e-05
50	9.20844412946e-05
51	6.98804570813e-05
52	5.4420382359e-05
53	7.65559611356e-05
54	7.14400213637e-05
55	4.24636051598e-05
56	4.31987029574e-05
57	4.18533616369e-05
58	5.51199926407e-05
59	4.03673487303e-05
60	3.30065754934e-05
61	2.83499671592e-05
62	2.64410889512e-05
63	2.60601912623e-05
64	2.53220207815e-05
65	3.15268579251e-05
66	3.78010266289e-05
67	3.34494615182e-05
68	2.65674097914e-05
69	1.96239075345e-05
70	2.58661918953e-05
71	2.74780269523e-05
72	2.92433103377e-05
73	3.15428397605e-05
74	3.1911857206e-05
75	2.14886576954e-05
76	3.11110972378e-05
77	1.54442095653e-05
78	2.83475222589e-05
79	2.55521595728e-05
80	2.39586247247e-05
81	1.29971853493e-05
82	2.04299250595e-05
83	1.87225164782e-05
84	2.14323824491e-05
85	2.14330466979e-05
86	2.2631050772e-05
87	1.41762382399e-05
88	1.68884251454e-05
89	1.66096184503e-05
90	1.57723337592e-05
91	2.38189054175e-05
92	2.0255801649e-05
93	1.15729610994e-05
94	1.10841917745e-05
95	1.08638247298e-05
96	1.87121785036e-05
97	2.01995299405e-05
98	1.04949229387e-05
99	1.89175714431e-05
100	1.450916546e-05
101	1.11863349143e-05
102	1.27807994537e-05
103	1.36163671046e-05
104	1.41170964966e-05
105	1.12675649626e-05
106	1.61827167808e-05
107	1.2217963838e-05
108	9.00329488e-06
109	1.75165224011e-05
110	9.70979340702e-06
111	9.14658978807e-06
112	1.55834250331e-05
113	1.48963032578e-05
114	1.00475685274e-05
115	1.20555899644e-05
116	1.43504795037e-05
117	1.4757425167e-05
118	1.01007789011e-05
119	9.2374328655e-06
120	1.34436524416e-05
121	9.87722025342e-06
122	9.03981346612e-06
123	1.4645271709e-05
124	1.113161946e-05
125	1.30294176119e-05
126	1.38810428303e-05
127	9.0472488822e-06
128	8.50134606079e-06
129	1.01623845389e-05
130	1.59493434428e-05
131	1.08832415458e-05
132	9.48282327486e-06
133	9.12552859054e-06
134	7.80956380916e-06
135	8.0433083921e-06
136	1.1609854538e-05
137	7.60408715974e-06
138	8.92184837952e-06
139	1.22864607588e-05
140	9.89705344161e-06
141	1.1166887504e-05
142	8.00743386546e-06
143	1.07043011754e-05
144	9.84081821242e-06
145	8.77067172812e-06
146	5.87348736038e-06
147	7.89008304531e-06
148	9.14747862324e-06
149	1.09908955707e-05
150	8.12581444894e-06
151	9.91914020762e-06
152	7.39440967699e-06
153	9.75873773826e-06
154	7.67608659299e-06
155	6.79023271512e-06
156	9.10176458523e-06
157	6.6082760661e-06
158	9.13973321213e-06
159	1.19628426655e-05
160	7.72387837173e-06
161	8.68404613121e-06
162	5.67171013936e-06
163	5.05758691199e-06
164	7.4452115419e-06
165	9.6804887376e-06
166	8.53281328299e-06
167	8.88195523367e-06
168	7.19973472204e-06
169	1.03494687413e-05
170	5.93998529961e-06
171	7.44471028448e-06
172	8.57994784861e-06
173	6.55614083886e-06
174	6.49590289409e-06
175	7.59731208105e-06
176	8.03476581587e-06
177	7.20931406971e-06
178	8.22409319043e-06
179	5.58779361523e-06
180	6.72843726138e-06
181	6.76628611356e-06
182	4.95099427602e-06
183	5.90547499832e-06
184	7.64010073578e-06
185	5.00685561198e-06
186	3.97330891617e-06
187	5.22765741789e-06
188	5.6624872719e-06
189	4.12476906539e-06
190	3.95104504962e-06
191	5.47182212915e-06
192	4.14886110144e-06
193	4.12825058798e-06
194	4.89231640558e-06
195	3.35303188862e-06
196	3.84976673813e-06
197	4.04341140283e-06
198	4.4098405644e-06
199	4.77946867184e-06
200	3.68829818745e-06
201	3.50935196259e-06
202	3.60496640212e-06
203	4.16395162273e-06
204	2.64137187778e-06
205	2.78978006484e-06
206	3.76920461149e-06
207	2.34964587791e-06
208	2.39815845677e-06
209	2.11412305767e-06
210	3.21340440042e-06
211	3.03676205112e-06
212	2.95860509156e-06
213	2.97229806796e-06
214	2.99581822272e-06
215	1.3397220449e-06
216	2.85635322932e-06
217	1.30974996389e-06
218	2.79456377317e-06
219	1.30431586829e-06
220	2.69108034969e-06
221	2.29489764215e-06
222	1.41394678039e-06
223	1.21925152601e-06
224	2.49949193012e-06
225	1.66930520866e-06
226	1.81388323885e-06
227	2.03532680358e-06
228	1.58270576215e-06
229	1.62568024712e-06
230	2.10631209291e-06
231	1.38139429263e-06
232	1.19119581577e-06
233	1.73754785126e-06
234	1.40957127112e-06
235	2.03266236476e-06
236	2.21318744826e-06
237	1.68823878453e-06
238	1.87994348098e-06
239	1.63229740274e-06
240	1.71666676125e-06
241	1.42080737999e-06
242	1.36754698978e-06
243	1.87590256636e-06
244	1.2834443364e-06
245	1.21358279238e-06
246	1.08696060435e-06
247	1.08485638688e-06
248	1.29271139589e-06
249	1.54727408475e-06
250	1.75834869692e-06
251	1.52242562172e-06
252	1.61041155645e-06
253	1.36813710944e-06
254	1.27627603596e-06
255	1.66650726871e-06
256	1.29734481136e-06
257	1.33531825818e-06
258	1.78206381052e-06
259	1.22125104241e-06
260	1.15947015371e-06
261	1.02269789885e-06
262	1.21211567235e-06
263	1.48601619828e-06
264	1.77727638153e-06
265	1.2373548306e-06
266	1.35472393344e-06
267	1.29205018882e-06
268	1.09936903478e-06
269	1.37860778227e-06
270	1.62892653467e-06
271	1.25480435548e-06
272	1.35700840034e-06
273	1.27495540658e-06
274	1.16452376584e-06
275	1.3819134516e-06
276	1.59047032675e-06
277	1.24906607486e-06
278	1.36155417806e-06
279	1.15351180444e-06
280	9.63837226693e-07
281	1.18732878775e-06
282	1.31413571757e-06
283	1.47848884871e-06
284	1.21045885613e-06
285	1.22862449244e-06
286	1.55296545098e-06
287	1.06693759159e-06
288	9.2156226047e-07
289	1.49799079345e-06
290	1.00279192561e-06
291	1.20274116589e-06
292	1.23347763886e-06
293	1.3238797241e-06
294	1.24738980742e-06
295	1.27973218143e-06
296	1.0764146281e-06
297	1.15924708384e-06
298	1.06298968984e-06
299	7.23582245315e-07
300	8.52196949561e-07
301	8.80318287429e-07
302	8.93818122087e-07
303	8.13086269121e-07
304	9.42981145347e-07
305	9.73865427851e-07
306	8.09539205159e-07
307	8.79022573418e-07
308	7.08222127584e-07
309	1.05270453088e-06
310	1.08507306823e-06
311	7.77590011314e-07
312	9.92312871014e-07
313	1.00760850115e-06
314	9.64316099754e-07
315	9.07469400287e-07
316	7.36973910172e-07
317	7.58941333377e-07
318	1.09771280133e-06
319	8.75615034717e-07
320	7.59512663508e-07
321	9.81736221659e-07
322	1.16303935791e-06
323	8.5564507263e-07
324	7.40993387639e-07
325	9.40622335963e-07
326	1.12577363166e-06
327	8.30841000383e-07
328	7.14278978285e-07
329	9.1591799551e-07
330	1.09420981317e-06
331	8.16725414623e-07
332	6.9795719581e-07
333	8.88217647143e-07
334	1.04915331658e-06
335	8.0234443565e-07
336	6.81322548043e-07
337	8.76781721532e-07
338	1.03406376574e-06
339	8.75364832444e-07
340	8.40727018637e-07
341	6.52028848373e-07
342	6.58563627698e-07
343	9.61448799932e-07
344	6.48811484674e-07
345	5.69796230056e-07
346	6.20712976199e-07
347	9.81714261151e-07
348	7.30201426722e-07
349	8.69983525952e-07
350	9.75724049568e-07
351	7.25156604198e-07
352	6.04615326858e-07
353	7.81496411376e-07
354	9.92586203677e-07
355	6.94162945938e-07
356	8.33566564911e-07
357	9.36031904646e-07
358	6.87949020415e-07
359	7.6069028019e-07
360	8.22420090635e-07
361	7.16153380301e-07
362	5.97199349839e-07
363	7.96959473601e-07
364	6.65225025567e-07
365	7.35560152347e-07
366	8.84269865567e-07
367	6.34778065733e-07
368	7.80821480163e-07
369	7.45935712428e-07
370	5.64383956154e-07
371	5.15146627846e-07
372	5.31262452786e-07
373	9.4018239258e-07
374	6.42805776382e-07
375	8.6878050238e-07
376	6.04614470753e-07
377	6.84887310331e-07
378	7.43531431783e-07
379	6.10009017443e-07
380	5.03271031802e-07
381	6.97419875598e-07
382	5.96636639687e-07
383	6.46200316228e-07
384	8.21410688068e-07
385	5.70942436419e-07
386	7.39652994324e-07
387	5.74144774683e-07
388	4.78827735129e-07
389	6.41890102536e-07
390	9.55514717193e-07
391	6.19655160336e-07
392	6.73639307831e-07
393	7.81650664123e-07
394	5.34451213898e-07
395	6.26088560991e-07
396	7.04912682248e-07
397	9.88328980916e-07
398	9.47731014827e-07
399	9.82830828962e-07
400	8.36847519356e-07
401	6.16204494165e-07
402	9.86872386488e-07
403	6.13226021583e-07
404	5.50761191639e-07
405	9.8175290117e-07
406	9.05398213661e-07
407	9.87939669662e-07
408	8.94558836328e-07
409	8.8149568561e-07
410	9.71851620389e-07
411	9.17884047505e-07
412	5.33297100774e-07
413	8.46435944462e-07
414	9.00256052115e-07
415	9.25915137669e-07
416	9.89733256104e-07
417	9.61928159094e-07
418	9.00880030495e-07
419	8.65414244183e-07
420	8.68621480211e-07
421	9.34042676224e-07
422	9.90593868219e-07
423	9.22114746551e-07
424	8.40216029239e-07
425	8.07901103548e-07
426	8.86819910517e-07
427	9.73821967997e-07
428	9.33991040909e-07
429	9.61363822596e-07
430	8.32037640452e-07
431	7.89805778974e-07
432	7.79546582082e-07
433	7.94673148041e-07
434	8.03908287998e-07
435	7.43992247037e-07
436	7.69251504473e-07
437	7.72781431633e-07
438	9.97328222279e-07
439	5.59259483177e-07
440	7.3995982656e-07
441	7.49394701528e-07
442	8.08796165097e-07
443	9.655729312e-07
444	7.55524601764e-07
445	7.33179905128e-07
446	7.96327786185e-07
447	8.36439055502e-07
448	7.37706437112e-07
449	6.95444291502e-07
450	6.95912318607e-07
451	7.04807730108e-07
452	9.24238566146e-07
453	7.03731527406e-07
454	6.51315821366e-07
455	6.86195180456e-07
456	7.37197637423e-07
457	8.57532781271e-07
458	6.94750257859e-07
459	6.68817434627e-07
460	7.17487078412e-07
461	7.02663810364e-07
462	6.97867585828e-07
463	7.29832893029e-07
464	6.4659372572e-07
465	9.39968726929e-07
466	8.69683996835e-07
467	6.49605268767e-07
468	8.40431257168e-07
469	6.1204352762e-07
470	7.97792980049e-07
471	6.01963813493e-07
472	8.48682499546e-07
473	6.05433352163e-07
474	8.06479103792e-07
475	6.06223433691e-07
476	8.25767235161e-07
477	5.90013120498e-07
478	7.93367022753e-07
479	5.87120548558e-07
480	7.98335334848e-07
481	5.74263161928e-07
482	7.62739288353e-07
483	5.72871245288e-07
484	7.61277476462e-07
485	5.6438122019e-07
486	7.71714039889e-07
487	5.51857824328e-07
488	7.3284580285e-07
489	5.38344887799e-07
490	6.93250919509e-07
491	5.42711758304e-07
492	6.71027392669e-07
493	5.38543534791e-07
494	6.57773752751e-07
495	5.32640856751e-07
496	6.50694190859e-07
497	5.24686645367e-07
498	6.44462164266e-07
499	5.16675890698e-07
500	6.35264842288e-07
501	5.09763430293e-07
502	6.21606409539e-07
503	5.03929829537e-07
504	6.03483959419e-07
505	4.99293951989e-07
506	5.92834621096e-07
507	7.77332488417e-07
508	8.01931869907e-07
509	9.8164899762e-07
510	6.33232962248e-07
511	5.09910203029e-07
512	4.38572604826e-07
513	9.56638923193e-07
514	9.81903877139e-07
515	9.89766179976e-07
516	9.94545408591e-07
517	9.90088968844e-07
518	9.86364457045e-07
519	9.79593225817e-07
520	9.71494279202e-07
521	9.6441296515e-07
522	9.59277989136e-07
523	9.55605066887e-07
524	9.52517437369e-07
525	9.49249447566e-07
526	9.45511061737e-07
527	9.41337931391e-07
528	9.36648140287e-07
529	9.31628829852e-07
530	9.26473966155e-07
531	9.21332315848e-07
532	9.16282189057e-07
533	9.11333662609e-07
534	9.06337365943e-07
535	9.01299416404e-07
536	8.96277378211e-07
537	8.91303855084e-07
538	8.86390805683e-07
539	8.81534728497e-07
540	8.76719455188e-07
541	8.71847229245e-07
542	8.66907747551e-07
543	8.61922261525e-07
544	8.56894149384e-07
545	8.51831465395e-07
546	8.46755842156e-07
547	8.41631735944e-07
548	8.36529409171e-07
549	8.31510912089e-07
550	8.26584574975e-07
551	8.2176433416e-07
552	8.17027518795e-07
553	8.12340143104e-07
554	8.07672119323e-07
555	8.03006702234e-07
556	7.98339711552e-07
557	7.93677121279e-07
558	7.89027237397e-07
559	7.84398054124e-07
560	7.79793656476e-07
561	7.75225303151e-07
562	7.70686697396e-07
563	7.66294948515e-07
564	7.61888997493e-07
565	7.57452978131e-07
566	7.5305850392e-07
567	7.48670709639e-07
568	7.44257667779e-07
569	7.39818101838e-07
570	7.35391321442e-07
571	7.31000902242e-07
572	7.26649938057e-07
573	7.21646136796e-07
574	7.17732807384e-07
575	7.13491901914e-07
576	7.0933664197e-07
577	7.05252311588e-07
578	7.01330654234e-07
579	6.96891993206e-07
580	6.92852937082e-07
581	6.88629863647e-07
582	6.84559123074e-07
583	6.80444462885e-07
584	6.76398282272e-07
585	6.72381807211e-07
586	6.68431203873e-07
587	6.64514394462e-07
588	6.60629747952e-07
589	6.56750738774e-07
590	6.52872883716e-07
591	6.48993639311e-07
592	6.44785800945e-07
593	6.40997587912e-07
594	6.37196677052e-07
595	6.33409039986e-07
596	6.29625664901e-07
597	6.25859284851e-07
598	6.22117821056e-07
599	6.18404744037e-07
600	6.14720321764e-07
601	6.11111779958e-07
602	6.07464617575e-07
603	6.0361078024e-07
604	5.99946275977e-07
605	5.96375693937e-07
606	5.92851528966e-07
607	5.89337001885e-07
608	5.85845718199e-07
609	5.82428884066e-07
610	5.79059047203e-07
611	5.75695783744e-07
612	5.72327199661e-07
613	5.68952481236e-07
614	5.65581457313e-07
615	5.62223141327e-07
616	5.58892056853e-07
617	5.55580546442e-07
618	5.52275203705e-07
619	5.48973514197e-07
620	5.45685552801e-07
621	5.42424094405e-07
