1	22
2	8
3	10
4	8
5	7
6	8
7	6
8	7
9	7
10	7
11	7
12	7
13	7
14	6
15	5
16	6
17	7
18	6
19	7
20	5
21	5
22	5
23	4
24	6
25	6
26	5
27	4
28	4
29	5
30	5
31	4
32	4
33	4
34	4
35	4
36	4
37	6
38	5
39	4
40	4
41	4
42	4
43	4
44	5
45	5
46	4
47	4
48	4
49	5
50	4
51	5
52	5
53	4
54	4
55	5
56	5
57	5
58	4
59	5
60	5
61	5
62	5
63	5
64	5
65	5
66	5
67	6
68	6
69	7
70	5
71	5
72	5
73	5
74	5
75	6
76	5
77	6
78	5
79	5
80	5
81	6
82	5
83	5
84	5
85	5
86	6
87	7
88	6
89	7
90	6
91	5
92	6
93	7
94	6
95	6
96	5
97	5
98	7
99	5
100	5
101	6
102	6
103	6
104	6
105	7
106	6
107	7
108	6
109	5
110	7
111	6
112	5
113	5
114	7
115	6
116	6
117	7
118	7
119	6
120	6
121	7
122	6
123	6
124	7
125	5
126	5
127	7
128	6
129	6
130	6
131	7
132	6
133	7
134	6
135	7
136	5
137	7
138	6
139	6
140	7
141	6
142	7
143	6
144	6
145	7
146	7
147	6
148	6
149	6
150	7
151	6
152	7
153	6
154	7
155	6
156	7
157	8
158	7
159	6
160	7
161	6
162	7
163	7
164	6
165	6
166	7
167	6
168	7
169	5
170	6
171	6
172	6
173	7
174	6
175	7
176	6
177	7
178	6
179	7
180	6
181	7
182	7
183	6
184	6
185	7
186	6
187	7
188	6
189	7
190	6
191	7
192	7
193	6
194	7
195	7
196	6
197	6
198	6
199	7
200	7
201	6
202	6
203	6
204	8
205	8
206	7
207	8
208	8
209	8
210	6
211	6
212	6
213	6
214	6
215	8
216	6
217	8
218	6
219	8
220	7
221	8
222	9
223	8
224	6
225	8
226	8
227	8
228	9
229	8
230	8
231	9
232	8
233	8
234	9
235	7
236	6
237	8
238	8
239	9
240	8
241	9
242	8
243	8
244	9
245	8
246	8
247	8
248	8
249	8
250	8
251	9
252	8
253	9
254	8
255	8
256	9
257	8
258	8
259	9
260	8
261	8
262	8
263	8
264	8
265	9
266	8
267	9
268	8
269	8
270	8
271	9
272	8
273	9
274	8
275	8
276	8
277	9
278	8
279	9
280	8
281	8
282	8
283	8
284	9
285	8
286	8
287	9
288	8
289	8
290	9
291	8
292	8
293	8
294	9
295	8
296	9
297	8
298	9
299	8
300	8
301	8
302	8
303	8
304	8
305	8
306	8
307	8
308	8
309	8
310	9
311	8
312	8
313	8
314	8
315	8
316	8
317	8
318	8
319	9
320	8
321	8
322	8
323	9
324	8
325	8
326	8
327	9
328	8
329	8
330	8
331	9
332	8
333	8
334	8
335	9
336	8
337	8
338	9
339	8
340	8
341	8
342	8
343	9
344	8
345	8
346	8
347	8
348	9
349	8
350	8
351	9
352	8
353	8
354	8
355	9
356	8
357	8
358	9
359	8
360	8
361	9
362	8
363	8
364	9
365	8
366	8
367	9
368	8
369	9
370	8
371	8
372	8
373	8
374	9
375	8
376	9
377	8
378	8
379	9
380	8
381	8
382	9
383	8
384	8
385	9
386	8
387	9
388	8
389	8
390	8
391	9
392	8
393	8
394	9
395	8
396	8
397	7
398	7
399	8
400	8
401	9
402	7
403	8
404	8
405	6
406	7
407	7
408	6
409	6
410	6
411	6
412	8
413	7
414	6
415	7
416	6
417	7
418	7
419	6
420	7
421	6
422	7
423	7
424	6
425	7
426	6
427	6
428	7
429	7
430	6
431	7
432	6
433	6
434	6
435	7
436	6
437	6
438	6
439	8
440	7
441	6
442	6
443	6
444	6
445	6
446	6
447	7
448	6
449	6
450	6
451	6
452	6
453	6
454	7
455	6
456	6
457	6
458	6
459	6
460	6
461	7
462	6
463	6
464	6
465	6
466	6
467	6
468	6
469	6
470	6
471	6
472	6
473	6
474	6
475	6
476	6
477	6
478	6
479	6
480	6
481	6
482	6
483	6
484	6
485	6
486	6
487	6
488	6
489	6
490	6
491	6
492	6
493	6
494	6
495	6
496	6
497	6
498	6
499	6
500	6
501	6
502	6
503	6
504	6
505	6
506	6
507	6
508	5
509	4
510	6
511	6
512	6
513	4
514	4
515	4
516	4
517	4
518	4
519	4
520	4
521	4
522	4
523	4
524	4
525	4
526	4
527	4
528	4
529	4
530	4
531	4
532	4
533	4
534	4
535	4
536	4
537	4
538	4
539	4
540	4
541	4
542	4
543	4
544	4
545	4
546	4
547	4
548	4
549	4
550	4
551	4
552	4
553	4
554	4
555	4
556	4
557	4
558	4
559	4
560	4
561	4
562	4
563	4
564	4
565	4
566	4
567	4
568	4
569	4
570	4
571	4
572	4
573	4
574	4
575	4
576	4
577	4
578	4
579	4
580	4
581	4
582	4
583	4
584	4
585	4
586	4
587	4
588	4
589	4
590	4
591	4
592	4
593	4
594	4
595	4
596	4
597	4
598	4
599	4
600	4
601	4
602	4
603	4
604	4
605	4
606	4
607	4
608	4
609	4
610	4
611	4
612	4
613	4
614	4
615	4
616	4
617	4
618	4
619	4
620	4
621	4
