1	0.696353155764
2	0.502662613407
3	0.629810254682
4	0.171944095903
5	0.0207422460046
6	0.00765754275583
7	0.0103007170621
8	0.010593069555
9	0.00958193504474
10	0.00991124118162
11	0.0074389725298
12	0.00424831589447
13	0.00228846680237
14	0.00209173557406
15	0.0023514671936
16	0.0023683181093
17	0.00228525447885
18	0.00215421832853
19	0.00198993765504
20	0.00184721625638
21	0.00173800163734
22	0.0017203617856
23	0.00174960054627
24	0.00176122282411
25	0.00176848564899
26	0.00175452024351
27	0.00174068560308
28	0.00174166119713
29	0.00174898797213
30	0.00175431640202
31	0.00175628372307
32	0.00176339596775
33	0.00177795991855
34	0.00179419239765
35	0.00180864966465
36	0.0018216958586
37	0.00184294633574
38	0.00186534957511
39	0.00189007610113
40	0.00192001619129
41	0.00195118361717
42	0.00198097611539
43	0.00201135520016
44	0.00204814038289
45	0.00208956933197
46	0.00212061073952
47	0.00215706340523
48	0.00219498189353
49	0.00223370798715
50	0.00227947721007
51	0.00233149220291
52	0.002385041389
53	0.0024481126375
54	0.00250744675269
55	0.00254486492769
56	0.00260190978396
57	0.00265463601501
58	0.0027160714294
59	0.00278121233072
60	0.00285065092002
61	0.00292282542291
62	0.00300240797816
63	0.00308554240355
64	0.00316711513409
65	0.0032588226524
66	0.00336465962505
67	0.00348409884365
68	0.00362514789158
69	0.00379794340105
70	0.00395823693891
71	0.00395981473091
72	0.00408511569863
73	0.00423827529837
74	0.00441146307942
75	0.00455894371265
76	0.00473029683975
77	0.00487447012938
78	0.00509412896316
79	0.00532129895614
80	0.00557314600803
81	0.00583912857639
82	0.0061460862417
83	0.00650294848841
84	0.00688120880764
85	0.00686606979502
86	0.00676583733651
87	0.00631259323322
88	0.00580341410191
89	0.00557468386622
90	0.00530294795679
91	0.00501303031117
92	0.00470376732524
93	0.00445570061095
94	0.00425776975651
95	0.0040533210404
96	0.00387596862894
97	0.00372330319133
98	0.00356235641287
99	0.00343591700096
100	0.00335513648555
101	0.00327660462979
102	0.00294075245102
103	0.00288544680616
104	0.00279777200577
105	0.00271965716592
106	0.00259280621533
107	0.0024762447286
108	0.00241231877364
109	0.00234854826937
110	0.00228978141313
111	0.00222465104441
112	0.00218279685745
113	0.00216219975106
114	0.0021641599959
115	0.00196121771283
116	0.00194567685838
117	0.00191533798777
118	0.00188706022682
119	0.00180632005188
120	0.00174954418121
121	0.00173151063956
122	0.00170298584663
123	0.001672676287
124	0.00166995577778
125	0.0016827749628
126	0.00170556052387
127	0.00155959458313
128	0.00156537262137
129	0.00155088958474
130	0.00155301272166
131	0.00149875495502
132	0.0014729028746
133	0.00145177507632
134	0.00143210565833
135	0.00143975271944
136	0.00147369577589
137	0.00147618319202
138	0.00136269078723
139	0.00135962344309
140	0.00135439363454
141	0.00137533203797
142	0.00132366839541
143	0.00129263712644
144	0.00128381249943
145	0.00130611233554
146	0.00141235355695
147	0.00129706269871
148	0.00122973706708
149	0.00122830072733
150	0.0012333973139
151	0.00124435173042
152	0.00119004214234
153	0.00117980847875
154	0.00121419019292
155	0.00126080858098
156	0.00114996029153
157	0.00114085861726
158	0.0011437528653
159	0.00114945906125
160	0.0011414897084
161	0.00111211246337
162	0.00114668591181
163	0.0011752946982
164	0.00107210677989
165	0.00108272484536
166	0.00107883030419
167	0.00110476792067
168	0.00108669882784
169	0.00110738675534
170	0.00111227127764
171	0.00103143517004
172	0.00103197542052
173	0.00103659745096
174	0.00106551850829
175	0.0010735680584
176	0.00104835315273
177	0.00100207301395
178	0.00100977802927
179	0.00101040938035
180	0.00105464628971
181	0.00105302358015
182	0.00100973687158
183	0.00100628397987
184	0.00101318326646
185	0.00110862426556
186	0.00114793860283
187	0.00102602472833
188	0.00102883051763
189	0.00110095718428
190	0.00112199005824
191	0.00108233556376
192	0.00110678060588
193	0.00111999147653
194	0.00113898077357
195	0.00124875430572
196	0.00127758995727
197	0.00126057243236
198	0.00137164853427
199	0.00153433047467
200	0.00195943879879
201	0.00151310954282
202	0.00146510711964
203	0.00105570023361
204	0.00103749999201
205	0.00102922979405
206	0.00101017115144
207	0.000924619566663
208	0.000755185643874
209	0.000704267000514
210	0.000685334661155
211	0.000673637368946
212	0.00066350086849
213	0.000656007060083
214	0.000648385269825
215	0.000642073695542
216	0.000634766325868
217	0.000629567705493
218	0.000623161932087
219	0.000618356353327
220	0.00061257090507
221	0.000608974558704
222	0.000603212721198
223	0.000598912263064
224	0.000593606571108
225	0.000589062038256
226	0.000586297697851
227	0.000581367691146
228	0.000577780577344
229	0.000573971302261
230	0.000570236468061
231	0.000564937605821
232	0.000561923592793
233	0.000557237923429
234	0.000553877175703
235	0.000550814306132
236	0.000546285278495
237	0.000543047317773
238	0.000540287670104
239	0.000536364406977
240	0.000532374110398
241	0.000529132251172
242	0.000525158350719
243	0.000521653154223
244	0.000518102449658
245	0.000515572009123
246	0.000512256685707
247	0.000508957133872
248	0.000506101236638
249	0.00050256268381
250	0.000499583994809
251	0.000497211380031
252	0.000492837865882
253	0.000490120542663
254	0.000488236771797
255	0.000485273255536
256	0.000482415604551
257	0.00047867752038
258	0.000476516575698
259	0.000472067459042
260	0.000470745097081
261	0.000466999135373
262	0.000465708219574
263	0.000463315424785
264	0.000459683746129
265	0.000457723890039
266	0.000456263370904
267	0.000452075125853
268	0.000448341482815
269	0.000446713863424
270	0.000443869512938
271	0.000441443365653
272	0.000438772638904
273	0.000436036871866
274	0.000433965114504
275	0.000431836649395
276	0.000429100818339
277	0.000426519338887
278	0.000424099665322
279	0.000421502880623
280	0.000418946369112
281	0.000417130358806
282	0.000413772356397
283	0.000411101644551
284	0.00040895772489
285	0.00040833112793
286	0.000404550863996
287	0.000402912842736
288	0.000400604168535
289	0.000397999297977
290	0.000395764402352
291	0.00039451760364
292	0.000391904471085
293	0.000389280285041
294	0.000387442198609
295	0.000384888065706
296	0.00038333431583
297	0.000381766959317
298	0.000379389240417
299	0.000376903529736
300	0.000376107464788
301	0.000373376606889
302	0.00037176261243
303	0.000369692821547
304	0.000367908227804
305	0.000365691871831
306	0.000363237262412
307	0.000361550331728
308	0.000359221371199
309	0.000357547166174
310	0.000355866106704
311	0.000354418963895
312	0.000352775645109
313	0.000350385268454
314	0.000348426469433
315	0.000346355536968
316	0.00034501942129
317	0.000342842071022
318	0.000341311853515
319	0.000340076584013
320	0.000337310124697
321	0.000336317981152
322	0.000334410753309
323	0.000333058450254
324	0.000331597961272
325	0.000328577024503
326	0.000327121917124
327	0.000326185483313
328	0.000323473302924
329	0.000322734119175
330	0.00032119813087
331	0.000320101929061
332	0.000318134945842
333	0.000316412011587
334	0.000315388637861
335	0.000313070258541
336	0.000311676864034
337	0.000309811022351
338	0.000308532362945
339	0.000307451895605
340	0.000305926787118
341	0.000303466186333
342	0.000302221601267
343	0.000301082904792
344	0.000299809521559
345	0.00029795122151
346	0.000296981220426
347	0.000295414906744
348	0.000293882360699
349	0.000291848868503
350	0.000290808815414
351	0.00028962030876
352	0.000287658696149
353	0.000286629415388
354	0.000285707705421
355	0.000283371898811
356	0.000282408404951
357	0.000281035827878
358	0.000280689324249
359	0.0002787660673
360	0.000276545290599
361	0.000276382523709
362	0.000274200185742
363	0.000273620357318
364	0.000272118963795
365	0.000271321194632
366	0.000269578405807
367	0.0002682073637
368	0.000266756160704
369	0.000265931257515
370	0.000264395583581
371	0.000262930691159
372	0.000262116384704
373	0.000260878486492
374	0.000259673867653
375	0.000258837738972
376	0.000257835365705
377	0.000256832056734
378	0.000255225231543
379	0.000253984955458
380	0.000251914421322
381	0.000252613208964
382	0.000250175035848
383	0.000249232899285
384	0.000248089151734
385	0.000247024964531
386	0.000245682853814
387	0.00024474962012
388	0.000244107438259
389	0.000242662918336
390	0.000240982538104
391	0.000240166889604
392	0.000238831338415
393	0.000238018429209
394	0.000237334599387
395	0.000236354186988
396	0.000235071457666
397	0.000233632347893
398	0.000232899311556
399	0.000232453505637
400	0.000230916748802
401	0.000229769203682
402	0.000228656712086
403	0.000227537226859
404	0.000226752992125
405	0.000224839386342
406	0.000224919455813
407	0.00022374014718
408	0.000222168140609
409	0.000219580622314
410	0.0002193264815
411	0.000219069502244
412	0.000218669522231
413	0.000217738865212
414	0.000216879617729
415	0.000215543152667
416	0.000214916529478
417	0.000213907651441
418	0.000212946231398
419	0.000212907517864
420	0.000211245557398
421	0.000210242314273
422	0.000209473473173
423	0.000208488677328
424	0.0002070736916
425	0.000206772701681
426	0.000205553976439
427	0.000205036843487
428	0.000204557750894
429	0.000203593485856
430	0.00020175431582
431	0.000201813380538
432	0.000201582834079
433	0.000199714638386
434	0.000199310542871
435	0.000197959843033
436	0.00019721462833
437	0.000196711938398
438	0.000195577822292
439	0.000194116154892
440	0.000194302753019
441	0.000192632686643
442	0.000192687551358
443	0.000192494974588
444	0.000191590773389
445	0.000190421379821
446	0.000189069817425
447	0.000188070931352
448	0.000187032771745
449	0.000186779620565
450	0.000186389797851
451	0.000185637716672
452	0.000184460212363
453	0.00018426049018
454	0.000183349827084
455	0.000182675912117
456	0.000182102617613
457	0.000179938002235
458	0.000180184729446
459	0.000179119386494
460	0.000178214913208
461	0.000178250985822
462	0.000176834341631
463	0.000176232047959
464	0.000175243321129
465	0.00017490803926
466	0.00017375152144
467	0.000173445647946
468	0.000172723623435
469	0.000171588856068
470	0.000171249853939
471	0.000170044926623
472	0.000169775925885
473	0.000169243381916
474	0.000168653696678
475	0.000167823647837
476	0.000167783775788
477	0.000167212992343
478	0.000165672519358
479	0.000165293319665
480	0.000164816337376
481	0.000164875168379
482	0.000163924861915
483	0.000162988367395
484	0.000162553573314
485	0.00016131290047
486	0.000161466728602
487	0.000160520723176
488	0.000159364676312
489	0.000159367043038
490	0.000159425508616
491	0.000157751495056
492	0.000156910431473
493	0.000155984790106
494	0.000156169249098
495	0.000155298906952
496	0.000155226066017
497	0.000154903129495
498	0.000153809122689
499	0.000153372264996
500	0.00015276322512
501	0.000151482213877
502	0.000150749071361
503	0.000150101057941
504	0.000150836592732
505	0.000149912693051
506	0.000148719809042
507	0.000147723878044
508	0.000146998529059
509	0.000147380556302
510	0.000146450706409
511	0.000145695036014
512	0.000145763338804
513	0.000145069113098
514	0.000144505310236
515	0.000143295457965
516	0.000142866046887
517	0.000142250073694
518	0.000142511951006
519	0.000141216428835
520	0.00014052576474
521	0.000140720100669
522	0.000139260845902
523	0.000139274029526
524	0.000138951330177
525	0.000137720613773
526	0.000138246035792
527	0.000137324164025
528	0.000137127269692
529	0.000136037173823
530	0.000135290045151
531	0.000135724519902
532	0.000135014933222
533	0.000134152842856
534	0.000134713667616
535	0.000133795936855
536	0.000132825569048
537	0.000132118390649
538	0.000131744002545
539	0.000131706323899
540	0.000131152274006
541	0.000130499113419
542	0.000130679050113
543	0.000128924360151
544	0.000128973902577
545	0.000128782090899
546	0.000128558482128
547	0.000128142321232
548	0.000127875497602
549	0.000127321943553
550	0.000126552782133
551	0.000126342122304
552	0.000125732423457
553	0.000124642514674
554	0.00012493751148
555	0.000125334403802
556	0.000123793448552
557	0.000122942070738
558	0.000123386148053
559	0.000122914919874
560	0.000122765792548
561	0.000121556011987
562	0.000120924025824
563	0.000121103912423
564	0.000120420202879
565	0.000120107570242
566	0.000119751715114
567	0.000119009823109
568	0.000118091567811
569	0.00011839861362
570	0.000117595470491
571	0.00011723468168
572	0.000116970596898
573	0.000117350515283
574	0.000116787965152
575	0.000115783930892
576	0.000116323129096
577	0.00011427619358
578	0.000114397024605
579	0.000113649574605
580	0.00011417381124
581	0.000113021481682
582	0.00011367316264
583	0.000112050036956
584	0.000112285486009
585	0.000112345224974
586	0.00011151587117
587	0.000111161237386
588	0.000110501874462
589	0.000110757030404
590	0.000109889271347
591	0.000109457419453
592	0.000108629401219
593	0.000108668774592
594	0.000108819596298
595	0.000108365802145
596	0.000108059117502
597	0.000107061728142
598	0.000107615539484
599	0.000107387643722
600	0.000106684650547
601	0.000104961961607
602	0.000106051619487
603	0.000105744939246
604	0.000105840000642
605	0.000104826822054
606	0.000104304858204
607	0.000103769471763
608	0.00010368648889
609	0.000103945272314
610	0.000103730247952
611	0.00010224108185
612	0.000102581386703
613	0.000102334190983
614	0.000102224043662
615	0.000102132220841
616	0.000101363460435
617	0.000101073788638
618	0.000100679658558
619	0.000100179525865
620	0.000100521251736
621	9.96329867607e-05
