1	0.0675459319425
2	0.0293754974727
3	0.0379624679477
4	0.00939454833464
5	0.00127652374028
6	0.000660527130144
7	0.000591869646457
8	0.000744707636968
9	0.000831775670446
10	0.000795481645266
11	0.000522554694018
12	0.000319938882036
13	0.000213248820789
14	0.000122970992837
15	0.000139406400288
16	0.000148598864116
17	0.000152299140324
18	0.000147289933755
19	0.000139761219358
20	0.000133370307203
21	0.000130050994848
22	0.000130665493255
23	0.000133480107433
24	0.000135429452623
25	0.000137209005106
26	0.000137338172227
27	0.000137022808794
28	0.000137975709096
29	0.000139186991783
30	0.000140232247072
31	0.000141107688452
32	0.000142297248892
33	0.000144093614977
34	0.000145912819138
35	0.000147682722195
36	0.000149530910183
37	0.000151699509743
38	0.000154257936472
39	0.00015677243711
40	0.000159716703932
41	0.000162634824273
42	0.000165526537223
43	0.000168542912395
44	0.000171738461435
45	0.000175187328319
46	0.000178423046439
47	0.000181917181278
48	0.000185529621108
49	0.000189494590543
50	0.000193512953562
51	0.000197712274919
52	0.000202149797871
53	0.000206705902701
54	0.000211497311474
55	0.000215402952217
56	0.000219844278069
57	0.000224685799888
58	0.000229786896047
59	0.000235145464149
60	0.000240684798145
61	0.000246555174905
62	0.000252944982055
63	0.000259624888726
64	0.000266655659461
65	0.00027408550242
66	0.000281963345572
67	0.000290338585836
68	0.000299298847234
69	0.000309133973473
70	0.000319448280561
71	0.000327354805717
72	0.000338104971832
73	0.000349750163458
74	0.000362429959443
75	0.00037551923162
76	0.000389541292168
77	0.000404181385643
78	0.000421215646591
79	0.000439131321283
80	0.000458711092185
81	0.000479496060662
82	0.00050210224792
83	0.000526587141584
84	0.000552077461695
85	0.000548839206559
86	0.000526187235528
87	0.000496377574022
88	0.000468597666503
89	0.000443894666742
90	0.000419794847804
91	0.000396645219666
92	0.000374939069768
93	0.000355508359963
94	0.000337822756289
95	0.000321720258072
96	0.000307061312586
97	0.000293615300866
98	0.000281023336831
99	0.00026933302777
100	0.000257835678119
101	0.000246305223657
102	0.000238396933447
103	0.0002309434691
104	0.00022299721492
105	0.000215204296942
106	0.000208566933127
107	0.000202838022567
108	0.000197307303926
109	0.000191690993393
110	0.000186274703945
111	0.00018131543961
112	0.000176354593048
113	0.000171444539644
114	0.000165846988437
115	0.000164223477541
116	0.000160808777887
117	0.000156986805772
118	0.000153016878281
119	0.000150115763392
120	0.000147660815428
121	0.000145055886232
122	0.000142583446007
123	0.000140498453536
124	0.000138519852381
125	0.000136327054401
126	0.000133451271776
127	0.000133539384361
128	0.00013193024661
129	0.00013003457801
130	0.000127746481061
131	0.000126532061333
132	0.000125152429788
133	0.000123622797475
134	0.0001223449614
135	0.000120824074897
136	0.000118789658519
137	0.000116860465774
138	0.000117275567955
139	0.000115992689782
140	0.000114363137376
141	0.000112427742276
142	0.000111766487033
143	0.000111128370223
144	0.000110121793055
145	0.000108655277018
146	0.00010586656311
147	0.000106163463991
148	0.000106076657517
149	0.000104895442101
150	0.000103613604159
151	0.000102235491064
152	0.000101938353356
153	0.000101252656644
154	9.99269036645e-05
155	9.84606503216e-05
156	9.87614090685e-05
157	9.80073170376e-05
158	9.69469878689e-05
159	9.6092925281e-05
160	9.524325648e-05
161	9.470667165e-05
162	9.38182222515e-05
163	9.27070597454e-05
164	9.31078763145e-05
165	9.21885130879e-05
166	9.13982257517e-05
167	9.03080546015e-05
168	8.98649984518e-05
169	8.9263011918e-05
170	8.87914268762e-05
171	8.88281911373e-05
172	8.79044723935e-05
173	8.71236993347e-05
174	8.61859136816e-05
175	8.54959468175e-05
176	8.57241892578e-05
177	8.58033435782e-05
178	8.5490912239e-05
179	8.51190580317e-05
180	8.48840560742e-05
181	8.48888545586e-05
182	8.50227544798e-05
183	8.5130466353e-05
184	8.51289638799e-05
185	8.47512706858e-05
186	8.47428720832e-05
187	8.57735786784e-05
188	8.55587021153e-05
189	8.50931103216e-05
190	8.53922258215e-05
191	8.60421931977e-05
192	8.61409415705e-05
193	8.76600595294e-05
194	8.86012863052e-05
195	8.94287602086e-05
196	8.9955437254e-05
197	9.07552207453e-05
198	9.00900825282e-05
199	9.3466755881e-05
200	0.00017859290367
201	9.03231423245e-05
202	8.33075953892e-05
203	7.58793192768e-05
204	7.36564262086e-05
205	7.2036631846e-05
206	6.91091670131e-05
207	6.44327396931e-05
208	6.06306720728e-05
209	5.88711187438e-05
210	5.77853748825e-05
211	5.69465226243e-05
212	5.62254701981e-05
213	5.56189118138e-05
214	5.50262581242e-05
215	5.45300602917e-05
216	5.39885422559e-05
217	5.34907781412e-05
218	5.30701482639e-05
219	5.26147633192e-05
220	5.21585683449e-05
221	5.17610975306e-05
222	5.13311556925e-05
223	5.09560004151e-05
224	5.05495121501e-05
225	5.01911613698e-05
226	4.98066251637e-05
227	4.94260121613e-05
228	4.90616990375e-05
229	4.87252470743e-05
230	4.83705559158e-05
231	4.80262546476e-05
232	4.76913300576e-05
233	4.73615887183e-05
234	4.70343503433e-05
235	4.67236424833e-05
236	4.63930962525e-05
237	4.60782184524e-05
238	4.57578388145e-05
239	4.54376976807e-05
240	4.51611341169e-05
241	4.48354475081e-05
242	4.45547438628e-05
243	4.42461731868e-05
244	4.39643107503e-05
245	4.36863624881e-05
246	4.33967372149e-05
247	4.31187097772e-05
248	4.28561672029e-05
249	4.25786280881e-05
250	4.22899099112e-05
251	4.20431327428e-05
252	4.17806732292e-05
253	4.15036473395e-05
254	4.12426703096e-05
255	4.09827978684e-05
256	4.07407681486e-05
257	4.0469554044e-05
258	4.02310302456e-05
259	3.99921874336e-05
260	3.97441844537e-05
261	3.95061257863e-05
262	3.9276558215e-05
263	3.90168421435e-05
264	3.87781525093e-05
265	3.85753557755e-05
266	3.83373177632e-05
267	3.80938939509e-05
268	3.78656785709e-05
269	3.76400122962e-05
270	3.74034987449e-05
271	3.71688284266e-05
272	3.69671491803e-05
273	3.67371101369e-05
274	3.65401852494e-05
275	3.63222955013e-05
276	3.60891109942e-05
277	3.58883472987e-05
278	3.56875609103e-05
279	3.54827383855e-05
280	3.52914489879e-05
281	3.506190206e-05
282	3.48549316157e-05
283	3.46587513422e-05
284	3.4463777985e-05
285	3.4247109428e-05
286	3.40626045158e-05
287	3.38630096104e-05
288	3.36714557906e-05
289	3.34848444782e-05
290	3.3291877943e-05
291	3.31017701966e-05
292	3.29225162713e-05
293	3.27534206034e-05
294	3.25541391738e-05
295	3.23693962109e-05
296	3.21771964957e-05
297	3.20146924429e-05
298	3.18234886867e-05
299	3.16432211624e-05
300	3.14754004204e-05
301	3.13096906828e-05
302	3.11350533496e-05
303	3.09632357874e-05
304	3.07850321933e-05
305	3.06083548838e-05
306	3.04368135291e-05
307	3.02564555092e-05
308	3.01129588941e-05
309	2.99485383267e-05
310	2.97782346637e-05
311	2.96192144168e-05
312	2.94660310493e-05
313	2.92949758765e-05
314	2.91382683491e-05
315	2.89844167033e-05
316	2.88198116067e-05
317	2.86638593774e-05
318	2.85078526581e-05
319	2.83541095736e-05
320	2.81935094949e-05
321	2.80651364795e-05
322	2.7914137417e-05
323	2.77817872287e-05
324	2.76151773961e-05
325	2.74607547793e-05
326	2.73191303185e-05
327	2.71707320715e-05
328	2.70248507175e-05
329	2.68807345668e-05
330	2.6742218275e-05
331	2.66096232826e-05
332	2.64746108957e-05
333	2.63121311687e-05
334	2.61707165959e-05
335	2.60274370085e-05
336	2.59162230218e-05
337	2.57697806556e-05
338	2.56292814906e-05
339	2.55115140522e-05
340	2.53746569899e-05
341	2.52431519989e-05
342	2.51059083782e-05
343	2.49731610904e-05
344	2.48488868733e-05
345	2.47235588274e-05
346	2.46056701892e-05
347	2.44622500225e-05
348	2.43384566629e-05
349	2.42244821525e-05
350	2.40905889207e-05
351	2.39753964286e-05
352	2.3851804261e-05
353	2.37238935074e-05
354	2.36140406732e-05
355	2.34938899806e-05
356	2.33747752441e-05
357	2.32587200017e-05
358	2.31327291777e-05
359	2.302150049e-05
360	2.28912457474e-05
361	2.27940197338e-05
362	2.26622618766e-05
363	2.25448897667e-05
364	2.24493841931e-05
365	2.23257869115e-05
366	2.22190350572e-05
367	2.2097447228e-05
368	2.19949646727e-05
369	2.18934831294e-05
370	2.17680697942e-05
371	2.16671224181e-05
372	2.15684852078e-05
373	2.14506079254e-05
374	2.13598661958e-05
375	2.12482559278e-05
376	2.1138137176e-05
377	2.10299053497e-05
378	2.09320531549e-05
379	2.08266017905e-05
380	2.07212882947e-05
381	2.0615348108e-05
382	2.05138174092e-05
383	2.04032292291e-05
384	2.03264379384e-05
385	2.02348743698e-05
386	2.01192641574e-05
387	2.00190224718e-05
388	1.9926097495e-05
389	1.98237284096e-05
390	1.97269547184e-05
391	1.9641959043e-05
392	1.95384515477e-05
393	1.94425373022e-05
394	1.93520921834e-05
395	1.92684727459e-05
396	1.91677143339e-05
397	1.90679297066e-05
398	1.89893231338e-05
399	1.88946174029e-05
400	1.88070796409e-05
401	1.87096950805e-05
402	1.86182818153e-05
403	1.85238652827e-05
404	1.84400014339e-05
405	1.83525454298e-05
406	1.82617635636e-05
407	1.81839096693e-05
408	1.81027396811e-05
409	1.80126327603e-05
410	1.79369164054e-05
411	1.7854195751e-05
412	1.77695522758e-05
413	1.76851187309e-05
414	1.76001760016e-05
415	1.7521588528e-05
416	1.74326413344e-05
417	1.73528769958e-05
418	1.72662240622e-05
419	1.71867893608e-05
420	1.7098755076e-05
421	1.70177648179e-05
422	1.69417165449e-05
423	1.68568774476e-05
424	1.67795357299e-05
425	1.66939312826e-05
426	1.66160291645e-05
427	1.65387504289e-05
428	1.64638656469e-05
429	1.63939271194e-05
430	1.63072201527e-05
431	1.62254005873e-05
432	1.61523769265e-05
433	1.60718805751e-05
434	1.59991766127e-05
435	1.59190087727e-05
436	1.5850649426e-05
437	1.57727356069e-05
438	1.57052158463e-05
439	1.56176257616e-05
440	1.55477749058e-05
441	1.54784278008e-05
442	1.54037730686e-05
443	1.53337103601e-05
444	1.5247529771e-05
445	1.5191848051e-05
446	1.51184304092e-05
447	1.50461398638e-05
448	1.49749524301e-05
449	1.49128860269e-05
450	1.48452811029e-05
451	1.47732201333e-05
452	1.47051435637e-05
453	1.46400803843e-05
454	1.4581623632e-05
455	1.44987651008e-05
456	1.4427566492e-05
457	1.4364408262e-05
458	1.42937644587e-05
459	1.42318224135e-05
460	1.41627577837e-05
461	1.41065105249e-05
462	1.40276544009e-05
463	1.39722619021e-05
464	1.39060488651e-05
465	1.38496160365e-05
466	1.37769626436e-05
467	1.37219795012e-05
468	1.36468116043e-05
469	1.35874147106e-05
470	1.35263057401e-05
471	1.3470182585e-05
472	1.34061727313e-05
473	1.33426298048e-05
474	1.32795885975e-05
475	1.32303468693e-05
476	1.31662101308e-05
477	1.31037546468e-05
478	1.3047064494e-05
479	1.29811107695e-05
480	1.29261874375e-05
481	1.28679956852e-05
482	1.28230614321e-05
483	1.27426827721e-05
484	1.26958818655e-05
485	1.26442342116e-05
486	1.25862837061e-05
487	1.25289595858e-05
488	1.24721899234e-05
489	1.24114013699e-05
490	1.23596287768e-05
491	1.23019039362e-05
492	1.22463993381e-05
493	1.21885510051e-05
494	1.21296268652e-05
495	1.20875554031e-05
496	1.2025816108e-05
497	1.19624641506e-05
498	1.19258569865e-05
499	1.18714042006e-05
500	1.18091484941e-05
501	1.17737562849e-05
502	1.17142866556e-05
503	1.16617119456e-05
504	1.16179064297e-05
505	1.15659571356e-05
506	1.15064329967e-05
507	1.14602140775e-05
508	1.14255482529e-05
509	1.13774456342e-05
510	1.13131980755e-05
511	1.12742111831e-05
512	1.12203524961e-05
513	1.11703839171e-05
514	1.11276527548e-05
515	1.10745251422e-05
516	1.10229460566e-05
517	1.09599809641e-05
518	1.0925660407e-05
519	1.08695514663e-05
520	1.08209994877e-05
521	1.07685757406e-05
522	1.07262932313e-05
523	1.06738696515e-05
524	1.0617092571e-05
525	1.05744088798e-05
526	1.05208231278e-05
527	1.04848340841e-05
528	1.0435781994e-05
529	1.03791319117e-05
530	1.03385833311e-05
531	1.02947973104e-05
532	1.02376595073e-05
533	1.01902668822e-05
534	1.01479134151e-05
535	1.01056802494e-05
536	1.00648818325e-05
537	1.00051919058e-05
538	9.96040889981e-06
539	9.92687307109e-06
540	9.87910484312e-06
541	9.83206099231e-06
542	9.79604211232e-06
543	9.73933686813e-06
544	9.70060864754e-06
545	9.65676070959e-06
546	9.60927900131e-06
547	9.56901026104e-06
548	9.52930955486e-06
549	9.48750086611e-06
550	9.43578769263e-06
551	9.40403326829e-06
552	9.35881974044e-06
553	9.31926797094e-06
554	9.27422864164e-06
555	9.23086994618e-06
556	9.18821049725e-06
557	9.14188720044e-06
558	9.10601168211e-06
559	9.06964671808e-06
560	9.02666588437e-06
561	8.98753984989e-06
562	8.94653256964e-06
563	8.91895236884e-06
564	8.87900596361e-06
565	8.83678300981e-06
566	8.79527346479e-06
567	8.75496046565e-06
568	8.71731122687e-06
569	8.67916083088e-06
570	8.63847173651e-06
571	8.59522774836e-06
572	8.55345890384e-06
573	8.52081074327e-06
574	8.48900716175e-06
575	8.44098604192e-06
576	8.40696241467e-06
577	8.37162806264e-06
578	8.33740816789e-06
579	8.29480068208e-06
580	8.25652669959e-06
581	8.21483841145e-06
582	8.18708480767e-06
583	8.14788568763e-06
584	8.11648838717e-06
585	8.08140907333e-06
586	8.0468223216e-06
587	8.00890662881e-06
588	7.97380737043e-06
589	7.93436296508e-06
590	7.89818575756e-06
591	7.86383598624e-06
592	7.82489443757e-06
593	7.79882881467e-06
594	7.76601237908e-06
595	7.73411968669e-06
596	7.69746891231e-06
597	7.65821876635e-06
598	7.63161205458e-06
599	7.60507730793e-06
600	7.5744322302e-06
601	7.54469732013e-06
602	7.50671333482e-06
603	7.47699865696e-06
604	7.43717954124e-06
605	7.40923036038e-06
606	7.3756145717e-06
607	7.34727948225e-06
608	7.31359263428e-06
609	7.28400943314e-06
610	7.25397417988e-06
611	7.21370337294e-06
612	7.18059153728e-06
613	7.16408622306e-06
614	7.13122937059e-06
615	7.09391137346e-06
616	7.06318474297e-06
617	7.03438452726e-06
618	6.99538994117e-06
619	6.96419730592e-06
620	6.94794739601e-06
621	6.91707848661e-06
