1	0.999999999998
2	0.916546080476
3	0.0807052694628
4	0.0473885213553
5	0.0151484361168
6	0.144638013785
7	0.114576662696
8	0.0335209556971
9	0.0354653074833
10	0.199207608787
11	0.106874428805
12	0.0323849027249
13	0.0333889687057
14	0.113888826192
15	0.202112276211
16	0.082266611249
17	0.073696546703
18	0.105509081205
19	0.0604711791514
20	0.0396055620901
21	0.038083668749
22	0.0408559397656
23	0.036521775633
24	0.0296084271888
25	0.0223939912778
26	0.0186593502218
27	0.0215489245703
28	0.0213909097053
29	0.0196498874612
30	0.017857814503
31	0.014600391867
32	0.0118955055807
33	0.0117840113377
34	0.012000701848
35	0.0115769814402
36	0.0106279197441
37	0.00947760390229
38	0.00848194337819
39	0.00810203411306
40	0.00832136144124
41	0.0088747747774
42	0.00870416580151
43	0.00813865475878
44	0.00741719649675
45	0.00688333082645
46	0.00669191603025
47	0.00667174653257
48	0.00668123760987
49	0.00655778768976
50	0.00632918477658
51	0.00610560130845
52	0.00592116493534
53	0.00585410291897
54	0.00582155462268
55	0.00578091536474
56	0.00566096004105
57	0.00549781565247
58	0.00534039985441
59	0.00522556003059
60	0.0051247563094
61	0.00502901738561
62	0.00494233296899
63	0.0048656025999
64	0.00479890331569
65	0.00473054055029
66	0.00466844392838
67	0.00461859367505
68	0.00454009109672
69	0.00445377966728
70	0.00438455068951
71	0.00436868748879
72	0.00431179856111
73	0.00421353526567
74	0.00411188691584
75	0.00401080067104
76	0.00391668482519
77	0.00385641678757
78	0.00380011306931
79	0.00373944153466
80	0.00367321323024
81	0.00360725549124
82	0.00355535658087
83	0.00351564113727
84	0.00346761948065
85	0.00343140245786
86	0.00338319281246
87	0.00334365622477
88	0.00328870536637
89	0.00322786005573
90	0.00313785705238
91	0.00305389794672
92	0.00299402775562
93	0.00294979034185
94	0.00291742744562
95	0.00287874737437
96	0.00283621415452
97	0.00279715182253
98	0.00275787918641
99	0.00272186023899
100	0.00271673749343
101	0.00269439323166
102	0.0026300387604
103	0.00257673255401
104	0.00252200690464
105	0.00246890198726
106	0.0024260511431
107	0.00238690398799
108	0.00236796210285
109	0.0023486225189
110	0.00232073510787
111	0.00228398440763
112	0.00226452157885
113	0.00224694376424
114	0.00223116026179
115	0.00218659394051
116	0.00214723825312
117	0.0021084618922
118	0.00207103217614
119	0.00204352213101
120	0.00201513376487
121	0.002007657354
122	0.00199879996249
123	0.00197422215141
124	0.00197080676952
125	0.00196292401424
126	0.00195628197332
127	0.00193616444182
128	0.00191494427416
129	0.00188910539698
130	0.00186046343989
131	0.00184708131293
132	0.00183004010548
133	0.00181532458641
134	0.0018004324516
135	0.00178761518144
136	0.00177849203791
137	0.00177048520462
138	0.00174856818635
139	0.00172990690059
140	0.00170758488318
141	0.00167860547259
142	0.00167326276765
143	0.00165215022332
144	0.00163201805196
145	0.00162419032846
146	0.00161996626657
147	0.001626583771
148	0.00159907417022
149	0.00157608832879
150	0.001551152971
151	0.00152174339707
152	0.00151344608735
153	0.00150006868497
154	0.00149610620918
155	0.00148915431359
156	0.00148038296045
157	0.00145533548888
158	0.00143200410731
159	0.00141113421372
160	0.00139509510431
161	0.00138489931076
162	0.00137821700277
163	0.00136851359254
164	0.00135741919831
165	0.00133534472309
166	0.00131493301654
167	0.00129472678734
168	0.00128715033734
169	0.00128110239735
170	0.00127146009197
171	0.00124720003339
172	0.00122151501878
173	0.00120563927884
174	0.00118583856979
175	0.00117402432276
176	0.00116735417489
177	0.00114935412693
178	0.0011322745423
179	0.00111233828539
180	0.0011029442301
181	0.00109145173036
182	0.00107672972342
183	0.00106217173795
184	0.00104665098891
185	0.00103110107959
186	0.001019355687
187	0.0010105149976
188	0.000989593899653
189	0.000961637420475
190	0.000945188648594
191	0.000934986549509
192	0.000923487922804
193	0.00091834631347
194	0.000903567409139
195	0.000883957116745
196	0.000867131398302
197	0.000859346176778
198	0.000823474378967
199	0.00082372592679
200	0.000811282960693
201	0.000813953432926
202	0.000808869520532
203	0.000826877387836
204	0.000824868358461
205	0.000818074050506
206	0.00080914032314
207	0.000810333173325
208	0.000822010430955
209	0.000824788316624
210	0.000823165222641
211	0.000820342991443
212	0.000816981059585
213	0.000813143501744
214	0.000808820692019
215	0.000804175282986
216	0.000799479894295
217	0.000794570208504
218	0.000789585920072
219	0.000784410408482
220	0.000779279693691
221	0.000773772984368
222	0.000768604380784
223	0.000763765920355
224	0.00075850126458
225	0.000753198786532
226	0.00074791932296
227	0.00074261999683
228	0.000737296685511
229	0.000732569309041
230	0.000727375886021
231	0.00072237610783
232	0.000716691665611
233	0.00071159138223
234	0.000706487267949
235	0.000701798854384
236	0.000696599906144
237	0.000691732784612
238	0.000686746764933
239	0.000681789155399
240	0.000677382759157
241	0.000672466327761
242	0.000667273949998
243	0.000662487790017
244	0.000657659379072
245	0.000653334693946
246	0.000648726490413
247	0.000644099040137
248	0.000639506187612
249	0.000634865939129
250	0.000630301265611
251	0.000625768124223
252	0.000621811740603
253	0.000617340243042
254	0.000612646919469
255	0.000608329514359
256	0.000603966726371
257	0.000600026644452
258	0.000595853139644
259	0.000591781185947
260	0.000587218844974
261	0.000583104150543
262	0.000579071780031
263	0.000575018856814
264	0.000570978124273
265	0.000566890585911
266	0.000563371695783
267	0.000559474275302
268	0.000555324563977
269	0.000551521531453
270	0.000547594535714
271	0.000543731590243
272	0.000540386102815
273	0.0005366008155
274	0.000532641687601
275	0.000529030705391
276	0.000525377473363
277	0.000521726085429
278	0.000518555311542
279	0.000514916830055
280	0.00051116881537
281	0.00050774984249
282	0.000504353220776
283	0.000500913423324
284	0.000497553835975
285	0.000493855449728
286	0.000490602656818
287	0.000487229167496
288	0.000484295208452
289	0.00048102882945
290	0.000477924414906
291	0.000474360725858
292	0.000471192762269
293	0.000468031035002
294	0.000464939009653
295	0.000461576337761
296	0.000458630948337
297	0.0004558631731
298	0.000452800127258
299	0.000449581041869
300	0.0004466566163
301	0.000443727702421
302	0.00044079570804
303	0.000437872242009
304	0.00043494301369
305	0.00043210679831
306	0.000429271932582
307	0.000426459611654
308	0.000423693826174
309	0.000420932621208
310	0.000418228612975
311	0.000415255006634
312	0.000412670651022
313	0.0004099768146
314	0.000407358857959
315	0.000404741652154
316	0.000402090717814
317	0.000399502932892
318	0.000396971255928
319	0.000394452836603
320	0.000391746615977
321	0.000389250905759
322	0.000386790889266
323	0.000384405254033
324	0.000381772222156
325	0.000379365236366
326	0.000376995389133
327	0.000374681227115
328	0.000372136169671
329	0.000369795340495
330	0.000367501850315
331	0.000365254711443
332	0.000362786349315
333	0.000360520863417
334	0.000358292028833
335	0.000356103399149
336	0.000353721802082
337	0.000351532553356
338	0.000349369899403
339	0.000346993765584
340	0.000344991807937
341	0.000342884658978
342	0.000340740858639
343	0.000338682250554
344	0.000336385534892
345	0.00033442483454
346	0.000332375395449
347	0.000330337042425
348	0.000328369486114
349	0.000326185422051
350	0.000324185569266
351	0.000322260873212
352	0.000320159550907
353	0.000318251953154
354	0.000316341861272
355	0.00031451273458
356	0.000312442544978
357	0.000310564797696
358	0.000308763047993
359	0.00030676977101
360	0.000304954533495
361	0.000303158234963
362	0.000301231635914
363	0.000299521978333
364	0.000297751133894
365	0.000295874712367
366	0.000294137329782
367	0.000292458700333
368	0.000290594068871
369	0.000288896259989
370	0.000287053205459
371	0.000285440010617
372	0.000283800093276
373	0.000282146657237
374	0.000280590180856
375	0.000278740040137
376	0.000277173266918
377	0.000275418402767
378	0.000273836853062
379	0.000272293750596
380	0.000270634953287
381	0.000269109357757
382	0.000267572465672
383	0.000265959052196
384	0.000264443555635
385	0.000263005016038
386	0.000261366801066
387	0.000259899466927
388	0.000258323230387
389	0.000256879593425
390	0.000255429372976
391	0.000254111665327
392	0.000252438835974
393	0.000251047089901
394	0.000249691471872
395	0.000248179624899
396	0.000246790627723
397	0.000245450615863
398	0.000243923891814
399	0.000242764982758
400	0.000241446081085
401	0.000239978128159
402	0.000238460917228
403	0.000237126129499
404	0.000235923172265
405	0.000234680986413
406	0.000233397035619
407	0.000232024866707
408	0.000230742759433
409	0.000224797238509
410	0.000220151287507
411	0.000217340930683
412	0.000216147952926
413	0.000215436901497
414	0.000214696575486
415	0.000213935563931
416	0.000212826259344
417	0.000211778410151
418	0.000210891304856
419	0.000209473477055
420	0.000208406402563
421	0.000207167136058
422	0.0002060841563
423	0.000205220214897
424	0.000203804389117
425	0.000202798224279
426	0.000201619887431
427	0.000200594081105
428	0.000199544494696
429	0.000198762599142
430	0.0001974150146
431	0.000196533958212
432	0.000195377689749
433	0.000194465482043
434	0.000193431128853
435	0.00019248910543
436	0.000191384282505
437	0.00019046230645
438	0.000189482290389
439	0.000188620451147
440	0.000187527901847
441	0.000186470293262
442	0.00018558947529
443	0.000184607676211
444	0.000183667373967
445	0.000182876079426
446	0.000181969035269
447	0.000181117225565
448	0.000180010396035
449	0.000179183738869
450	0.000178312720452
451	0.000177426349913
452	0.000176550377984
453	0.000175793434066
454	0.00017478543687
455	0.00017386741097
456	0.000173070797702
457	0.000172185610796
458	0.000171346534893
459	0.000170624090678
460	0.000169814573116
461	0.000169041771179
462	0.000168072060148
463	0.000167356036292
464	0.000166568279694
465	0.000165728049775
466	0.000165025110681
467	0.000164161296335
468	0.000163319439116
469	0.000162644138998
470	0.000161796696324
471	0.000161107068439
472	0.000160298042566
473	0.000159630231091
474	0.000158781475378
475	0.000158136033874
476	0.000157314879056
477	0.000156684952751
478	0.000155864174336
479	0.00015523988345
480	0.00015443896986
481	0.000153823151241
482	0.000153026105829
483	0.000152415719453
484	0.000151643922527
485	0.000151037985322
486	0.000150275025896
487	0.000149682238507
488	0.000148917636246
489	0.000148329102453
490	0.000147605168973
491	0.000146983094031
492	0.000146301299874
493	0.000145675704815
494	0.000145009266374
495	0.000144387722688
496	0.000143733501141
497	0.000143120078092
498	0.00014247273351
499	0.000141868002485
500	0.000141227947948
501	0.000140630874656
502	0.000139999574561
503	0.000139407687922
504	0.000138788086921
505	0.000138197908099
506	0.000137592639388
507	0.000131269669869
508	0.000126187984505
509	0.000123742556394
510	0.000123026828117
511	0.000122970932413
512	0.000123056183873
513	0.000122989734844
514	0.000122768232814
515	0.000122245604423
516	0.000121724519992
517	0.00012123242585
518	0.000120719746497
519	0.000120194347741
520	0.000119660987383
521	0.000119124685626
522	0.00011859115079
523	0.000118063964027
524	0.000117545148616
525	0.000117035628477
526	0.000116535585402
527	0.000116044055014
528	0.000115559686558
529	0.00011508055372
530	0.000114604799443
531	0.0001141309991
532	0.000113658056531
533	0.000113185776653
534	0.000112714280693
535	0.000112244253592
536	0.000111776553627
537	0.00011131183572
538	0.000110850673615
539	0.000110393484193
540	0.000109940453512
541	0.000109491438407
542	0.00010904650733
543	0.00010860536054
544	0.000108167380815
545	0.000107732108432
546	0.000107299337244
547	0.000106868986858
548	0.000106441291649
549	0.000106016211885
550	0.000105593863639
551	0.000105174288551
552	0.000104757575648
553	0.000104343776806
554	0.000103932935954
555	0.000103524998602
556	0.000103119889693
557	0.000102717624477
558	0.000102318035657
559	0.000101921038238
560	0.000101526586461
561	0.00010113479751
562	0.000100745455356
563	0.000100358473224
564	9.99738243009e-05
565	9.95915501825e-05
566	9.92117120235e-05
567	9.88344853289e-05
568	9.8459723948e-05
569	9.80873445992e-05
570	9.77173452795e-05
571	9.73496775734e-05
572	9.69842768229e-05
573	9.66211109521e-05
574	9.62577737225e-05
575	9.59018410941e-05
576	9.55457899573e-05
577	9.51914708376e-05
578	9.48381271518e-05
579	9.44899546068e-05
580	9.41403576154e-05
581	9.37949417426e-05
582	9.34506075378e-05
583	9.31092726263e-05
584	9.27696046951e-05
585	9.24321533301e-05
586	9.20966008858e-05
587	9.17629861488e-05
588	9.14311309868e-05
589	9.1101081503e-05
590	9.0772813023e-05
591	9.04463371923e-05
592	9.01216331804e-05
593	8.97978914195e-05
594	8.94773772838e-05
595	8.91582073146e-05
596	8.8840807708e-05
597	8.85250601594e-05
598	8.82110371569e-05
599	8.78987225388e-05
600	8.7588105155e-05
601	8.72792102274e-05
602	8.69721536103e-05
603	8.66669853188e-05
604	8.63622538663e-05
605	8.60607589177e-05
606	8.57607432862e-05
607	8.54619680155e-05
608	8.51644681344e-05
609	8.48683946616e-05
610	8.4573848213e-05
611	8.42808681917e-05
612	8.3989414495e-05
613	8.36994486874e-05
614	8.34109261137e-05
615	8.31238629889e-05
616	8.28382606551e-05
617	8.25541040664e-05
618	8.22713736423e-05
619	8.19900548175e-05
620	8.17101279699e-05
621	8.14315978075e-05
