1	0.0956769044368
2	0.0694525136417
3	0.00474214858588
4	0.00106521326126
5	0.00452690871621
6	0.0187081622147
7	0.00592372272322
8	0.00267152271099
9	0.00767178928173
10	0.00476861293646
11	0.00186714241166
12	0.000907779053569
13	0.000666707573027
14	0.000859841023177
15	0.000877156405621
16	0.000777134503197
17	0.000700113047156
18	0.000575361611559
19	0.00045233678908
20	0.000421584852428
21	0.000415041537376
22	0.000387673591481
23	0.000351528083112
24	0.000303422617952
25	0.000266590121397
26	0.000253836181166
27	0.000266524633929
28	0.000270850358557
29	0.000263229969809
30	0.000241364948832
31	0.000218523485308
32	0.000202881184594
33	0.00019990932354
34	0.000202044221252
35	0.000198721148179
36	0.000191302459124
37	0.00018238528859
38	0.000174025561483
39	0.000168838300201
40	0.000167651197119
41	0.000166433949431
42	0.000163462557246
43	0.000159116012721
44	0.00015467328311
45	0.00015071280175
46	0.000148081272856
47	0.000146151153916
48	0.000143994171133
49	0.000141502875386
50	0.000138860239677
51	0.000136279122999
52	0.000133929342792
53	0.000131704207911
54	0.000129413244897
55	0.000127291736969
56	0.000124968205545
57	0.000122610375182
58	0.000120351489859
59	0.000118237631184
60	0.000116232482038
61	0.000114299049106
62	0.000112479905004
63	0.000110773042981
64	0.000109152298146
65	0.000107621864192
66	0.000106169911652
67	0.000104772542595
68	0.000103510764071
69	0.000102430797948
70	0.000101346881009
71	9.99978992052e-05
72	9.85790572969e-05
73	9.72166636585e-05
74	9.5908403508e-05
75	9.46228939593e-05
76	9.3296321023e-05
77	9.19107843269e-05
78	9.04859610047e-05
79	8.91251572005e-05
80	8.78448930896e-05
81	8.66456822333e-05
82	8.55379403647e-05
83	8.45562114813e-05
84	8.37072238181e-05
85	8.291814843e-05
86	8.23607174222e-05
87	8.17327639176e-05
88	8.07544400018e-05
89	7.97502583749e-05
90	7.8802498455e-05
91	7.7902886273e-05
92	7.69458705502e-05
93	7.59238588797e-05
94	7.49261340954e-05
95	7.39682849036e-05
96	7.30973464389e-05
97	7.234872479e-05
98	7.16726564302e-05
99	7.1068822861e-05
100	7.06229185888e-05
101	7.03379608187e-05
102	6.95338350549e-05
103	6.86632804555e-05
104	6.7857777554e-05
105	6.71823099608e-05
106	6.64534487416e-05
107	6.56119074981e-05
108	6.47957609602e-05
109	6.40506191761e-05
110	6.34394869611e-05
111	6.28734664982e-05
112	6.24011944256e-05
113	6.20293712679e-05
114	6.1777858315e-05
115	6.10514731325e-05
116	6.02613710759e-05
117	5.96125859829e-05
118	5.91235534509e-05
119	5.85230754603e-05
120	5.78770620075e-05
121	5.73980809507e-05
122	5.70770300223e-05
123	5.6779512079e-05
124	5.65463669122e-05
125	5.64294541496e-05
126	5.63963628885e-05
127	5.58984506539e-05
128	5.53983893817e-05
129	5.49915285599e-05
130	5.47181014142e-05
131	5.43431516353e-05
132	5.39208048711e-05
133	5.34800705216e-05
134	5.29736043789e-05
135	5.25335727512e-05
136	5.23009934797e-05
137	5.21297486558e-05
138	5.15864636387e-05
139	5.10628503983e-05
140	5.06293946643e-05
141	5.03833008693e-05
142	5.00431746465e-05
143	4.95219403915e-05
144	4.89573602359e-05
145	4.85320457773e-05
146	4.83948368721e-05
147	4.80987727606e-05
148	4.75473378054e-05
149	4.70254901478e-05
150	4.66779921232e-05
151	4.64185561347e-05
152	4.59358610317e-05
153	4.53766823624e-05
154	4.50544970618e-05
155	4.4892345617e-05
156	4.44063484023e-05
157	4.38912482767e-05
158	4.34589618989e-05
159	4.31066167791e-05
160	4.27690669618e-05
161	4.2290151438e-05
162	4.19872859094e-05
163	4.17064924796e-05
164	4.11775182295e-05
165	4.06556559779e-05
166	4.02166347936e-05
167	3.98909222181e-05
168	3.95344395051e-05
169	3.91588643846e-05
170	3.87966208889e-05
171	3.81913929576e-05
172	3.76143108471e-05
173	3.71645214543e-05
174	3.67329648307e-05
175	3.62582382419e-05
176	3.59508747192e-05
177	3.54967781709e-05
178	3.50831372701e-05
179	3.46390698487e-05
180	3.4312661307e-05
181	3.39585616558e-05
182	3.35051958411e-05
183	3.30693797499e-05
184	3.26192675888e-05
185	3.22510608478e-05
186	3.19146035614e-05
187	3.13147333455e-05
188	3.06346878186e-05
189	2.99023790963e-05
190	2.94124540449e-05
191	2.88986957267e-05
192	2.84678768017e-05
193	2.8393506259e-05
194	2.79369162641e-05
195	2.72523857535e-05
196	2.66544551381e-05
197	2.61813724909e-05
198	2.49950679059e-05
199	2.49253978294e-05
200	2.43915091151e-05
201	2.41249122338e-05
202	2.3927411577e-05
203	2.44376191092e-05
204	2.43827896374e-05
205	2.40977498126e-05
206	2.37105982972e-05
207	2.36240548836e-05
208	2.39961688279e-05
209	2.40485524828e-05
210	2.39687858114e-05
211	2.38351245544e-05
212	2.36741374706e-05
213	2.34983736046e-05
214	2.33143194702e-05
215	2.31254400707e-05
216	2.29334716865e-05
217	2.27414348954e-05
218	2.25484508507e-05
219	2.23568076209e-05
220	2.21653367285e-05
221	2.19756150035e-05
222	2.17877898168e-05
223	2.16010743674e-05
224	2.14163024671e-05
225	2.12337769166e-05
226	2.10528272132e-05
227	2.08738058298e-05
228	2.0696694452e-05
229	2.05213844151e-05
230	2.03481193128e-05
231	2.01768765958e-05
232	2.00071817526e-05
233	1.98394012418e-05
234	1.96738890911e-05
235	1.95098125249e-05
236	1.93473211552e-05
237	1.91872117047e-05
238	1.90281552851e-05
239	1.88709456214e-05
240	1.8715360866e-05
241	1.85616030151e-05
242	1.84093340692e-05
243	1.82587387975e-05
244	1.81099021398e-05
245	1.79623200933e-05
246	1.78163475829e-05
247	1.76718726975e-05
248	1.75289625904e-05
249	1.73875964794e-05
250	1.72475655663e-05
251	1.7108861414e-05
252	1.69714324687e-05
253	1.68355372565e-05
254	1.67008829867e-05
255	1.65676375354e-05
256	1.64359045843e-05
257	1.63052761923e-05
258	1.61759750002e-05
259	1.60480524797e-05
260	1.59211089514e-05
261	1.57954530999e-05
262	1.56711187796e-05
263	1.5548191213e-05
264	1.54263192357e-05
265	1.53054938281e-05
266	1.51856696214e-05
267	1.50671727261e-05
268	1.49497069044e-05
269	1.48332936001e-05
270	1.47182219337e-05
271	1.4604111241e-05
272	1.44909079671e-05
273	1.43788634864e-05
274	1.42677672902e-05
275	1.41577350253e-05
276	1.40488374355e-05
277	1.39408701814e-05
278	1.38337910836e-05
279	1.37278019691e-05
280	1.36226527963e-05
281	1.35184347676e-05
282	1.34153993296e-05
283	1.3313216157e-05
284	1.32118747079e-05
285	1.31112935453e-05
286	1.30117070065e-05
287	1.29130968927e-05
288	1.28152110789e-05
289	1.27182256126e-05
290	1.26223169627e-05
291	1.25269497694e-05
292	1.2432549406e-05
293	1.23389664586e-05
294	1.2246202618e-05
295	1.21541149065e-05
296	1.20629731923e-05
297	1.19725779401e-05
298	1.18829875684e-05
299	1.17940933666e-05
300	1.1705874132e-05
301	1.16186296459e-05
302	1.15321142322e-05
303	1.14462910066e-05
304	1.1361158777e-05
305	1.12768134844e-05
306	1.11931281574e-05
307	1.11100484634e-05
308	1.10277882233e-05
309	1.09461706877e-05
310	1.08654264601e-05
311	1.07851561331e-05
312	1.07054656712e-05
313	1.06267006814e-05
314	1.05484530397e-05
315	1.04708267925e-05
316	1.03938664814e-05
317	1.03174853727e-05
318	1.02418430784e-05
319	1.01669463667e-05
320	1.00924432914e-05
321	1.00185044337e-05
322	9.94540525811e-06
323	9.87283921396e-06
324	9.80072012732e-06
325	9.7291904866e-06
326	9.65847044608e-06
327	9.58826756679e-06
328	9.51847691632e-06
329	9.44924137557e-06
330	9.38079552568e-06
331	9.31284562562e-06
332	9.24529093849e-06
333	9.17826295741e-06
334	9.11200028629e-06
335	9.04622782094e-06
336	8.98082992372e-06
337	8.91593104583e-06
338	8.85177268264e-06
339	8.78797114475e-06
340	8.72474791229e-06
341	8.66199518121e-06
342	8.59967247051e-06
343	8.53790999998e-06
344	8.47670708315e-06
345	8.41589407251e-06
346	8.35559573789e-06
347	8.29578760053e-06
348	8.23656681392e-06
349	8.17759631208e-06
350	8.11915917653e-06
351	8.06121637172e-06
352	8.00363831033e-06
353	7.94648915088e-06
354	7.89000159515e-06
355	7.83390942823e-06
356	7.77809675009e-06
357	7.72280506417e-06
358	7.66796287096e-06
359	7.61346327008e-06
360	7.55943263031e-06
361	7.50588259532e-06
362	7.45268238868e-06
363	7.39984365268e-06
364	7.34758000267e-06
365	7.29559357597e-06
366	7.24401474646e-06
367	7.19289394654e-06
368	7.14205175246e-06
369	7.09169267647e-06
370	7.04167821175e-06
371	6.99202392881e-06
372	6.94281765939e-06
373	6.89397017475e-06
374	6.84560320049e-06
375	6.79743712237e-06
376	6.7496912382e-06
377	6.70224794762e-06
378	6.65522285317e-06
379	6.60859840071e-06
380	6.56226542569e-06
381	6.51623422904e-06
382	6.47074047212e-06
383	6.42546364065e-06
384	6.38053309337e-06
385	6.33599310747e-06
386	6.29168584399e-06
387	6.24781056936e-06
388	6.20420415837e-06
389	6.16089893197e-06
390	6.11808039537e-06
391	6.07551761405e-06
392	6.03321436357e-06
393	5.99122811271e-06
394	5.94960676104e-06
395	5.9082213619e-06
396	5.86721958799e-06
397	5.82655400321e-06
398	5.78619181195e-06
399	5.74595811513e-06
400	5.70620370893e-06
401	5.66674101499e-06
402	5.62745966512e-06
403	5.58846169945e-06
404	5.54992948242e-06
405	5.51160272508e-06
406	5.47357974478e-06
407	5.43583886994e-06
408	9.96187206555e-06
409	9.91601316254e-06
410	9.86423547987e-06
411	9.80551499569e-06
412	9.74242756882e-06
413	9.67842158202e-06
414	9.61537210939e-06
415	9.55329806043e-06
416	9.49230359133e-06
417	9.43193873798e-06
418	9.37184527134e-06
419	9.31212868739e-06
420	9.25252215535e-06
421	9.19348686131e-06
422	9.13482804721e-06
423	9.07640203615e-06
424	9.01846919218e-06
425	8.96070274048e-06
426	8.90354665606e-06
427	8.8467915918e-06
428	8.79039835867e-06
429	8.73427084375e-06
430	8.67865872388e-06
431	8.62324526977e-06
432	8.5684719652e-06
433	8.51391359785e-06
434	8.45976251757e-06
435	8.40598211799e-06
436	8.35262177614e-06
437	8.29942401897e-06
438	8.24673342855e-06
439	8.19450532315e-06
440	8.14236263309e-06
441	8.09068876276e-06
442	8.03931912528e-06
443	7.98850325989e-06
444	7.93793449774e-06
445	7.88753884533e-06
446	7.83766080056e-06
447	7.78820225854e-06
448	7.73892807876e-06
449	7.68988952114e-06
450	7.64135679481e-06
451	7.59312902837e-06
452	7.5452673826e-06
453	7.49779850812e-06
454	7.45037096679e-06
455	7.40343277517e-06
456	7.35676183153e-06
457	7.31056418099e-06
458	7.26459021648e-06
459	7.21878101173e-06
460	7.17343573679e-06
461	7.12847929836e-06
462	7.08370082191e-06
463	7.03912269733e-06
464	6.99510756885e-06
465	6.95114312506e-06
466	6.90772936597e-06
467	6.86453030911e-06
468	6.82130859144e-06
469	6.7787354318e-06
470	6.73626083677e-06
471	6.69430878694e-06
472	6.65236822739e-06
473	6.61096239825e-06
474	6.5696047023e-06
475	6.52872360423e-06
476	6.48791025879e-06
477	6.44757966485e-06
478	6.40732817387e-06
479	6.36753945853e-06
480	6.32782708683e-06
481	6.28857572776e-06
482	6.24939892933e-06
483	6.21066966389e-06
484	6.17201260229e-06
485	6.13380705437e-06
486	6.09566256895e-06
487	6.05796877946e-06
488	6.02034232043e-06
489	5.9831480963e-06
490	5.94600299908e-06
491	5.90934592771e-06
492	5.87267498972e-06
493	5.83651130532e-06
494	5.80032156915e-06
495	5.76463645225e-06
496	5.72892867771e-06
497	5.69371873903e-06
498	5.65848386592e-06
499	5.62374303388e-06
500	5.58897827187e-06
501	5.55470136995e-06
502	5.52040027627e-06
503	5.48657871055e-06
504	5.45273532321e-06
505	5.41936230127e-06
506	9.947889526e-06
507	9.93368329609e-06
508	9.90663158085e-06
509	9.86478691095e-06
510	9.8133701403e-06
511	9.75829143146e-06
512	9.70349861191e-06
513	9.65081624007e-06
514	9.60013014452e-06
515	9.54994969485e-06
516	9.49998361598e-06
517	9.45006431811e-06
518	9.40020836747e-06
519	9.35044517407e-06
520	9.30084056e-06
521	9.25144516864e-06
522	9.20228404122e-06
523	9.15337112317e-06
524	9.10471864372e-06
525	9.05633766787e-06
526	9.00824212201e-06
527	8.96043465491e-06
528	8.91292125866e-06
529	8.86569566339e-06
530	8.81874827648e-06
531	8.77206698874e-06
532	8.72564153895e-06
533	8.67946416292e-06
534	8.63353101361e-06
535	8.58784209355e-06
536	8.5423995109e-06
537	8.49720700901e-06
538	8.45226732033e-06
539	8.40758367577e-06
540	8.36315678046e-06
541	8.31898417747e-06
542	8.27506624937e-06
543	8.23140173937e-06
544	8.18798745136e-06
545	8.14482029024e-06
546	8.10189758723e-06
547	8.05921418305e-06
548	8.01677164003e-06
549	7.9745691234e-06
550	7.93260612937e-06
551	7.89088192898e-06
552	7.84939547396e-06
553	7.80814550211e-06
554	7.76713087722e-06
555	7.72635078794e-06
556	7.6858041089e-06
557	7.64548996465e-06
558	7.60540644339e-06
559	7.56555170994e-06
560	7.52592472212e-06
561	7.48652391844e-06
562	7.44734698362e-06
563	7.40839267038e-06
564	7.36965776757e-06
565	7.33114291526e-06
566	7.29284573475e-06
567	7.25476571925e-06
568	7.21690178939e-06
569	7.17925256088e-06
570	7.14181783807e-06
571	7.10459631979e-06
572	7.06758674256e-06
573	7.03078768899e-06
574	6.99419860401e-06
575	6.95781312561e-06
576	6.9216403079e-06
577	6.88567053052e-06
578	6.84990027045e-06
579	6.81433633638e-06
580	6.77897821756e-06
581	6.74381590124e-06
582	6.70885425093e-06
583	6.67408773479e-06
584	6.63951913365e-06
585	6.60514719266e-06
586	6.57097090726e-06
587	6.53698821718e-06
588	6.50319750892e-06
589	6.46959754953e-06
590	6.43618684026e-06
591	6.40296471758e-06
592	6.36992972943e-06
593	6.33708532567e-06
594	6.30442152792e-06
595	6.27194151831e-06
596	6.23964441408e-06
597	6.20752921791e-06
598	6.17559477608e-06
599	6.14384057824e-06
600	6.11226539608e-06
601	6.08086662539e-06
602	6.04964434815e-06
603	6.01859748911e-06
604	5.98772453584e-06
605	5.95702458296e-06
606	5.92649764295e-06
607	5.89614237472e-06
608	5.86595551008e-06
609	5.8359358195e-06
610	5.80608566394e-06
611	5.7764034567e-06
612	5.74688743341e-06
613	5.71753645929e-06
614	5.68834944349e-06
615	5.65932577506e-06
616	5.63046272544e-06
617	5.60175999782e-06
618	5.57321758891e-06
619	5.54483415413e-06
620	5.51660886438e-06
621	5.48854086742e-06
