# Residuals         
# Time              	Ux                  	Uy                  	Uz                  	p                   
0                   	N/A	N/A
1                   	9.999279694514e-01	9.999999999979e-01	1.000000000000e+00	9.999999999856e-01
2                   	7.290433304305e-01	7.975616085692e-01	7.063047572337e-01	8.795071306193e-03
3                   	1.322897712905e-01	4.420673633810e-01	7.757150508374e-02	2.265655034422e-02
4                   	7.365562566369e-03	1.317683183236e-01	2.465145390965e-02	1.626302703894e-01
5                   	2.107820864267e-03	2.900389652206e-02	1.529084258234e-02	1.288694612857e-01
6                   	9.783683324221e-04	5.749214863731e-02	4.612091598389e-02	5.057907102340e-02
7                   	6.397736712294e-04	3.202900619536e-01	1.321755094148e-01	8.293494367369e-02
8                   	6.217326028873e-04	1.279617483423e-01	2.103349787352e-01	2.186156301568e-01
9                   	5.858751225133e-04	5.327403234542e-02	7.403093373387e-02	1.860139158348e-01
10                  	5.318846693529e-04	3.278352795761e-02	1.968653880179e-02	1.093628578674e-01
11                  	4.856170594381e-04	7.139341702269e-02	1.479419782760e-02	1.041579831460e-01
12                  	4.701269188975e-04	2.147027263440e-01	1.658108688105e-02	1.401383923205e-01
13                  	5.027916019258e-04	3.609087963560e-01	1.525187053768e-02	2.127236591999e-01
14                  	5.079736192688e-04	2.192005159712e-01	1.061827961862e-02	2.592985357770e-01
15                  	5.092901132330e-04	7.555903226582e-02	5.348742937711e-03	1.939264269779e-01
16                  	5.001162355746e-04	4.196865374003e-02	4.420161500631e-03	1.550366571863e-01
17                  	4.608378946467e-04	4.670199185512e-02	5.771537407181e-03	1.352261046856e-01
18                  	4.361997427714e-04	4.060023326324e-02	5.326139071977e-03	1.532562458364e-01
19                  	4.248747529741e-04	2.811033962559e-02	3.705545481932e-03	1.800850000673e-01
20                  	4.239241978149e-04	1.630213753329e-02	2.159668374192e-03	1.330230513874e-01
21                  	4.285252305234e-04	1.246240224529e-02	1.645304580023e-03	1.009467032359e-01
22                  	4.324599002976e-04	1.560772071635e-02	1.937338424766e-03	8.216414097025e-02
23                  	4.374705941948e-04	1.479829517184e-02	1.973854456230e-03	7.946701889766e-02
24                  	4.400157913744e-04	1.107619850779e-02	1.592328149708e-03	8.625255915748e-02
25                  	4.394034060920e-04	7.548227886688e-03	1.164926097555e-03	9.025167294137e-02
26                  	4.369164414366e-04	5.881517176527e-03	9.644847202722e-04	8.529228414013e-02
27                  	4.329988383218e-04	6.281480902270e-03	9.703421223185e-04	7.411952878425e-02
28                  	4.305191144460e-04	6.253912443313e-03	9.780612787363e-04	6.502712784913e-02
29                  	4.285824677866e-04	5.331457594077e-03	9.208350400148e-04	5.726724752939e-02
30                  	4.283700124174e-04	4.327617372257e-03	8.364266231489e-04	5.058718796318e-02
31                  	4.287724077225e-04	3.623880363517e-03	7.771889194378e-04	4.421454026609e-02
32                  	4.289317600629e-04	3.459021214919e-03	7.454800535344e-04	3.927053650367e-02
33                  	4.293952808893e-04	3.323138287219e-03	7.303067382252e-04	3.563762017902e-02
34                  	4.297945184849e-04	3.224046148630e-03	7.120160694199e-04	3.305716582961e-02
35                  	4.296917038304e-04	3.057814341138e-03	6.899612059938e-04	3.129609094484e-02
36                  	4.296665336778e-04	2.924689504907e-03	6.703256943220e-04	2.980512452187e-02
37                  	4.298061279652e-04	2.849356596408e-03	6.567747040732e-04	2.757086078959e-02
38                  	4.297890081557e-04	2.824904620637e-03	6.448269056767e-04	2.508305373436e-02
39                  	4.302230698960e-04	2.760706508050e-03	6.325319022720e-04	2.284693684435e-02
40                  	4.309562089960e-04	2.666467510370e-03	6.190715201423e-04	2.103882737265e-02
41                  	4.315887553658e-04	2.580356078620e-03	6.049880880051e-04	1.939633735169e-02
42                  	4.323678062606e-04	2.506745558296e-03	5.907048284386e-04	1.782452515268e-02
43                  	4.329432755631e-04	2.443326319265e-03	5.771974786488e-04	1.640194466236e-02
44                  	4.330147446271e-04	2.386893410888e-03	5.650416322371e-04	1.498827798693e-02
45                  	4.333195428486e-04	2.342209584304e-03	5.535269296056e-04	1.379415402468e-02
46                  	4.334619133390e-04	2.300467593883e-03	5.425722422974e-04	1.281912639224e-02
47                  	4.330439091555e-04	2.257837150434e-03	5.319819906357e-04	1.195656384484e-02
48                  	4.327923486674e-04	2.217930549833e-03	5.220748597292e-04	1.108326891120e-02
49                  	4.325690747365e-04	2.180019798134e-03	5.124241983201e-04	1.025286471447e-02
50                  	4.324159213956e-04	2.143450614320e-03	5.030807420215e-04	9.490801651657e-03
51                  	4.318828558788e-04	2.106162872186e-03	4.936195099190e-04	8.812673358476e-03
52                  	4.318536478946e-04	2.070321188530e-03	4.846543537451e-04	8.220576170182e-03
53                  	4.322991937383e-04	2.034271895520e-03	4.758529961188e-04	7.687215057378e-03
54                  	4.315909489345e-04	1.998623912736e-03	4.670855149889e-04	7.184710000826e-03
55                  	4.312187246394e-04	1.963787801634e-03	4.586729012177e-04	6.697941155676e-03
56                  	4.317574846549e-04	1.931491739094e-03	4.506486219532e-04	6.247630167452e-03
57                  	4.306395133766e-04	1.899359582349e-03	4.428155865797e-04	5.859968559044e-03
58                  	4.300715043553e-04	1.869031620265e-03	4.352202665122e-04	5.498332938072e-03
59                  	4.304111741381e-04	1.839241064855e-03	4.278776648893e-04	5.171440632048e-03
60                  	4.291318586517e-04	1.809655350120e-03	4.206407453468e-04	4.870588182333e-03
61                  	4.286465346908e-04	1.781280420123e-03	4.136926540911e-04	4.598849873676e-03
62                  	4.291038455627e-04	1.753185500441e-03	4.068460956884e-04	4.353333236929e-03
63                  	4.277924318169e-04	1.725638453110e-03	4.002060400273e-04	4.127657700591e-03
64                  	4.271855504650e-04	1.698599500784e-03	3.937523789670e-04	3.918569601115e-03
65                  	4.280078532017e-04	1.671764999471e-03	3.873766219785e-04	3.728385267604e-03
66                  	4.266140779367e-04	1.645884432442e-03	3.812659016922e-04	3.555579095329e-03
67                  	4.256133157683e-04	1.619961577761e-03	3.751504014243e-04	3.394651915029e-03
68                  	4.253136292816e-04	1.595293418654e-03	3.693829699608e-04	3.244493655257e-03
69                  	4.245325848272e-04	1.570552058857e-03	3.635945527559e-04	3.105697182056e-03
70                  	4.247029974481e-04	1.546880261435e-03	3.580921329576e-04	2.978492039217e-03
71                  	4.233292037333e-04	1.523441356167e-03	3.526455435784e-04	2.860138753526e-03
72                  	4.229572355823e-04	1.500657979704e-03	3.473571482265e-04	2.748142792197e-03
73                  	4.220727909565e-04	1.478423106855e-03	3.422043424100e-04	2.640368384292e-03
74                  	4.215149200625e-04	1.456668536317e-03	3.371559394615e-04	2.538303705164e-03
75                  	4.207566531201e-04	1.435361035299e-03	3.322049321547e-04	2.438517385313e-03
76                  	4.200506404739e-04	1.414553124667e-03	3.273862049822e-04	2.344387785536e-03
77                  	4.188972017657e-04	1.393774483395e-03	3.226296151995e-04	2.257674178423e-03
78                  	4.173011352964e-04	1.373854937531e-03	3.180913778886e-04	2.181435624762e-03
79                  	4.151470076402e-04	1.353681334978e-03	3.135160583856e-04	2.111125739233e-03
80                  	4.123588802220e-04	1.334705617962e-03	3.092271759819e-04	2.041268916061e-03
81                  	4.099305607878e-04	1.315458351889e-03	3.049008914831e-04	1.973950873511e-03
82                  	4.077935641407e-04	1.296841807303e-03	3.007502392051e-04	1.910985248364e-03
83                  	4.058865982351e-04	1.278334860864e-03	2.966324268117e-04	1.850246903013e-03
84                  	4.044543286214e-04	1.260267426337e-03	2.926273589005e-04	1.788004000341e-03
85                  	4.034739528613e-04	1.242320364149e-03	2.886988145503e-04	1.725246944888e-03
86                  	4.023188788363e-04	1.224869896206e-03	2.848701632800e-04	1.668470800787e-03
87                  	4.012751655374e-04	1.207794686146e-03	2.810778606038e-04	1.620005338391e-03
88                  	4.004769688665e-04	1.191139059609e-03	2.773771884428e-04	1.576103289358e-03
89                  	3.998742158710e-04	1.174602293680e-03	2.737345168668e-04	1.531359269653e-03
90                  	3.991222101473e-04	1.158352979678e-03	2.701978467987e-04	1.485277162887e-03
91                  	3.979006100373e-04	1.141918042014e-03	2.666772259641e-04	1.440859507074e-03
92                  	3.971086975301e-04	1.126682969683e-03	2.632986622003e-04	1.394196226748e-03
93                  	3.968821762712e-04	1.110782822370e-03	2.598526273639e-04	1.350475706151e-03
94                  	3.963649509058e-04	1.095796186998e-03	2.566167396512e-04	1.314128614575e-03
95                  	3.956611913572e-04	1.080872342963e-03	2.533493770578e-04	1.283925093135e-03
96                  	3.951431198474e-04	1.066190430440e-03	2.501205958967e-04	1.250614565126e-03
97                  	3.945301171741e-04	1.051840409081e-03	2.470093616461e-04	1.214980991476e-03
98                  	3.936224069450e-04	1.037290682528e-03	2.439470703215e-04	1.176833279140e-03
99                  	3.935276577311e-04	1.023394691882e-03	2.408743038977e-04	1.137389071282e-03
100                 	3.929851185406e-04	1.009790389740e-03	2.379337600174e-04	1.104338746497e-03
101                 	3.924797955136e-04	9.963129337346e-04	2.349975098188e-04	1.077640885117e-03
102                 	3.922115582750e-04	9.828292575093e-04	2.320970412300e-04	1.048137367970e-03
103                 	3.919630702775e-04	9.696958032848e-04	2.292330925314e-04	1.020412896010e-03
104                 	3.911433242055e-04	9.567828991089e-04	2.264335867405e-04	9.835061566789e-04
105                 	3.909183155843e-04	9.441754256112e-04	2.236784727914e-04	9.512132712042e-04
106                 	3.910597149055e-04	9.315347617428e-04	2.208924946426e-04	9.233608361868e-04
107                 	3.906181437940e-04	9.193068342350e-04	2.182378019635e-04	8.927830116670e-04
108                 	3.897512051215e-04	9.074437008922e-04	2.156404085308e-04	8.620649213348e-04
109                 	3.897857269628e-04	8.955227132742e-04	2.130193518779e-04	8.307709055564e-04
110                 	3.900324740082e-04	8.835955693095e-04	2.103882007272e-04	8.049333375582e-04
111                 	3.900753786253e-04	8.721196180360e-04	2.078419568811e-04	7.762130567449e-04
112                 	3.889517279488e-04	8.608025324154e-04	2.053438535649e-04	7.467913532045e-04
113                 	3.893615968051e-04	8.495699488934e-04	2.028280867513e-04	7.194055660091e-04
114                 	3.894102983013e-04	8.385621954810e-04	2.003581478254e-04	6.935807340237e-04
115                 	3.889495632987e-04	8.275514801417e-04	1.978880164757e-04	6.654339038930e-04
116                 	3.890125596108e-04	8.170381852187e-04	1.954967132913e-04	6.396220075260e-04
117                 	3.887873765999e-04	8.066582791927e-04	1.931508838858e-04	6.153547115588e-04
118                 	3.881449744072e-04	7.962879417977e-04	1.907882442476e-04	5.903797787016e-04
119                 	3.884111151728e-04	7.862272607035e-04	1.884872638470e-04	5.681110944206e-04
120                 	3.877448039385e-04	7.761035774857e-04	1.861652492976e-04	5.457007304075e-04
121                 	3.858287641396e-04	7.663926567022e-04	1.839409715991e-04	5.258004817231e-04
122                 	3.789249034413e-04	7.578367527972e-04	1.819979498764e-04	5.077503623835e-04
123                 	3.751302977027e-04	7.494070798463e-04	1.801489037607e-04	4.924753845799e-04
124                 	3.743472368406e-04	7.406911403115e-04	1.782232658672e-04	4.783082336455e-04
125                 	3.738811640355e-04	7.319385663843e-04	1.762979812287e-04	4.647918073714e-04
126                 	3.733244892968e-04	7.232667447625e-04	1.743960050335e-04	4.523997663070e-04
127                 	3.726385571657e-04	7.146976172566e-04	1.725268359214e-04	4.413084183729e-04
128                 	3.719250472554e-04	7.062395371399e-04	1.706936574483e-04	4.313109517506e-04
129                 	3.711870254277e-04	6.979068061455e-04	1.688962956048e-04	4.217424168669e-04
130                 	3.703914203110e-04	6.897136921639e-04	1.671347882044e-04	4.125925109677e-04
131                 	3.695048963596e-04	6.816545275226e-04	1.654082261529e-04	4.036858869854e-04
132                 	3.686023179231e-04	6.737282852879e-04	1.637140085438e-04	3.951034232831e-04
133                 	3.677100551505e-04	6.659288049058e-04	1.620511443886e-04	3.866935929892e-04
134                 	3.667966537411e-04	6.582186905277e-04	1.604164737334e-04	3.749886583103e-04
135                 	3.658061227675e-04	6.507216420803e-04	1.588160896210e-04	3.693403344366e-04
136                 	3.647409095936e-04	6.432468193610e-04	1.572397221576e-04	3.599601851846e-04
137                 	3.636998560557e-04	6.359734896741e-04	1.556940086937e-04	3.548988117790e-04
138                 	3.626403632138e-04	6.287412417935e-04	1.541705553412e-04	3.460049224515e-04
139                 	3.615059854482e-04	6.216403630193e-04	1.526740969110e-04	3.385766252360e-04
140                 	3.603003998671e-04	6.146734580946e-04	1.512029653628e-04	3.320281643458e-04
141                 	3.591215242632e-04	6.078256607806e-04	1.497556443937e-04	3.260239070912e-04
142                 	3.579202710998e-04	6.010752134184e-04	1.483306784527e-04	3.200500545698e-04
143                 	3.566353876692e-04	5.944194556141e-04	1.469275347487e-04	3.140979446907e-04
144                 	3.553452443961e-04	5.878621318110e-04	1.455459371766e-04	3.081823597230e-04
145                 	3.540639158146e-04	5.814036307215e-04	1.441853157394e-04	3.024195693337e-04
146                 	3.527278416092e-04	5.750469261658e-04	1.428451811496e-04	2.967983673768e-04
147                 	3.513690373070e-04	5.687861977443e-04	1.415247016467e-04	2.914899381145e-04
148                 	3.500392544706e-04	5.626197751404e-04	1.402236421524e-04	2.863158232249e-04
149                 	3.486571895942e-04	5.565462724308e-04	1.389412644011e-04	2.812148817035e-04
150                 	3.472671705525e-04	5.505640693779e-04	1.376770842281e-04	2.764259482676e-04
151                 	3.458786921872e-04	5.446721771845e-04	1.364307620111e-04	2.716904233046e-04
152                 	3.444519441139e-04	5.388676405729e-04	1.352020442770e-04	2.670654329476e-04
153                 	3.430420284899e-04	5.331483528790e-04	1.339903371012e-04	2.625580183944e-04
154                 	3.416030999880e-04	5.275117100286e-04	1.327951462520e-04	2.581248414883e-04
155                 	3.401711602031e-04	5.219586532550e-04	1.316160567710e-04	2.537955371420e-04
156                 	3.387157933688e-04	5.164869486587e-04	1.304528661729e-04	2.495935741329e-04
157                 	3.372668826196e-04	5.110974063682e-04	1.293052542204e-04	2.455235815724e-04
158                 	3.357890134716e-04	5.057903089273e-04	1.281729113900e-04	2.416022242722e-04
159                 	3.342783305945e-04	5.005631053423e-04	1.270558122690e-04	2.378737622781e-04
160                 	3.326993147535e-04	4.954133660341e-04	1.259543203641e-04	2.343100919932e-04
161                 	3.309431823194e-04	4.903400446208e-04	1.248670048466e-04	2.309252829464e-04
162                 	3.288503770264e-04	4.853480663711e-04	1.237938661342e-04	2.264851089432e-04
163                 	3.263337363212e-04	4.804256525416e-04	1.227340132614e-04	2.232439076593e-04
164                 	3.235703601852e-04	4.755696312842e-04	1.216871751202e-04	2.198417398864e-04
165                 	3.208488507633e-04	4.707809394390e-04	1.206532461272e-04	2.162868851427e-04
166                 	3.183135871961e-04	4.660688515344e-04	1.196323162662e-04	2.129145651492e-04
167                 	3.159818973904e-04	4.614205208322e-04	1.186238377398e-04	2.098558815264e-04
168                 	3.140369098596e-04	4.568369950218e-04	1.176279040455e-04	2.067357866300e-04
169                 	3.122946309008e-04	4.523151066646e-04	1.166438925758e-04	2.035753141271e-04
170                 	3.106430450244e-04	4.478558853890e-04	1.156716748532e-04	2.006179352734e-04
171                 	3.090157322311e-04	4.434627205509e-04	1.147112165131e-04	1.978106246579e-04
172                 	3.073992180022e-04	4.391339814747e-04	1.137622646799e-04	1.950934687369e-04
173                 	3.057943362814e-04	4.348646634314e-04	1.128243160355e-04	1.924345350976e-04
174                 	3.042041224561e-04	4.306523438574e-04	1.118973758514e-04	1.898738510388e-04
175                 	3.026321798725e-04	4.264963274792e-04	1.109811227895e-04	1.873420347700e-04
176                 	3.011152809112e-04	4.223971736285e-04	1.100753986723e-04	1.848126539090e-04
177                 	2.996538383226e-04	4.183548060258e-04	1.091802243618e-04	1.823654076629e-04
178                 	2.982179157785e-04	4.143650359976e-04	1.082954076144e-04	1.799435828082e-04
179                 	2.968008165540e-04	4.104297984815e-04	1.074206933115e-04	1.775782653073e-04
180                 	2.953988947117e-04	4.065487472325e-04	1.065559135064e-04	1.753207943860e-04
181                 	2.940118404048e-04	4.027186825675e-04	1.057008808844e-04	1.731200513548e-04
182                 	2.926381725302e-04	3.989391033094e-04	1.048555484834e-04	1.709943674658e-04
183                 	2.912778370556e-04	3.952090064609e-04	1.040197192654e-04	1.688793485562e-04
184                 	2.899320345190e-04	3.915250824883e-04	1.031931118158e-04	1.667521052501e-04
185                 	2.885996702755e-04	3.878929584891e-04	1.023757435539e-04	1.646815101695e-04
186                 	2.872807696445e-04	3.843114470262e-04	1.015674528462e-04	1.626577359945e-04
187                 	2.859749994850e-04	3.807787414220e-04	1.007681719987e-04	1.606876328443e-04
188                 	2.846823654108e-04	3.772932462669e-04	9.997777709194e-05	1.587268010566e-04
189                 	2.834034915966e-04	3.738522946814e-04	9.919603189011e-05	1.567764954885e-04
190                 	2.821439974475e-04	3.704567844032e-04	9.842297328558e-05	1.548884929708e-04
191                 	2.809050360466e-04	3.671043958358e-04	9.765834371287e-05	1.529967908937e-04
192                 	2.796817755064e-04	3.637957545440e-04	9.690208006609e-05	1.511952291591e-04
193                 	2.784722403437e-04	3.605248020321e-04	9.615391860416e-05	1.494292460277e-04
194                 	2.772752185085e-04	3.572946927343e-04	9.541397936204e-05	1.476526983345e-04
195                 	2.760909021134e-04	3.541050190164e-04	9.468212604083e-05	1.458955147569e-04
196                 	2.749173540176e-04	3.509535852112e-04	9.395777966589e-05	1.443267177753e-04
197                 	2.737559205683e-04	3.478451404504e-04	9.324142740990e-05	1.428021098945e-04
198                 	2.726060702980e-04	3.447766401638e-04	9.253251749594e-05	1.412837182183e-04
199                 	2.714668637973e-04	3.417459918267e-04	9.183111472808e-05	1.397688566417e-04
200                 	2.703382918306e-04	3.387521774669e-04	9.113708187712e-05	1.382403756380e-04
201                 	2.692203075795e-04	3.357946287069e-04	9.045027099792e-05	1.367321884140e-04
202                 	2.681126211580e-04	3.328734298948e-04	8.977050024262e-05	1.352533230519e-04
203                 	2.670148781207e-04	3.299872056279e-04	8.909780043498e-05	1.338057716544e-04
204                 	2.659275304384e-04	3.271353275764e-04	8.843207926173e-05	1.324275924274e-04
205                 	2.648502101333e-04	3.243198777964e-04	8.777268127343e-05	1.310681431180e-04
206                 	2.637822523704e-04	3.215382452237e-04	8.712041390804e-05	1.297408718767e-04
207                 	2.627237715550e-04	3.187906197332e-04	8.647490305355e-05	1.284413755371e-04
208                 	2.616746458746e-04	3.160751247635e-04	8.583601336398e-05	1.271819604656e-04
209                 	2.606346096171e-04	3.133917077527e-04	8.520357876323e-05	1.259530147419e-04
210                 	2.596038675299e-04	3.107392854253e-04	8.457751242927e-05	1.247510895795e-04
211                 	2.585823848540e-04	3.081174921365e-04	8.395783393490e-05	1.235398744069e-04
212                 	2.575696792086e-04	3.055256462222e-04	8.334439287997e-05	1.223303159066e-04
213                 	2.565656640255e-04	3.029632818298e-04	8.273702778369e-05	1.211456222255e-04
214                 	2.555701382773e-04	3.004313471791e-04	8.213564205332e-05	1.199474347794e-04
215                 	2.545830161540e-04	2.979298688472e-04	8.154021316670e-05	1.187721153155e-04
216                 	2.536043419568e-04	2.954571728077e-04	8.095078628000e-05	1.176349421177e-04
217                 	2.526341697438e-04	2.930135561292e-04	8.036725803898e-05	1.164926047630e-04
218                 	2.516719588290e-04	2.905993195877e-04	7.978937707541e-05	1.153578799183e-04
219                 	2.507175300673e-04	2.882134530494e-04	7.921719544448e-05	1.142897663739e-04
220                 	2.497707843500e-04	2.858559946718e-04	7.865056841316e-05	1.133293266225e-04
221                 	2.488319989313e-04	2.835255136160e-04	7.808950594357e-05	1.123858985788e-04
222                 	2.479013271764e-04	2.812210614405e-04	7.753403120384e-05	1.114792713795e-04
223                 	2.469782701869e-04	2.789427101217e-04	7.698400005510e-05	1.105549143031e-04
224                 	2.460626437117e-04	2.766897835429e-04	7.643933325959e-05	1.096414877460e-04
225                 	2.451540204816e-04	2.744615582542e-04	7.589998926614e-05	1.087295495255e-04
226                 	2.442523248995e-04	2.722581557832e-04	7.536598522175e-05	1.078109933609e-04
227                 	2.433575496508e-04	2.700783474805e-04	7.483711426127e-05	1.068972701475e-04
228                 	2.424697016498e-04	2.679220352110e-04	7.431333852406e-05	1.059902220996e-04
229                 	2.415884802168e-04	2.657892624206e-04	7.379463394925e-05	1.050936115738e-04
230                 	2.407137928644e-04	2.636809098517e-04	7.328095871472e-05	1.042061297435e-04
231                 	2.398453192761e-04	2.615953474658e-04	7.277221351500e-05	1.033359438251e-04
232                 	2.389829386499e-04	2.595325241546e-04	7.226830680175e-05	1.024895750514e-04
233                 	2.381269396112e-04	2.574929615848e-04	7.176922257468e-05	1.016545575184e-04
234                 	2.372767518737e-04	2.554765469024e-04	7.127492883712e-05	1.008307008055e-04
235                 	2.364323992786e-04	2.534817198073e-04	7.078531081705e-05	1.000083560587e-04
236                 	2.355936653212e-04	2.515089112392e-04	7.030021214185e-05	9.925865841548e-05
237                 	2.347604572343e-04	2.495571090788e-04	6.981973159759e-05	9.855037619504e-05
238                 	2.339331091238e-04	2.476257953342e-04	6.934376093712e-05	9.783378882947e-05
239                 	2.331110379727e-04	2.457149389595e-04	6.887237736988e-05	9.709964154657e-05
240                 	2.322941428236e-04	2.438247271282e-04	6.840552194697e-05	9.636606862831e-05
241                 	2.314824274054e-04	2.419559447010e-04	6.794301006075e-05	9.563749379661e-05
242                 	2.306756944863e-04	2.401074374582e-04	6.748487779079e-05	9.490068072233e-05
243                 	2.298738696072e-04	2.382787210358e-04	6.703101748071e-05	9.416228372006e-05
244                 	2.290765136289e-04	2.364694989925e-04	6.658143441791e-05	9.342421756568e-05
245                 	2.282835070403e-04	2.346793880992e-04	6.613603859738e-05	9.268551381115e-05
246                 	2.274949305198e-04	2.329081787818e-04	6.569478751085e-05	9.195792954604e-05
247                 	2.267108700519e-04	2.311562275975e-04	6.525767169371e-05	9.127314429934e-05
248                 	2.259305114523e-04	2.294230101016e-04	6.482463745021e-05	9.057946823191e-05
249                 	2.251537169548e-04	2.277084269379e-04	6.439557488353e-05	8.987674085170e-05
250                 	2.243803617333e-04	2.260113673229e-04	6.397044520155e-05	8.917959481940e-05
251                 	2.236108276501e-04	2.243318747297e-04	6.354931669764e-05	8.849452358535e-05
252                 	2.228444492680e-04	2.226694869958e-04	6.313205205351e-05	8.781439048806e-05
253                 	2.220808042644e-04	2.210247487874e-04	6.271858620155e-05	2.353047044448e-04
254                 	2.212825877436e-04	2.143581597553e-04	6.254081284735e-05	1.783815364061e-04
255                 	2.204926480288e-04	2.100167186442e-04	6.227965294193e-05	1.174060941692e-04
256                 	2.197102579476e-04	2.079892458972e-04	6.193736092123e-05	1.056577061836e-04
257                 	2.189337064889e-04	2.068548292111e-04	6.155949007923e-05	1.020413594133e-04
258                 	2.181615687885e-04	2.057956074317e-04	6.117500251207e-05	9.468222905434e-05
259                 	2.173933461553e-04	2.045908624507e-04	6.079585483337e-05	8.771862376949e-05
260                 	2.166287362655e-04	2.032474620274e-04	6.042404826904e-05	8.315833751866e-05
261                 	2.158670437553e-04	2.018344004670e-04	6.005825588559e-05	8.087092348816e-05
262                 	2.151083119953e-04	2.004045004564e-04	5.969665440551e-05	8.013464813777e-05
263                 	2.143528240691e-04	1.989796511958e-04	5.933794757161e-05	7.986872331882e-05
264                 	2.136002611376e-04	1.975659201038e-04	5.898205058157e-05	7.946263347548e-05
265                 	2.128498855203e-04	1.961651635244e-04	5.862870542654e-05	7.878718760496e-05
266                 	2.121012942889e-04	1.947805788699e-04	5.827789679554e-05	7.795134286098e-05
267                 	2.113546808979e-04	1.934145111423e-04	5.792979639459e-05	7.715583177474e-05
268                 	2.106095186992e-04	1.920686176371e-04	5.758457686911e-05	7.650444021570e-05
269                 	2.098657489462e-04	1.907403904066e-04	5.724209567923e-05	7.594800962980e-05
270                 	2.091238266075e-04	1.894263828478e-04	5.690234520783e-05	7.543678912082e-05
271                 	2.083830891353e-04	1.881244085822e-04	5.656528173323e-05	7.493104316851e-05
272                 	2.076438689228e-04	1.868331350248e-04	5.623090866274e-05	7.442444765221e-05
273                 	2.069061956234e-04	1.855508540791e-04	5.589917670002e-05	7.393792190221e-05
274                 	2.061702061019e-04	1.842791370817e-04	5.557001550018e-05	7.346643966455e-05
275                 	2.054357198822e-04	1.830187467796e-04	5.524344781545e-05	7.299498899049e-05
276                 	2.047035660513e-04	1.817699613473e-04	5.491946978747e-05	7.252397093935e-05
277                 	2.039728319256e-04	1.805342283031e-04	5.459801158487e-05	7.204697914890e-05
278                 	2.032454201730e-04	1.793103085929e-04	5.427902616833e-05	7.155610352000e-05
279                 	2.025199085275e-04	1.780978968502e-04	5.396249395703e-05	7.106520357212e-05
280                 	2.017980093423e-04	1.768967519457e-04	5.364842331974e-05	7.057430554122e-05
281                 	2.010792397530e-04	1.757065267640e-04	5.333678047703e-05	7.004764176665e-05
282                 	2.003641540116e-04	1.745275608331e-04	5.302749242885e-05	6.954498654351e-05
283                 	1.996531346374e-04	1.733593171283e-04	5.272055529917e-05	6.911261266377e-05
284                 	1.989464495948e-04	1.722019016580e-04	5.241596601632e-05	6.868176556175e-05
285                 	1.982444443224e-04	1.710547506248e-04	5.211371681962e-05	6.824270080454e-05
286                 	1.975475376720e-04	1.699179487694e-04	5.181379437435e-05	6.779235341833e-05
287                 	1.968558085270e-04	1.687914681230e-04	5.151618781500e-05	6.733266078034e-05
288                 	1.961703953676e-04	1.676751765224e-04	5.122088154366e-05	6.686950350944e-05
289                 	1.954902543644e-04	1.665690331321e-04	5.092785384409e-05	6.640141000502e-05
290                 	1.948171717750e-04	1.654732259392e-04	5.063706012713e-05	6.590292727105e-05
291                 	1.941503534701e-04	1.643874083551e-04	5.034845050418e-05	6.539022844589e-05
292                 	1.934898501930e-04	1.633115274164e-04	5.006201600092e-05	6.490386378684e-05
293                 	1.928372147264e-04	1.622452912839e-04	4.977774591549e-05	6.445677156523e-05
294                 	1.921917825110e-04	1.611888706490e-04	4.949564192168e-05	6.401041296005e-05
295                 	1.915539574719e-04	1.601416611191e-04	4.921567674213e-05	6.355497118929e-05
296                 	1.909239411803e-04	1.591035557639e-04	4.893777788790e-05	6.310521607504e-05
297                 	1.903027098406e-04	1.580743686905e-04	4.866194071738e-05	6.265488889310e-05
298                 	1.896903415646e-04	1.570541269001e-04	4.838816029617e-05	6.223204766932e-05
299                 	1.890878873267e-04	1.560427343178e-04	4.811638679381e-05	6.180340498235e-05
300                 	1.884978087544e-04	1.550402708586e-04	4.784661803504e-05	6.137311453256e-05
301                 	1.879211247754e-04	1.540465458460e-04	4.757889805466e-05	6.092477035987e-05
302                 	1.873601734756e-04	1.530616876979e-04	4.731317883552e-05	6.044315223122e-05
303                 	1.868014752982e-04	1.520859948633e-04	4.704932082316e-05	5.997581357262e-05
304                 	1.862446539121e-04	1.511191576049e-04	4.678750713074e-05	5.952857467040e-05
305                 	1.856897686744e-04	1.501607620195e-04	4.652760137476e-05	5.909977664231e-05
306                 	1.851371377194e-04	1.492106413695e-04	4.626958712197e-05	5.867589407772e-05
307                 	1.845867231206e-04	1.482686019467e-04	4.601345027864e-05	5.825440337564e-05
308                 	1.840384560904e-04	1.473345722107e-04	4.575920291516e-05	5.783832174942e-05
309                 	1.834927443374e-04	1.464087430735e-04	4.550673074081e-05	5.742946281783e-05
310                 	1.829510705999e-04	1.454910827597e-04	4.525607070084e-05	5.705870351988e-05
311                 	1.824130502642e-04	1.445810003431e-04	4.500730434322e-05	5.669433944685e-05
312                 	1.818784059477e-04	1.436786961473e-04	4.476032738584e-05	5.632569385171e-05
313                 	1.813473027118e-04	1.427846338968e-04	4.451511811681e-05	5.595194611862e-05
314                 	1.808198502477e-04	1.418982864996e-04	4.427164740274e-05	5.556728031770e-05
315                 	1.802960899596e-04	1.410192847285e-04	4.402992348829e-05	5.511054912028e-05
316                 	1.797761557409e-04	1.401475429059e-04	4.378988009327e-05	5.469855844307e-05
317                 	1.792605165921e-04	1.392833541755e-04	4.355150053999e-05	5.433024078174e-05
318                 	1.787491284769e-04	1.384260652298e-04	4.331476855877e-05	5.396963242884e-05
319                 	1.782423693119e-04	1.375760317508e-04	4.307967925847e-05	5.360672029449e-05
320                 	1.777409944393e-04	1.367331229503e-04	4.284621850619e-05	5.329562131794e-05
321                 	1.772459472726e-04	1.358975926770e-04	4.261433818406e-05	5.300393226895e-05
322                 	1.767608752515e-04	1.350691702402e-04	4.238403543802e-05	5.269837794417e-05
323                 	1.762798073110e-04	1.342475168591e-04	4.215532881854e-05	5.238711410855e-05
324                 	1.758001905327e-04	1.334323480773e-04	4.192822224082e-05	5.207193485132e-05
325                 	1.753219834459e-04	1.326235164663e-04	4.170265255033e-05	5.175571592716e-05
326                 	1.748453196232e-04	1.318211913398e-04	4.147861337527e-05	5.143188317109e-05
327                 	1.743701805861e-04	1.310253087503e-04	4.125609711476e-05	5.110515500992e-05
328                 	1.738967694134e-04	1.302357261149e-04	4.103511587080e-05	5.077649805098e-05
329                 	1.734250389984e-04	1.294524316615e-04	4.081564708993e-05	5.045091221139e-05
330                 	1.729550554698e-04	1.286753131132e-04	4.059767039953e-05	5.012415154889e-05
331                 	1.724867171440e-04	1.279042498358e-04	4.038117136407e-05	4.980368524050e-05
332                 	1.720201026788e-04	1.271392121629e-04	4.016612826651e-05	4.943231315371e-05
333                 	1.715552928076e-04	1.263803230822e-04	3.995250971487e-05	4.907581957299e-05
334                 	1.710922321631e-04	1.256276682256e-04	3.974030438637e-05	4.876145227325e-05
335                 	1.706309513607e-04	1.248809636365e-04	3.952951948284e-05	4.845001478011e-05
336                 	1.701715531351e-04	1.241401600283e-04	3.932016810298e-05	4.815579186763e-05
337                 	1.697139750538e-04	1.234049294465e-04	3.911221944255e-05	4.786964279114e-05
338                 	1.692583149940e-04	1.226753580588e-04	3.890566395662e-05	4.757693914537e-05
339                 	1.688046116618e-04	1.219513854798e-04	3.870048192642e-05	4.728542765394e-05
340                 	1.683528482654e-04	1.212329093461e-04	3.849666982762e-05	4.699952366822e-05
341                 	1.679030173292e-04	1.205196388241e-04	3.829422323441e-05	4.673098978823e-05
342                 	1.674551179742e-04	1.198118292356e-04	3.809312103923e-05	4.646409739738e-05
343                 	1.670091470208e-04	1.191094109347e-04	3.789336036827e-05	4.619169960520e-05
344                 	1.665651060967e-04	1.184123719652e-04	3.769491806119e-05	4.591790417909e-05
345                 	1.661230741061e-04	1.177206956062e-04	3.749779456861e-05	4.567450828662e-05
346                 	1.656830290329e-04	1.170343374404e-04	3.730197373376e-05	4.543686241683e-05
347                 	1.652449279479e-04	1.163537211667e-04	3.710742904504e-05	4.518152196688e-05
348                 	1.648087838816e-04	1.156780132908e-04	3.691415931884e-05	4.491343129662e-05
349                 	1.643746131879e-04	1.150071961488e-04	3.672214685554e-05	4.463659909715e-05
350                 	1.639423991823e-04	1.143415637190e-04	3.653140741958e-05	4.435388342396e-05
351                 	1.635121472995e-04	1.136808985751e-04	3.634190678781e-05	4.406838082260e-05
352                 	1.630839353569e-04	1.130250369371e-04	3.615364043507e-05	4.378253060531e-05
353                 	1.626577223506e-04	1.123740050120e-04	3.596660912325e-05	4.346220099813e-05
354                 	1.622338677115e-04	1.117278365194e-04	3.578081885234e-05	4.311033816206e-05
355                 	1.618151599964e-04	1.110864120211e-04	3.559624791490e-05	4.277552450425e-05
356                 	1.614056603750e-04	1.104499030517e-04	3.541283413287e-05	4.246337442226e-05
357                 	1.609991644560e-04	1.098182896032e-04	3.523068099601e-05	4.215538527642e-05
358                 	1.605947407273e-04	1.091912870230e-04	3.504973131923e-05	4.185174217115e-05
359                 	1.601922277850e-04	1.085690167942e-04	3.486992898811e-05	4.155255504930e-05
360                 	1.597915284741e-04	1.079513275333e-04	3.469127644118e-05	4.127465759888e-05
361                 	1.593925831280e-04	1.073381486779e-04	3.451377399063e-05	4.101259852249e-05
362                 	1.589953090170e-04	1.067295421602e-04	3.433739955553e-05	4.075784007144e-05
363                 	1.585996922656e-04	1.061256067595e-04	3.416216393503e-05	2.089020413121e-04
364                 	1.581641680143e-04	1.007853703626e-04	3.422881875635e-05	1.579348031917e-04
365                 	1.577345232623e-04	9.741576876195e-05	3.420540345228e-05	9.434529028645e-05
366                 	1.573106527422e-04	9.610960480795e-05	3.410189565184e-05	6.931632463813e-05
367                 	1.568918508148e-04	9.585642098348e-05	3.395651365012e-05	6.077860147881e-05
368                 	1.564770176402e-04	9.576653504141e-05	3.379884604673e-05	5.257077316160e-05
369                 	1.560654412166e-04	9.553817590483e-05	3.364213827444e-05	4.642560405930e-05
370                 	1.556567404034e-04	9.516892350669e-05	3.348962186188e-05	4.220394713606e-05
371                 	1.552508365203e-04	9.471654234835e-05	3.334043475560e-05	3.939721384725e-05
372                 	1.548477160242e-04	9.422701514708e-05	3.319292212439e-05	3.784659235822e-05
373                 	1.544473968170e-04	9.371999933166e-05	3.304604069021e-05	3.728640831116e-05
374                 	1.540497551197e-04	9.320122620006e-05	3.289948347062e-05	3.727356964591e-05
375                 	1.536546393904e-04	9.267458848636e-05	3.275330609042e-05	3.713008815644e-05
376                 	1.532619905620e-04	9.214707746712e-05	3.260767352514e-05	3.669226297918e-05
377                 	1.528717274861e-04	9.162531880537e-05	3.246268584770e-05	3.612269454774e-05
378                 	1.524836986633e-04	9.111375751413e-05	3.231839480356e-05	3.562089519194e-05
379                 	1.520979114108e-04	9.061320553953e-05	3.217480128896e-05	3.525070653861e-05
380                 	1.517142709079e-04	9.012186451309e-05	3.203191223885e-05	3.496763142116e-05
381                 	1.513327812482e-04	8.963647287731e-05	3.188974869479e-05	3.475990239878e-05
382                 	1.509533507133e-04	8.915445559283e-05	3.174830102587e-05	3.456851886307e-05
383                 	1.505759102020e-04	8.867397090635e-05	3.160761116209e-05	3.438693046830e-05
384                 	1.502004494793e-04	8.819456132901e-05	3.146769222585e-05	3.420970807900e-05
385                 	1.498269500510e-04	8.771647267637e-05	3.132854554143e-05	3.401455756135e-05
386                 	1.494553466311e-04	8.724050693336e-05	3.119016886455e-05	3.379654015026e-05
387                 	1.490856405248e-04	8.676751359539e-05	3.105255319232e-05	3.357378472062e-05
388                 	1.487177663874e-04	8.629803099402e-05	3.091569180797e-05	3.334867903442e-05
389                 	1.483517159719e-04	8.583239257391e-05	3.077957325161e-05	3.312654247336e-05
390                 	1.479874049986e-04	8.537063687586e-05	3.064420481352e-05	3.290721336969e-05
391                 	1.476248326410e-04	8.491272418726e-05	3.050958562750e-05	3.269339144947e-05
392                 	1.472640038730e-04	8.445843492505e-05	3.037570309391e-05	3.248971338384e-05
393                 	1.469049347672e-04	8.400755078240e-05	3.024255837169e-05	3.229040589158e-05
394                 	1.465475516015e-04	8.355978962815e-05	3.011015304118e-05	3.209301835986e-05
395                 	1.461918100273e-04	8.311523988130e-05	2.997847518048e-05	3.189820463881e-05
396                 	1.458377012139e-04	8.267382261231e-05	2.984753887318e-05	3.170457533302e-05
397                 	1.454851710593e-04	8.223554724563e-05	2.971733260845e-05	3.151212091033e-05
398                 	1.451342215056e-04	8.180032772863e-05	2.958784734083e-05	3.132085900034e-05
399                 	1.447848500096e-04	8.136832638558e-05	2.945907931479e-05	3.113520899044e-05
400                 	1.444370234512e-04	8.093968370976e-05	2.933101259551e-05	3.095781290244e-05
401                 	1.440907378906e-04	8.051432226353e-05	2.920365514891e-05	3.078683736810e-05
402                 	1.437459704004e-04	8.009229828207e-05	2.907700628467e-05	3.061747675485e-05
403                 	1.434026861398e-04	7.967349999868e-05	2.895106193667e-05	3.044637890425e-05
404                 	1.430609055278e-04	7.925778314737e-05	2.882582954814e-05	3.027597251092e-05
405                 	1.427205876781e-04	7.884510622368e-05	2.870129972373e-05	3.010510175960e-05
406                 	1.423817331214e-04	7.843550384580e-05	2.857747066057e-05	2.993389197709e-05
407                 	1.420442763124e-04	7.802888519083e-05	2.845433956651e-05	2.976170226984e-05
408                 	1.417082410772e-04	7.762524740654e-05	2.833189934873e-05	2.958421987632e-05
409                 	1.413736186523e-04	7.722454209251e-05	2.821013908935e-05	2.942237231301e-05
410                 	1.410403680277e-04	7.682686282560e-05	2.808904952463e-05	2.926473808367e-05
411                 	1.407084669931e-04	7.643216787513e-05	2.796863031751e-05	2.910104085325e-05
412                 	1.403779158803e-04	7.604043407028e-05	2.784888289013e-05	2.894242516705e-05
413                 	1.400487064608e-04	7.565162049071e-05	2.772980951322e-05	2.879011068759e-05
414                 	1.397208141689e-04	7.526562706692e-05	2.761140124491e-05	2.863240163384e-05
415                 	1.393942237964e-04	7.488247110391e-05	2.749364803377e-05	2.847166822503e-05
416                 	1.390689210958e-04	7.450214609332e-05	2.737655883055e-05	2.830980815984e-05
417                 	1.387449184651e-04	7.412464394848e-05	2.726011743489e-05	2.814859161988e-05
418                 	1.384221755117e-04	7.374999483023e-05	2.714431743508e-05	2.798865306205e-05
419                 	1.381006936704e-04	7.337809998790e-05	2.702916134354e-05	2.783091122893e-05
420                 	1.377804443152e-04	7.300892817835e-05	2.691464540078e-05	2.767465405550e-05
421                 	1.374614038872e-04	7.264247895181e-05	2.680076205560e-05	2.752075253014e-05
422                 	1.371435615682e-04	7.227879117260e-05	2.668750252173e-05	2.737270462377e-05
423                 	1.368269160278e-04	7.191770884704e-05	2.657487035373e-05	2.722582720920e-05
424                 	1.365114401964e-04	7.155911573289e-05	2.646286239853e-05	2.708071163340e-05
425                 	1.361971368711e-04	7.120317846250e-05	2.635147177810e-05	2.693337738079e-05
426                 	1.358839840113e-04	7.084976182350e-05	2.624069376748e-05	2.678590963648e-05
427                 	1.355719745122e-04	7.049890800952e-05	2.613052998603e-05	2.663971184423e-05
428                 	1.352610855558e-04	7.015070451414e-05	2.602099035345e-05	2.649985673316e-05
429                 	1.349513214597e-04	6.980495777033e-05	2.591205365980e-05	2.636039423863e-05
430                 	1.346426878079e-04	6.946161011451e-05	2.580371391173e-05	2.621843639131e-05
431                 	1.343351339553e-04	6.912076222191e-05	2.569597845170e-05	2.607408021012e-05
432                 	1.340288034965e-04	6.878245035011e-05	2.558883021204e-05	2.592789421967e-05
433                 	1.337236785198e-04	6.844675435796e-05	2.548226267025e-05	2.577952796512e-05
434                 	1.334197552988e-04	6.811350105778e-05	2.537632157950e-05	2.562957788584e-05
435                 	1.331169355821e-04	6.778259216081e-05	2.527096309670e-05	2.547823315360e-05
436                 	1.328151826858e-04	6.745415369808e-05	2.516618120766e-05	2.530814672504e-05
437                 	1.325144971238e-04	6.712809533590e-05	2.506198349461e-05	2.513044057740e-05
438                 	1.322148457033e-04	6.680436824958e-05	2.495836011013e-05	2.495711402780e-05
439                 	1.319161645455e-04	6.648288184659e-05	2.485531367786e-05	2.478893968243e-05
440                 	1.316185034204e-04	6.616369319821e-05	2.475285231564e-05	2.462635052905e-05
441                 	1.313217895083e-04	6.584679591801e-05	2.465095064508e-05	2.446950873305e-05
442                 	1.310260653862e-04	6.553215793849e-05	2.454960748936e-05	2.431791347729e-05
443                 	1.307312884852e-04	6.521969885307e-05	2.444881313316e-05	2.417101514162e-05
444                 	1.304374430480e-04	6.490955012223e-05	2.434856931827e-05	2.402867525358e-05
445                 	1.301444884774e-04	6.460157665404e-05	2.424887609472e-05	2.388815811659e-05
446                 	1.298524383552e-04	6.429574457636e-05	2.414974102654e-05	2.374938509790e-05
447                 	1.295612570995e-04	6.399208914438e-05	2.405115706796e-05	2.360772047862e-05
448                 	1.292709292311e-04	6.369108166347e-05	2.395314841781e-05	2.346127852372e-05
449                 	1.289814293820e-04	6.339138616724e-05	2.385564974879e-05	2.332080577922e-05
450                 	1.286927716970e-04	6.309388425277e-05	2.375868706010e-05	2.318865092850e-05
451                 	1.284049118704e-04	6.279877081495e-05	2.366224982301e-05	2.306917855161e-05
452                 	1.281178558368e-04	6.250579633117e-05	2.356633816588e-05	2.295074377068e-05
453                 	1.278315812746e-04	6.221493150873e-05	2.347094052983e-05	2.282974744012e-05
454                 	1.275460552971e-04	6.192610428764e-05	2.337605268749e-05	2.270721399990e-05
455                 	1.272613170293e-04	6.163922924942e-05	2.328166898709e-05	2.258420669203e-05
456                 	1.269773470237e-04	6.135438217987e-05	2.318778716110e-05	2.246100274808e-05
457                 	1.266941089660e-04	6.107147348256e-05	2.309442182999e-05	6.332340789828e-05
458                 	1.264112448673e-04	6.292328994606e-05	2.297599387017e-05	3.121966205340e-05
459                 	1.261299371849e-04	6.178719684371e-05	2.289587002504e-05	2.808774436265e-05
460                 	1.258486537692e-04	6.060348238567e-05	2.281380804596e-05	5.304052619331e-05
461                 	1.255676217066e-04	6.205145805459e-05	2.270089479864e-05	3.052432370961e-05
462                 	1.252881824173e-04	6.079175137548e-05	2.262334225069e-05	4.436200869764e-05
463                 	1.250086346103e-04	6.179001625801e-05	2.251699215260e-05	3.359123655344e-05
464                 	1.247304147708e-04	6.030704192387e-05	2.244260249171e-05	4.164469119177e-05
465                 	1.244520026034e-04	6.121774907611e-05	2.233821691437e-05	3.412483365590e-05
466                 	1.241749514429e-04	5.969275099166e-05	2.226529488357e-05	4.196995695997e-05
467                 	1.238977919993e-04	6.061841990474e-05	2.216139126143e-05	3.772284288759e-05
468                 	1.236216554880e-04	6.128475608442e-05	2.206314344854e-05	4.446622930706e-05
469                 	1.233463735093e-04	5.926914706279e-05	2.199754391460e-05	3.530101135335e-05
470                 	1.230707478986e-04	5.986676422866e-05	2.189863026578e-05	3.360912497265e-05
471                 	1.227961560659e-04	6.040852528238e-05	2.180292673831e-05	2.782547203793e-05
472                 	1.225221756055e-04	6.054029520849e-05	2.171319195852e-05	2.280931791171e-05
473                 	1.222485845813e-04	6.036700309779e-05	2.162686626157e-05	2.017904578295e-05
474                 	1.219753599881e-04	6.006877692401e-05	2.154203550288e-05	1.967429792507e-05
475                 	1.217025631968e-04	5.975054137890e-05	2.145790489328e-05	1.991480119941e-05
476                 	1.214301901152e-04	5.945097506031e-05	2.137417042253e-05	2.016414974164e-05
477                 	1.211582925311e-04	5.917310287732e-05	2.129072754353e-05	2.014335376732e-05
478                 	1.208868422165e-04	5.890972721486e-05	2.120760174948e-05	1.992566131931e-05
479                 	1.206158393115e-04	5.865450732842e-05	2.112483552424e-05	1.966129665439e-05
480                 	1.203452419282e-04	5.840372487447e-05	2.104246620815e-05	1.944169039404e-05
481                 	1.200750333847e-04	5.815576761516e-05	2.096052238054e-05	1.928662264492e-05
482                 	1.198052126983e-04	5.790991932238e-05	2.087900981468e-05	1.917340711090e-05
483                 	1.195357276156e-04	5.766552408407e-05	2.079792734868e-05	1.907823992249e-05
484                 	1.192665942900e-04	5.742209490511e-05	2.071728767146e-05	1.898848624151e-05
485                 	1.189977923260e-04	5.717931529363e-05	2.063707987460e-05	1.890134777196e-05
486                 	1.187292896119e-04	5.693711194772e-05	2.055730619899e-05	1.881213386129e-05
487                 	1.184611084342e-04	5.669576063998e-05	2.047795767206e-05	1.871985669757e-05
488                 	1.181932077967e-04	5.645562726063e-05	2.039902596012e-05	1.862192842229e-05
489                 	1.179255733778e-04	5.621703803580e-05	2.032051271302e-05	1.851923955788e-05
490                 	1.176581720636e-04	5.598017222138e-05	2.024240950758e-05	1.841628204062e-05
491                 	1.173910139387e-04	5.574508637237e-05	2.016472288099e-05	1.832072506451e-05
492                 	1.171240737801e-04	5.551175248150e-05	2.008744147218e-05	1.822401808645e-05
493                 	1.168573783340e-04	5.528007078743e-05	2.001056674546e-05	1.812695968199e-05
494                 	1.165908532010e-04	5.504975532971e-05	1.993408408770e-05	1.803369731790e-05
495                 	1.163245072769e-04	5.482119777030e-05	1.985802916732e-05	1.793985484911e-05
496                 	1.160582645437e-04	5.459380263155e-05	1.978237425855e-05	1.784928563198e-05
497                 	1.157921251024e-04	5.436774013258e-05	1.970712795428e-05	1.776391230591e-05
498                 	1.155260475244e-04	5.414296183432e-05	1.963229617376e-05	1.767755012578e-05
499                 	1.152600198464e-04	5.391951599793e-05	1.955786425127e-05	1.758972964934e-05
500                 	1.149939553101e-04	5.369750024454e-05	1.948381275229e-05	1.750098132815e-05
501                 	1.147278636360e-04	5.347690256221e-05	1.941013924059e-05	1.741195271440e-05
502                 	1.144618202946e-04	5.325769275627e-05	1.933684488224e-05	1.732308676204e-05
503                 	1.141958153667e-04	5.303985399255e-05	1.926392880859e-05	1.723467257423e-05
504                 	1.139298467465e-04	5.282330470575e-05	1.919138381128e-05	1.714678401840e-05
505                 	1.136639033562e-04	5.260809420231e-05	1.911920621740e-05	1.705947216863e-05
506                 	1.133979861558e-04	5.239418506015e-05	1.904739745206e-05	1.697269060649e-05
507                 	1.131320806567e-04	5.218154610292e-05	1.897595023364e-05	1.688653643400e-05
508                 	1.128661533025e-04	5.197017061413e-05	1.890486954990e-05	1.680072786602e-05
509                 	1.126001788448e-04	5.176009409736e-05	1.883414290603e-05	1.671550466300e-05
510                 	1.123342013589e-04	5.155133021616e-05	1.876377953256e-05	1.662866267835e-05
511                 	1.120681340243e-04	5.134380821815e-05	1.869377640238e-05	1.654238510961e-05
512                 	1.118020358258e-04	5.113755390688e-05	1.862413018671e-05	1.645844680838e-05
513                 	1.115358453330e-04	5.093252170682e-05	1.855483596204e-05	1.886103685563e-04
514                 	1.112355778039e-04	4.637237531843e-05	1.875214130045e-05	8.988556961784e-05
515                 	1.109732148126e-04	4.741229028690e-05	1.858011186511e-05	1.209574250560e-04
516                 	1.106781699382e-04	4.475041338675e-05	1.869557392702e-05	1.169442124117e-04
517                 	1.104189223371e-04	4.706188246068e-05	1.847874531894e-05	1.052313326224e-04
518                 	1.101265929361e-04	4.478890576518e-05	1.857826249581e-05	9.528499963282e-05
519                 	1.098368336162e-04	4.249629942097e-05	1.863826214151e-05	1.613702211562e-04
520                 	1.095813708145e-04	4.599255903560e-05	1.835890759202e-05	8.409592188406e-05
521                 	1.092936609703e-04	4.440884643119e-05	1.842669595921e-05	7.966361480773e-05
522                 	1.090077100177e-04	4.235728721554e-05	1.847309740995e-05	5.937349381410e-05
523                 	1.087245752408e-04	4.117163202511e-05	1.847551477911e-05	3.786183698922e-05
524                 	1.084440754051e-04	4.071654045058e-05	1.844906331271e-05	2.853701128911e-05
525                 	1.081656419469e-04	4.065732241441e-05	1.840628988267e-05	2.404608906795e-05
526                 	1.078886958618e-04	4.067602019230e-05	1.835717759328e-05	2.070440412903e-05
527                 	1.076128901203e-04	4.065171674440e-05	1.830642885857e-05	1.850164423490e-05
528                 	1.073381722531e-04	4.056559378587e-05	1.825565230976e-05	1.690195135301e-05
529                 	1.070645038279e-04	4.043621869031e-05	1.820503734187e-05	1.571415360742e-05
530                 	1.067918991731e-04	4.028511832731e-05	1.815441355693e-05	1.494276728138e-05
531                 	1.065203789854e-04	4.012110850459e-05	1.810343961250e-05	1.453061159410e-05
532                 	1.062498481375e-04	3.995741686574e-05	1.805243983760e-05	1.418607118998e-05
533                 	1.059802618999e-04	3.979736700563e-05	1.800167828421e-05	1.392326486452e-05
534                 	1.057115616521e-04	3.961802325226e-05	1.795053421987e-05	1.376009375414e-05
535                 	1.054436584534e-04	3.945037679897e-05	1.789976923689e-05	1.361315406672e-05
536                 	1.051765808228e-04	3.926896769444e-05	1.784873725551e-05	1.345843638645e-05
537                 	1.049102943587e-04	3.909761696646e-05	1.779789761528e-05	1.336086711296e-05
538                 	1.046447738057e-04	3.893585671577e-05	1.774744151219e-05	1.325951846799e-05
539                 	1.043800071401e-04	3.876391484065e-05	1.769695451311e-05	1.312564715530e-05
540                 	1.041159581279e-04	3.859378051176e-05	1.764654900732e-05	1.303990456881e-05
541                 	1.038526509513e-04	3.842767640118e-05	1.759628023231e-05	1.298163789194e-05
542                 	1.035900440065e-04	3.825919869122e-05	1.754598700861e-05	1.292108760145e-05
543                 	1.033280986147e-04	3.810445508508e-05	1.749619773070e-05	1.284356420537e-05
544                 	1.030668185079e-04	3.794262847668e-05	1.744654979037e-05	1.275259592515e-05
545                 	1.028061817227e-04	3.777950105768e-05	1.739708500672e-05	1.267407272337e-05
546                 	1.025462026854e-04	3.761787285132e-05	1.734782197447e-05	1.260550950017e-05
547                 	1.022868414863e-04	3.745820515920e-05	1.729876862766e-05	1.253937902867e-05
548                 	1.020280974275e-04	3.730016506720e-05	1.724992673387e-05	1.247071012303e-05
549                 	1.017699860515e-04	3.714339270453e-05	1.720129787234e-05	1.239945354158e-05
550                 	1.015124947382e-04	3.698780254531e-05	1.715288792186e-05	1.232642142085e-05
551                 	1.012555788595e-04	3.683338721576e-05	1.710469625059e-05	1.225328077480e-05
552                 	1.009992826644e-04	3.668024029236e-05	1.705672193927e-05	1.218062378807e-05
553                 	1.007436071474e-04	3.652840909319e-05	1.700896358968e-05	1.210781018252e-05
554                 	1.004885181578e-04	3.637790753892e-05	1.696142075861e-05	1.203477131592e-05
555                 	1.002339970442e-04	3.622864941849e-05	1.691409554681e-05	1.196183739329e-05
556                 	9.998006074802e-05	3.608077780257e-05	1.686698265791e-05	1.188970273098e-05
