1	-0.000279621415672
2	1.94415053593
3	-28.7972485545
4	-17.9627195398
5	-15.1682802572
6	-16.6792224656
7	-10.691967393
8	-9.06507165307
9	-8.64424197118
10	-4.87786100857
11	-3.07200127365
12	-4.57520851469
13	-5.53822170686
14	-5.36094844918
15	-4.62318641336
16	-4.53270274896
17	-4.72179547984
18	-6.92970337569
19	-6.60228394163
20	-6.07315276712
21	-5.9970493859
22	-4.93703014622
23	-4.81982637713
24	-4.60292311136
25	-4.49872756026
26	-4.33386844843
27	-4.28280706244
28	-4.49683156973
29	-5.00375947128
30	-5.28750036309
31	-5.84153776305
32	-6.1763762931
33	-6.47840808741
34	-6.75788430112
35	-6.91902060941
36	-7.45912558304
37	-7.7048465785
38	-7.83005999822
39	-7.80377283141
40	-7.97411322347
41	-8.09364407773
42	-8.43377811388
43	-8.54065146094
44	-8.41334447449
45	-8.41443349808
46	-8.67030433067
47	-8.91039080656
48	-8.93184285521
49	-9.24974487485
50	-9.24516368259
51	-9.12897494783
52	-9.24908417194
53	-9.24424589656
54	-9.19958367691
55	-9.24127176053
56	-9.27016964154
57	-9.32016513894
58	-9.33764040303
59	-9.34746871998
60	-9.37255094784
61	-9.42059992445
62	-9.43743463874
63	-9.45412604802
64	-9.47030854932
65	-9.47095633021
66	-9.46897608838
67	-9.47183427358
68	-9.47516136294
69	-9.4915631658
70	-9.48564257625
71	-9.47828362182
72	-9.47325245886
73	-9.46771412365
74	-9.46302219542
75	-9.46179884889
76	-9.46498211296
77	-9.46942644134
78	-9.47523525106
79	-9.47891030191
80	-9.47852200534
81	-9.48223575386
82	-9.47853787
83	-9.48027877373
84	-9.47895310886
85	-9.48322120611
86	-9.48754726056
87	-9.49089185842
88	-9.4939058885
89	-9.49765833684
90	-9.50196750499
91	-9.49976700666
92	-9.49745200602
93	-9.49859256445
94	-9.50203325628
95	-9.5065926276
96	-9.51124609174
97	-9.51171154117
98	-9.51270701108
99	-9.51323943378
100	-9.51362327844
101	-9.51421646253
102	-9.51478319538
103	-9.51528939043
104	-9.51580040128
105	-9.51650157878
106	-9.51713533418
107	-9.51781040936
108	-9.51654625077
109	-9.51534521671
110	-9.51426812783
111	-9.51461883059
112	-9.51549880415
113	-9.5161496494
114	-9.5136076043
115	-9.51233793675
116	-9.51293156009
117	-9.51328203472
118	-9.51408872975
119	-9.51470512561
120	-9.51543628732
121	-9.51523968407
122	-9.51592993785
123	-9.51584402549
124	-9.51530067156
125	-9.51610885249
126	-9.5170640711
127	-9.51807579892
128	-9.51891008197
129	-9.51979467705
130	-9.51832638714
131	-9.51901006994
132	-9.51988165258
133	-9.51837426613
134	-9.51711224692
135	-9.51767857629
136	-9.51633969382
137	-9.51685374374
138	-9.5154969968
139	-9.51469464446
140	-9.51442908192
141	-9.51449479338
142	-9.51467481132
143	-9.5148217614
144	-9.51506880211
145	-9.51532272671
146	-9.51559999211
147	-9.51590809904
148	-9.51616094559
149	-9.51649047939
150	-9.51669472116
151	-9.51682291171
152	-9.51680092291
153	-9.51688742308
154	-9.51710550575
155	-9.51679108291
156	-9.51696792395
157	-9.51716547644
158	-9.51737447234
159	-9.51752341145
160	-9.51741950302
161	-9.51769733642
162	-9.51746938222
163	-9.51759528345
164	-9.51784053647
165	-9.51807888606
166	-9.51831619659
167	-9.51854953018
168	-9.51876156158
169	-9.51903490314
170	-9.51922857138
171	-9.51865230642
172	-9.51876716281
173	-9.51889629487
174	-9.51879267573
175	-9.51888032587
176	-9.51866242557
177	-9.51872670509
178	-9.51871881958
179	-9.51871239216
180	-9.51876011928
181	-9.51878139833
182	-9.51893656357
183	-9.51909665616
184	-9.51914094301
185	-9.51921076564
186	-9.51931508143
187	-9.5193203421
188	-9.51936038507
189	-9.51945569814
190	-9.51963705772
191	-9.51980399008
192	-9.51984970174
193	-9.51992812566
194	-9.52007589589
195	-9.52019609243
196	-9.52022502243
197	-9.52024477826
198	-9.51948251817
199	-9.51968168066
200	-9.51986979644
201	-9.52007393364
202	-9.52029558721
203	-9.52049726329
204	-9.52068578438
205	-9.52079626309
206	-9.52095575175
207	-9.52111646675
208	-9.52128679673
209	-9.52143927864
210	-9.52145170466
211	-9.52160810586
212	-9.52177055993
213	-9.52177768894
214	-9.52178948445
215	-9.52179503998
216	-9.52183261359
217	-9.52186899581
218	-9.52189887262
219	-9.52192161926
220	-9.52200989048
221	-9.52188382623
222	-9.52138652299
223	-9.52092600159
224	-9.52079982229
225	-9.52082768777
226	-9.52081617095
227	-9.52077036308
228	-9.52072821106
229	-9.52069817589
230	-9.52068900554
231	-9.52067860857
232	-9.52068534536
233	-9.52066192607
234	-9.5206451682
235	-9.52062698723
236	-9.52060637806
237	-9.52059712805
238	-9.52059142089
239	-9.52055710537
240	-9.52048098261
241	-9.52042897227
242	-9.52039048571
243	-9.52032255621
244	-9.52027240505
245	-9.52023632017
246	-9.52020970485
247	-9.52010980423
248	-9.52001626721
249	-9.51994741557
250	-9.51989663394
251	-9.51984055926
252	-9.51978858313
253	-9.5197379761
254	-9.51961042601
255	-9.51952833482
256	-9.51946866369
257	-9.51939403066
258	-9.5193196984
259	-9.51925665058
260	-9.51918231613
261	-9.51914092059
262	-9.51924901312
263	-9.51933519775
264	-9.51924832019
265	-9.51922056891
266	-9.51917174997
267	-9.51925773276
268	-9.51913354119
269	-9.51903193797
270	-9.51889881541
271	-9.51878627934
272	-9.51879254391
273	-9.51856974749
274	-9.51844975929
275	-9.51846909925
276	-9.51830309569
277	-9.51833225215
278	-9.51816139465
279	-9.51815873637
280	-9.51817869866
281	-9.51808417653
282	-9.51802664323
283	-9.51791304191
284	-9.51786296554
285	-9.51780049515
286	-9.51771004539
287	-9.51764601042
288	-9.51752467033
289	-9.51744122746
290	-9.51732861018
291	-9.51730389465
292	-9.51722743518
293	-9.51723152031
294	-9.51713829572
295	-9.51706088427
296	-9.51707256766
297	-9.51700059397
298	-9.51691058518
299	-9.51691633611
300	-9.51692255603
301	-9.51692493012
302	-9.51686271888
303	-9.51682334078
304	-9.51672729143
305	-9.51657780864
306	-9.51649412859
307	-9.51637539381
308	-9.51626385042
309	-9.51611861835
310	-9.51606788226
311	-9.51606431252
312	-9.51604760628
313	-9.51600350771
314	-9.51598313121
315	-9.51594947852
316	-9.51584415505
317	-9.51573613953
318	-9.51565745257
319	-9.51559557188
320	-9.51550175931
321	-9.51541470228
322	-9.51535058355
323	-9.51532851436
324	-9.51526250503
325	-9.51513550039
326	-9.51504080846
327	-9.51496874921
328	-9.5148957974
329	-9.5148307087
330	-9.51477147054
331	-9.5147600983
332	-9.51474165434
333	-9.51472404844
334	-9.51470894457
335	-9.51464848118
336	-9.51461370551
337	-9.51459537282
338	-9.51459334138
339	-9.51459495329
340	-9.5145818769
341	-9.51450276845
342	-9.51445322206
343	-9.51441172722
344	-9.51435028017
345	-9.51431177377
346	-9.51423358899
347	-9.51419147357
348	-9.51415349396
349	-9.51408361314
350	-9.51403183008
351	-9.51400436035
352	-9.51400977888
353	-9.51393061335
354	-9.51392864823
355	-9.5139210193
356	-9.51390078612
357	-9.51387427185
358	-9.51382897604
359	-9.51379018828
360	-9.51377660344
361	-9.51377153911
362	-9.51375613044
363	-9.51367919916
364	-9.5137001713
365	-9.51369609973
366	-9.51369355994
367	-9.51369993612
368	-9.51370428197
369	-9.51365820484
370	-9.51364040348
371	-9.51362447483
372	-9.51360901109
373	-9.51362710951
374	-9.51356497054
375	-9.51350914409
376	-9.51349592215
377	-9.51349320275
378	-9.51348095452
379	-9.51345589764
380	-9.51343345979
381	-9.51341058013
382	-9.51339301522
383	-9.5133800644
384	-9.51336398409
385	-9.5133496225
386	-9.51327006629
387	-9.51323693578
388	-9.5131924138
389	-9.51308052931
390	-9.51301140676
391	-9.51300665265
392	-9.513008441
393	-9.51292055891
394	-9.51288723553
395	-9.51289277641
396	-9.51290116282
397	-9.51288932115
398	-9.51287673174
399	-9.51286610975
400	-9.51285311003
401	-9.51283729212
402	-9.51282321311
403	-9.51280627801
404	-9.51278673318
405	-9.51276689719
406	-9.5127465784
407	-9.51272555319
408	-9.51269990084
409	-9.51267044016
410	-9.51266547185
411	-9.51266126247
412	-9.51263051195
413	-9.51260658262
414	-9.51259172787
415	-9.51258319622
416	-9.51257756421
417	-9.51252555688
418	-9.51250893424
419	-9.51250065056
420	-9.51245762332
421	-9.51243372287
422	-9.51241651964
423	-9.51236473646
424	-9.51234471783
425	-9.51236935033
426	-9.51235217933
427	-9.51233519294
428	-9.51232121325
429	-9.51231050989
430	-9.51229948921
431	-9.51228562303
432	-9.51226775354
433	-9.51227004841
434	-9.5122315152
435	-9.5122040066
436	-9.51218360302
437	-9.51215674985
438	-9.51213806227
439	-9.51211350404
440	-9.51209373953
441	-9.51208955494
442	-9.51208919397
443	-9.5120722421
444	-9.51207355279
445	-9.51206018692
446	-9.51206163053
447	-9.51204739689
448	-9.51201217012
449	-9.51198939241
450	-9.51197096293
451	-9.5119508515
452	-9.51192140707
453	-9.51190140579
454	-9.51187882953
455	-9.51185025599
456	-9.51183605074
457	-9.51181225852
458	-9.51178783206
459	-9.51177262865
460	-9.51175756945
461	-9.51174536037
462	-9.51174627607
463	-9.51171751305
464	-9.51170718154
465	-9.51169231528
466	-9.51167995502
467	-9.51166746613
468	-9.51165479535
469	-9.51165606197
470	-9.51162722502
471	-9.51161363311
472	-9.51160036945
473	-9.51158768927
474	-9.5115759603
475	-9.5115621696
476	-9.51154988343
477	-9.51153481652
478	-9.51150685286
479	-9.51150399996
480	-9.51148537211
481	-9.51148107904
482	-9.51147739665
483	-9.51147548767
484	-9.51147347578
485	-9.51147226202
486	-9.51147153527
487	-9.51147175988
488	-9.51147226192
489	-9.51147217735
490	-9.51147090001
491	-9.51147034056
492	-9.51147063272
493	-9.51147057549
494	-9.5114705944
495	-9.51145150651
496	-9.51142978201
497	-9.5114099273
498	-9.51138935275
499	-9.51137866925
500	-9.51135514612
501	-9.51134711617
502	-9.51134733514
503	-9.5113268548
504	-9.51131651692
505	-9.51130656929
506	-9.51129587923
507	-9.51129405883
508	-9.51129182593
509	-9.51127498309
510	-9.51125700771
511	-9.51123828471
512	-9.51122847501
513	-9.5112200385
514	-9.51120449578
515	-9.51118722397
516	-9.51116940925
517	-9.51115207089
518	-9.51113331369
519	-9.51111618871
520	-9.51110071367
521	-9.51109073739
522	-9.51107843107
523	-9.51107331923
524	-9.51105394284
525	-9.51104598666
526	-9.51103892229
527	-9.51102968256
528	-9.51101753678
529	-9.51100101632
530	-9.51098581585
531	-9.51096849893
532	-9.51095081288
533	-9.51093305915
534	-9.51091545842
535	-9.51089935914
536	-9.51088353305
537	-9.51086837973
538	-9.51086220131
539	-9.51085031486
540	-9.51083622043
541	-9.51083058286
542	-9.51082034559
543	-9.51080833299
544	-9.51080249375
545	-9.51078989549
546	-9.51077826219
547	-9.51076697354
548	-9.51075489714
549	-9.51074860895
550	-9.51073629274
551	-9.51072408196
552	-9.51071052131
553	-9.51070589495
554	-9.51069423766
555	-9.510683213
556	-9.51067890024
557	-9.51066558154
558	-9.51065201369
559	-9.51064694673
560	-9.51063512732
561	-9.51062298308
562	-9.51061045441
563	-9.5106098359
564	-9.51059748451
565	-9.51059743965
566	-9.51058407966
567	-9.51058321377
568	-9.51056941595
569	-9.51056789962
570	-9.51056513846
571	-9.51055166815
572	-9.51055054864
573	-9.5105387715
574	-9.51053457846
575	-9.5105253949
576	-9.51052467401
577	-9.5105135607
578	-9.51050341071
579	-9.5104987378
580	-9.51048943026
581	-9.51048881217
582	-9.51047814176
583	-9.51047814051
584	-9.51047621754
585	-9.51047391562
586	-9.51047219132
587	-9.51047049758
588	-9.51046879356
589	-9.51046679098
590	-9.51046447906
591	-9.51046338413
592	-9.51046214403
593	-9.51046089046
594	-9.51046038463
595	-9.51045896257
596	-9.5104579366
597	-9.51045718175
598	-9.51045642666
599	-9.51045592024
600	-9.51045537662
601	-9.51045439672
602	-9.51045392024
603	-9.51045294863
604	-9.51045227816
605	-9.51045170853
606	-9.51045090273
607	-9.51044985279
608	-9.5104487352
609	-9.51044736936
610	-9.51044640677
611	-9.51044521356
612	-9.51044478878
613	-9.51044424239
614	-9.51044338906
615	-9.51044255893
616	-9.51044152664
617	-9.51044003685
618	-9.51043958054
619	-9.5104391773
620	-9.51043861259
621	-9.51043824943
622	-9.51043786596
623	-9.51043720217
624	-9.51043592658
625	-9.51043450457
626	-9.51043321862
627	-9.5104322394
628	-9.51043103138
629	-9.51042979137
630	-9.51042914272
631	-9.51042814735
632	-9.51042712153
633	-9.5104267258
634	-9.51042603811
635	-9.51042543146
636	-9.51042498044
637	-9.51042449415
638	-9.51042393621
639	-9.51042325675
640	-9.5104221423
641	-9.51042109652
642	-9.51041995314
643	-9.51041850035
644	-9.51041685369
645	-9.51041466651
646	-9.51041349005
647	-9.51041320147
648	-9.51041170352
649	-9.51040985272
650	-9.51040881556
651	-9.51040812321
652	-9.5104071537
653	-9.51040647252
654	-9.51040601002
655	-9.51040549839
656	-9.51040464508
657	-9.51040353662
658	-9.51040247933
659	-9.51040146985
660	-9.51040001538
661	-9.51039824399
662	-9.51039754607
663	-9.51039636574
664	-9.51039465149
665	-9.51039286412
666	-9.51039222647
667	-9.51039149393
668	-9.51038857988
669	-9.51038548549
670	-9.51038475169
671	-9.5103841393
672	-9.5103831391
673	-9.51038156466
674	-9.5103796054
675	-9.51037782593
676	-9.51037622874
677	-9.51037443635
678	-9.51037262179
679	-9.51037075194
680	-9.51036887651
681	-9.51036708286
682	-9.51036553066
683	-9.51036396066
684	-9.51036283417
685	-9.5103610513
686	-9.51035918264
687	-9.51035760251
688	-9.51035584792
689	-9.51035392042
690	-9.51035387043
691	-9.51035188124
692	-9.51035021285
693	-9.51035009507
694	-9.51034869566
695	-9.51034708416
696	-9.51034706845
697	-9.51034560698
698	-9.51034396323
699	-9.5103419113
700	-9.51034032746
701	-9.51033909305
702	-9.51033924929
703	-9.51033658413
704	-9.51033505367
705	-9.51033496603
706	-9.51033312364
707	-9.51033309025
708	-9.51033132388
709	-9.51033140048
710	-9.51032969275
711	-9.51032799006
712	-9.51032618742
713	-9.51032478598
714	-9.51032338015
715	-9.51032201242
716	-9.51032085825
717	-9.51031978386
718	-9.51031879769
719	-9.51031787489
720	-9.51031695985
721	-9.51031601116
722	-9.51031507373
723	-9.51031412678
724	-9.51031325293
725	-9.51031237202
726	-9.51031130619
727	-9.51031018176
728	-9.51030917593
729	-9.51030820515
730	-9.51030720051
731	-9.51030623908
732	-9.51030529529
733	-9.51030502339
734	-9.51030539359
735	-9.5103055242
736	-9.51030576746
737	-9.51030603975
738	-9.51030622784
739	-9.51030649675
740	-9.51030682091
741	-9.51030709364
742	-9.51030735961
743	-9.51030769918
744	-9.51030802357
745	-9.51030826338
746	-9.51030852089
747	-9.51030884574
748	-9.51030913405
749	-9.51030940259
750	-9.51030964411
751	-9.51030983282
752	-9.51031006815
753	-9.51031038631
754	-9.51031071118
755	-9.51031093473
756	-9.51031117042
757	-9.51031139985
758	-9.5103115871
759	-9.5103117827
760	-9.51031204399
761	-9.51031230949
762	-9.51031255015
763	-9.51031278996
764	-9.51031298066
765	-9.5103131279
766	-9.5103132856
767	-9.51031346461
768	-9.51031365709
769	-9.51031383709
770	-9.51031402874
771	-9.51031416449
772	-9.51031422376
773	-9.51031428974
774	-9.51031435535
775	-9.51031439832
776	-9.5103144263
777	-9.51031445763
778	-9.51031449961
779	-9.51031455683
780	-9.510314629
781	-9.51031468074
782	-9.51031463342
783	-9.51031446919
784	-9.51031406945
785	-9.51031363261
786	-9.51031325822
787	-9.51031288496
788	-9.51031255683
789	-9.51031235337
790	-9.51031229079
791	-9.51031222025
792	-9.51031215451
793	-9.51031210822
794	-9.51031207543
795	-9.51031204259
796	-9.51031200172
797	-9.51031193581
798	-9.51031185226
799	-9.51031171234
800	-9.51031154589
801	-9.51031134821
802	-9.51031111775
803	-9.51031086279
804	-9.51031062226
805	-9.51031040975
806	-9.51031020268
807	-9.51030998702
808	-9.51030972168
809	-9.51030946421
810	-9.51030918198
811	-9.51030898025
812	-9.51030877235
813	-9.5103085606
814	-9.5103083445
815	-9.51030812842
816	-9.51030791748
817	-9.51030771846
818	-9.5103075351
819	-9.51030732771
820	-9.51030717593
821	-9.51030701078
822	-9.51030683756
823	-9.51030665622
824	-9.51030647325
825	-9.5103062971
826	-9.51030613588
827	-9.51030599404
828	-9.51030587566
829	-9.51030576981
830	-9.51030567085
831	-9.51030557197
832	-9.51030547036
833	-9.51030535848
834	-9.51030523724
835	-9.51030511017
836	-9.51030498144
837	-9.51030485498
838	-9.51030473371
839	-9.51030461868
840	-9.51030450961
841	-9.51030440567
842	-9.51030430612
843	-9.51030421063
844	-9.5103041187
845	-9.51030402987
846	-9.51030394375
847	-9.51030386013
848	-9.51030377666
849	-9.51030369671
850	-9.51030361965
851	-9.51030354467
852	-9.51030347116
853	-9.51030339884
854	-9.51030332905
855	-9.51030326155
856	-9.51030319539
857	-9.51030313045
858	-9.51030306683
859	-9.51030300487
860	-9.51030294267
861	-9.51030289149
862	-9.51030284259
863	-9.51030279536
864	-9.5103027506
865	-9.51030270687
866	-9.51030266034
867	-9.51030261321
868	-9.51030256686
869	-9.51030252515
870	-9.51030248406
871	-9.51030244443
872	-9.51030240631
873	-9.51030236974
874	-9.51030233455
875	-9.51030230056
876	-9.51030226762
877	-9.51030223556
878	-9.51030220421
879	-9.51030217342
880	-9.51030214306
881	-9.510302113
882	-9.51030208323
883	-9.5103020536
884	-9.51030202406
885	-9.51030199451
886	-9.51030196484
887	-9.5103018338
888	-9.51030169899
889	-9.51030157688
890	-9.51030142971
891	-9.51030127287
892	-9.51030111404
893	-9.51030095851
894	-9.51030080262
895	-9.51030064244
896	-9.51030047757
897	-9.51030030953
898	-9.51030013852
899	-9.51029996728
900	-9.51029979616
901	-9.51029962506
902	-9.5102994538
903	-9.51029928221
904	-9.51029911025
905	-9.51029893798
906	-9.51029876551
907	-9.51029859289
908	-9.51029842025
909	-9.51029824845
910	-9.51029807676
911	-9.51029790465
912	-9.510297732
913	-9.51029755739
914	-9.5102973817
915	-9.51029720525
916	-9.51029702813
917	-9.51029685044
918	-9.51029667225
919	-9.51029649364
920	-9.51029614939
921	-9.51029622999
922	-9.51029609925
923	-9.51029589966
924	-9.51029559206
925	-9.51029546998
926	-9.51029527943
927	-9.51029497669
928	-9.51029484468
929	-9.51029465067
930	-9.51029435397
931	-9.51029421744
932	-9.51029402184
933	-9.51029373167
934	-9.5102935885
935	-9.51029328058
936	-9.51029315029
937	-9.510292859
938	-9.51029272346
939	-9.5102924433
940	-9.51029229104
941	-9.51029200973
942	-9.51029185809
943	-9.51029157993
944	-9.51029142642
945	-9.51029115542
946	-9.51029099802
947	-9.51029073414
948	-9.51029057363
949	-9.51029031384
950	-9.51029015063
951	-9.51028989497
952	-9.51028972871
953	-9.51028947708
954	-9.5102893078
955	-9.51028905936
956	-9.51028888759
957	-9.51028864139
958	-9.51028846777
959	-9.51028822297
960	-9.51028791517
961	-9.51028778108
962	-9.51028755085
963	-9.51028726504
964	-9.51028711054
965	-9.51028687448
966	-9.51028660002
967	-9.51028643814
968	-9.51028620046
969	-9.51028592825
970	-9.51028577136
971	-9.51028553609
972	-9.51028527309
973	-9.5102851095
974	-9.51028485084
975	-9.51028458986
976	-9.510284289
977	-9.51028413479
978	-9.51028387602
979	-9.5102836325
980	-9.51028335829
981	-9.51028319593
982	-9.51028295523
983	-9.51028271324
984	-9.51028244299
985	-9.51028214412
986	-9.51028185193
987	-9.51028158191
988	-9.51028133246
989	-9.51028109284
990	-9.51028085291
991	-9.51028060774
992	-9.51028035778
993	-9.5102801065
994	-9.51027985778
995	-9.51027961402
996	-9.51027937546
997	-9.51027914085
998	-9.51027890845
999	-9.51027867692
1000	-9.51027844569
1001	-9.51027821483
1002	-9.51027798478
1003	-9.51027775597
1004	-9.51027752868
1005	-9.51027730293
1006	-9.51027707859
1007	-9.51027685552
1008	-9.5102766336
1009	-9.51027641277
1010	-9.51027619303
1011	-9.51027597441
1012	-9.51027575694
1013	-9.51027554063
1014	-9.51027532547
1015	-9.5102751114
1016	-9.51027489831
1017	-9.51027469054
1018	-9.51027448327
1019	-9.51027427603
1020	-9.51027404352
1021	-9.51027383442
1022	-9.51027362737
1023	-9.51027342194
1024	-9.51027321776
1025	-9.51027301402
1026	-9.51027281
1027	-9.51027260545
1028	-9.51027240023
1029	-9.51027219445
1030	-9.51027198491
1031	-9.51027177442
1032	-9.51027156326
1033	-9.51027134872
1034	-9.51027113376
1035	-9.51027091859
1036	-9.51027070331
1037	-9.51027048788
1038	-9.51027027226
1039	-9.51027005637
1040	-9.51026984015
1041	-9.51026962355
1042	-9.51026940653
1043	-9.51026918906
1044	-9.51026897112
1045	-9.51026875269
1046	-9.51026853373
1047	-9.5102683142
1048	-9.51026809406
1049	-9.51026787329
1050	-9.51026765184
1051	-9.51026742969
1052	-9.51026720681
1053	-9.51026698314
1054	-9.51026675867
1055	-9.51026653334
1056	-9.51026630713
1057	-9.51026608003
1058	-9.51026585203
1059	-9.5102656231
1060	-9.51026539323
1061	-9.5102651624
1062	-9.51026493061
1063	-9.51026469781
1064	-9.51026446401
1065	-9.51026422919
1066	-9.51026399333
1067	-9.51026375645
1068	-9.51026351855
1069	-9.51026327965
1070	-9.51026303978
1071	-9.51026279895
1072	-9.51026255719
1073	-9.51026231449
1074	-9.51026207086
1075	-9.51026182627
1076	-9.51026158072
1077	-9.5102613342
1078	-9.51026108668
1079	-9.51026083816
1080	-9.51026058866
1081	-9.51026033818
1082	-9.51026008671
1083	-9.51025983426
1084	-9.51025958081
1085	-9.51025932632
1086	-9.51025907077
1087	-9.5102588141
1088	-9.51025855624
1089	-9.51025829716
1090	-9.51025803681
1091	-9.51025777518
1092	-9.51025751228
1093	-9.51025724815
1094	-9.51025698287
1095	-9.5102567165
1096	-9.51025644908
1097	-9.51025618064
1098	-9.51025591117
1099	-9.51025564066
1100	-9.51025536907
1101	-9.51025509634
1102	-9.51025482246
1103	-9.51025454738
1104	-9.51025427113
1105	-9.51025399371
1106	-9.51025371514
1107	-9.51025343546
1108	-9.51025315466
1109	-9.51025287276
1110	-9.51025258975
1111	-9.5102523056
1112	-9.51025202032
1113	-9.51025173388
1114	-9.51025144631
1115	-9.51025115764
1116	-9.51025086791
1117	-9.51025057719
1118	-9.51025028556
1119	-9.51024999309
1120	-9.51024969984
1121	-9.51024940585
1122	-9.51024911114
1123	-9.51024881571
1124	-9.5102485195
1125	-9.51024822242
1126	-9.51024792439
1127	-9.51024762482
1128	-9.51024732435
1129	-9.5102470227
1130	-9.5102467197
1131	-9.51024641518
1132	-9.51024610907
1133	-9.51024580138
1134	-9.51024549214
1135	-9.51024518139
1136	-9.51024486918
1137	-9.51024455555
1138	-9.51024424054
1139	-9.51024392421
1140	-9.51024360802
1141	-9.51024329056
1142	-9.51024297215
1143	-9.51024265314
1144	-9.51024233386
1145	-9.51024201381
1146	-9.51024169321
1147	-9.51024137257
1148	-9.51024105231
1149	-9.51024073273
1150	-9.51024041398
1151	-9.51024009604
1152	-9.51023977881
1153	-9.51023946217
1154	-9.51023921974
1155	-9.51023897422
1156	-9.51023872828
1157	-9.51023847642
1158	-9.51023821887
1159	-9.51023795766
1160	-9.51023769587
1161	-9.51023743595
1162	-9.51023717934
1163	-9.51023692655
1164	-9.51023667768
1165	-9.51023643258
1166	-9.510236191
1167	-9.51023595256
1168	-9.51023571673
1169	-9.51023548292
1170	-9.51023525052
1171	-9.5102350191
1172	-9.51023478839
1173	-9.51023455837
1174	-9.5102343292
1175	-9.51023410116
1176	-9.51023387456
1177	-9.51023364967
1178	-9.51023342669
1179	-9.51023320568
1180	-9.51023298663
1181	-9.51023276944
1182	-9.51023255395
1183	-9.51023234001
1184	-9.5102321275
1185	-9.51023191632
1186	-9.51023170645
1187	-9.5102314979
1188	-9.51023129073
1189	-9.51023108502
1190	-9.51023088084
1191	-9.51023067826
1192	-9.51023047733
1193	-9.51023027807
1194	-9.51023008045
1195	-9.51022988446
1196	-9.51022969006
1197	-9.5102294972
1198	-9.51022930583
1199	-9.51022911593
1200	-9.51022892745
1201	-9.51022874036
1202	-9.51022855466
1203	-9.51022837032
1204	-9.51022818731
1205	-9.51022800563
1206	-9.51022782525
1207	-9.51022764617
1208	-9.51022746836
1209	-9.5102272918
1210	-9.5102271165
1211	-9.51022681516
1212	-9.51022658178
1213	-9.5102263827
1214	-9.5102261991
1215	-9.51022591083
1216	-9.510225716
1217	-9.51022553129
1218	-9.51022524518
1219	-9.51022505444
1220	-9.51022487735
1221	-9.51022460009
1222	-9.51022441492
1223	-9.51022424228
1224	-9.51022407877
1225	-9.51022397531
1226	-9.51022373435
1227	-9.51022356707
1228	-9.51022329644
1229	-9.51022311374
1230	-9.51022294294
1231	-9.51022278076
1232	-9.51022267983
1233	-9.51022244194
1234	-9.51022235199
1235	-9.51022208697
1236	-9.51022191109
1237	-9.51022163669
1238	-9.51022145695
1239	-9.51022130031
1240	-9.51022120174
1241	-9.51022097896
1242	-9.51022087562
1243	-9.5102207618
1244	-9.51022060613
1245	-9.51022049953
1246	-9.51022038375
1247	-9.51022020297
1248	-9.510220043
1249	-9.51021994432
1250	-9.51021983624
1251	-9.51021968604
1252	-9.51021957962
1253	-9.51021946529
1254	-9.51021929218
1255	-9.51021913777
1256	-9.51021903378
1257	-9.51021892174
1258	-9.51021874982
1259	-9.51021859896
1260	-9.51021849399
1261	-9.51021838205
1262	-9.51021822215
1263	-9.51021805346
1264	-9.5102179474
1265	-9.51021783526
1266	-9.51021767799
1267	-9.51021750344
1268	-9.51021735225
1269	-9.51021724896
1270	-9.51021709218
1271	-9.51021692822
1272	-9.5102167626
1273	-9.51021665721
1274	-9.51021650024
1275	-9.51021634135
1276	-9.51021616954
1277	-9.51021602258
1278	-9.51021591865
1279	-9.51021577584
1280	-9.51021563382
1281	-9.51021548451
1282	-9.51021532936
1283	-9.51021516824
1284	-9.51021500127
1285	-9.51021483869
1286	-9.51021473849
1287	-9.51021459982
1288	-9.51021446185
1289	-9.5102143201
1290	-9.51021417719
1291	-9.51021403399
1292	-9.51021389123
1293	-9.51021374899
1294	-9.51021360696
1295	-9.51021346471
1296	-9.51021332199
1297	-9.5102131789
1298	-9.51021303591
1299	-9.5102128937
1300	-9.51021275311
1301	-9.510212615
1302	-9.51021248024
1303	-9.51021234964
1304	-9.51021222395
1305	-9.51021210383
1306	-9.51021198935
1307	-9.51021188135
1308	-9.51021178021
1309	-9.51021168615
1310	-9.51021159965
1311	-9.51021152033
1312	-9.51021144768
1313	-9.51021138133
1314	-9.5102113208
1315	-9.51021126555
1316	-9.51021121493
1317	-9.51021116834
1318	-9.51021112527
1319	-9.51021108173
1320	-9.51021103294
1321	-9.51021098252
1322	-9.51021093053
1323	-9.51021087731
1324	-9.51021082359
1325	-9.5102107703
1326	-9.51021071838
1327	-9.5102106697
1328	-9.510210629
1329	-9.51021058791
1330	-9.51021054687
1331	-9.51021047024
1332	-9.51021042406
1333	-9.51021037804
1334	-9.51021033244
1335	-9.51021028816
1336	-9.51021024625
1337	-9.51021016988
1338	-9.51021012285
1339	-9.51021007758
1340	-9.51021003503
1341	-9.51020995943
1342	-9.51020991299
1343	-9.51020986933
1344	-9.51020979393
1345	-9.51020974706
1346	-9.51020970363
1347	-9.51020962912
1348	-9.51020958428
1349	-9.51020950965
1350	-9.51020946344
1351	-9.51020938842
1352	-9.51020934103
1353	-9.51020926614
1354	-9.51020921908
1355	-9.51020914512
1356	-9.51020910024
1357	-9.51020902789
1358	-9.51020895477
1359	-9.51020890952
1360	-9.51020883747
1361	-9.51020876467
1362	-9.510208691
1363	-9.51020864197
1364	-9.51020856961
1365	-9.51020849712
1366	-9.51020842441
1367	-9.51020835145
1368	-9.51020830358
1369	-9.51020823355
1370	-9.51020816421
1371	-9.51020809525
1372	-9.51020802636
1373	-9.51020795747
1374	-9.51020788832
1375	-9.51020781896
1376	-9.5102077496
1377	-9.51020768045
1378	-9.51020761189
1379	-9.510207544
1380	-9.51020747689
1381	-9.51020741062
1382	-9.51020734492
1383	-9.51020728009
1384	-9.51020721601
1385	-9.51020715251
1386	-9.51020708952
1387	-9.51020702696
1388	-9.51020696474
1389	-9.51020690282
1390	-9.51020684119
1391	-9.51020677983
1392	-9.51020671877
1393	-9.51020665803
1394	-9.51020659765
1395	-9.51020653768
1396	-9.51020647817
1397	-9.51020641915
1398	-9.51020636063
1399	-9.51020630859
1400	-9.51020624858
1401	-9.51020618885
1402	-9.5102061299
1403	-9.51020607195
1404	-9.51020598498
1405	-9.51020597086
1406	-9.51020589324
1407	-9.51020577521
1408	-9.5102058012
1409	-9.5102056625
1410	-9.51020557034
1411	-9.5102054115
1412	-9.51020523579
1413	-9.51020500818
1414	-9.51020492528
1415	-9.5102047975
1416	-9.51020475224
1417	-9.51020476417
1418	-9.51020474526
1419	-9.51020473939
1420	-9.51020471285
1421	-9.51020468136
1422	-9.5102046486
1423	-9.51020459888
1424	-9.51020457072
1425	-9.51020455496
1426	-9.51020452535
1427	-9.51020448928
1428	-9.51020445205
1429	-9.51020441212
1430	-9.5102043698
1431	-9.5102043254
1432	-9.51020428043
1433	-9.51020426936
1434	-9.5102042309
1435	-9.51020419462
1436	-9.51020415958
1437	-9.51020412516
1438	-9.51020409077
1439	-9.51020405597
1440	-9.51020402046
1441	-9.51020398338
1442	-9.51020394539
1443	-9.51020390664
1444	-9.51020386737
1445	-9.5102038278
1446	-9.51020378814
1447	-9.51020374855
1448	-9.51020370916
1449	-9.51020367008
1450	-9.51020363142
1451	-9.51020359326
1452	-9.51020355564
1453	-9.5102035186
1454	-9.51020348213
1455	-9.51020344621
1456	-9.51020341079
1457	-9.51020337577
1458	-9.51020334109
1459	-9.51020330666
1460	-9.51020327241
1461	-9.5102032383
1462	-9.51020320431
1463	-9.51020317043
1464	-9.51020313664
1465	-9.51020310296
1466	-9.51020306941
1467	-9.51020303603
1468	-9.51020300287
1469	-9.51020296997
1470	-9.51020293739
1471	-9.51020290518
1472	-9.51020287337
1473	-9.51020284199
1474	-9.51020281103
1475	-9.51020278048
1476	-9.51020275099
1477	-9.51020272196
1478	-9.51020269333
1479	-9.51020266499
1480	-9.51020263689
1481	-9.51020260899
1482	-9.51020258126
1483	-9.51020255372
1484	-9.51020252636
1485	-9.51020249921
1486	-9.51020247229
1487	-9.51020244578
1488	-9.51020241937
1489	-9.5102023931
1490	-9.51020236702
1491	-9.51020234117
1492	-9.51020231561
1493	-9.51020229036
1494	-9.51020226542
1495	-9.51020224079
1496	-9.51020221648
1497	-9.51020219247
1498	-9.51020216876
1499	-9.51020214534
1500	-9.51020212219
1501	-9.51020209929
1502	-9.51020207665
1503	-9.51020205424
1504	-9.51020203207
1505	-9.51020201013
1506	-9.51020198842
1507	-9.51020196696
1508	-9.51020194574
1509	-9.51020192478
1510	-9.51020190408
1511	-9.51020188364
1512	-9.51020186347
1513	-9.51020184357
1514	-9.51020182393
1515	-9.51020180456
1516	-9.51020179631
1517	-9.51020180001
1518	-9.51020179082
1519	-9.51020177676
1520	-9.51020176131
1521	-9.51020174253
1522	-9.51020172499
1523	-9.51020170795
1524	-9.51020170267
1525	-9.51020170677
1526	-9.51020171104
1527	-9.51020171063
1528	-9.51020170717
1529	-9.51020170195
1530	-9.51020168735
1531	-9.51020167016
1532	-9.51020166606
1533	-9.51020166695
1534	-9.51020167096
1535	-9.5102016721
1536	-9.51020167048
1537	-9.51020166727
1538	-9.51020166304
1539	-9.5102016582
1540	-9.51020164474
1541	-9.51020163903
1542	-9.51020163947
1543	-9.51020164191
1544	-9.51020164342
1545	-9.51020164329
1546	-9.5102016421
1547	-9.51020164014
1548	-9.51020163767
1549	-9.51020163488
1550	-9.51020163198
1551	-9.51020162915
1552	-9.51020162661
1553	-9.5102016245
1554	-9.51020162294
1555	-9.51020162197
1556	-9.51020162158
1557	-9.5102016217
1558	-9.51020162222
1559	-9.51020162302
1560	-9.51020162399
1561	-9.51020162505
1562	-9.51020162612
1563	-9.51020162719
1564	-9.51020162825
1565	-9.51020162934
1566	-9.51020163049
1567	-9.51020163177
1568	-9.51020163322
1569	-9.5102016349
1570	-9.51020163684
1571	-9.51020163906
1572	-9.51020164157
1573	-9.51020164435
1574	-9.51020164739
1575	-9.51020165066
1576	-9.51020165414
1577	-9.51020165781
1578	-9.51020166164
1579	-9.51020166564
1580	-9.51020166978
1581	-9.51020167409
1582	-9.51020167856
1583	-9.51020168319
1584	-9.51020168801
1585	-9.51020169302
1586	-9.51020169821
1587	-9.5102017036
1588	-9.51020170918
1589	-9.51020171496
1590	-9.51020172092
1591	-9.51020172707
1592	-9.51020173341
1593	-9.51020173993
1594	-9.51020174665
1595	-9.51020175355
1596	-9.51020176065
1597	-9.51020176795
1598	-9.51020177547
1599	-9.51020178319
1600	-9.51020179113
1601	-9.51020179929
1602	-9.51020180766
1603	-9.51020181624
1604	-9.51020182503
1605	-9.51020183403
1606	-9.51020184324
1607	-9.51020185265
1608	-9.51020186226
1609	-9.51020187207
1610	-9.51020188206
1611	-9.51020189222
1612	-9.51020190255
1613	-9.51020191303
1614	-9.51020192364
1615	-9.51020193439
1616	-9.51020194525
1617	-9.51020195624
1618	-9.51020196734
1619	-9.51020197856
1620	-9.51020198989
1621	-9.51020200135
1622	-9.51020201294
1623	-9.51020202465
1624	-9.51020203649
1625	-9.51020204847
1626	-9.51020206058
1627	-9.51020207283
1628	-9.51020208508
1629	-9.51020209743
1630	-9.51020210987
1631	-9.51020212242
1632	-9.51020213508
1633	-9.51020214786
1634	-9.51020216077
1635	-9.51020217382
1636	-9.51020218698
1637	-9.51020220026
1638	-9.51020221364
1639	-9.51020222712
1640	-9.51020224068
1641	-9.51020225432
1642	-9.51020226803
1643	-9.51020228182
1644	-9.51020229569
1645	-9.51020230965
1646	-9.5102023237
1647	-9.51020233786
1648	-9.51020235213
1649	-9.51020236654
1650	-9.51020238109
1651	-9.51020239579
1652	-9.51020241064
1653	-9.51020242567
1654	-9.51020244087
1655	-9.51020245623
1656	-9.51020247177
1657	-9.51020248748
1658	-9.51020250335
1659	-9.51020251937
1660	-9.51020253554
1661	-9.51020255184
1662	-9.51020256828
1663	-9.51020258484
1664	-9.51020260154
1665	-9.51020261836
1666	-9.51020263532
1667	-9.51020265242
1668	-9.51020267051
1669	-9.51020266848
1670	-9.51020268351
1671	-9.51020269901
1672	-9.51020271254
1673	-9.51020272725
1674	-9.5102027435
1675	-9.51020274206
1676	-9.51020275985
1677	-9.51020277827
1678	-9.51020277825
1679	-9.51020279438
1680	-9.51020281152
1681	-9.51020283031
1682	-9.51020284907
1683	-9.51020285197
1684	-9.51020287194
1685	-9.51020289297
1686	-9.51020291532
1687	-9.51020291894
1688	-9.51020293906
1689	-9.51020287873
1690	-9.51020287375
1691	-9.51020288726
1692	-9.51020285902
1693	-9.5102028048
1694	-9.51020281223
1695	-9.51020276749
1696	-9.51020272486
1697	-9.51020267549
1698	-9.51020260393
1699	-9.51020251128
1700	-9.51020244066
1701	-9.51020240963
1702	-9.51020243494
1703	-9.51020245447
1704	-9.51020245057
1705	-9.51020244901
1706	-9.51020244196
1707	-9.51020245932
1708	-9.51020247644
1709	-9.51020251513
1710	-9.51020255463
1711	-9.51020257496
1712	-9.51020258795
1713	-9.51020261262
1714	-9.51020263264
1715	-9.51020264897
1716	-9.51020266613
1717	-9.5102026842
1718	-9.5102027067
1719	-9.51020271384
1720	-9.51020273683
1721	-9.51020276446
1722	-9.51020277574
1723	-9.51020280194
1724	-9.5102028279
1725	-9.51020283959
1726	-9.51020285062
1727	-9.51020285729
1728	-9.5102028797
1729	-9.51020288892
1730	-9.51020291272
1731	-9.51020291943
1732	-9.51020294343
1733	-9.51020295036
1734	-9.51020297557
1735	-9.5102029856
1736	-9.51020300929
1737	-9.51020303582
1738	-9.51020304549
1739	-9.51020306917
1740	-9.51020309593
1741	-9.51020310222
1742	-9.51020312683
1743	-9.51020315128
1744	-9.51020315844
1745	-9.51020318448
1746	-9.51020319113
1747	-9.51020321622
1748	-9.51020324117
1749	-9.51020325118
1750	-9.51020327702
1751	-9.51020328346
1752	-9.51020330827
1753	-9.51020331778
1754	-9.5102033416
1755	-9.51020336838
1756	-9.51020337895
1757	-9.51020340372
1758	-9.51020343145
1759	-9.51020344227
1760	-9.51020346972
1761	-9.51020349824
1762	-9.51020352824
1763	-9.51020355968
1764	-9.51020357308
1765	-9.51020360306
1766	-9.51020363329
1767	-9.51020366435
1768	-9.51020369634
1769	-9.51020372919
1770	-9.51020374316
1771	-9.51020377532
1772	-9.51020380537
1773	-9.51020383584
1774	-9.51020386719
1775	-9.51020389953
1776	-9.51020393281
1777	-9.5102039686
1778	-9.51020400313
1779	-9.51020403945
1780	-9.5102040758
1781	-9.51020410993
1782	-9.51020414537
1783	-9.51020418045
1784	-9.5102042149
1785	-9.51020424871
1786	-9.51020428198
1787	-9.51020431484
1788	-9.51020434744
1789	-9.51020437991
1790	-9.51020441237
1791	-9.51020444491
1792	-9.51020447757
1793	-9.51020451038
1794	-9.51020454331
1795	-9.51020457632
1796	-9.51020460936
1797	-9.51020464237
1798	-9.51020467528
1799	-9.51020470806
1800	-9.51020474068
1801	-9.5102047731
1802	-9.51020480535
1803	-9.51020483743
1804	-9.51020486937
1805	-9.5102049012
1806	-9.51020493296
1807	-9.51020496468
1808	-9.51020499639
1809	-9.5102050281
1810	-9.51020505984
1811	-9.51020509161
1812	-9.51020512341
1813	-9.51020515526
1814	-9.51020518713
1815	-9.51020521903
1816	-9.51020525096
1817	-9.51020528291
1818	-9.51020531489
1819	-9.51020534688
1820	-9.51020537889
1821	-9.51020541093
1822	-9.51020544298
1823	-9.51020547507
1824	-9.5102055072
1825	-9.51020553935
1826	-9.51020557175
1827	-9.51020560402
1828	-9.51020563653
1829	-9.51020566888
1830	-9.51020570122
1831	-9.51020573353
1832	-9.51020576581
1833	-9.51020579806
1834	-9.5102058303
1835	-9.51020586254
1836	-9.5102058948
1837	-9.51020592707
1838	-9.51020595937
1839	-9.51020599171
1840	-9.51020602409
1841	-9.51020605356
1842	-9.51020608598
1843	-9.51020611871
1844	-9.51020614867
1845	-9.51020618156
1846	-9.51020621179
1847	-9.51020624492
1848	-9.51020627532
1849	-9.51020630564
1850	-9.51020633601
1851	-9.51020636823
1852	-9.51020639899
1853	-9.5102064298
1854	-9.51020646066
1855	-9.51020649156
1856	-9.5102065225
1857	-9.51020655351
1858	-9.51020658457
1859	-9.5102066157
1860	-9.51020664688
1861	-9.51020667807
1862	-9.51020670938
1863	-9.51020674071
1864	-9.51020677358
1865	-9.51020680504
1866	-9.51020683647
1867	-9.51020686806
1868	-9.51020689988
1869	-9.510206932
1870	-9.51020696442
1871	-9.51020699718
1872	-9.51020703031
1873	-9.5102070638
1874	-9.51020709765
1875	-9.51020713181
1876	-9.51020716626
1877	-9.51020720094
1878	-9.51020723582
1879	-9.51020727085
1880	-9.51020730602
1881	-9.51020734131
1882	-9.51020737672
1883	-9.51020741427
1884	-9.51020744986
1885	-9.51020748744
1886	-9.5102075229
1887	-9.51020756038
1888	-9.51020759792
1889	-9.51020763539
1890	-9.51020756393
1891	-9.51020762098
1892	-9.51020763724
1893	-9.51020760503
1894	-9.51020762014
1895	-9.51020758403
1896	-9.51020753675
1897	-9.51020754587
1898	-9.51020752205
1899	-9.51020748386
1900	-9.51020744521
1901	-9.5102074816
1902	-9.51020744317
1903	-9.51020741373
1904	-9.51020737437
1905	-9.51020732921
1906	-9.51020727334
1907	-9.51020723052
1908	-9.51020718954
1909	-9.51020718199
1910	-9.5102072102
1911	-9.5102072285
1912	-9.51020724025
1913	-9.5102072528
1914	-9.51020726123
1915	-9.51020726452
1916	-9.51020726402
1917	-9.51020730143
1918	-9.51020727793
1919	-9.51020725601
1920	-9.51020727142
1921	-9.51020725256
1922	-9.51020723267
1923	-9.5102072107
1924	-9.5102071869
1925	-9.51020716201
1926	-9.51020713679
1927	-9.51020710891
1928	-9.51020708081
1929	-9.5102070528
1930	-9.510207025
1931	-9.51020699738
1932	-9.51020696987
1933	-9.51020694237
1934	-9.51020691478
1935	-9.51020688702
1936	-9.51020685908
1937	-9.51020683098
1938	-9.51020680277
1939	-9.51020677454
1940	-9.51020674635
1941	-9.51020671829
1942	-9.51020669039
1943	-9.51020666269
1944	-9.51020663518
1945	-9.51020660788
1946	-9.51020658075
1947	-9.51020655379
1948	-9.51020652697
1949	-9.51020650029
1950	-9.51020647374
1951	-9.51020644731
1952	-9.510206421
1953	-9.5102063948
1954	-9.51020636874
1955	-9.51020634281
1956	-9.51020631702
1957	-9.5102062914
1958	-9.51020626594
1959	-9.51020624067
1960	-9.51020621559
1961	-9.51020619071
1962	-9.51020616602
1963	-9.51020614153
1964	-9.51020611722
1965	-9.51020609308
1966	-9.51020606909
1967	-9.51020604526
1968	-9.51020602155
1969	-9.51020599795
1970	-9.51020597445
1971	-9.51020595109
1972	-9.51020592788
1973	-9.51020590518
1974	-9.51020588256
1975	-9.51020585998
1976	-9.51020583738
1977	-9.51020581466
1978	-9.51020579175
1979	-9.51020576856
1980	-9.51020574502
1981	-9.51020572116
1982	-9.51020569759
1983	-9.51020567351
1984	-9.51020564998
1985	-9.51020562654
1986	-9.51020560319
1987	-9.51020557993
1988	-9.51020555675
1989	-9.51020553363
1990	-9.51020551059
1991	-9.51020548763
1992	-9.51020546476
1993	-9.51020544266
1994	-9.51020542535
1995	-9.51020544828
1996	-9.51020542592
1997	-9.51020540511
1998	-9.51020538454
1999	-9.51020536405
2000	-9.5102053436
2001	-9.51020532319
2002	-9.51020523359
2003	-9.51020532965
2004	-9.51020536817
2005	-9.51020531114
2006	-9.51020533571
2007	-9.51020527294
2008	-9.51020534983
