1	0.0219270110134
2	1208.89135012
3	613.611525312
4	1350.68514225
5	479.992193527
6	182.390195029
7	452.535432171
8	321.655784676
9	273.534258996
10	117.371794844
11	99.5230030215
12	175.268329246
13	96.479890254
14	64.8766798604
15	81.551079662
16	96.9363836583
17	92.8856639137
18	76.0277528453
19	50.4759365583
20	44.988902679
21	35.906035986
22	33.3909523949
23	34.0355223977
24	34.8680603869
25	15.0274344379
26	24.934909622
27	26.4356244038
28	28.1858864789
29	19.6883537831
30	10.5219606538
31	19.7283800355
32	18.1719089791
33	16.9082929214
34	15.3644887976
35	7.80298255116
36	16.3572868232
37	9.42625918606
38	6.69607814228
39	4.70611445599
40	3.58470539902
41	3.82076477046
42	8.30669421858
43	3.01479357199
44	7.69569551714
45	3.00033278256
46	6.4385730999
47	5.59579797818
48	3.37598621241
49	3.66494274235
50	2.54617405566
51	2.24286969002
52	3.03115533065
53	1.59695841306
54	3.24123130239
55	1.85659386405
56	1.45083192967
57	2.14093876751
58	1.72873804001
59	1.62885084502
60	1.31361007597
61	1.29484900784
62	0.734057978495
63	0.892387289934
64	1.14178884798
65	0.898251341846
66	1.00225884189
67	0.994901532211
68	0.912480308194
69	0.915195158985
70	0.800656184337
71	0.607109413495
72	0.723222911824
73	0.718329490542
74	0.680403396271
75	0.621730505178
76	0.555132589825
77	0.479999327848
78	0.46112914767
79	0.418334854806
80	0.403839443395
81	0.285219796078
82	0.323696216174
83	0.217563736632
84	0.305643987265
85	0.232589893805
86	0.178776044265
87	0.20256185676
88	0.173606536862
89	0.167377714531
90	0.176750482602
91	0.14258836781
92	0.127880649556
93	0.147427994673
94	0.146790112314
95	0.12972524172
96	0.117859514344
97	0.111106781878
98	0.0643949618571
99	0.0697277531363
100	0.07763843363
101	0.0863870174007
102	0.0807524036861
103	0.0749912291063
104	0.0679989965728
105	0.0617169027736
106	0.0616784392229
107	0.0669811619371
108	0.0457211303153
109	0.0354264948919
110	0.0320053804971
111	0.0413579358003
112	0.0355801423191
113	0.030446974813
114	0.0447021999164
115	0.047806903368
116	0.043325983504
117	0.043545653644
118	0.0406085546745
119	0.0396971188144
120	0.0362724311515
121	0.0205754363793
122	0.0355087465677
123	0.0147746095827
124	0.0339937983339
125	0.0282796054486
126	0.0281958879039
127	0.029809884137
128	0.0295948170788
129	0.0282196956378
130	0.0213832869523
131	0.021552775633
132	0.0237947326785
133	0.0182665779616
134	0.0182773285604
135	0.0196320710083
136	0.0176560229474
137	0.0200837559867
138	0.0176584822278
139	0.016977869739
140	0.0144476792579
141	0.0113300377251
142	0.0131149936192
143	0.0114604765389
144	0.0130855748501
145	0.0127958653219
146	0.013302964012
147	0.0125475708141
148	0.0126717192276
149	0.0114999159479
150	0.0111098750624
151	0.00999096853966
152	0.0157010385969
153	0.0115339184265
154	0.0153205486795
155	0.0116899505163
156	0.0107021165704
157	0.00879540873163
158	0.00930883327888
159	0.00870571340979
160	0.00892917162571
161	0.0141735288344
162	0.00882840605239
163	0.0148588001934
164	0.0112770260984
165	0.0111504693537
166	0.0106964149463
167	0.0109497984835
168	0.0108719426
169	0.0118261533217
170	0.0121392346458
171	0.0103860881586
172	0.0121965768031
173	0.0124862717807
174	0.00987658953472
175	0.012441862554
176	0.00940621910415
177	0.00843729645848
178	0.0116097717062
179	0.00869100964449
180	0.011020433707
181	0.0103363460623
182	0.0104325426125
183	0.00838025351433
184	0.0079278132735
185	0.00715902826186
186	0.00680757719253
187	0.00688238544771
188	0.00688141030596
189	0.00695468993371
190	0.00656578775329
191	0.00701226218457
192	0.00746173276613
193	0.0073856771363
194	0.00825283625798
195	0.00773628057453
196	0.00535099090582
197	0.0056118506464
198	0.0114175593902
199	0.00720950661185
200	0.00695352460863
201	0.00714402858604
202	0.00690010088206
203	0.00655656642737
204	0.00613206237217
205	0.00558820730712
206	0.00582489215308
207	0.00569360421546
208	0.00587686522649
209	0.00572541277657
210	0.00514867369876
211	0.00550671735638
212	0.0056271549676
213	0.00510998457758
214	0.00458683799666
215	0.0046351973316
216	0.00438019224148
217	0.00445342378544
218	0.00417386895926
219	0.00404914948077
220	0.00873529836887
221	0.00618503737573
222	0.00823376562361
223	0.00905482903048
224	0.00569082226756
225	0.00945634791171
226	0.00881727174064
227	0.00903649239826
228	0.00883151839234
229	0.00862286284843
230	0.00824552147011
231	0.00825743078247
232	0.00760407918538
233	0.00860815297623
234	0.00828673821772
235	0.00808996234364
236	0.00784719317209
237	0.00749736526891
238	0.00745111842658
239	0.00722832987821
240	0.00664861858063
241	0.00847480765114
242	0.00793584916785
243	0.00713528327769
244	0.00659491643557
245	0.007827013173
246	0.00723748389661
247	0.00814777197454
248	0.00787428777418
249	0.0070463516274
250	0.00680937689997
251	0.00712540657386
252	0.00657510426553
253	0.00636431660829
254	0.00697401779934
255	0.00561652170613
256	0.00621965575806
257	0.00639047660463
258	0.00668456189171
259	0.00668844667201
260	0.00677008315254
261	0.00615849683333
262	0.00684082187537
263	0.00592476785004
264	0.00431326118603
265	0.00711498274732
266	0.00579613056841
267	0.00662314886848
268	0.00608374642516
269	0.00696896161509
270	0.00569130281818
271	0.00456662177628
272	0.005179163434
273	0.00607407121116
274	0.00444812665736
275	0.00671631802048
276	0.0049356975339
277	0.00523916428919
278	0.00520686149564
279	0.00564519371774
280	0.00598558686642
281	0.00653153176176
282	0.00383980830003
283	0.00602361583591
284	0.00552428673655
285	0.00451429073746
286	0.00558009900961
287	0.0044627064161
288	0.00673537169422
289	0.00559796349595
290	0.00438519377359
291	0.00700435511854
292	0.00704966576676
293	0.00621444611103
294	0.00570763960638
295	0.00637207577542
296	0.00608770169882
297	0.00511500135675
298	0.0056074168512
299	0.0073431095756
300	0.0069083849602
301	0.00617872995676
302	0.00638689350618
303	0.00358959430703
304	0.00416212873409
305	0.00346238733846
306	0.00324885345597
307	0.00307361921004
308	0.00335725335473
309	0.00329389260763
310	0.00376638425859
311	0.00432709626489
312	0.00425780580053
313	0.00416305337143
314	0.0045302520135
315	0.00439250682376
316	0.00371597577695
317	0.00370970893404
318	0.00362255884418
319	0.00376516152727
320	0.00392957730778
321	0.00445437843077
322	0.0050659026833
323	0.00501809340039
324	0.00430354952064
325	0.00370424789359
326	0.00343874297195
327	0.00586891195273
328	0.00395926948336
329	0.0032720440692
330	0.00245830282042
331	0.00362600271103
332	0.0032211628218
333	0.00315607283794
334	0.00318997661651
335	0.00603675601845
336	0.00400542551235
337	0.00442334456402
338	0.0038533725756
339	0.00368918576001
340	0.00333211846524
341	0.00631216749678
342	0.00451764321902
343	0.00407661092172
344	0.00591623743392
345	0.00297562886768
346	0.00497257471494
347	0.00349161802528
348	0.00286535285993
349	0.00446742973834
350	0.00350410119451
351	0.00321537186741
352	0.00293011572137
353	0.0049963731664
354	0.00290097860714
355	0.00362714836243
356	0.00263288580185
357	0.00248571831161
358	0.0028384062401
359	0.00295028587672
360	0.00255624693554
361	0.00269073178998
362	0.0027654147264
363	0.00196684912888
364	0.00442871384567
365	0.00277987050989
366	0.00260197979142
367	0.00240291592456
368	0.00252474199516
369	0.00425030157785
370	0.00312577998184
371	0.00294901996032
372	0.00315671349437
373	0.00445035571843
374	0.00236240564823
375	0.00236271035324
376	0.00267841291702
377	0.00259420041465
378	0.00241510708063
379	0.00232153143509
380	0.00260769719191
381	0.00282427943915
382	0.0022086795488
383	0.00217929846355
384	0.00198382285085
385	0.00181537589117
386	0.00377722396704
387	0.00188589254604
388	0.00199108429401
389	0.00373666538928
390	0.00268171964142
391	0.00171098234756
392	0.00172775199522
393	0.00365069803901
394	0.00220636358247
395	0.0021012914885
396	0.00192428897199
397	0.00192868322506
398	0.00189309476344
399	0.00187404266647
400	0.00194593790087
401	0.00186622472057
402	0.00177161783421
403	0.00174131210469
404	0.00223829623314
405	0.00209515840052
406	0.00215817599185
407	0.00223363585057
408	0.00265192531919
409	0.00302736503083
410	0.00174472396006
411	0.00108843753743
412	0.00270652847593
413	0.00198880607517
414	0.001511947769
415	0.000960572140314
416	0.00112740451888
417	0.00279497664871
418	0.00134147972586
419	0.00123216782163
420	0.00246136829168
421	0.00179959543811
422	0.0014818493082
423	0.00262701459635
424	0.00134019799063
425	0.00255041627072
426	0.00126324499759
427	0.00124520145076
428	0.00130081239342
429	0.00104275905602
430	0.000976957482845
431	0.00119180970683
432	0.00155154836118
433	0.00231104236936
434	0.00179063388076
435	0.00191823928321
436	0.00171889659016
437	0.00184500508282
438	0.00145519580844
439	0.00147419381386
440	0.00143777596627
441	0.00212385987301
442	0.00202368977234
443	0.00110351956848
444	0.0021277437542
445	0.000954230852574
446	0.00190602252064
447	0.000933196547552
448	0.00188104267629
449	0.00118487221166
450	0.00161329107393
451	0.00148701688133
452	0.00122123710344
453	0.00133510346521
454	0.00157145834445
455	0.00159214337244
456	0.00118208610952
457	0.00185882517795
458	0.0018659794223
459	0.000871572700652
460	0.00102932672601
461	0.00103653096195
462	0.000918702741052
463	0.00167864188654
464	0.00120989581455
465	0.00105289409994
466	0.000943572589314
467	0.000930149383174
468	0.000992618496734
469	0.000811638788394
470	0.00150064980937
471	0.000852184145236
472	0.00098127507091
473	0.000944560408303
474	0.000904799033892
475	0.000930010280715
476	0.000857765062735
477	0.00144181747291
478	0.00149751320959
479	0.000809140022602
480	0.00146884293995
481	0.00105108914966
482	0.000938638853143
483	0.000823214410971
484	0.000811803112737
485	0.000851414439082
486	0.000803707556481
487	0.000713807305308
488	0.000663188303399
489	0.000689938585545
490	0.000727675717217
491	0.000713245753749
492	0.000673680375621
493	0.000704935223615
494	0.000682246373417
495	0.00120546885732
496	0.00109966256146
497	0.00110343945164
498	0.00116963497076
499	0.000776883272372
500	0.00118143235972
501	0.000689857176779
502	0.0010467689332
503	0.00111289119241
504	0.00056341712525
505	0.000602468686242
506	0.00102297974518
507	0.000593256528356
508	0.000499366153947
509	0.00104795459681
510	0.00093524791587
511	0.0009320915482
512	0.000553198671396
513	0.000485549791829
514	0.000926883873621
515	0.000789119720519
516	0.000905242822913
517	0.000924404349866
518	0.000920763928179
519	0.000839895288562
520	0.000711589021643
521	0.000416898295902
522	0.000849468589784
523	0.000398881950627
524	0.000817033293298
525	0.000411833922077
526	0.00038763794953
527	0.000754430973197
528	0.000832517444738
529	0.000715689524474
530	0.000652835966126
531	0.000606857976958
532	0.000636331782636
533	0.000628942879199
534	0.000622456679743
535	0.000599996764292
536	0.000650469609891
537	0.000687455753862
538	0.000314714512372
539	0.000680391325161
540	0.000680831361318
541	0.00041744677053
542	0.000589127196461
543	0.000663118902169
544	0.000345428918472
545	0.000588518357625
546	0.000682493155526
547	0.00067778597355
548	0.000692824277503
549	0.000364286834651
550	0.000569892048144
551	0.000589350455706
552	0.000642075026315
553	0.000305610750725
554	0.000632601247689
555	0.000615359434743
556	0.00025360718679
557	0.000608561617196
558	0.000618919894664
559	0.00036824924056
560	0.000546928212477
561	0.00060175911805
562	0.000625972764026
563	0.00030979796048
564	0.000551088885396
565	0.00024732623888
566	0.000551192124639
567	0.000280339336638
568	0.00055224018797
569	0.000297626520768
570	0.000255272620506
571	0.000555834584877
572	0.000272796793776
573	0.000524612385044
574	0.000292120266054
575	0.000511438285903
576	0.000267206408606
577	0.000516068008729
578	0.000515492925865
579	0.000280088896596
580	0.000483517380476
581	0.000248651418652
582	0.000495802696327
583	0.000248970737436
584	0.000240346625724
585	0.000239263112171
586	0.000233536441397
587	0.000232241417316
588	0.000233788508984
589	0.000236739776606
590	0.00023863072834
591	0.00022580802467
592	0.000226176240373
593	0.000236203611228
594	0.000239985354756
595	0.00023860244624
596	0.000232348638392
597	0.00024796083648
598	0.000245775430924
599	0.000221395555481
600	0.000226842732966
601	0.000234741916587
602	0.000234521401756
603	0.000221079774838
604	0.00020866772434
605	0.0002145829061
606	0.000204002892286
607	0.000199784995527
608	0.000204147163139
609	0.000209393934517
610	0.000215880358117
611	0.000218054309624
612	0.000210874933188
613	0.000209902936502
614	0.000207487709371
615	0.000201761476241
616	0.000209500846768
617	0.000235081174426
618	0.000207608723135
619	0.000200609139302
620	0.000196870204639
621	0.000192564860767
622	0.000191987807257
623	0.000187140078908
624	0.000183085330243
625	0.000180827169451
626	0.000179766270108
627	0.000172378714217
628	0.000176864896582
629	0.000180769402086
630	0.000180648127203
631	0.000184194189092
632	0.000178692698705
633	0.000174560790683
634	0.00018385628747
635	0.000175318804418
636	0.000164273696772
637	0.000161865363239
638	0.00016359765485
639	0.000161719063603
640	0.000157465727606
641	0.000158242976404
642	0.000161564817617
643	0.000162954035973
644	0.000161114955923
645	0.00016990728803
646	0.000163371234974
647	0.000153147764129
648	0.000159040214238
649	0.000156806132742
650	0.000150978269027
651	0.000149924840958
652	0.000149157968695
653	0.000148195252008
654	0.000145205679209
655	0.000143712563807
656	0.000141172429874
657	0.000139161557373
658	0.000138769964914
659	0.000134854672471
660	0.000136220825708
661	0.000140706531822
662	0.000138105669098
663	0.000143239585513
664	0.000139719925096
665	0.000142261686936
666	0.000134220587426
667	0.000137031873405
668	0.000161502856589
669	0.000163058358298
670	0.000125520725934
671	0.000126033674868
672	0.000128483321843
673	0.000127019857493
674	0.000127189438723
675	0.000117490890408
676	0.000118218799766
677	0.000115967660841
678	9.64869667051e-05
679	0.000100195220522
680	0.000116902505303
681	0.00012510467411
682	0.000116505610119
683	0.000113882300243
684	7.25766179391e-05
685	0.000117528494599
686	0.000111073021801
687	0.000121881187242
688	0.000130928604697
689	0.000128255100788
690	8.44415819237e-05
691	0.000119946138514
692	0.000133107522273
693	7.67589193547e-05
694	0.000111067950537
695	0.000133491308972
696	7.69719897327e-05
697	0.000108880582964
698	0.000127039750915
699	0.000132286412873
700	9.16066997849e-05
701	6.39196634274e-05
702	5.96949521051e-05
703	0.000125461946885
704	0.000120466322076
705	7.23748307353e-05
706	0.000112406815991
707	7.17826240864e-05
708	0.000109968026577
709	7.03645408935e-05
710	0.000108605627659
711	0.000119072397261
712	0.000104675924953
713	0.000113817009146
714	0.000113284375426
715	0.000109190273504
716	0.000105214179034
717	0.000102597042418
718	0.000101249985584
719	9.83711986979e-05
720	9.86254373942e-05
721	0.000100903050422
722	0.000100359735493
723	9.93349256941e-05
724	9.32129062673e-05
725	9.47169205367e-05
726	0.000100607514584
727	9.97622713537e-05
728	9.57847234853e-05
729	9.45406441002e-05
730	9.73087746395e-05
731	9.6269068408e-05
732	9.45223408842e-05
733	5.55585434685e-05
734	5.30557511316e-05
735	4.6834178153e-05
736	4.58721220367e-05
737	4.67881366748e-05
738	4.88905878494e-05
739	4.92089855706e-05
740	4.91583293202e-05
741	4.86932926891e-05
742	4.79759134427e-05
743	4.85531681129e-05
744	4.86094233175e-05
745	4.70007912877e-05
746	4.59543194127e-05
747	4.73255828031e-05
748	4.82689940377e-05
749	4.75378125584e-05
750	4.76123789529e-05
751	4.78319809726e-05
752	4.62669533468e-05
753	4.65369627502e-05
754	4.58853798859e-05
755	4.35312127543e-05
756	4.51103312541e-05
757	4.77509731408e-05
758	4.6991645979e-05
759	4.45936900714e-05
760	4.38692502645e-05
761	4.41508600336e-05
762	4.43678025032e-05
763	4.12991708853e-05
764	4.26257081488e-05
765	4.53275089746e-05
766	4.4251631859e-05
767	4.2948024688e-05
768	4.26261673491e-05
769	4.33183746042e-05
770	4.17993673183e-05
771	4.04275994319e-05
772	4.26904626104e-05
773	4.34709867268e-05
774	4.23304339558e-05
775	4.23399446529e-05
776	4.28345022852e-05
777	4.21420113961e-05
778	4.15155616824e-05
779	4.01227052697e-05
780	4.05119629631e-05
781	4.02041964863e-05
782	3.65065166718e-05
783	3.4917949154e-05
784	5.27348403441e-05
785	4.28670500186e-05
786	5.29466679728e-05
787	3.96794154096e-05
788	5.21754091043e-05
789	5.18113141933e-05
790	4.67465171685e-05
791	4.73335585977e-05
792	4.7216321672e-05
793	4.69494552916e-05
794	4.65973127865e-05
795	4.56506989221e-05
796	4.42689683842e-05
797	4.37544050387e-05
798	4.32534479667e-05
799	4.35580052274e-05
800	4.35379767452e-05
801	4.38196973312e-05
802	4.3984309184e-05
803	4.4071529666e-05
804	4.36842131591e-05
805	4.31747286225e-05
806	4.29730243577e-05
807	4.30124597483e-05
808	4.31330051832e-05
809	4.26338504269e-05
810	4.23601312541e-05
811	4.15931677058e-05
812	4.16421201497e-05
813	4.15773880152e-05
814	4.14697787718e-05
815	4.12968169946e-05
816	4.1082440188e-05
817	4.07842764173e-05
818	4.04436421157e-05
819	4.01557133433e-05
820	3.97483352467e-05
821	3.96797765969e-05
822	3.95341742651e-05
823	3.93482248099e-05
824	3.90915570499e-05
825	3.8767568654e-05
826	3.83918796948e-05
827	3.80179593917e-05
828	3.7665583004e-05
829	3.7454813677e-05
830	3.72966286999e-05
831	3.71939449223e-05
832	3.70948647951e-05
833	3.70531698147e-05
834	3.69377807242e-05
835	3.67361146221e-05
836	3.64678864651e-05
837	3.61625998993e-05
838	3.58592235028e-05
839	3.55903761471e-05
840	3.5365654245e-05
841	3.51702576134e-05
842	3.49857302706e-05
843	3.48000859446e-05
844	3.4613824622e-05
845	3.44294310931e-05
846	3.42484540247e-05
847	3.40686584424e-05
848	3.39047598232e-05
849	3.37056522529e-05
850	3.35282317586e-05
851	3.33673109932e-05
852	3.32123765763e-05
853	3.30234083441e-05
854	3.28232714571e-05
855	3.2633877451e-05
856	3.24625136461e-05
857	3.22961120931e-05
858	3.21273285769e-05
859	3.19520579198e-05
860	3.17082729434e-05
861	3.15600204671e-05
862	3.14414973648e-05
863	3.12817398432e-05
864	3.11341154987e-05
865	3.09666469842e-05
866	3.07948125994e-05
867	3.06256619113e-05
868	3.04697868686e-05
869	3.03653593443e-05
870	3.02517378839e-05
871	3.01210696623e-05
872	2.99877426583e-05
873	2.98547822754e-05
874	2.9726139623e-05
875	2.96024545158e-05
876	2.94828847135e-05
877	2.93658623316e-05
878	2.92494467878e-05
879	2.91315997006e-05
880	2.90110966907e-05
881	2.88880270289e-05
882	2.87635691383e-05
883	2.86392031232e-05
884	2.85165137853e-05
885	2.83960493245e-05
886	2.8277596635e-05
887	2.55987104662e-05
888	2.23568222796e-05
889	2.04061832495e-05
890	2.00762644007e-05
891	2.05111147824e-05
892	2.10853549808e-05
893	2.14964511833e-05
894	2.15204530116e-05
895	2.13280213229e-05
896	2.10507069684e-05
897	2.07950421828e-05
898	2.05786497003e-05
899	2.04585583179e-05
900	2.03796993737e-05
901	2.03096170447e-05
902	2.02270211939e-05
903	2.01246103616e-05
904	2.00057217205e-05
905	1.98774211103e-05
906	1.97453225288e-05
907	1.96130732506e-05
908	1.95068935222e-05
909	1.93752401418e-05
910	1.92425460284e-05
911	1.91114271521e-05
912	1.89828122832e-05
913	1.88547581681e-05
914	1.87286631654e-05
915	1.86043710331e-05
916	1.84794609373e-05
917	1.83562680479e-05
918	1.82354123181e-05
919	1.81174343214e-05
920	3.28408181032e-05
921	2.77491184534e-05
922	2.26714021892e-05
923	1.94179035158e-05
924	3.05256218476e-05
925	1.91908820231e-05
926	1.77971357819e-05
927	2.9565160859e-05
928	1.94234796441e-05
929	1.80938298798e-05
930	2.96069859746e-05
931	1.92110762462e-05
932	1.77278817363e-05
933	2.87267013128e-05
934	1.87265833455e-05
935	3.13683996904e-05
936	1.90912801972e-05
937	3.07866285624e-05
938	1.8522991344e-05
939	2.94956072952e-05
940	1.80639277612e-05
941	2.90393394781e-05
942	1.78697147503e-05
943	2.88220660344e-05
944	1.76833688851e-05
945	2.83912283105e-05
946	1.74258521132e-05
947	2.7915584178e-05
948	1.71809517435e-05
949	2.74279918964e-05
950	1.69340604865e-05
951	2.69407988715e-05
952	1.67083826458e-05
953	2.64471316787e-05
954	1.64958167508e-05
955	2.59588049866e-05
956	1.6287398015e-05
957	2.54901759192e-05
958	1.60798947884e-05
959	2.50488754634e-05
960	2.96573017367e-05
961	1.71742542757e-05
962	2.53751710346e-05
963	2.82402486833e-05
964	1.62988786784e-05
965	2.38826291299e-05
966	2.74055851179e-05
967	1.61645522894e-05
968	2.36798425981e-05
969	2.70891778625e-05
970	1.59270755543e-05
971	2.31990457509e-05
972	2.65032869421e-05
973	1.55946527634e-05
974	2.27365083651e-05
975	2.59370101371e-05
976	2.88453809958e-05
977	1.58408449604e-05
978	2.22372694671e-05
979	2.45660804466e-05
980	2.72044132671e-05
981	1.51977770503e-05
982	2.1451258707e-05
983	2.41553396324e-05
984	2.68176725619e-05
985	2.82031704519e-05
986	2.84116486496e-05
987	2.76796749791e-05
988	2.65967368298e-05
989	2.56904632182e-05
990	2.52336096321e-05
991	2.51047257149e-05
992	2.51543857155e-05
993	2.52054121569e-05
994	2.51596563033e-05
995	2.5003523598e-05
996	2.47774558445e-05
997	2.45363350241e-05
998	2.43190010011e-05
999	2.41393734935e-05
1000	2.39908361247e-05
1001	2.38577655185e-05
1002	2.37269427354e-05
1003	2.35919268434e-05
1004	2.34524494222e-05
1005	2.33116558608e-05
1006	2.31728147318e-05
1007	2.30370803485e-05
1008	2.29042829026e-05
1009	2.27730038354e-05
1010	2.26418745879e-05
1011	2.25100421536e-05
1012	2.23774017475e-05
1013	2.22437042779e-05
1014	2.21080543229e-05
1015	2.19722325847e-05
1016	2.18369188889e-05
1017	2.17410176683e-05
1018	2.16018775416e-05
1019	2.14650893823e-05
1020	2.14070397933e-05
1021	2.11605081669e-05
1022	2.10629810462e-05
1023	2.09651233415e-05
1024	2.08578401552e-05
1025	2.07434265636e-05
1026	2.06242132976e-05
1027	2.05030061178e-05
1028	2.03769566058e-05
1029	2.02521602559e-05
1030	2.00359845553e-05
1031	1.9934061195e-05
1032	1.98376696583e-05
1033	1.96962445744e-05
1034	1.95899195314e-05
1035	1.94824748058e-05
1036	1.9374892541e-05
1037	1.92690629531e-05
1038	1.91659854976e-05
1039	1.90655473796e-05
1040	1.89667981005e-05
1041	1.88697878998e-05
1042	1.87745550799e-05
1043	1.86811814136e-05
1044	1.85899410545e-05
1045	1.85009701536e-05
1046	1.84143116482e-05
1047	1.83297049758e-05
1048	1.82468301115e-05
1049	1.81652958312e-05
1050	1.80847828493e-05
1051	1.80048953141e-05
1052	1.79255852712e-05
1053	1.78469546424e-05
1054	1.77693582576e-05
1055	1.76932392437e-05
1056	1.76188971956e-05
1057	1.75463769744e-05
1058	1.74753442496e-05
1059	1.7405760918e-05
1060	1.73374790651e-05
1061	1.72704111246e-05
1062	1.72044574422e-05
1063	1.7139928873e-05
1064	1.70768920287e-05
1065	1.70155164241e-05
1066	1.695608827e-05
1067	1.68986245715e-05
1068	1.68428688598e-05
1069	1.67888005518e-05
1070	1.67362780059e-05
1071	1.66851952201e-05
1072	1.66355254952e-05
1073	1.65871766887e-05
1074	1.65403046603e-05
1075	1.64951063014e-05
1076	1.64517198484e-05
1077	1.64098785091e-05
1078	1.6369657633e-05
1079	1.63304354466e-05
1080	1.6291860135e-05
1081	1.62533743617e-05
1082	1.62146179483e-05
1083	1.6175558824e-05
1084	1.61363781584e-05
1085	1.60973661757e-05
1086	1.6058864183e-05
1087	1.60213180967e-05
1088	1.59851265908e-05
1089	1.59505217022e-05
1090	1.59173998794e-05
1091	1.58856077499e-05
1092	1.58544440488e-05
1093	1.58231192132e-05
1094	1.57910812807e-05
1095	1.57582178796e-05
1096	1.57246659297e-05
1097	1.56908388643e-05
1098	1.56573480324e-05
1099	1.56246855959e-05
1100	1.55933553619e-05
1101	1.55637802336e-05
1102	1.55360595214e-05
1103	1.55099266457e-05
1104	1.54849017108e-05
1105	1.54605470287e-05
1106	1.54369082356e-05
1107	1.5413745019e-05
1108	1.53909418702e-05
1109	1.53689618654e-05
1110	1.53481021245e-05
1111	1.53287002227e-05
1112	1.53110539628e-05
1113	1.52951589141e-05
1114	1.52806886979e-05
1115	1.52672122884e-05
1116	1.52539006559e-05
1117	1.52401803569e-05
1118	1.52260065665e-05
1119	1.52114989006e-05
1120	1.51975285727e-05
1121	1.51845033492e-05
1122	1.51729503069e-05
1123	1.51644666887e-05
1124	1.51603849098e-05
1125	1.51616323107e-05
1126	1.51688318288e-05
1127	1.51781993982e-05
1128	1.51993883209e-05
1129	1.52290509748e-05
1130	1.52634555857e-05
1131	1.5303025992e-05
1132	1.53459968919e-05
1133	1.53914090766e-05
1134	1.54384857836e-05
1135	1.54876878504e-05
1136	1.55389913963e-05
1137	1.55921933706e-05
1138	1.56471699335e-05
1139	1.57026525707e-05
1140	1.57444063629e-05
1141	1.57893721122e-05
1142	1.58293249193e-05
1143	1.58617455064e-05
1144	1.58853528609e-05
1145	1.588649537e-05
1146	1.5894039131e-05
1147	1.58862888941e-05
1148	1.58740982037e-05
1149	1.58582619762e-05
1150	1.58436448084e-05
1151	1.58326559659e-05
1152	1.58264155182e-05
1153	1.58239777615e-05
1154	9.95226866239e-06
1155	1.36799936176e-05
1156	1.56951955207e-05
1157	1.66607292568e-05
1158	1.70914577951e-05
1159	1.71467528546e-05
1160	1.69855181855e-05
1161	1.67067904218e-05
1162	1.64039176741e-05
1163	1.61468887709e-05
1164	1.59873627496e-05
1165	1.59302610517e-05
1166	1.59552763464e-05
1167	1.60269568664e-05
1168	1.6108706954e-05
1169	1.61727581171e-05
1170	1.62062866945e-05
1171	1.62096934221e-05
1172	1.61921321746e-05
1173	1.61660389362e-05
1174	1.61424872034e-05
1175	1.61290813847e-05
1176	1.61292633551e-05
1177	1.61425706205e-05
1178	1.61655800821e-05
1179	1.61938481668e-05
1180	1.62227950995e-05
1181	1.62483747622e-05
1182	1.62682731993e-05
1183	1.62812305027e-05
1184	1.62869744584e-05
1185	1.62859283812e-05
1186	1.62790362899e-05
1187	1.6267512548e-05
1188	1.62523844716e-05
1189	1.62347957276e-05
1190	1.62154289963e-05
1191	1.61947426486e-05
1192	1.61731396445e-05
1193	1.6150802188e-05
1194	1.6127523207e-05
1195	1.61032143683e-05
1196	1.60779343881e-05
1197	1.60521965212e-05
1198	1.60266605293e-05
1199	1.60019002102e-05
1200	1.59785024562e-05
1201	1.5956762704e-05
1202	1.59367673405e-05
1203	1.59184573572e-05
1204	1.59016110235e-05
1205	1.58858954542e-05
1206	1.58709581003e-05
1207	1.58564374808e-05
1208	1.58421472731e-05
1209	1.58279141943e-05
1210	1.58138465165e-05
1211	1.76956088096e-05
1212	8.63749005951e-06
1213	1.13970695856e-05
1214	1.34137102915e-05
1215	1.762394855e-05
1216	1.11176357721e-05
1217	1.273964381e-05
1218	1.75098211436e-05
1219	1.12943085903e-05
1220	1.3100983834e-05
1221	1.74939538097e-05
1222	1.14803943276e-05
1223	1.32101317997e-05
1224	8.48412492881e-06
1225	1.52682903702e-05
1226	1.70657870713e-05
1227	1.15187107737e-05
1228	1.70298968487e-05
1229	1.1060266487e-05
1230	1.31801946217e-05
1231	8.49039517784e-06
1232	1.54576468399e-05
1233	1.68689552089e-05
1234	1.59606130984e-05
1235	1.69624773756e-05
1236	1.14792504943e-05
1237	1.6876529289e-05
1238	1.11583477338e-05
1239	7.95332850404e-06
1240	1.49776006809e-05
1241	1.66877490814e-05
1242	1.48866666969e-05
1243	1.60761233112e-05
1244	8.90402329638e-06
1245	1.43063666321e-05
1246	1.55501231953e-05
1247	1.54446898042e-05
1248	8.72669113912e-06
1249	1.47612546886e-05
1250	1.58426946885e-05
1251	8.57226989364e-06
1252	1.38629592479e-05
1253	1.50175335935e-05
1254	1.5088175885e-05
1255	8.68724573376e-06
1256	1.38121379376e-05
1257	1.49637688314e-05
1258	1.48716880334e-05
1259	8.5884880911e-06
1260	1.35852547812e-05
1261	1.46267460816e-05
1262	1.47626635455e-05
1263	8.08118087536e-06
1264	1.35099765275e-05
1265	1.45528099576e-05
1266	1.46903995751e-05
1267	1.50038263596e-05
1268	8.45054494968e-06
1269	1.33251362738e-05
1270	1.34009630595e-05
1271	1.43671709314e-05
1272	7.98446926362e-06
1273	1.32563024572e-05
1274	1.35215815681e-05
1275	1.44065576674e-05
1276	1.47928725805e-05
1277	8.52919351307e-06
1278	1.29947108315e-05
1279	1.33068258021e-05
1280	1.4237880578e-05
1281	1.45770849397e-05
1282	1.4806852443e-05
1283	1.48776627689e-05
1284	1.48615559499e-05
1285	7.90950649421e-06
1286	1.31559326437e-05
1287	1.31653987999e-05
1288	1.39804364606e-05
1289	1.42926255793e-05
1290	1.45190095299e-05
1291	1.45963181679e-05
1292	1.45806292241e-05
1293	1.4501386009e-05
1294	1.43983400116e-05
1295	1.42993004964e-05
1296	1.42198097559e-05
1297	1.41631309352e-05
1298	1.41245787121e-05
1299	1.40961413957e-05
1300	1.40702685402e-05
1301	1.40418746337e-05
1302	1.40087581878e-05
1303	1.39709602877e-05
1304	1.39297200787e-05
1305	1.38865775692e-05
1306	1.38200883074e-05
1307	1.37688538797e-05
1308	1.37194948164e-05
1309	1.36745549436e-05
1310	1.36292028526e-05
1311	1.35592865451e-05
1312	1.35111739809e-05
1313	1.3470415771e-05
1314	1.3435167677e-05
1315	1.34031934672e-05
1316	1.33707761967e-05
1317	1.33368699107e-05
1318	1.33030267348e-05
1319	1.25168825517e-05
1320	1.31833878173e-05
1321	1.31751652488e-05
1322	1.31729304172e-05
1323	1.31522336794e-05
1324	1.31235965816e-05
1325	1.30901887006e-05
1326	1.30547314571e-05
1327	1.30345633925e-05
1328	1.3027382321e-05
1329	1.28445080426e-05
1330	1.27282443608e-05
1331	1.36126908932e-05
1332	1.25632975794e-05
1333	1.26173724715e-05
1334	1.26110070185e-05
1335	1.26052190918e-05
1336	1.25843885261e-05
1337	1.34429979967e-05
1338	1.24639912166e-05
1339	1.25087203671e-05
1340	1.24890094657e-05
1341	1.33405636089e-05
1342	1.23867971679e-05
1343	1.24354880257e-05
1344	1.32589318939e-05
1345	1.23446677474e-05
1346	1.2391632492e-05
1347	1.32402566225e-05
1348	1.22923326619e-05
1349	1.31541394919e-05
1350	1.22634184994e-05
1351	1.30775671884e-05
1352	1.22387331101e-05
1353	1.30283836989e-05
1354	1.22063099852e-05
1355	1.3017460886e-05
1356	1.21601792943e-05
1357	1.30446729048e-05
1358	1.28529596593e-05
1359	1.20868864678e-05
1360	1.29384128521e-05
1361	1.27597017568e-05
1362	1.26586704609e-05
1363	1.19960308754e-05
1364	1.27459893212e-05
1365	1.26087241952e-05
1366	1.25367470742e-05
1367	1.24670767614e-05
1368	1.18461295752e-05
1369	1.26376787833e-05
1370	1.25370596396e-05
1371	1.2490254265e-05
1372	1.2434556958e-05
1373	1.23846102558e-05
1374	1.23279117531e-05
1375	1.2278096555e-05
1376	1.22350995174e-05
1377	1.22008328352e-05
1378	1.21900609341e-05
1379	1.2180930197e-05
1380	1.21762064902e-05
1381	1.21737296559e-05
1382	1.21496148639e-05
1383	1.21409096863e-05
1384	1.21291511207e-05
1385	1.21212506422e-05
1386	1.21057759349e-05
1387	1.2088206969e-05
1388	1.20671529134e-05
1389	1.2043962816e-05
1390	1.20194800946e-05
1391	1.19949481162e-05
1392	1.19715386654e-05
1393	1.19502958116e-05
1394	1.19319530159e-05
1395	1.19168091399e-05
1396	1.19046936852e-05
1397	1.1894973614e-05
1398	1.18866998932e-05
1399	1.0796923906e-05
1400	1.16993118399e-05
1401	1.16817275974e-05
1402	1.16958287435e-05
1403	1.17069127894e-05
1404	2.48502981636e-05
1405	2.26114715292e-05
1406	2.75512275784e-05
1407	2.57789313824e-05
1408	2.35578674436e-05
1409	1.82402928488e-05
1410	1.33325018242e-05
1411	1.27273515769e-05
1412	1.37226359528e-05
1413	1.30432254958e-05
1414	1.1714798331e-05
1415	1.03997296977e-05
1416	1.12177359913e-05
1417	7.70300983099e-06
1418	1.14808741561e-05
1419	8.08560451864e-06
1420	1.09592730609e-05
1421	7.55371240611e-06
1422	9.49974409984e-06
1423	1.12957876981e-05
1424	6.63610732538e-06
1425	1.10133345597e-05
1426	7.77226040805e-06
1427	8.77017978487e-06
1428	9.4039632334e-06
1429	9.49637748436e-06
1430	9.58424989761e-06
1431	9.64600637348e-06
1432	9.72387149627e-06
1433	9.24330261275e-06
1434	9.83861997331e-06
1435	9.89971596385e-06
1436	9.96167407286e-06
1437	1.00057096352e-05
1438	1.00333772215e-05
1439	1.00379422593e-05
1440	1.00175713816e-05
1441	9.96153382969e-06
1442	9.89699673276e-06
1443	9.82040145107e-06
1444	9.73832409449e-06
1445	9.65894576894e-06
1446	9.5887674073e-06
1447	9.53212405266e-06
1448	9.49087495608e-06
1449	9.46465709961e-06
1450	9.45143892945e-06
1451	9.44817855148e-06
1452	9.4513841469e-06
1453	9.45758642643e-06
1454	9.46354992571e-06
1455	9.466448199e-06
1456	9.46418546807e-06
1457	9.45537813037e-06
1458	9.43942220285e-06
1459	9.41648134366e-06
1460	9.38738647215e-06
1461	9.36071795818e-06
1462	9.32815532116e-06
1463	9.29105814155e-06
1464	9.25253060745e-06
1465	9.21511432444e-06
1466	9.18049269946e-06
1467	9.14955283397e-06
1468	9.12253898261e-06
1469	9.09920325719e-06
1470	9.07897966773e-06
1471	9.06109945986e-06
1472	9.04468342747e-06
1473	9.02887807013e-06
1474	9.01290224368e-06
1475	8.99611325844e-06
1476	8.98881027067e-06
1477	8.9697468794e-06
1478	8.94823428936e-06
1479	8.92546712362e-06
1480	8.90140394869e-06
1481	8.87636077974e-06
1482	8.85064170351e-06
1483	8.82465570348e-06
1484	8.7988219955e-06
1485	8.77353875673e-06
1486	8.74913026839e-06
1487	8.73274245275e-06
1488	8.70486421091e-06
1489	8.68324894432e-06
1490	8.66208414689e-06
1491	8.64243620297e-06
1492	8.62378019586e-06
1493	8.60589520735e-06
1494	8.58838195002e-06
1495	8.57085076318e-06
1496	8.55297764585e-06
1497	8.53456934554e-06
1498	8.51556425007e-06
1499	8.49601574556e-06
1500	8.47603761864e-06
1501	8.45575717761e-06
1502	8.43528035705e-06
1503	8.41466103982e-06
1504	8.39388732774e-06
1505	8.37291996852e-06
1506	8.35170393628e-06
1507	8.33017969458e-06
1508	8.30832095979e-06
1509	8.28613456072e-06
1510	8.2636623204e-06
1511	8.24098037058e-06
1512	8.21816258821e-06
1513	8.1953073122e-06
1514	8.17250842989e-06
1515	8.14984547233e-06
1516	8.79317178788e-06
1517	8.75095917214e-06
1518	8.42390857703e-06
1519	8.23509884512e-06
1520	6.40046341913e-06
1521	7.55981760431e-06
1522	8.01111208109e-06
1523	8.0445970845e-06
1524	8.73506268039e-06
1525	8.43776822901e-06
1526	8.26552156997e-06
1527	8.03805619977e-06
1528	7.95665602904e-06
1529	7.92777221422e-06
1530	6.31754129276e-06
1531	7.40742919811e-06
1532	8.4312318919e-06
1533	7.98880092862e-06
1534	7.94022270805e-06
1535	7.79731385445e-06
1536	7.72428522852e-06
1537	7.70578773989e-06
1538	7.69184492357e-06
1539	7.67737218597e-06
1540	6.25728157728e-06
1541	7.81668472999e-06
1542	7.73787652758e-06
1543	7.61550153119e-06
1544	7.54162923297e-06
1545	7.49045735542e-06
1546	7.481123111e-06
1547	7.47282798775e-06
1548	7.46441237805e-06
1549	7.45158015872e-06
1550	7.43529991437e-06
1551	7.41551509519e-06
1552	7.39296397309e-06
1553	7.36820374954e-06
1554	7.34201293039e-06
1555	7.31517519384e-06
1556	7.28913315974e-06
1557	7.26429125703e-06
1558	7.24072765096e-06
1559	7.21847325038e-06
1560	7.19741662493e-06
1561	7.17736738621e-06
1562	7.15798010086e-06
1563	7.13887093639e-06
1564	7.11967806301e-06
1565	7.10014055719e-06
1566	7.08004930557e-06
1567	7.0593138749e-06
1568	7.0380100204e-06
1569	7.01663833336e-06
1570	6.99507049452e-06
1571	6.97376006784e-06
1572	6.95289883459e-06
1573	6.93249305968e-06
1574	6.91250377914e-06
1575	6.89284906026e-06
1576	6.8734530695e-06
1577	6.85420794023e-06
1578	6.83499962815e-06
1579	6.8157370487e-06
1580	6.79635922118e-06
1581	6.77685702706e-06
1582	6.75727315957e-06
1583	6.7376750794e-06
1584	6.71818532233e-06
1585	6.69891892476e-06
1586	6.67997343972e-06
1587	6.66143637719e-06
1588	6.64337357755e-06
1589	6.62580829057e-06
1590	6.60872054616e-06
1591	6.59207985105e-06
1592	6.5758524749e-06
1593	6.55994126532e-06
1594	6.54425270602e-06
1595	6.52872524122e-06
1596	6.5132232983e-06
1597	6.49783592893e-06
1598	6.48232935561e-06
1599	6.4665633392e-06
1600	6.45040914464e-06
1601	6.43378276662e-06
1602	6.4166170109e-06
1603	6.39886864382e-06
1604	6.38068881197e-06
1605	6.36211963156e-06
1606	6.34319541202e-06
1607	6.32400397285e-06
1608	6.30456715619e-06
1609	6.2851683063e-06
1610	6.26556796062e-06
1611	6.24569665239e-06
1612	6.22542986969e-06
1613	6.20466447809e-06
1614	6.18332820192e-06
1615	6.16151739056e-06
1616	6.13939272892e-06
1617	6.1171256683e-06
1618	6.09485462576e-06
1619	6.0727634197e-06
1620	6.05098054414e-06
1621	6.0296673561e-06
1622	6.00890910677e-06
1623	5.98872110766e-06
1624	5.96906708781e-06
1625	5.94987484877e-06
1626	5.93106322261e-06
1627	5.91264534895e-06
1628	5.89421268415e-06
1629	5.87763267518e-06
1630	5.86092656856e-06
1631	5.84445426355e-06
1632	5.82805301528e-06
1633	5.81188700578e-06
1634	5.79596121471e-06
1635	5.78020057478e-06
1636	5.76455592455e-06
1637	5.74895586237e-06
1638	5.733373941e-06
1639	5.71777308989e-06
1640	5.70210932243e-06
1641	5.68642764114e-06
1642	5.67077316976e-06
1643	5.65523380506e-06
1644	5.63990009914e-06
1645	5.62485772214e-06
1646	5.61016558476e-06
1647	5.59585100195e-06
1648	5.58190432742e-06
1649	5.56830142697e-06
1650	5.55498156204e-06
1651	5.5418767247e-06
1652	5.52892618633e-06
1653	5.51610044728e-06
1654	5.50334455468e-06
1655	5.49057745597e-06
1656	5.4777139322e-06
1657	5.46465232003e-06
1658	5.45128085093e-06
1659	5.43753595866e-06
1660	5.42336693899e-06
1661	5.40874290039e-06
1662	5.39369728877e-06
1663	5.37830199337e-06
1664	5.3626447358e-06
1665	5.34685803226e-06
1666	5.33109653305e-06
1667	5.31553414259e-06
1668	5.29906295905e-06
1669	5.77031970564e-06
1670	5.37885684097e-06
1671	5.3446827167e-06
1672	5.30033275985e-06
1673	5.27807683443e-06
1674	5.25200820768e-06
1675	5.69487167124e-06
1676	5.30345402946e-06
1677	5.26643379922e-06
1678	5.72130755539e-06
1679	5.32037861404e-06
1680	5.28763114407e-06
1681	5.26658150616e-06
1682	5.2146370164e-06
1683	5.71048371147e-06
1684	5.28141487794e-06
1685	5.24218451011e-06
1686	5.2231881754e-06
1687	5.6990864512e-06
1688	5.28122975528e-06
1689	2.18261564194e-05
1690	1.58592176465e-05
1691	1.38774649405e-05
1692	1.82346035412e-05
1693	1.55554907328e-05
1694	1.39537281115e-05
1695	1.27308998948e-05
1696	1.18805423077e-05
1697	1.1170301906e-05
1698	1.0413645634e-05
1699	8.53617115718e-06
1700	7.05302525249e-06
1701	7.95884722763e-06
1702	6.8669909921e-06
1703	5.63968181007e-06
1704	6.85936033069e-06
1705	6.34398329869e-06
1706	7.18971327546e-06
1707	5.68776956924e-06
1708	5.72894936067e-06
1709	5.21172673091e-06
1710	5.08778639623e-06
1711	5.48035007656e-06
1712	5.30287019964e-06
1713	4.73701269067e-06
1714	4.66928634854e-06
1715	4.656910648e-06
1716	4.65813623834e-06
1717	4.65727870699e-06
1718	4.63229722717e-06
1719	5.05334174148e-06
1720	4.61566296475e-06
1721	4.51925104819e-06
1722	4.93602309184e-06
1723	4.42268351933e-06
1724	4.31156309302e-06
1725	4.79251680931e-06
1726	4.78482699372e-06
1727	4.74535582675e-06
1728	4.25599080131e-06
1729	4.69293602307e-06
1730	4.21435589497e-06
1731	4.6606357442e-06
1732	4.20439445639e-06
1733	4.66378377015e-06
1734	4.24473224421e-06
1735	4.71673863522e-06
1736	4.28730923353e-06
1737	4.26238346183e-06
1738	4.72069601077e-06
1739	4.28985451312e-06
1740	4.24293159696e-06
1741	4.64850345241e-06
1742	4.22415139614e-06
1743	4.15026158256e-06
1744	4.58572644478e-06
1745	4.14420873779e-06
1746	4.55291050877e-06
1747	4.1188193101e-06
1748	4.05860047275e-06
1749	4.5274153534e-06
1750	4.08201822771e-06
1751	4.50060425871e-06
1752	4.08082245047e-06
1753	4.52922241972e-06
1754	4.09406993847e-06
1755	4.06227870417e-06
1756	4.5287394176e-06
1757	4.09012351202e-06
1758	4.05407950554e-06
1759	4.52675423982e-06
1760	4.07921087315e-06
1761	4.04409531762e-06
1762	4.01997640464e-06
1763	4.00156809929e-06
1764	4.53211442955e-06
1765	4.04691904394e-06
1766	4.01742052967e-06
1767	4.00224659104e-06
1768	3.99353657401e-06
1769	3.98689490287e-06
1770	4.5321280145e-06
1771	4.08866624821e-06
1772	4.03356962028e-06
1773	4.02563891139e-06
1774	4.02374369825e-06
1775	4.01819291448e-06
1776	4.0107335755e-06
1777	4.03811038845e-06
1778	3.99682459145e-06
1779	4.02740505829e-06
1780	4.02978561234e-06
1781	3.98939873176e-06
1782	4.02555040086e-06
1783	4.02670203621e-06
1784	4.02418552601e-06
1785	4.02167564594e-06
1786	4.01686782365e-06
1787	4.00940002731e-06
1788	3.99939489816e-06
1789	3.98740407479e-06
1790	3.97413073621e-06
1791	3.96033152617e-06
1792	3.9467385293e-06
1793	3.93392361998e-06
1794	3.92234543125e-06
1795	3.91227401812e-06
1796	3.90378148163e-06
1797	3.89673332272e-06
1798	3.89087932746e-06
1799	3.88589425524e-06
1800	3.88141370192e-06
1801	3.87709893521e-06
1802	3.87270988073e-06
1803	3.86808913842e-06
1804	3.86318600047e-06
1805	3.85803225992e-06
1806	3.85274381499e-06
1807	3.84744871456e-06
1808	3.8423866619e-06
1809	3.83773699585e-06
1810	3.8336775201e-06
1811	3.83031912506e-06
1812	3.82771313329e-06
1813	3.82586160828e-06
1814	3.82470669861e-06
1815	3.82413807474e-06
1816	3.82399597742e-06
1817	3.82413945068e-06
1818	3.8244097959e-06
1819	3.82460715612e-06
1820	3.8245965396e-06
1821	3.82420102135e-06
1822	3.82331941508e-06
1823	3.82048449416e-06
1824	3.81825984443e-06
1825	3.8154551324e-06
1826	3.81283028213e-06
1827	3.80985764239e-06
1828	3.80569417231e-06
1829	3.80206100708e-06
1830	3.79729950987e-06
1831	3.79353252383e-06
1832	3.79030778568e-06
1833	3.78742925512e-06
1834	3.78474299395e-06
1835	3.78213340344e-06
1836	3.77946173052e-06
1837	3.77658314508e-06
1838	3.77335780372e-06
1839	3.76969910378e-06
1840	3.7655680814e-06
1841	3.73745953369e-06
1842	3.75131024788e-06
1843	3.74331800742e-06
1844	3.7153723038e-06
1845	3.72699782724e-06
1846	3.70046366359e-06
1847	3.71052949516e-06
1848	3.6856127794e-06
1849	3.68058809726e-06
1850	3.67552645429e-06
1851	3.66585392343e-06
1852	3.66449628237e-06
1853	3.6600253991e-06
1854	3.656717854e-06
1855	3.65438724052e-06
1856	3.65321269558e-06
1857	3.65313656396e-06
1858	3.65397492322e-06
1859	3.65550366657e-06
1860	3.65746142461e-06
1861	3.66011200681e-06
1862	3.66128376358e-06
1863	3.66330738186e-06
1864	3.68737686649e-06
1865	3.66397895575e-06
1866	3.66717141601e-06
1867	3.6695224821e-06
1868	3.67096879111e-06
1869	3.67265153358e-06
1870	3.67580201823e-06
1871	3.6790027425e-06
1872	3.68304087977e-06
1873	3.68819987694e-06
1874	3.69455666629e-06
1875	3.70208845966e-06
1876	3.71056025271e-06
1877	3.71961355406e-06
1878	3.72898522607e-06
1879	3.73838471422e-06
1880	3.74733719849e-06
1881	3.75593135839e-06
1882	3.76404762315e-06
1883	3.80536454843e-06
1884	3.77849669507e-06
1885	3.8252830485e-06
1886	3.79707767201e-06
1887	3.84494120803e-06
1888	3.85391092568e-06
1889	3.86505140443e-06
1890	1.9320880862e-05
1891	1.13341695345e-05
1892	1.18860151433e-05
1893	1.31013579444e-05
1894	1.00082151724e-05
1895	1.12588478147e-05
1896	1.86827782476e-05
1897	1.40110291681e-05
1898	9.31729736412e-06
1899	1.10733028715e-05
1900	1.20267752629e-05
1901	1.65318080588e-05
1902	9.52337764424e-06
1903	1.04029774727e-05
1904	9.53406519337e-06
1905	8.98340427099e-06
1906	8.63537308431e-06
1907	8.35305549331e-06
1908	6.22905496279e-06
1909	7.05036723569e-06
1910	5.70895644233e-06
1911	5.62335425143e-06
1912	8.02570764632e-06
1913	7.37160315492e-06
1914	7.88646491121e-06
1915	8.23594297229e-06
1916	8.34027921963e-06
1917	4.22537728925e-06
1918	7.07958845291e-06
1919	7.16537080669e-06
1920	6.52198847952e-06
1921	7.02245433164e-06
1922	7.0379421849e-06
1923	7.19137918027e-06
1924	7.33580850683e-06
1925	7.43011371904e-06
1926	7.47072854948e-06
1927	7.56657298754e-06
1928	7.54530071385e-06
1929	7.49719087932e-06
1930	7.44308554657e-06
1931	7.39387671342e-06
1932	7.35707932674e-06
1933	7.33595185579e-06
1934	7.32933482053e-06
1935	7.33382334998e-06
1936	7.34427184324e-06
1937	7.35560848644e-06
1938	7.36387139515e-06
1939	7.36640705762e-06
1940	7.36223266471e-06
1941	7.35146785471e-06
1942	7.33495443244e-06
1943	7.31399184765e-06
1944	7.28994805258e-06
1945	7.26412263119e-06
1946	7.23754935533e-06
1947	7.21111413199e-06
1948	7.18523365994e-06
1949	7.16012635213e-06
1950	7.13573233093e-06
1951	7.1118044257e-06
1952	7.08802579413e-06
1953	7.06401354668e-06
1954	7.03933355566e-06
1955	7.01370546219e-06
1956	6.98697168742e-06
1957	6.95925375476e-06
1958	6.93086264112e-06
1959	6.90235180851e-06
1960	6.87448618966e-06
1961	6.84792513441e-06
1962	6.82341239589e-06
1963	6.80147253481e-06
1964	6.78248384161e-06
1965	6.76675877438e-06
1966	6.75415159164e-06
1967	6.74441085519e-06
1968	6.73720160951e-06
1969	6.73196183061e-06
1970	6.7214562188e-06
1971	6.72106114925e-06
1972	6.72024001289e-06
1973	6.71020751514e-06
1974	6.71554752292e-06
1975	6.71994746342e-06
1976	6.72527125135e-06
1977	6.73095032596e-06
1978	6.73669896214e-06
1979	6.74216793182e-06
1980	6.74673493716e-06
1981	6.75013501364e-06
1982	6.74036567474e-06
1983	6.75298733548e-06
1984	6.73842648934e-06
1985	6.73990971468e-06
1986	6.73657351901e-06
1987	6.7321896866e-06
1988	6.72458311921e-06
1989	6.71255221672e-06
1990	6.69486608888e-06
1991	6.67026028762e-06
1992	6.63804905774e-06
1993	6.59148131463e-06
1994	6.56389488569e-06
1995	6.1435058177e-06
1996	6.71275129709e-06
1997	6.54316109988e-06
1998	6.46926269639e-06
1999	6.39414351493e-06
2000	6.31865605788e-06
2001	6.24871858188e-06
2002	3.93972122913e-05
2003	1.9914842905e-05
2004	1.77209357799e-05
2005	1.92426819546e-05
2006	1.90180630967e-05
2007	1.78902615577e-05
2008	2.22350191599e-05
