1	0.17
2	0.26
3	0.34
4	0.43
5	0.5
6	0.58
7	0.65
8	0.72
9	0.79
10	0.86
11	0.92
12	0.99
13	1.06
14	1.13
15	1.2
16	1.27
17	1.34
18	1.41
19	1.47
20	1.54
21	1.61
22	1.67
23	1.74
24	1.8
25	1.87
26	1.93
27	2
28	2.06
29	2.12
30	2.19
31	2.26
32	2.32
33	2.39
34	2.46
35	2.53
36	2.59
37	2.66
38	2.72
39	2.78
40	2.85
41	2.91
42	2.98
43	3.05
44	3.12
45	3.18
46	3.25
47	3.32
48	3.39
49	3.46
50	3.52
51	3.6
52	3.67
53	3.74
54	3.8
55	3.87
56	3.94
57	4.01
58	4.08
59	4.15
60	4.22
61	4.28
62	4.35
63	4.42
64	4.49
65	4.56
66	4.62
67	4.69
68	4.75
69	4.82
70	4.88
71	4.95
72	5.01
73	5.08
74	5.15
75	5.21
76	5.28
77	5.35
78	5.41
79	5.48
80	5.54
81	5.61
82	5.68
83	5.75
84	5.81
85	5.89
86	5.95
87	6.01
88	6.08
89	6.15
90	6.21
91	6.28
92	6.35
93	6.41
94	6.48
95	6.54
96	6.61
97	6.68
98	6.75
99	6.81
100	6.88
101	6.98
102	7.05
103	7.12
104	7.19
105	7.26
106	7.32
107	7.39
108	7.46
109	7.53
110	7.6
111	7.67
112	7.74
113	7.81
114	7.88
115	7.95
116	8.03
117	8.1
118	8.17
119	8.24
120	8.31
121	8.38
122	8.45
123	8.53
124	8.59
125	8.66
126	8.74
127	8.82
128	8.89
129	8.96
130	9.04
131	9.11
132	9.17
133	9.25
134	9.32
135	9.4
136	9.47
137	9.54
138	9.61
139	9.68
140	9.75
141	9.82
142	9.89
143	9.96
144	10.04
145	10.12
146	10.19
147	10.26
148	10.33
149	10.4
150	10.48
151	10.56
152	10.63
153	10.7
154	10.76
155	10.83
156	10.9
157	10.98
158	11.06
159	11.14
160	11.21
161	11.28
162	11.35
163	11.42
164	11.48
165	11.55
166	11.62
167	11.68
168	11.76
169	11.82
170	11.89
171	11.96
172	12.03
173	12.1
174	12.17
175	12.24
176	12.31
177	12.38
178	12.45
179	12.51
180	12.58
181	12.64
182	12.71
183	12.78
184	12.85
185	12.92
186	12.99
187	13.06
188	13.13
189	13.2
190	13.27
191	13.34
192	13.41
193	13.48
194	13.55
195	13.61
196	13.69
197	13.76
198	13.83
199	13.9
200	13.98
201	14.08
202	14.16
203	14.23
204	14.3
205	14.37
206	14.45
207	14.53
208	14.6
209	14.67
210	14.74
211	14.81
212	14.88
213	14.95
214	15.02
215	15.09
216	15.16
217	15.23
218	15.3
219	15.37
220	15.44
221	15.52
222	15.6
223	15.67
224	15.74
225	15.81
226	15.88
227	15.95
228	16.02
229	16.09
230	16.16
231	16.23
232	16.3
233	16.37
234	16.43
235	16.5
236	16.57
237	16.64
238	16.71
239	16.78
240	16.85
241	16.93
242	17
243	17.07
244	17.14
245	17.21
246	17.28
247	17.35
248	17.42
249	17.48
250	17.55
251	17.62
252	17.68
253	17.75
254	17.82
255	17.89
256	17.96
257	18.03
258	18.11
259	18.18
260	18.25
261	18.31
262	18.38
263	18.44
264	18.51
265	18.58
266	18.65
267	18.72
268	18.78
269	18.85
270	18.92
271	18.99
272	19.06
273	19.12
274	19.19
275	19.26
276	19.32
277	19.4
278	19.48
279	19.55
280	19.63
281	19.7
282	19.78
283	19.86
284	19.93
285	20.01
286	20.08
287	20.16
288	20.23
289	20.31
290	20.39
291	20.47
292	20.55
293	20.62
294	20.7
295	20.77
296	20.85
297	20.92
298	20.99
299	21.05
300	21.12
301	21.22
302	21.29
303	21.36
304	21.43
305	21.5
306	21.56
307	21.63
308	21.7
309	21.77
310	21.84
311	21.91
312	21.98
313	22.04
314	22.11
315	22.19
316	22.26
317	22.33
318	22.41
319	22.47
320	22.54
321	22.61
322	22.67
323	22.74
324	22.81
325	22.89
326	22.96
327	23.03
328	23.09
329	23.16
330	23.23
331	23.3
332	23.37
333	23.45
334	23.52
335	23.58
336	23.65
337	23.72
338	23.79
339	23.87
340	23.94
341	24.01
342	24.08
343	24.15
344	24.21
345	24.29
346	24.35
347	24.42
348	24.49
349	24.56
350	24.63
351	24.7
352	24.76
353	24.83
354	24.9
355	24.97
356	25.03
357	25.1
358	25.17
359	25.23
360	25.3
361	25.37
362	25.43
363	25.5
364	25.57
365	25.65
366	25.72
367	25.79
368	25.86
369	25.93
370	26
371	26.08
372	26.15
373	26.23
374	26.29
375	26.36
376	26.43
377	26.49
378	26.56
379	26.63
380	26.7
381	26.77
382	26.84
383	26.9
384	26.97
385	27.04
386	27.1
387	27.17
388	27.24
389	27.3
390	27.37
391	27.44
392	27.5
393	27.57
394	27.63
395	27.7
396	27.77
397	27.84
398	27.91
399	27.98
400	28.05
401	28.14
402	28.21
403	28.27
404	28.35
405	28.41
406	28.48
407	28.55
408	28.62
409	28.69
410	28.76
411	28.82
412	28.89
413	28.95
414	29.02
415	29.09
416	29.16
417	29.22
418	29.29
419	29.36
420	29.43
421	29.5
422	29.56
423	29.63
424	29.7
425	29.76
426	29.83
427	29.9
428	29.97
429	30.04
430	30.1
431	30.17
432	30.24
433	30.31
434	30.37
435	30.44
436	30.51
437	30.58
438	30.65
439	30.71
440	30.77
441	30.84
442	30.91
443	30.99
444	31.06
445	31.12
446	31.19
447	31.26
448	31.32
449	31.39
450	31.45
451	31.52
452	31.58
453	31.65
454	31.72
455	31.78
456	31.85
457	31.92
458	31.98
459	32.05
460	32.12
461	32.18
462	32.25
463	32.31
464	32.38
465	32.45
466	32.51
467	32.58
468	32.64
469	32.71
470	32.77
471	32.84
472	32.91
473	32.98
474	33.05
475	33.11
476	33.18
477	33.25
478	33.31
479	33.38
480	33.44
481	33.5
482	33.57
483	33.64
484	33.71
485	33.78
486	33.85
487	33.92
488	33.99
489	34.06
490	34.13
491	34.19
492	34.26
493	34.33
494	34.4
495	34.47
496	34.54
497	34.6
498	34.67
499	34.74
500	34.8
501	34.89
502	34.96
503	35.03
504	35.09
505	35.16
506	35.23
507	35.3
508	35.37
509	35.43
510	35.5
511	35.56
512	35.63
513	35.7
514	35.76
515	35.83
516	35.9
517	35.96
518	36.03
519	36.09
520	36.16
521	36.23
522	36.3
523	36.36
524	36.42
525	36.49
526	36.56
527	36.62
528	36.69
529	36.76
530	36.83
531	36.89
532	36.96
533	37.03
534	37.09
535	37.16
536	37.22
537	37.29
538	37.35
539	37.41
540	37.48
541	37.54
542	37.61
543	37.67
544	37.74
545	37.8
546	37.86
547	37.93
548	37.99
549	38.06
550	38.12
551	38.19
552	38.25
553	38.32
554	38.38
555	38.45
556	38.51
557	38.58
558	38.64
559	38.71
560	38.77
561	38.84
562	38.9
563	38.97
564	39.04
565	39.11
566	39.17
567	39.24
568	39.3
569	39.37
570	39.44
571	39.51
572	39.57
573	39.64
574	39.71
575	39.77
576	39.84
577	39.91
578	39.97
579	40.04
580	40.1
581	40.17
582	40.24
583	40.3
584	40.37
585	40.44
586	40.5
587	40.57
588	40.64
589	40.71
590	40.78
591	40.84
592	40.91
593	40.97
594	41.04
595	41.11
596	41.18
597	41.24
598	41.31
599	41.37
600	41.44
601	41.53
602	41.6
603	41.67
604	41.73
605	41.79
606	41.86
607	41.94
608	42.01
609	42.08
610	42.14
611	42.21
612	42.28
613	42.34
614	42.41
615	42.48
616	42.54
617	42.6
618	42.67
619	42.74
620	42.8
621	42.87
622	42.94
623	43
624	43.07
625	43.14
626	43.21
627	43.27
628	43.34
629	43.4
630	43.47
631	43.54
632	43.6
633	43.67
634	43.74
635	43.8
636	43.87
637	43.93
638	43.99
639	44.06
640	44.14
641	44.2
642	44.27
643	44.33
644	44.4
645	44.47
646	44.54
647	44.61
648	44.68
649	44.74
650	44.81
651	44.88
652	44.94
653	45
654	45.07
655	45.14
656	45.21
657	45.27
658	45.34
659	45.41
660	45.47
661	45.54
662	45.61
663	45.67
664	45.74
665	45.8
666	45.87
667	45.94
668	46
669	46.07
670	46.14
671	46.2
672	46.27
673	46.33
674	46.4
675	46.46
676	46.53
677	46.6
678	46.66
679	46.73
680	46.79
681	46.86
682	46.93
683	46.99
684	47.06
685	47.13
686	47.19
687	47.26
688	47.32
689	47.39
690	47.46
691	47.52
692	47.59
693	47.66
694	47.72
695	47.79
696	47.86
697	47.92
698	47.99
699	48.05
700	48.12
701	48.22
702	48.29
703	48.35
704	48.42
705	48.49
706	48.57
707	48.65
708	48.72
709	48.8
710	48.87
711	48.94
712	49.02
713	49.09
714	49.16
715	49.23
716	49.31
717	49.38
718	49.45
719	49.53
720	49.6
721	49.67
722	49.74
723	49.82
724	49.9
725	49.97
726	50.04
727	50.11
728	50.18
729	50.25
730	50.32
731	50.4
732	50.47
733	50.54
734	50.61
735	50.69
736	50.76
737	50.83
738	50.9
739	50.97
740	51.05
741	51.13
742	51.2
743	51.28
744	51.35
745	51.42
746	51.49
747	51.57
748	51.64
749	51.71
750	51.78
751	51.85
752	51.92
753	51.98
754	52.06
755	52.13
756	52.21
757	52.3
758	52.38
759	52.44
760	52.51
761	52.59
762	52.66
763	52.72
764	52.79
765	52.86
766	52.93
767	53
768	53.07
769	53.14
770	53.21
771	53.27
772	53.35
773	53.42
774	53.49
775	53.56
776	53.62
777	53.69
778	53.76
779	53.84
780	53.91
781	53.98
782	54.05
783	54.11
784	54.19
785	54.27
786	54.34
787	54.41
788	54.48
789	54.55
790	54.62
791	54.7
792	54.76
793	54.83
794	54.9
795	54.97
796	55.03
797	55.1
798	55.17
799	55.24
800	55.31
801	55.41
802	55.48
803	55.55
804	55.61
805	55.68
806	55.75
807	55.81
808	55.88
809	55.95
810	56.02
811	56.09
812	56.15
813	56.22
814	56.29
815	56.35
816	56.43
817	56.5
818	56.57
819	56.64
820	56.71
821	56.77
822	56.84
823	56.92
824	56.99
825	57.06
826	57.15
827	57.25
828	57.36
829	57.45
830	57.53
831	57.62
832	57.7
833	57.78
834	57.85
835	57.92
836	58
837	58.07
838	58.14
839	58.22
840	58.3
841	58.39
842	58.46
843	58.54
844	58.61
845	58.7
846	58.8
847	58.88
848	58.97
849	59.06
850	59.14
851	59.21
852	59.28
853	59.34
854	59.41
855	59.49
856	59.56
857	59.63
858	59.7
859	59.77
860	59.84
861	59.91
862	59.98
863	60.06
864	60.13
865	60.2
866	60.27
867	60.34
868	60.42
869	60.5
870	60.57
871	60.64
872	60.7
873	60.78
874	60.85
875	60.92
876	60.98
877	61.05
878	61.13
879	61.2
880	61.26
881	61.33
882	61.39
883	61.46
884	61.53
885	61.59
886	61.66
887	61.73
888	61.8
889	61.87
890	61.93
891	62
892	62.07
893	62.14
894	62.2
895	62.27
896	62.35
897	62.42
898	62.49
899	62.55
900	62.62
901	62.72
902	62.79
903	62.85
904	62.92
905	62.99
906	63.06
907	63.13
908	63.2
909	63.26
910	63.33
911	63.4
912	63.47
913	63.54
914	63.61
915	63.68
916	63.74
917	63.81
918	63.88
919	63.95
920	64.02
921	64.08
922	64.15
923	64.22
924	64.28
925	64.35
926	64.44
927	64.52
928	64.59
929	64.66
930	64.73
931	64.8
932	64.88
933	64.94
934	65.01
935	65.07
936	65.15
937	65.21
938	65.28
939	65.35
940	65.42
941	65.48
942	65.55
943	65.62
944	65.68
945	65.75
946	65.82
947	65.88
948	65.96
949	66.02
950	66.09
951	66.17
952	66.24
953	66.31
954	66.38
955	66.44
956	66.51
957	66.58
958	66.64
959	66.71
960	66.77
961	66.84
962	66.91
963	66.98
964	67.04
965	67.11
966	67.18
967	67.24
968	67.31
969	67.38
970	67.45
971	67.51
972	67.58
973	67.65
974	67.71
975	67.78
976	67.85
977	67.91
978	67.98
979	68.04
980	68.11
981	68.18
982	68.24
983	68.31
984	68.38
985	68.44
986	68.51
987	68.58
988	68.65
989	68.72
990	68.78
991	68.85
992	68.92
993	68.99
994	69.05
995	69.12
996	69.19
997	69.25
998	69.32
999	69.38
1000	69.45
1001	69.55
1002	69.62
1003	69.69
1004	69.76
1005	69.83
1006	69.9
1007	69.97
1008	70.03
1009	70.11
1010	70.17
1011	70.24
1012	70.31
1013	70.38
1014	70.44
1015	70.51
1016	70.58
1017	70.65
1018	70.71
1019	70.78
1020	70.84
1021	70.91
1022	70.98
1023	71.04
1024	71.11
1025	71.18
1026	71.25
1027	71.32
1028	71.4
1029	71.46
1030	71.53
1031	71.6
1032	71.67
1033	71.73
1034	71.8
1035	71.87
1036	71.93
1037	72.01
1038	72.07
1039	72.14
1040	72.21
1041	72.27
1042	72.34
1043	72.41
1044	72.47
1045	72.54
1046	72.61
1047	72.67
1048	72.74
1049	72.81
1050	72.88
1051	72.94
1052	73.01
1053	73.07
1054	73.14
1055	73.21
1056	73.28
1057	73.34
1058	73.41
1059	73.47
1060	73.54
1061	73.61
1062	73.68
1063	73.75
1064	73.82
1065	73.89
1066	73.95
1067	74.02
1068	74.09
1069	74.16
1070	74.22
1071	74.29
1072	74.35
1073	74.42
1074	74.49
1075	74.57
1076	74.63
1077	74.7
1078	74.77
1079	74.83
1080	74.91
1081	74.99
1082	75.05
1083	75.12
1084	75.19
1085	75.26
1086	75.33
1087	75.39
1088	75.46
1089	75.53
1090	75.59
1091	75.66
1092	75.73
1093	75.79
1094	75.86
1095	75.92
1096	75.99
1097	76.06
1098	76.13
1099	76.2
1100	76.27
1101	76.36
1102	76.42
1103	76.49
1104	76.55
1105	76.62
1106	76.69
1107	76.77
1108	76.83
1109	76.9
1110	76.97
1111	77.03
1112	77.1
1113	77.16
1114	77.23
1115	77.3
1116	77.36
1117	77.43
1118	77.5
1119	77.56
1120	77.63
1121	77.7
1122	77.76
1123	77.83
1124	77.89
1125	77.97
1126	78.03
1127	78.1
1128	78.17
1129	78.24
1130	78.3
1131	78.37
1132	78.44
1133	78.5
1134	78.57
1135	78.64
1136	78.7
1137	78.76
1138	78.83
1139	78.9
1140	78.96
1141	79.03
1142	79.1
1143	79.17
1144	79.23
1145	79.3
1146	79.37
1147	79.43
1148	79.5
1149	79.57
1150	79.64
1151	79.71
1152	79.77
1153	79.84
1154	79.9
1155	79.97
1156	80.04
1157	80.1
1158	80.17
1159	80.24
1160	80.31
1161	80.38
1162	80.45
1163	80.52
1164	80.59
1165	80.66
1166	80.73
1167	80.8
1168	80.86
1169	80.93
1170	81
1171	81.07
1172	81.13
1173	81.2
1174	81.27
1175	81.34
1176	81.41
1177	81.48
1178	81.55
1179	81.62
1180	81.69
1181	81.76
1182	81.83
1183	81.9
1184	81.96
1185	82.03
1186	82.1
1187	82.17
1188	82.23
1189	82.3
1190	82.37
1191	82.43
1192	82.5
1193	82.57
1194	82.63
1195	82.7
1196	82.77
1197	82.84
1198	82.91
1199	82.98
1200	83.05
1201	83.14
1202	83.21
1203	83.28
1204	83.35
1205	83.42
1206	83.48
1207	83.55
1208	83.62
1209	83.69
1210	83.75
1211	83.81
1212	83.88
1213	83.95
1214	84.02
1215	84.08
1216	84.16
1217	84.22
1218	84.29
1219	84.36
1220	84.44
1221	84.5
1222	84.57
1223	84.64
1224	84.72
1225	84.79
1226	84.85
1227	84.92
1228	84.98
1229	85.06
1230	85.13
1231	85.19
1232	85.26
1233	85.33
1234	85.39
1235	85.46
1236	85.53
1237	85.59
1238	85.67
1239	85.74
1240	85.8
1241	85.87
1242	85.94
1243	86.01
1244	86.08
1245	86.14
1246	86.21
1247	86.27
1248	86.35
1249	86.41
1250	86.48
1251	86.55
1252	86.62
1253	86.69
1254	86.76
1255	86.82
1256	86.89
1257	86.96
1258	87.02
1259	87.09
1260	87.16
1261	87.23
1262	87.29
1263	87.36
1264	87.43
1265	87.49
1266	87.57
1267	87.63
1268	87.7
1269	87.77
1270	87.84
1271	87.91
1272	87.97
1273	88.04
1274	88.1
1275	88.17
1276	88.24
1277	88.31
1278	88.37
1279	88.44
1280	88.51
1281	88.58
1282	88.64
1283	88.71
1284	88.78
1285	88.85
1286	88.92
1287	88.99
1288	89.06
1289	89.13
1290	89.2
1291	89.27
1292	89.33
1293	89.41
1294	89.48
1295	89.54
1296	89.61
1297	89.68
1298	89.75
1299	89.82
1300	89.88
1301	89.98
1302	90.05
1303	90.13
1304	90.21
1305	90.27
1306	90.34
1307	90.41
1308	90.48
1309	90.56
1310	90.63
1311	90.7
1312	90.77
1313	90.83
1314	90.91
1315	90.98
1316	91.05
1317	91.12
1318	91.19
1319	91.26
1320	91.32
1321	91.4
1322	91.47
1323	91.53
1324	91.6
1325	91.67
1326	91.74
1327	91.8
1328	91.87
1329	91.94
1330	92.01
1331	92.08
1332	92.16
1333	92.23
1334	92.3
1335	92.37
1336	92.44
1337	92.51
1338	92.58
1339	92.64
1340	92.71
1341	92.79
1342	92.87
1343	92.94
1344	93.01
1345	93.08
1346	93.15
1347	93.22
1348	93.28
1349	93.35
1350	93.42
1351	93.49
1352	93.57
1353	93.64
1354	93.71
1355	93.78
1356	93.84
1357	93.91
1358	93.98
1359	94.04
1360	94.12
1361	94.19
1362	94.25
1363	94.32
1364	94.39
1365	94.45
1366	94.53
1367	94.59
1368	94.66
1369	94.73
1370	94.81
1371	94.88
1372	94.95
1373	95.01
1374	95.08
1375	95.16
1376	95.23
1377	95.3
1378	95.37
1379	95.44
1380	95.5
1381	95.57
1382	95.64
1383	95.71
1384	95.77
1385	95.84
1386	95.91
1387	95.97
1388	96.04
1389	96.11
1390	96.18
1391	96.24
1392	96.31
1393	96.38
1394	96.45
1395	96.52
1396	96.59
1397	96.66
1398	96.72
1399	96.79
1400	96.86
1401	96.96
1402	97.03
1403	97.1
1404	97.17
1405	97.24
1406	97.31
1407	97.38
1408	97.45
1409	97.52
1410	97.58
1411	97.65
1412	97.72
1413	97.78
1414	97.85
1415	97.92
1416	97.99
1417	98.06
1418	98.12
1419	98.19
1420	98.26
1421	98.33
1422	98.39
1423	98.46
1424	98.54
1425	98.61
1426	98.68
1427	98.75
1428	98.82
1429	98.89
1430	98.96
1431	99.02
1432	99.09
1433	99.16
1434	99.23
1435	99.29
1436	99.36
1437	99.43
1438	99.49
1439	99.57
1440	99.64
1441	99.71
1442	99.78
1443	99.85
1444	99.92
1445	99.98
1446	100.05
1447	100.13
1448	100.2
1449	100.27
1450	100.34
1451	100.41
1452	100.48
1453	100.55
1454	100.62
1455	100.69
1456	100.76
1457	100.83
1458	100.89
1459	100.97
1460	101.03
1461	101.1
1462	101.18
1463	101.25
1464	101.32
1465	101.39
1466	101.49
1467	101.58
1468	101.68
1469	101.78
1470	101.87
1471	101.96
1472	102.06
1473	102.14
1474	102.23
1475	102.3
1476	102.37
1477	102.45
1478	102.52
1479	102.59
1480	102.66
1481	102.73
1482	102.8
1483	102.87
1484	102.93
1485	103
1486	103.07
1487	103.14
1488	103.21
1489	103.27
1490	103.34
1491	103.41
1492	103.47
1493	103.54
1494	103.61
1495	103.68
1496	103.75
1497	103.82
1498	103.89
1499	103.96
1500	104.03
1501	104.12
1502	104.19
1503	104.26
1504	104.32
1505	104.39
1506	104.46
1507	104.52
1508	104.59
1509	104.66
1510	104.72
1511	104.79
1512	104.85
1513	104.93
1514	105
1515	105.07
1516	105.14
1517	105.21
1518	105.29
1519	105.36
1520	105.43
1521	105.49
1522	105.56
1523	105.63
1524	105.69
1525	105.75
1526	105.82
1527	105.89
1528	105.95
1529	106.02
1530	106.08
1531	106.15
1532	106.22
1533	106.28
1534	106.35
1535	106.42
1536	106.48
1537	106.55
1538	106.61
1539	106.68
1540	106.74
1541	106.81
1542	106.88
1543	106.94
1544	107.01
1545	107.08
1546	107.15
1547	107.21
1548	107.28
1549	107.35
1550	107.41
1551	107.48
1552	107.56
1553	107.62
1554	107.69
1555	107.76
1556	107.82
1557	107.88
1558	107.95
1559	108.02
1560	108.08
1561	108.16
1562	108.23
1563	108.29
1564	108.36
1565	108.42
1566	108.49
1567	108.56
1568	108.62
1569	108.69
1570	108.76
1571	108.82
1572	108.89
1573	108.96
1574	109.02
1575	109.09
1576	109.16
1577	109.22
1578	109.29
1579	109.35
1580	109.42
1581	109.48
1582	109.55
1583	109.62
1584	109.68
1585	109.75
1586	109.82
1587	109.9
1588	109.98
1589	110.05
1590	110.12
1591	110.19
1592	110.25
1593	110.32
1594	110.39
1595	110.46
1596	110.52
1597	110.59
1598	110.65
1599	110.72
1600	110.79
1601	110.89
1602	110.95
1603	111.03
1604	111.1
1605	111.17
1606	111.24
1607	111.31
1608	111.38
1609	111.44
1610	111.51
1611	111.58
1612	111.65
1613	111.72
1614	111.79
1615	111.86
1616	111.92
1617	111.99
1618	112.06
1619	112.13
1620	112.22
1621	112.29
1622	112.35
1623	112.42
1624	112.49
1625	112.56
1626	112.63
1627	112.7
1628	112.76
1629	112.83
1630	112.9
1631	112.97
1632	113.04
1633	113.11
1634	113.17
1635	113.24
1636	113.32
1637	113.38
1638	113.45
1639	113.52
1640	113.59
1641	113.65
1642	113.72
1643	113.79
1644	113.86
1645	113.92
1646	113.99
1647	114.07
1648	114.14
1649	114.21
1650	114.27
1651	114.34
1652	114.41
1653	114.48
1654	114.54
1655	114.61
1656	114.68
1657	114.74
1658	114.81
1659	114.88
1660	114.95
1661	115.01
1662	115.09
1663	115.16
1664	115.23
1665	115.3
1666	115.36
1667	115.44
1668	115.51
1669	115.58
1670	115.64
1671	115.71
1672	115.77
1673	115.84
1674	115.91
1675	115.97
1676	116.04
1677	116.11
1678	116.17
1679	116.26
1680	116.34
1681	116.41
1682	116.49
1683	116.56
1684	116.64
1685	116.71
1686	116.78
1687	116.86
1688	116.93
1689	117.01
1690	117.09
1691	117.18
1692	117.26
1693	117.33
1694	117.42
1695	117.5
1696	117.57
1697	117.65
1698	117.72
1699	117.8
1700	117.87
1701	117.98
1702	118.04
1703	118.11
1704	118.18
1705	118.24
1706	118.31
1707	118.38
1708	118.44
1709	118.51
1710	118.58
1711	118.64
1712	118.71
1713	118.78
1714	118.85
1715	118.91
1716	118.98
1717	119.06
1718	119.13
1719	119.2
1720	119.26
1721	119.33
1722	119.4
1723	119.46
1724	119.53
1725	119.6
1726	119.67
1727	119.73
1728	119.8
1729	119.86
1730	119.93
1731	119.99
1732	120.06
1733	120.13
1734	120.2
1735	120.26
1736	120.33
1737	120.39
1738	120.46
1739	120.53
1740	120.59
1741	120.66
1742	120.72
1743	120.79
1744	120.85
1745	120.92
1746	120.98
1747	121.05
1748	121.11
1749	121.19
1750	121.26
1751	121.33
1752	121.39
1753	121.46
1754	121.53
1755	121.59
1756	121.65
1757	121.72
1758	121.78
1759	121.85
1760	121.92
1761	121.99
1762	122.05
1763	122.12
1764	122.19
1765	122.25
1766	122.32
1767	122.39
1768	122.46
1769	122.52
1770	122.59
1771	122.65
1772	122.72
1773	122.78
1774	122.85
1775	122.92
1776	122.98
1777	123.04
1778	123.11
1779	123.17
1780	123.24
1781	123.31
1782	123.37
1783	123.44
1784	123.51
1785	123.57
1786	123.64
1787	123.71
1788	123.77
1789	123.84
1790	123.9
1791	123.97
1792	124.03
1793	124.1
1794	124.16
1795	124.23
1796	124.29
1797	124.36
1798	124.42
1799	124.49
1800	124.56
1801	124.65
1802	124.72
1803	124.78
1804	124.85
1805	124.91
1806	124.98
1807	125.05
1808	125.11
1809	125.18
1810	125.26
1811	125.33
1812	125.4
1813	125.46
1814	125.54
1815	125.61
1816	125.68
1817	125.74
1818	125.81
1819	125.87
1820	125.94
1821	126.01
1822	126.07
1823	126.14
1824	126.2
1825	126.27
1826	126.33
1827	126.4
1828	126.46
1829	126.53
1830	126.6
1831	126.66
1832	126.73
1833	126.79
1834	126.86
1835	126.93
1836	126.99
1837	127.06
1838	127.13
1839	127.19
1840	127.26
1841	127.33
1842	127.39
1843	127.46
1844	127.52
1845	127.59
1846	127.65
1847	127.72
1848	127.79
1849	127.85
1850	127.91
1851	127.98
1852	128.05
1853	128.11
1854	128.18
1855	128.26
1856	128.32
1857	128.39
1858	128.46
1859	128.53
1860	128.59
1861	128.66
1862	128.73
1863	128.79
1864	128.86
1865	128.93
1866	129
1867	129.06
1868	129.13
1869	129.19
1870	129.26
1871	129.32
1872	129.39
1873	129.45
1874	129.52
1875	129.59
1876	129.65
1877	129.72
1878	129.78
1879	129.85
1880	129.92
1881	129.98
1882	130.05
1883	130.12
1884	130.18
1885	130.25
1886	130.31
1887	130.38
1888	130.45
1889	130.52
1890	130.6
1891	130.67
1892	130.73
1893	130.8
1894	130.87
1895	130.94
1896	131.01
1897	131.08
1898	131.15
1899	131.22
1900	131.29
1901	131.39
1902	131.46
1903	131.52
1904	131.59
1905	131.66
1906	131.72
1907	131.78
1908	131.85
1909	131.92
1910	131.98
1911	132.05
1912	132.11
1913	132.18
1914	132.24
1915	132.31
1916	132.37
1917	132.44
1918	132.5
1919	132.57
1920	132.63
1921	132.7
1922	132.76
1923	132.83
1924	132.89
1925	132.95
1926	133.02
1927	133.09
1928	133.15
1929	133.22
1930	133.28
1931	133.35
1932	133.42
1933	133.49
1934	133.55
1935	133.61
1936	133.68
1937	133.74
1938	133.81
1939	133.87
1940	133.94
1941	134
1942	134.07
1943	134.13
1944	134.2
1945	134.27
1946	134.33
1947	134.39
1948	134.46
1949	134.52
1950	134.59
1951	134.65
1952	134.71
1953	134.78
1954	134.84
1955	134.91
1956	134.97
1957	135.04
1958	135.1
1959	135.17
1960	135.23
1961	135.3
1962	135.37
1963	135.44
1964	135.51
1965	135.57
1966	135.63
1967	135.71
1968	135.78
1969	135.84
1970	135.9
1971	135.97
1972	136.04
1973	136.1
1974	136.17
1975	136.23
1976	136.3
1977	136.36
1978	136.43
1979	136.51
1980	136.58
1981	136.65
1982	136.73
1983	136.8
1984	136.87
1985	136.94
1986	137.01
1987	137.09
1988	137.16
1989	137.23
1990	137.3
1991	137.37
1992	137.44
1993	137.52
1994	137.59
1995	137.66
1996	137.73
1997	137.81
1998	137.88
1999	137.95
2000	138.04
2001	138.15
2002	138.23
2003	138.3
2004	138.38
2005	138.46
2006	138.54
2007	138.62
2008	138.69
