1	32
2	11
3	16
4	9
5	8
6	17
7	9
8	10
9	9
10	6
11	12
12	9
13	9
14	7
15	6
16	8
17	8
18	6
19	5
20	5
21	5
22	6
23	5
24	5
25	7
26	5
27	5
28	4
29	6
30	5
31	4
32	6
33	6
34	6
35	7
36	4
37	5
38	4
39	5
40	5
41	5
42	4
43	7
44	5
45	6
46	4
47	4
48	4
49	4
50	4
51	5
52	4
53	6
54	5
55	6
56	6
57	4
58	4
59	4
60	4
61	4
62	6
63	6
64	6
65	5
66	4
67	4
68	4
69	4
70	4
71	5
72	4
73	4
74	4
75	4
76	4
77	4
78	4
79	4
80	4
81	6
82	4
83	6
84	4
85	5
86	5
87	5
88	5
89	5
90	5
91	6
92	6
93	5
94	5
95	5
96	5
97	8
98	8
99	8
100	8
101	8
102	8
103	8
104	8
105	8
106	8
107	8
108	10
109	10
110	10
111	8
112	9
113	9
114	7
115	7
116	7
117	7
118	7
119	7
120	10
121	10
122	7
123	11
124	7
125	7
126	7
127	7
128	7
129	7
130	9
131	7
132	7
133	9
134	9
135	7
136	9
137	7
138	9
139	9
140	9
141	9
142	9
143	9
144	9
145	9
146	9
147	9
148	9
149	9
150	9
151	9
152	7
153	7
154	7
155	9
156	9
157	9
158	9
159	9
160	9
161	7
162	9
163	7
164	7
165	7
166	7
167	7
168	7
169	7
170	7
171	9
172	7
173	7
174	9
175	7
176	9
177	9
178	7
179	7
180	7
181	7
182	9
183	9
184	9
185	9
186	9
187	9
188	7
189	9
190	9
191	9
192	9
193	9
194	7
195	7
196	9
197	9
198	7
199	9
200	9
201	9
202	9
203	9
204	9
205	9
206	9
207	9
208	9
209	9
210	9
211	9
212	9
213	9
214	9
215	9
216	9
217	9
218	9
219	9
220	8
221	10
222	7
223	7
224	10
225	8
226	8
227	8
228	8
229	8
230	8
231	8
232	8
233	8
234	8
235	8
236	8
237	8
238	8
239	8
240	8
241	8
242	8
243	8
244	8
245	8
246	8
247	8
248	8
249	8
250	8
251	8
252	8
253	8
254	7
255	8
256	8
257	8
258	8
259	8
260	8
261	8
262	7
263	7
264	8
265	6
266	8
267	7
268	7
269	6
270	7
271	7
272	6
273	5
274	7
275	6
276	7
277	6
278	7
279	6
280	8
281	6
282	10
283	6
284	8
285	8
286	6
287	9
288	6
289	8
290	9
291	6
292	6
293	8
294	6
295	6
296	8
297	6
298	6
299	6
300	6
301	6
302	6
303	8
304	6
305	6
306	6
307	6
308	6
309	6
310	6
311	6
312	6
313	6
314	6
315	6
316	6
317	6
318	6
319	6
320	6
321	6
322	6
323	6
324	6
325	6
326	6
327	4
328	6
329	6
330	6
331	6
332	6
333	6
334	6
335	4
336	6
337	6
338	6
339	6
340	6
341	4
342	6
343	6
344	4
345	6
346	4
347	6
348	6
349	4
350	6
351	6
352	6
353	4
354	6
355	6
356	6
357	6
358	6
359	6
360	6
361	6
362	6
363	6
364	4
365	6
366	6
367	6
368	6
369	4
370	6
371	6
372	6
373	4
374	6
375	6
376	6
377	6
378	6
379	6
380	6
381	6
382	6
383	6
384	6
385	6
386	4
387	6
388	6
389	4
390	6
391	6
392	6
393	4
394	6
395	6
396	6
397	6
398	6
399	6
400	6
401	6
402	6
403	6
404	6
405	6
406	6
407	6
408	6
409	6
410	7
411	6
412	4
413	6
414	6
415	6
416	6
417	4
418	6
419	6
420	4
421	7
422	6
423	4
424	6
425	5
426	6
427	6
428	6
429	6
430	6
431	6
432	6
433	5
434	5
435	5
436	5
437	5
438	5
439	5
440	6
441	5
442	5
443	6
444	5
445	6
446	5
447	6
448	4
449	5
450	5
451	5
452	5
453	5
454	5
455	5
456	6
457	4
458	4
459	6
460	6
461	6
462	6
463	4
464	6
465	6
466	6
467	6
468	6
469	6
470	4
471	6
472	6
473	6
474	6
475	7
476	7
477	5
478	5
479	7
480	5
481	6
482	6
483	6
484	6
485	6
486	6
487	6
488	6
489	6
490	6
491	6
492	6
493	6
494	6
495	4
496	5
497	5
498	5
499	7
500	4
501	6
502	5
503	4
504	7
505	7
506	5
507	6
508	6
509	4
510	5
511	5
512	7
513	6
514	4
515	5
516	5
517	5
518	5
519	5
520	5
521	6
522	4
523	6
524	4
525	6
526	6
527	5
528	5
529	5
530	5
531	5
532	5
533	5
534	5
535	5
536	5
537	5
538	6
539	4
540	4
541	6
542	4
543	4
544	6
545	4
546	4
547	4
548	4
549	6
550	4
551	4
552	4
553	6
554	4
555	4
556	6
557	4
558	4
559	6
560	4
561	4
562	4
563	6
564	4
565	6
566	4
567	6
568	4
569	6
570	6
571	4
572	6
573	4
574	6
575	4
576	6
577	4
578	4
579	6
580	4
581	6
582	4
583	6
584	6
585	6
586	6
587	6
588	6
589	6
590	6
591	6
592	6
593	6
594	6
595	6
596	6
597	6
598	6
599	6
600	6
601	6
602	6
603	6
604	6
605	6
606	6
607	6
608	6
609	6
610	6
611	6
612	6
613	6
614	6
615	6
616	6
617	6
618	6
619	6
620	6
621	6
622	6
623	6
624	6
625	6
626	6
627	6
628	6
629	6
630	6
631	6
632	6
633	6
634	6
635	6
636	6
637	6
638	6
639	6
640	6
641	6
642	6
643	6
644	6
645	6
646	6
647	6
648	6
649	6
650	6
651	6
652	6
653	6
654	6
655	6
656	6
657	6
658	6
659	6
660	6
661	6
662	6
663	6
664	6
665	6
666	6
667	6
668	6
669	6
670	6
671	6
672	6
673	6
674	6
675	6
676	6
677	6
678	6
679	6
680	6
681	6
682	6
683	6
684	7
685	5
686	6
687	6
688	6
689	6
690	7
691	5
692	5
693	7
694	5
695	5
696	7
697	5
698	5
699	5
700	6
701	7
702	7
703	5
704	5
705	7
706	5
707	7
708	5
709	7
710	5
711	5
712	6
713	6
714	6
715	6
716	6
717	6
718	6
719	6
720	6
721	6
722	6
723	6
724	6
725	6
726	6
727	6
728	6
729	6
730	6
731	6
732	6
733	7
734	7
735	7
736	7
737	7
738	7
739	7
740	7
741	7
742	7
743	7
744	7
745	7
746	7
747	7
748	7
749	7
750	7
751	7
752	7
753	7
754	7
755	7
756	7
757	7
758	7
759	7
760	7
761	7
762	7
763	7
764	7
765	7
766	7
767	7
768	7
769	7
770	7
771	7
772	7
773	7
774	7
775	7
776	7
777	7
778	7
779	7
780	7
781	7
782	7
783	7
784	6
785	9
786	6
787	9
788	6
789	8
790	6
791	6
792	6
793	6
794	6
795	6
796	6
797	6
798	6
799	6
800	6
801	6
802	6
803	6
804	6
805	6
806	6
807	6
808	6
809	6
810	6
811	6
812	6
813	6
814	6
815	6
816	6
817	6
818	6
819	6
820	6
821	6
822	6
823	6
824	6
825	6
826	6
827	6
828	6
829	6
830	6
831	6
832	6
833	6
834	6
835	6
836	6
837	6
838	6
839	6
840	6
841	6
842	6
843	6
844	6
845	6
846	6
847	6
848	6
849	6
850	6
851	6
852	6
853	6
854	6
855	6
856	6
857	6
858	6
859	6
860	6
861	6
862	6
863	6
864	6
865	6
866	6
867	6
868	6
869	6
870	6
871	6
872	6
873	6
874	6
875	6
876	6
877	6
878	6
879	6
880	6
881	6
882	6
883	6
884	6
885	6
886	6
887	7
888	7
889	7
890	7
891	7
892	7
893	7
894	7
895	7
896	7
897	7
898	7
899	7
900	7
901	7
902	7
903	7
904	7
905	7
906	7
907	7
908	7
909	7
910	7
911	7
912	7
913	7
914	7
915	7
916	7
917	7
918	7
919	7
920	5
921	6
922	7
923	7
924	5
925	7
926	7
927	5
928	7
929	7
930	5
931	7
932	7
933	5
934	7
935	5
936	7
937	5
938	7
939	5
940	7
941	5
942	7
943	5
944	7
945	5
946	7
947	5
948	7
949	5
950	7
951	5
952	7
953	5
954	7
955	5
956	7
957	5
958	7
959	5
960	5
961	7
962	5
963	5
964	7
965	5
966	5
967	7
968	5
969	5
970	7
971	5
972	5
973	7
974	5
975	5
976	5
977	7
978	5
979	5
980	5
981	7
982	5
983	5
984	5
985	5
986	5
987	5
988	5
989	5
990	5
991	5
992	5
993	5
994	5
995	5
996	5
997	5
998	5
999	5
1000	5
1001	5
1002	5
1003	5
1004	5
1005	5
1006	5
1007	5
1008	5
1009	5
1010	5
1011	5
1012	5
1013	5
1014	5
1015	5
1016	5
1017	5
1018	5
1019	5
1020	5
1021	5
1022	5
1023	5
1024	5
1025	5
1026	5
1027	5
1028	5
1029	5
1030	5
1031	5
1032	5
1033	5
1034	5
1035	5
1036	5
1037	5
1038	5
1039	5
1040	5
1041	5
1042	5
1043	5
1044	5
1045	5
1046	5
1047	5
1048	5
1049	5
1050	5
1051	5
1052	5
1053	5
1054	5
1055	5
1056	5
1057	5
1058	5
1059	5
1060	5
1061	5
1062	5
1063	5
1064	5
1065	5
1066	5
1067	5
1068	5
1069	5
1070	5
1071	5
1072	5
1073	5
1074	5
1075	5
1076	5
1077	5
1078	5
1079	5
1080	5
1081	5
1082	5
1083	5
1084	5
1085	5
1086	5
1087	5
1088	5
1089	5
1090	5
1091	5
1092	5
1093	5
1094	5
1095	5
1096	5
1097	5
1098	5
1099	5
1100	5
1101	5
1102	5
1103	5
1104	5
1105	5
1106	5
1107	5
1108	5
1109	5
1110	5
1111	5
1112	5
1113	5
1114	5
1115	5
1116	5
1117	5
1118	5
1119	5
1120	5
1121	5
1122	5
1123	5
1124	5
1125	5
1126	5
1127	5
1128	5
1129	5
1130	5
1131	5
1132	5
1133	5
1134	5
1135	5
1136	5
1137	5
1138	5
1139	5
1140	5
1141	5
1142	5
1143	5
1144	5
1145	5
1146	5
1147	5
1148	5
1149	5
1150	5
1151	5
1152	5
1153	5
1154	6
1155	6
1156	6
1157	6
1158	6
1159	6
1160	6
1161	6
1162	6
1163	6
1164	6
1165	6
1166	6
1167	6
1168	6
1169	6
1170	6
1171	6
1172	6
1173	6
1174	6
1175	6
1176	6
1177	6
1178	6
1179	6
1180	6
1181	6
1182	6
1183	6
1184	6
1185	6
1186	6
1187	6
1188	6
1189	6
1190	6
1191	6
1192	6
1193	6
1194	6
1195	6
1196	6
1197	6
1198	6
1199	6
1200	6
1201	6
1202	6
1203	6
1204	6
1205	6
1206	6
1207	6
1208	6
1209	6
1210	6
1211	5
1212	6
1213	6
1214	6
1215	5
1216	6
1217	6
1218	5
1219	6
1220	6
1221	5
1222	6
1223	6
1224	7
1225	6
1226	5
1227	6
1228	5
1229	6
1230	6
1231	7
1232	6
1233	5
1234	6
1235	5
1236	6
1237	5
1238	6
1239	7
1240	6
1241	5
1242	6
1243	6
1244	7
1245	6
1246	6
1247	6
1248	7
1249	6
1250	6
1251	7
1252	6
1253	6
1254	6
1255	7
1256	6
1257	6
1258	6
1259	7
1260	6
1261	6
1262	6
1263	7
1264	6
1265	6
1266	6
1267	6
1268	7
1269	6
1270	6
1271	6
1272	7
1273	6
1274	6
1275	6
1276	6
1277	7
1278	6
1279	6
1280	6
1281	6
1282	6
1283	6
1284	6
1285	7
1286	6
1287	6
1288	6
1289	6
1290	6
1291	6
1292	6
1293	6
1294	6
1295	6
1296	6
1297	6
1298	6
1299	6
1300	6
1301	6
1302	6
1303	6
1304	6
1305	6
1306	6
1307	6
1308	6
1309	6
1310	6
1311	6
1312	6
1313	6
1314	6
1315	6
1316	6
1317	6
1318	6
1319	6
1320	6
1321	6
1322	6
1323	6
1324	6
1325	6
1326	6
1327	6
1328	6
1329	6
1330	6
1331	6
1332	6
1333	6
1334	6
1335	6
1336	6
1337	6
1338	6
1339	6
1340	6
1341	6
1342	6
1343	6
1344	6
1345	6
1346	6
1347	6
1348	6
1349	6
1350	6
1351	6
1352	6
1353	6
1354	6
1355	6
1356	6
1357	6
1358	6
1359	6
1360	6
1361	6
1362	6
1363	6
1364	6
1365	6
1366	6
1367	6
1368	6
1369	6
1370	6
1371	6
1372	6
1373	6
1374	6
1375	6
1376	6
1377	6
1378	6
1379	6
1380	6
1381	6
1382	6
1383	6
1384	6
1385	6
1386	6
1387	6
1388	6
1389	6
1390	6
1391	6
1392	6
1393	6
1394	6
1395	6
1396	6
1397	6
1398	6
1399	6
1400	6
1401	6
1402	6
1403	6
1404	9
1405	8
1406	7
1407	7
1408	8
1409	8
1410	7
1411	7
1412	6
1413	5
1414	6
1415	6
1416	6
1417	7
1418	6
1419	7
1420	6
1421	7
1422	6
1423	6
1424	7
1425	5
1426	6
1427	6
1428	6
1429	6
1430	6
1431	6
1432	6
1433	6
1434	6
1435	6
1436	6
1437	6
1438	6
1439	6
1440	6
1441	6
1442	6
1443	6
1444	6
1445	6
1446	6
1447	6
1448	6
1449	6
1450	6
1451	6
1452	6
1453	6
1454	6
1455	6
1456	6
1457	6
1458	6
1459	6
1460	6
1461	6
1462	6
1463	6
1464	6
1465	6
1466	6
1467	6
1468	6
1469	6
1470	6
1471	6
1472	6
1473	6
1474	6
1475	6
1476	6
1477	6
1478	6
1479	6
1480	6
1481	6
1482	6
1483	6
1484	6
1485	6
1486	6
1487	6
1488	6
1489	6
1490	6
1491	6
1492	6
1493	6
1494	6
1495	6
1496	6
1497	6
1498	6
1499	6
1500	6
1501	6
1502	6
1503	6
1504	6
1505	6
1506	6
1507	6
1508	6
1509	6
1510	6
1511	6
1512	6
1513	6
1514	6
1515	6
1516	5
1517	5
1518	5
1519	5
1520	6
1521	6
1522	6
1523	6
1524	5
1525	5
1526	5
1527	5
1528	5
1529	5
1530	6
1531	6
1532	5
1533	5
1534	5
1535	5
1536	5
1537	5
1538	5
1539	5
1540	6
1541	5
1542	5
1543	5
1544	5
1545	5
1546	5
1547	5
1548	5
1549	5
1550	5
1551	5
1552	5
1553	5
1554	5
1555	5
1556	5
1557	5
1558	5
1559	5
1560	5
1561	5
1562	5
1563	5
1564	5
1565	5
1566	5
1567	5
1568	5
1569	5
1570	5
1571	5
1572	5
1573	5
1574	5
1575	5
1576	5
1577	5
1578	5
1579	5
1580	5
1581	5
1582	5
1583	5
1584	5
1585	5
1586	5
1587	5
1588	5
1589	5
1590	5
1591	5
1592	5
1593	5
1594	5
1595	5
1596	5
1597	5
1598	5
1599	5
1600	5
1601	5
1602	5
1603	5
1604	5
1605	5
1606	5
1607	5
1608	5
1609	5
1610	5
1611	5
1612	5
1613	5
1614	5
1615	5
1616	5
1617	5
1618	5
1619	5
1620	5
1621	5
1622	5
1623	5
1624	5
1625	5
1626	5
1627	5
1628	5
1629	5
1630	5
1631	5
1632	5
1633	5
1634	5
1635	5
1636	5
1637	5
1638	5
1639	5
1640	5
1641	5
1642	5
1643	5
1644	5
1645	5
1646	5
1647	5
1648	5
1649	5
1650	5
1651	5
1652	5
1653	5
1654	5
1655	5
1656	5
1657	5
1658	5
1659	5
1660	5
1661	5
1662	5
1663	5
1664	5
1665	5
1666	5
1667	5
1668	5
1669	5
1670	5
1671	5
1672	5
1673	5
1674	5
1675	5
1676	5
1677	5
1678	5
1679	5
1680	5
1681	5
1682	5
1683	5
1684	5
1685	5
1686	5
1687	5
1688	5
1689	9
1690	9
1691	8
1692	9
1693	9
1694	10
1695	9
1696	8
1697	8
1698	6
1699	5
1700	6
1701	6
1702	6
1703	6
1704	5
1705	5
1706	5
1707	5
1708	5
1709	5
1710	5
1711	5
1712	5
1713	5
1714	5
1715	5
1716	5
1717	5
1718	5
1719	5
1720	5
1721	5
1722	5
1723	5
1724	5
1725	5
1726	5
1727	5
1728	5
1729	5
1730	5
1731	5
1732	5
1733	5
1734	5
1735	5
1736	5
1737	5
1738	5
1739	5
1740	5
1741	5
1742	5
1743	5
1744	5
1745	5
1746	5
1747	5
1748	5
1749	5
1750	5
1751	5
1752	5
1753	5
1754	5
1755	5
1756	5
1757	5
1758	5
1759	5
1760	5
1761	5
1762	5
1763	5
1764	5
1765	5
1766	5
1767	5
1768	5
1769	5
1770	5
1771	5
1772	5
1773	5
1774	5
1775	5
1776	5
1777	5
1778	5
1779	5
1780	5
1781	5
1782	5
1783	5
1784	5
1785	5
1786	5
1787	5
1788	5
1789	5
1790	5
1791	5
1792	5
1793	5
1794	5
1795	5
1796	5
1797	5
1798	5
1799	5
1800	5
1801	5
1802	5
1803	5
1804	5
1805	5
1806	5
1807	5
1808	5
1809	5
1810	5
1811	5
1812	5
1813	5
1814	5
1815	5
1816	5
1817	5
1818	5
1819	5
1820	5
1821	5
1822	5
1823	5
1824	5
1825	5
1826	5
1827	5
1828	5
1829	5
1830	5
1831	5
1832	5
1833	5
1834	5
1835	5
1836	5
1837	5
1838	5
1839	5
1840	5
1841	5
1842	5
1843	5
1844	5
1845	5
1846	5
1847	5
1848	5
1849	5
1850	5
1851	5
1852	5
1853	5
1854	5
1855	5
1856	5
1857	5
1858	5
1859	5
1860	5
1861	5
1862	5
1863	5
1864	5
1865	5
1866	5
1867	5
1868	5
1869	5
1870	5
1871	5
1872	5
1873	5
1874	5
1875	5
1876	5
1877	5
1878	5
1879	5
1880	5
1881	5
1882	5
1883	5
1884	5
1885	5
1886	5
1887	5
1888	5
1889	5
1890	10
1891	10
1892	8
1893	10
1894	10
1895	10
1896	8
1897	10
1898	10
1899	8
1900	8
1901	10
1902	10
1903	8
1904	9
1905	8
1906	6
1907	5
1908	6
1909	6
1910	6
1911	5
1912	4
1913	4
1914	4
1915	4
1916	4
1917	5
1918	4
1919	4
1920	4
1921	4
1922	4
1923	4
1924	4
1925	4
1926	4
1927	4
1928	4
1929	4
1930	4
1931	4
1932	4
1933	4
1934	4
1935	4
1936	4
1937	4
1938	4
1939	4
1940	4
1941	4
1942	4
1943	4
1944	4
1945	4
1946	4
1947	4
1948	4
1949	4
1950	4
1951	4
1952	4
1953	4
1954	4
1955	4
1956	4
1957	4
1958	4
1959	4
1960	4
1961	4
1962	4
1963	4
1964	4
1965	4
1966	4
1967	4
1968	4
1969	4
1970	4
1971	4
1972	4
1973	4
1974	4
1975	4
1976	4
1977	4
1978	4
1979	4
1980	4
1981	4
1982	4
1983	4
1984	4
1985	4
1986	4
1987	4
1988	4
1989	4
1990	4
1991	4
1992	4
1993	4
1994	4
1995	4
1996	4
1997	4
1998	4
1999	4
2000	4
2001	4
2002	9
2003	9
2004	8
2005	10
2006	9
2007	10
2008	9
