1	0.98897795015
2	0.937455951062
3	0.726709369485
4	0.0736333661486
5	0.0342016919854
6	0.0246203979889
7	0.0219719193443
8	0.0170161597502
9	0.0121298062978
10	0.00827521017912
11	0.00622924967828
12	0.00510102961286
13	0.00422604695301
14	0.0037527814523
15	0.00355279027277
16	0.00343282272613
17	0.00328407940834
18	0.00301256463888
19	0.00269721227078
20	0.00244456008953
21	0.00228594105448
22	0.00216486154731
23	0.0020669019899
24	0.00197741574994
25	0.0019251072216
26	0.00187615374639
27	0.00183793812318
28	0.00180701237002
29	0.00177839453279
30	0.00175177305176
31	0.00172155118458
32	0.00169500052784
33	0.00167216395352
34	0.00165160498533
35	0.00163393092752
36	0.0016204889681
37	0.0016028942756
38	0.00158557120353
39	0.00156805114978
40	0.00155350805308
41	0.00154006267578
42	0.00152696621712
43	0.00151634643112
44	0.00150424151942
45	0.0014921668398
46	0.00147647795801
47	0.00146146548617
48	0.00144351545675
49	0.00142855718674
50	0.00141242952933
51	0.00140199922018
52	0.00138646587015
53	0.00136977265912
54	0.00135748173236
55	0.00134639806069
56	0.00133693626409
57	0.00133442793236
58	0.00132409537444
59	0.00131391660763
60	0.0013042146135
61	0.0012957772542
62	0.00129406546593
63	0.00128719355958
64	0.00127943637144
65	0.0012712701701
66	0.0012637676019
67	0.00125658712916
68	0.00125189151079
69	0.00124385184803
70	0.00123384146084
71	0.00122206616623
72	0.00121622522
73	0.00121317849175
74	0.00120270105012
75	0.0011977260495
76	0.00118652255002
77	0.00117954506987
78	0.00117604270449
79	0.00117039277702
80	0.0011637906499
81	0.00115586636419
82	0.00115109882159
83	0.00115874023736
84	0.00114402841838
85	0.00113444358015
86	0.00112104847514
87	0.00111565886585
88	0.00111240196581
89	0.00110911590236
90	0.00109869776401
91	0.00109187311476
92	0.00108797153427
93	0.00108394742088
94	0.0010763692013
95	0.00107506785643
96	0.00108291427857
97	0.00105791726632
98	0.00105501705664
99	0.001042255905
100	0.00103351421863
101	0.00103309430377
102	0.0010219969571
103	0.00101555196626
104	0.00100779850057
105	0.0010059432676
106	0.000996918645918
107	0.000990557830732
108	0.000987200009279
109	0.000983828899439
110	0.000973721289363
111	0.000973113740981
112	0.00097149333886
113	0.000969417022643
114	0.000967004359961
115	0.000951599513737
116	0.000943374141914
117	0.000926236237362
118	0.000917579505351
119	0.000908362125417
120	0.000903183646488
121	0.000901252019568
122	0.000897010398488
123	0.000887001001375
124	0.000880436174619
125	0.000876109570843
126	0.000869068595662
127	0.000867547528593
128	0.000861322842452
129	0.000852617544675
130	0.000843261862715
131	0.000833943927086
132	0.0008237806555
133	0.000814746581406
134	0.000808556358035
135	0.000802756170704
136	0.000796616220077
137	0.000791365948213
138	0.000785270539864
139	0.000778651800388
140	0.000773869413696
141	0.000772116651335
142	0.000768535265045
143	0.000761667311259
144	0.00075363004417
145	0.000748505181894
146	0.000745948646864
147	0.000733241049793
148	0.000724665454781
149	0.000714103217537
150	0.000703857494484
151	0.000692008796292
152	0.000682770509021
153	0.000673696768526
154	0.000672453491485
155	0.000672278180683
156	0.000671935409518
157	0.000670999731757
158	0.000667403141738
159	0.000663303138605
160	0.000657277556036
161	0.000654726123329
162	0.000647584988775
163	0.000642340297695
164	0.000636615441302
165	0.000632592738789
166	0.000626779203632
167	0.000622626525183
168	0.000618193250113
169	0.000614948994833
170	0.000610710592068
171	0.000608147974511
172	0.000605109386926
173	0.000602013946516
174	0.000599497143491
175	0.00059904747067
176	0.000597724996578
177	0.000596230852122
178	0.000594332319165
179	0.000591815280081
180	0.000592020699019
181	0.000590195546796
182	0.000588769862501
183	0.000591648437068
184	0.000587376467741
185	0.000588016770372
186	0.000587143747402
187	0.000586650378842
188	0.00058554602384
189	0.000587027880716
190	0.000588884308073
191	0.000587823312891
192	0.000583492293583
193	0.000583194074332
194	0.000581880897493
195	0.000584928904199
196	0.000585685394274
197	0.000586868715912
198	0.000588549730024
199	0.000590881445862
200	0.000591653238658
201	0.000594442772182
202	0.000594985305232
203	0.000595185614563
204	0.000595887701392
205	0.000597855006182
206	0.000598591904003
207	0.000601064269573
208	0.00060230753798
209	0.000605221539058
210	0.000607809442304
211	0.000608693600763
212	0.000611961383332
213	0.000614921577555
214	0.000615954729907
215	0.000618958837218
216	0.000618549578455
217	0.000622875783291
218	0.000622296085949
219	0.000626309628344
220	0.000629857348406
221	0.000628819094088
222	0.000630310207064
223	0.000634659485799
224	0.000635474529412
225	0.000635638658172
226	0.000636467600663
227	0.000637309835791
228	0.000638613950248
229	0.000640288415173
230	0.000638460627641
231	0.000639620176632
232	0.000645743842335
233	0.000644295889833
234	0.000645226459137
235	0.000643653753062
236	0.000644452069144
237	0.000642669980144
238	0.000643233840266
239	0.000645894611334
240	0.000646462880957
241	0.000648423209682
242	0.000646960649122
243	0.000645872787829
244	0.000649443203597
245	0.000648967564699
246	0.000646393970693
247	0.000649204509058
248	0.000648790037041
249	0.000645394020016
250	0.00064995517778
251	0.000649798825877
252	0.000649228120393
253	0.000650884695744
254	0.000648299495034
255	0.000649074254714
256	0.000648816882592
257	0.000650056806221
258	0.000649736749275
259	0.000649741934111
260	0.000649330335157
261	0.000653492410684
262	0.000655649200151
263	0.000653421331035
264	0.00065527716543
265	0.000653676168587
266	0.000654461740918
267	0.000658238658381
268	0.000652975807694
269	0.000659966081949
270	0.000655510450406
271	0.000655870375797
272	0.000659291661357
273	0.000657966459813
274	0.000660897715977
275	0.000659595705311
276	0.000660462421205
277	0.000662352190461
278	0.000669546669705
279	0.000673217389369
280	0.000675474260914
281	0.000677193592337
282	0.000678363141992
283	0.000680516276874
284	0.000679072346778
285	0.000682245284276
286	0.000681390276086
287	0.000680227337104
288	0.000679604770279
289	0.000681572688749
290	0.00068197161601
291	0.000686298299221
292	0.000686889418921
293	0.000688256139036
294	0.000690816102076
295	0.00068855977891
296	0.000690106425559
297	0.000689570227834
298	0.000685099592532
299	0.000685187962657
300	0.000686485667888
301	0.000682668441952
302	0.00068438920346
303	0.000681975599873
304	0.000683063655558
305	0.000681641242293
306	0.000679634547664
307	0.000677479001036
308	0.00067737227081
309	0.000673265793119
310	0.000674545707643
311	0.000670476639146
312	0.000670565885941
313	0.000671448062812
314	0.000670435607244
315	0.00066796850889
316	0.000668886344542
317	0.000664082864536
318	0.000670183196193
319	0.000664047145874
320	0.000663817051438
321	0.00066329189855
322	0.000664119318881
323	0.000665156782323
324	0.000660867105101
325	0.000661563801927
326	0.000660529377307
327	0.000657679369387
328	0.000657343396492
329	0.000657051946611
330	0.000654141877891
331	0.000652119300527
332	0.000646588946983
333	0.000637821523922
334	0.000629843579853
335	0.000621967184479
336	0.000609110673131
337	0.000614185407949
338	0.000623157642097
339	0.000634253123861
340	0.000637279969018
341	0.000638659954434
342	0.000642297570435
343	0.00064305280176
344	0.000640007680573
345	0.000642230576805
346	0.000642951929604
347	0.000642349763304
348	0.000640647793988
349	0.000640121584269
350	0.000635979108815
351	0.000633276017273
352	0.000632947962665
353	0.000634267011786
354	0.000634510888753
355	0.000629388849819
356	0.000628819926545
357	0.000626577639112
358	0.0006204197845
359	0.000615620833777
360	0.000619030350764
361	0.000620144991498
362	0.000618419958173
363	0.000621777522638
364	0.000618404891986
365	0.000614864984972
366	0.000613199477268
367	0.000613634739179
368	0.000617469514208
369	0.000616422911472
370	0.000613365665919
371	0.000618057745491
372	0.000616203011757
373	0.00061120916311
374	0.000615485714967
375	0.000615877333609
376	0.000611960077077
377	0.000614007794213
378	0.000611405019256
379	0.000612858795608
380	0.00061243862455
381	0.00061378090319
382	0.000611616309325
383	0.000618714969569
384	0.000613492582807
385	0.000613960090706
386	0.000615199788244
387	0.000614153710696
388	0.000617999700845
389	0.000615246707163
390	0.000613207671207
391	0.000622586735866
392	0.000615554251884
393	0.000616916693658
394	0.000617977600945
395	0.000622502882503
396	0.000618833898011
397	0.000625921510898
398	0.000623208870853
399	0.000622923442086
400	0.000624280094048
401	0.000629430937048
402	0.000643841756818
403	0.00062471321321
404	0.000635626154589
405	0.000644471254589
406	0.000643272201041
407	0.000629923365767
408	0.000639838094259
409	0.000640177020811
410	0.000629701858691
411	0.000634230216044
412	0.000639964303596
413	0.000648353249366
414	0.000648164235906
415	0.000644172785582
416	0.000654725859319
417	0.000652464893709
418	0.000648299185902
419	0.000656737127916
420	0.000649879338151
421	0.000660355130422
422	0.000652947658725
423	0.000660581169014
424	0.000651680372266
425	0.000677575183697
426	0.000660160721799
427	0.000655909883136
428	0.000681275830569
429	0.000664159505982
430	0.000656547305515
431	0.000684603238589
432	0.000667795811945
433	0.000659880424557
434	0.000672087450354
435	0.000665867991473
436	0.000700790265687
437	0.000671165825496
438	0.000675546939564
439	0.000681319867315
440	0.000674190871472
441	0.000685818093652
442	0.000669327125224
443	0.000684496741395
444	0.00066971190588
445	0.000688117645898
446	0.000671859484164
447	0.00068883248415
448	0.000672487342516
449	0.000688050555337
450	0.00067421202561
451	0.000689864947414
452	0.000679688852013
453	0.000690085610714
454	0.000690184931964
455	0.0006913525088
456	0.000719357105845
457	0.000693295824028
458	0.000704574765846
459	0.000691378339132
460	0.000691016539542
461	0.00068808541267
462	0.0006954578417
463	0.000689391646784
464	0.000698922675592
465	0.00068621729233
466	0.000699624880983
467	0.000686379918563
468	0.000699677689859
469	0.000687624712369
470	0.00069909413017
471	0.000689633338541
472	0.000697474486836
473	0.000691311335279
474	0.000693206002117
475	0.00069070801953
476	0.00069024632067
477	0.000694759156782
478	0.000712389412318
479	0.000696007897549
480	0.000732696350712
481	0.000697754860911
482	0.000698301002684
483	0.000696460644365
484	0.000680926249484
485	0.000695101688739
486	0.000675999120601
487	0.000694996028353
488	0.000674054627869
489	0.000694463961713
490	0.000676615218163
491	0.000709913914474
492	0.000682859087716
493	0.000696519045415
494	0.000690934260885
495	0.000674627504115
496	0.00068323931377
497	0.000678288916211
498	0.000692967156442
499	0.000686059321716
500	0.000673675498265
501	0.000687446535807
502	0.000681175356451
503	0.000675170449986
504	0.000681494462398
505	0.000687190080865
506	0.000671858406135
507	0.0006889135831
508	0.000682615820679
509	0.000716126978975
510	0.000691915021998
511	0.000677029516735
512	0.00069527674997
513	0.000676454382532
514	0.00070308687837
515	0.000685305780063
516	0.000783157723683
517	0.000685856681828
518	0.000696222991927
519	0.00069451261041
520	0.000746688850615
521	0.00069722613415
522	0.000717144977787
523	0.000696637467666
524	0.000720673112421
525	0.000694827483986
526	0.000741703193868
527	0.00069335921182
528	0.000700514462332
529	0.000684383240957
530	0.000775725108658
531	0.000675982503704
532	0.000706425551915
533	0.000667685037126
534	0.000684902850781
535	0.00065696417669
536	0.000673963432516
537	0.000686969067814
538	0.000669940965125
539	0.000717043853441
540	0.000662480519748
541	0.000680764508527
542	0.000647533502199
543	0.000661725233392
544	0.000665969331393
545	0.000657086006931
546	0.000763143485537
547	0.000645608656874
548	0.000655874456815
549	0.000629587769582
550	0.00064022648652
551	0.000665825144951
552	0.00063872324168
553	0.000644155626122
554	0.000612477303909
555	0.000623687254505
556	0.000653793948494
557	0.000622879130882
558	0.000626799452348
559	0.000605885478101
560	0.000613296086326
561	0.000668770750764
562	0.000596271304783
563	0.00060070196864
564	0.000608731194935
565	0.000601823598927
566	0.000601877884183
567	0.000592549651047
568	0.000588982050585
569	0.000600904077684
570	0.000567291540846
571	0.000578022612061
572	0.000610039546238
573	0.000556601157751
574	0.000564944037935
575	0.000623880985757
576	0.000546029714581
577	0.000552737968971
578	0.000627402021932
579	0.000536479277425
580	0.00054435629347
581	0.000597640320264
582	0.000526759239119
583	0.000533497388175
584	0.000563790950579
585	0.000517688041089
586	0.00052437346093
587	0.000535818526173
588	0.000522580861133
589	0.000519049152238
590	0.000519806346572
591	0.000520766393431
592	0.000518185855439
593	0.00050840471722
594	0.000510230498725
595	0.000491340084153
596	0.000491480316191
597	0.000525928014012
598	0.000475165623651
599	0.000480584929434
600	0.000530310330059
601	0.000468046844503
602	0.000473435480623
603	0.000496597622096
604	0.000465438936386
605	0.000465182475626
606	0.000483429808551
607	0.000457107325107
608	0.000456154194745
609	0.000499919938429
610	0.000442309613559
611	0.000454561898942
612	0.000448624514342
613	0.000437851818425
614	0.000467135689556
615	0.000437632017245
616	0.00049181794986
617	0.000506789960018
618	0.000431587129282
619	0.000420996262409
620	0.000436418351114
621	0.000449842400362
622	0.000420307652288
623	0.000406998524737
624	0.000423019145422
625	0.000436287012807
626	0.000410045779311
627	0.000393352652061
628	0.000404434672891
629	0.000417639139314
630	0.000400619797844
631	0.00038204381516
632	0.000379882176768
633	0.000392188787133
634	0.000389065571882
635	0.000368222893689
636	0.000361038451879
637	0.000375328594638
638	0.00036617324957
639	0.000346473495615
640	0.000348681921545
641	0.000380034028587
642	0.000338255231632
643	0.000328347914342
644	0.000342613802328
645	0.000339043369463
646	0.000315294144588
647	0.000325638172962
648	0.000321882695092
649	0.000301784541284
650	0.000311085344405
651	0.000302761058585
652	0.000288626473016
653	0.000302052584054
654	0.000289867686695
655	0.000279130757985
656	0.000284590643405
657	0.000264177068221
658	0.000273877673603
659	0.000259551024846
660	0.000260956423134
661	0.000256772945747
662	0.000243889748737
663	0.000241647662283
664	0.000229036676727
665	0.000234418457832
666	0.000215946304901
667	0.000224120266307
668	0.000206254370091
669	0.000210831176857
670	0.000195399642242
671	0.000191933663688
672	0.00018216430814
673	0.000181115108046
674	0.000171428725235
675	0.000160402653877
676	0.000158708021201
677	0.000141145317757
678	0.000140618476308
679	0.000130986662617
680	0.000125661707996
681	0.000129461644861
682	0.000124401358245
683	0.000129712731991
684	0.000130968503352
685	0.00012931377878
686	0.000143756604529
687	0.000135455508247
688	0.000133580104987
689	0.000159879995228
690	0.000145620665874
691	0.000147051302125
692	0.000176230172279
693	0.000159630099808
694	0.000160561975005
695	0.000181471698318
696	0.000174301314912
697	0.000174028735362
698	0.000184066851708
699	0.000190085640305
700	0.000188170108191
701	0.000189325181152
702	0.000223142883866
703	0.000199146900052
704	0.000195861906554
705	0.000198737026907
706	0.000218812278529
707	0.000206171734157
708	0.000202901443925
709	0.000203628209294
710	0.000234390837381
711	0.000210657536777
712	0.000208330545144
713	0.000204673844032
714	0.000217175595543
715	0.000216354314362
716	0.000212764127988
717	0.000207719875401
718	0.000207510047176
719	0.000233493547765
720	0.000216570059811
721	0.000214511654847
722	0.000208726369217
723	0.000208553047666
724	0.000231634429198
725	0.000216257996129
726	0.000214499905765
727	0.000209563058463
728	0.000204522335145
729	0.000209226411236
730	0.000236528925028
731	0.000216565048672
732	0.000210790383262
733	0.000210559015175
734	0.000211765696976
735	0.000213191998989
736	0.000211738065764
737	0.00020827635944
738	0.000205729189875
739	0.000205532114067
740	0.000213311013653
741	0.000228130164606
742	0.000220041127197
743	0.000217176071804
744	0.000215152142258
745	0.000224970648798
746	0.000218014331073
747	0.000213269811812
748	0.000228251033919
749	0.000218177756457
750	0.000212662015775
751	0.000222455726581
752	0.000214652872787
753	0.000233712851137
754	0.000213815078073
755	0.000225222453541
756	0.00021178863444
757	0.000226804630689
758	0.000206314155089
759	0.000215922285386
760	0.000203034254467
761	0.000207659455254
762	0.000222114166417
763	0.000195839302076
764	0.000193345718327
765	0.000202415176748
766	0.00019618337843
767	0.000187068949202
768	0.00017728355269
769	0.000176696604734
770	0.000178410937165
771	0.000178965889611
772	0.000182092698989
773	0.000178123344257
774	0.00018085602127
775	0.000178791070922
776	0.000184481316397
777	0.000189971602519
778	0.000201988164938
779	0.00018317906868
780	0.000184483654007
781	0.000183906963865
782	0.000202123354201
783	0.000185856870944
784	0.000174488107902
785	0.000173694565096
786	0.000173721495326
787	0.000171421319739
788	0.00017036808565
789	0.000169639051127
790	0.00017414394863
791	0.000171817362676
792	0.000166945480179
793	0.000165683517248
794	0.000169980676021
795	0.000175152870627
796	0.000170458005705
797	0.000164459089678
798	0.000171600993068
799	0.000165615503705
800	0.000176707463694
801	0.000178889987347
802	0.000200422627034
803	0.000139237001767
804	8.32866772095e-05
805	7.92018557826e-05
806	7.84494416099e-05
807	7.79331529525e-05
808	7.73148741601e-05
809	7.68735292239e-05
810	7.63612810949e-05
811	7.61787237667e-05
812	7.58417190756e-05
813	7.57262418267e-05
814	7.55780521672e-05
815	7.55239021006e-05
816	7.54641943795e-05
817	7.53651138289e-05
818	7.53489525976e-05
819	7.53459601655e-05
820	7.53409970602e-05
821	7.53862542315e-05
822	7.54184148106e-05
823	7.54355610798e-05
824	7.55053620462e-05
825	7.55981493411e-05
826	7.56083200714e-05
827	7.56920741587e-05
828	7.58179870572e-05
829	7.5891756093e-05
830	7.5944003145e-05
831	7.60229321472e-05
832	7.61697436935e-05
833	7.62587886067e-05
834	7.63165818855e-05
835	7.64063836031e-05
836	7.65522650312e-05
837	7.66744449667e-05
838	7.6735860445e-05
839	7.68242001206e-05
840	7.69357157588e-05
841	7.70838214138e-05
842	7.71953954043e-05
843	7.72641729499e-05
844	7.73584598699e-05
845	7.74717372326e-05
846	7.7618123496e-05
847	7.77388995721e-05
848	7.78215893356e-05
849	7.79011169773e-05
850	7.79996148995e-05
851	7.81396026493e-05
852	7.82769122322e-05
853	7.83885667457e-05
854	7.84651313285e-05
855	7.85525618075e-05
856	7.86492102701e-05
857	7.87864055656e-05
858	7.89251998931e-05
859	7.90354793022e-05
860	7.91205878246e-05
861	7.92005061361e-05
862	7.92920774927e-05
863	7.94088119603e-05
864	7.95471102061e-05
865	7.9667749393e-05
866	7.97658330427e-05
867	7.98446433993e-05
868	7.99221913448e-05
869	8.00116401752e-05
870	8.01290715185e-05
871	8.02596526053e-05
872	8.03769613738e-05
873	8.04737481619e-05
874	8.0551541688e-05
875	8.0622482871e-05
876	8.07043218878e-05
877	8.08046653327e-05
878	8.09260666287e-05
879	8.10507822673e-05
880	8.11505307611e-05
881	8.12320523457e-05
882	8.12987760795e-05
883	8.13705177399e-05
884	8.14496429468e-05
885	8.15514689019e-05
886	8.16675274383e-05
887	8.1780939202e-05
888	8.18784614378e-05
889	8.19557996708e-05
890	8.20204898498e-05
891	8.20832343979e-05
892	8.21543013586e-05
893	8.22436375662e-05
894	8.23486897641e-05
895	8.24568151876e-05
896	8.25533809867e-05
897	8.26329493305e-05
898	8.26978577626e-05
899	8.27496438772e-05
900	8.28097162094e-05
901	8.28771483795e-05
902	8.29672384158e-05
903	8.30693694114e-05
904	8.31646448572e-05
905	8.32510461842e-05
906	8.33198400086e-05
907	8.33772821204e-05
908	8.34276276292e-05
909	8.34774271811e-05
910	8.35370022955e-05
911	8.36165633538e-05
912	8.37049871009e-05
913	8.37987373761e-05
914	8.3875948564e-05
915	8.39424650249e-05
916	8.399294557e-05
917	8.40363031486e-05
918	8.40772324187e-05
919	8.41248875773e-05
920	8.4183366022e-05
921	8.42622123627e-05
922	8.4348204396e-05
923	8.44232582923e-05
924	8.44890355653e-05
925	8.45400174606e-05
926	8.45822202333e-05
927	8.46161745821e-05
928	8.46468474588e-05
929	8.4684925237e-05
930	8.47419214731e-05
931	8.48116689438e-05
932	8.48843546914e-05
933	8.49488672309e-05
934	8.50023425136e-05
935	8.5048523771e-05
936	8.50841336187e-05
937	8.51069978212e-05
938	8.51290309069e-05
939	8.51604143994e-05
940	8.5200001921e-05
941	8.526030388e-05
942	8.5322357246e-05
943	8.53792189332e-05
944	8.54282880896e-05
945	8.54642215317e-05
946	8.54915024473e-05
947	8.55063782558e-05
948	8.55200189504e-05
949	8.55378456733e-05
950	8.55636572036e-05
951	8.56044717704e-05
952	8.56543815905e-05
953	8.57029625366e-05
954	8.57438949942e-05
955	8.57795114306e-05
956	8.58010689968e-05
957	8.58141478003e-05
958	8.58208225823e-05
959	8.58215393694e-05
960	8.58315898321e-05
961	8.58489574916e-05
962	8.58827031405e-05
963	8.59214142475e-05
964	8.59583553784e-05
965	8.59903967895e-05
966	8.60127802779e-05
967	8.60199106045e-05
968	8.60216838326e-05
969	8.60162368752e-05
970	8.60068343127e-05
971	8.60049131144e-05
972	8.60118818852e-05
973	8.60369630206e-05
974	8.60627169764e-05
975	8.60880498775e-05
976	8.61092983603e-05
977	8.61221233978e-05
978	8.61211357162e-05
979	8.61108831986e-05
980	8.60941609327e-05
981	8.60738356031e-05
982	8.60621900127e-05
983	8.6052948013e-05
984	8.60666248932e-05
985	8.60825238119e-05
986	8.60965202693e-05
987	8.61058135514e-05
988	8.61093470893e-05
989	8.60968782258e-05
990	8.60805029088e-05
991	8.60555845596e-05
992	8.6024593645e-05
993	8.60019047588e-05
994	8.59798051545e-05
995	8.59745794543e-05
996	8.59784794822e-05
997	8.59834301828e-05
998	8.59852347036e-05
999	8.59792870225e-05
1000	8.5961622808e-05
1001	8.59394502435e-05
1002	8.59088910756e-05
1003	8.58700673926e-05
1004	8.58303084328e-05
1005	8.57965487909e-05
1006	8.57738248506e-05
1007	8.57646202097e-05
1008	8.57589233947e-05
1009	8.57531907121e-05
1010	8.5743415912e-05
1011	8.57230599117e-05
1012	8.5694348099e-05
1013	8.56561657019e-05
1014	8.56128448217e-05
1015	8.5565651213e-05
1016	8.55181866419e-05
1017	8.54794676739e-05
1018	8.54506043194e-05
1019	8.54319742957e-05
1020	8.54209865801e-05
1021	8.54048318771e-05
1022	8.53798800837e-05
1023	8.53516567045e-05
1024	8.53085764827e-05
1025	8.52652202585e-05
1026	8.520854041e-05
1027	8.51536280804e-05
1028	8.51004542685e-05
1029	8.50552424656e-05
1030	8.50245154537e-05
1031	8.50003010641e-05
1032	8.49771644719e-05
1033	8.49535486896e-05
1034	8.49221848454e-05
1035	8.4879792224e-05
1036	8.4832877036e-05
1037	8.47766299782e-05
1038	8.47172432722e-05
1039	8.46570674185e-05
1040	8.4596074738e-05
1041	8.45449295298e-05
1042	8.4507850917e-05
1043	8.44793490977e-05
1044	8.44473708517e-05
1045	8.44144670875e-05
1046	8.43748981909e-05
1047	8.43280717053e-05
1048	8.42748050439e-05
1049	8.42157482736e-05
1050	8.41469512099e-05
1051	8.40796095367e-05
1052	8.40158843591e-05
1053	8.39568763636e-05
1054	8.39138285538e-05
1055	8.38797043319e-05
1056	8.38413990727e-05
1057	8.38043753342e-05
1058	8.37597168594e-05
1059	8.37089564117e-05
1060	8.36492237297e-05
1061	8.35821002024e-05
1062	8.35138212939e-05
1063	8.34397899515e-05
1064	8.33684444014e-05
1065	8.33071286679e-05
1066	8.32589949011e-05
1067	8.32169035031e-05
1068	8.31761652145e-05
1069	8.31275865967e-05
1070	8.30825946944e-05
1071	8.30268194301e-05
1072	8.29629620105e-05
1073	8.28998555611e-05
1074	8.28224298527e-05
1075	8.2744430505e-05
1076	8.26708539164e-05
1077	8.26022948082e-05
1078	8.25431167721e-05
1079	8.24939771613e-05
1080	8.24495938737e-05
1081	8.24022359817e-05
1082	8.23526806729e-05
1083	8.22963958044e-05
1084	8.22309808139e-05
1085	8.21564265175e-05
1086	8.20837220896e-05
1087	8.20045910823e-05
1088	8.19244716018e-05
1089	8.1851815291e-05
1090	8.17810796104e-05
1091	8.17275139093e-05
1092	8.16779094377e-05
1093	8.16276873831e-05
1094	8.15728234116e-05
1095	8.15127317715e-05
1096	8.14509444917e-05
1097	8.13808563051e-05
1098	8.13042131032e-05
1099	8.12246269701e-05
1100	8.11420105654e-05
1101	8.10585496577e-05
1102	8.09838587939e-05
1103	8.09201143663e-05
1104	8.0863910422e-05
1105	8.08101094499e-05
1106	8.07578432516e-05
1107	8.06972453004e-05
1108	8.06315899425e-05
1109	8.0563280792e-05
1110	8.04869595143e-05
1111	8.0408952517e-05
1112	8.03230642823e-05
1113	8.02385975838e-05
1114	8.01545406908e-05
1115	8.00805456202e-05
1116	8.00174307952e-05
1117	7.99580627887e-05
1118	7.99012168748e-05
1119	7.9842165236e-05
1120	7.97793293135e-05
1121	7.9712884961e-05
1122	7.96394415256e-05
1123	7.95623764437e-05
1124	7.94774966656e-05
1125	7.93931165507e-05
1126	7.93071327244e-05
1127	7.92220721514e-05
1128	7.91453235328e-05
1129	7.90802781182e-05
1130	7.90190838632e-05
1131	7.89575764204e-05
1132	7.88954476533e-05
1133	7.88303128291e-05
1134	7.87594692551e-05
1135	7.86867387348e-05
1136	7.86054955783e-05
1137	7.85216687925e-05
1138	7.84378820394e-05
1139	7.83485912202e-05
1140	7.82618773769e-05
1141	7.81841764585e-05
1142	7.81119254452e-05
1143	7.80494341791e-05
1144	7.7985869803e-05
1145	7.79222785945e-05
1146	7.78570738252e-05
1147	7.77861218779e-05
1148	7.77131133138e-05
1149	7.76341354385e-05
1150	7.7551943068e-05
1151	7.74657192687e-05
1152	7.73767213432e-05
1153	7.72883358491e-05
1154	7.72078287834e-05
1155	7.71287971291e-05
1156	7.70619818195e-05
1157	7.69953629759e-05
1158	7.69307510733e-05
1159	7.68615364619e-05
1160	7.67986357534e-05
1161	7.67231706557e-05
1162	7.66468516337e-05
1163	7.6567435887e-05
1164	7.64832503792e-05
1165	7.63940983791e-05
1166	7.63076656785e-05
1167	7.62219948912e-05
1168	7.61373812401e-05
1169	7.60620878451e-05
1170	7.5991683185e-05
1171	7.59290565871e-05
1172	7.58615826028e-05
1173	7.57930237185e-05
1174	7.57251287988e-05
1175	7.56521294197e-05
1176	7.55761181827e-05
1177	7.54958118631e-05
1178	7.5413684486e-05
1179	7.53266635447e-05
1180	7.52358361254e-05
1181	7.51512248374e-05
1182	7.50669070911e-05
1183	7.49890987891e-05
1184	7.49199180398e-05
1185	7.4848676131e-05
1186	7.47851623159e-05
1187	7.4718393702e-05
1188	7.4648279251e-05
1189	7.45737536013e-05
1190	7.4500670483e-05
1191	7.44215801926e-05
1192	7.43394982404e-05
1193	7.42558120775e-05
1194	7.41725789201e-05
1195	7.40826842642e-05
1196	7.39966961233e-05
1197	7.39170356401e-05
1198	7.3841527913e-05
1199	7.3770437584e-05
1200	7.37019338227e-05
1201	7.36337088155e-05
1202	7.35649659456e-05
1203	7.34954360508e-05
1204	7.34224788505e-05
1205	7.33468451347e-05
1206	7.32682869785e-05
1207	7.31847199959e-05
1208	7.31030151481e-05
1209	7.30185289079e-05
1210	7.29324132355e-05
1211	7.28476284822e-05
1212	7.2768304792e-05
1213	7.26929026704e-05
1214	7.26194720513e-05
1215	7.25534875458e-05
1216	7.24837910755e-05
1217	7.24150246777e-05
1218	7.2343886948e-05
1219	7.22751386931e-05
1220	7.21986094391e-05
1221	7.21262482851e-05
1222	7.20476353782e-05
1223	7.19658722874e-05
1224	7.18840510719e-05
1225	7.18031509514e-05
1226	7.17189017334e-05
1227	7.16363698947e-05
1228	7.15586192836e-05
1229	7.14901221551e-05
1230	7.14195301096e-05
1231	7.135158257e-05
1232	7.12866738613e-05
1233	7.12184955219e-05
1234	7.1152240748e-05
1235	7.10832395257e-05
1236	7.10130269637e-05
1237	7.09392165153e-05
1238	7.08621576461e-05
1239	7.07860608298e-05
1240	7.07065608157e-05
1241	7.06254225343e-05
1242	7.05451351252e-05
1243	7.04646843878e-05
1244	7.03873039268e-05
1245	7.03166596785e-05
1246	7.02509476549e-05
1247	7.01816435953e-05
1248	7.01210694887e-05
1249	7.0054111274e-05
1250	6.99879283087e-05
1251	6.99239255695e-05
1252	6.98549929356e-05
1253	6.97845708138e-05
1254	6.97141836181e-05
1255	6.96425790532e-05
1256	6.95711373903e-05
1257	6.94929883459e-05
1258	6.94159689852e-05
1259	6.93409130651e-05
1260	6.92654384018e-05
1261	6.91934071548e-05
1262	6.91230116465e-05
1263	6.90614670837e-05
1264	6.89965033896e-05
1265	6.89352816707e-05
1266	6.88736492913e-05
1267	6.88132299372e-05
1268	6.87527426469e-05
1269	6.86931372196e-05
1270	6.86277615191e-05
1271	6.85630970998e-05
1272	6.84983175019e-05
1273	6.84289957075e-05
1274	6.83633582242e-05
1275	6.82946616845e-05
1276	6.82241486468e-05
1277	6.81548047397e-05
1278	6.80856011796e-05
1279	6.80186214802e-05
1280	6.79565374233e-05
1281	6.7898395556e-05
1282	6.78393393717e-05
1283	6.77844150012e-05
1284	6.77263721298e-05
1285	6.76699581467e-05
1286	6.76151533885e-05
1287	6.75560351028e-05
1288	6.7495911302e-05
1289	6.74354281175e-05
1290	6.73705957005e-05
1291	6.73084826772e-05
1292	6.72452025427e-05
1293	6.71798699637e-05
1294	6.71138110937e-05
1295	6.70442278881e-05
1296	6.6979207095e-05
1297	6.6914761847e-05
1298	6.68524338306e-05
1299	6.67917622179e-05
1300	6.67369853682e-05
1301	6.66787193502e-05
1302	6.66242819607e-05
1303	6.65648399109e-05
1304	6.65109752292e-05
1305	6.64531578625e-05
1306	6.6394897944e-05
1307	6.63336680408e-05
1308	6.62716474939e-05
1309	6.62077980634e-05
1310	6.61417698512e-05
1311	6.60769433428e-05
1312	6.60108822273e-05
1313	6.59413226765e-05
1314	6.58734346381e-05
1315	6.5806345266e-05
1316	6.57395300155e-05
1317	6.56748555755e-05
1318	6.56130870748e-05
1319	6.55512882314e-05
1320	6.5493603103e-05
1321	6.54324249085e-05
1322	6.53725921553e-05
1323	6.53139262362e-05
1324	6.52533001035e-05
1325	6.51907781129e-05
1326	6.51286546556e-05
1327	6.50673537592e-05
1328	6.49988264622e-05
1329	6.49332210616e-05
1330	6.48660240313e-05
1331	6.47970997942e-05
1332	6.47287157122e-05
1333	6.46580299747e-05
1334	6.45872529531e-05
1335	6.45179241766e-05
1336	6.44468154036e-05
1337	6.43759890297e-05
1338	6.43110711919e-05
1339	6.42479120526e-05
1340	6.41843275728e-05
1341	6.41220463212e-05
1342	6.40602374306e-05
1343	6.39964972854e-05
1344	6.39343623803e-05
1345	6.38703516019e-05
1346	6.38065967893e-05
1347	6.37402962757e-05
1348	6.36711955121e-05
1349	6.36054878363e-05
1350	6.35367868899e-05
1351	6.34647911044e-05
1352	6.33908653248e-05
1353	6.33229001023e-05
1354	6.32474546437e-05
1355	6.31778341409e-05
1356	6.31057810133e-05
1357	6.30319103249e-05
1358	6.29656664229e-05
1359	6.28965108209e-05
1360	6.28289944083e-05
1361	6.27671874676e-05
1362	6.27020551223e-05
1363	6.26370881105e-05
1364	6.25696247381e-05
1365	6.25062531016e-05
1366	6.24410231618e-05
1367	6.23740202491e-05
1368	6.23069982572e-05
1369	6.22365826825e-05
1370	6.21898904193e-05
1371	6.21380763237e-05
1372	6.20875316373e-05
1373	6.20320015677e-05
1374	6.19786099134e-05
1375	6.19236081429e-05
1376	6.18711924051e-05
1377	6.18144053605e-05
1378	6.1759847316e-05
1379	6.17030658515e-05
1380	6.16519965257e-05
1381	6.1602738699e-05
1382	6.15529080149e-05
1383	6.14996208291e-05
1384	6.14518662333e-05
1385	6.14017083245e-05
1386	6.1349363211e-05
1387	6.12993894653e-05
1388	6.12505924071e-05
1389	6.11995573497e-05
1390	6.11457480303e-05
1391	6.1092454162e-05
1392	6.10389749662e-05
1393	6.09825420598e-05
1394	6.09274590774e-05
1395	6.08709569335e-05
1396	6.08097639889e-05
1397	6.07511223493e-05
1398	6.06962987705e-05
1399	6.06356132463e-05
1400	6.0580077654e-05
1401	6.05187942739e-05
1402	6.04605077442e-05
1403	6.04073237904e-05
1404	6.03552331465e-05
1405	6.03254963453e-05
1406	6.02640266387e-05
1407	6.02242376437e-05
1408	6.01788328261e-05
1409	6.00958297487e-05
1410	6.00392307868e-05
1411	5.99874843789e-05
1412	5.99311786117e-05
1413	5.98708411688e-05
1414	5.98115814719e-05
1415	5.97426507176e-05
1416	5.96744969891e-05
1417	5.96036967844e-05
1418	5.95320349138e-05
1419	5.94623784928e-05
1420	5.93962341151e-05
1421	5.93302053578e-05
1422	5.92619494932e-05
1423	5.91928034445e-05
1424	5.91249703939e-05
1425	5.90559981926e-05
1426	5.8986640519e-05
1427	5.89179054155e-05
1428	5.8855184804e-05
1429	5.87889443187e-05
1430	5.87225922074e-05
1431	5.86619036102e-05
1432	5.85951473777e-05
1433	5.85355144886e-05
1434	5.84692881784e-05
1435	5.84065133508e-05
1436	5.83457722129e-05
1437	5.82830949966e-05
1438	5.82185956925e-05
1439	5.81567746711e-05
1440	5.80928169873e-05
1441	5.80274071997e-05
1442	5.79612208515e-05
1443	5.78960331041e-05
1444	5.78312154904e-05
1445	5.77633778571e-05
1446	5.76988144484e-05
1447	5.7631467469e-05
1448	5.75633693345e-05
1449	5.749551951e-05
1450	5.74299677947e-05
1451	5.73623947059e-05
1452	5.72966582826e-05
1453	5.72351057788e-05
1454	5.71704560567e-05
1455	5.71108148367e-05
1456	5.70485169125e-05
1457	5.6989649975e-05
1458	5.69288763919e-05
1459	5.68684468052e-05
1460	5.6807170563e-05
1461	5.67483789047e-05
1462	5.66885513353e-05
1463	5.66287051554e-05
1464	5.65672929649e-05
1465	5.65045179472e-05
1466	5.64447341623e-05
1467	5.63812891826e-05
1468	5.63167126329e-05
1469	5.62553443128e-05
1470	5.61917859731e-05
1471	5.612614791e-05
1472	5.60644585959e-05
1473	5.60009780429e-05
1474	5.5934686234e-05
1475	5.58720464129e-05
1476	5.58069421549e-05
1477	5.57436999581e-05
1478	5.56837612265e-05
1479	5.56189817484e-05
1480	5.55611651834e-05
1481	5.55028701347e-05
1482	5.5443369373e-05
1483	5.53840873047e-05
1484	5.5327596759e-05
1485	5.5270688023e-05
1486	5.52117661285e-05
1487	5.51537718828e-05
1488	5.50937768511e-05
1489	5.50382223758e-05
1490	5.4979179662e-05
1491	5.49187479523e-05
1492	5.48592873889e-05
1493	5.48008499411e-05
1494	5.47410243531e-05
1495	5.4677581888e-05
1496	5.46182314647e-05
1497	5.45591621328e-05
1498	5.4496081262e-05
1499	5.44330990865e-05
1500	5.43732476899e-05
1501	5.43095359578e-05
1502	5.42481707716e-05
1503	5.41881356291e-05
1504	5.41274969469e-05
1505	5.40676932738e-05
1506	5.40122636992e-05
1507	5.39546326363e-05
1508	5.39002659129e-05
1509	5.38413337075e-05
1510	5.37894581936e-05
1511	5.37343736214e-05
1512	5.36770612149e-05
1513	5.36233207311e-05
1514	5.35670882509e-05
1515	5.35107881892e-05
1516	5.34557731086e-05
1517	5.33965428412e-05
1518	5.33388879154e-05
1519	5.32850374296e-05
1520	5.32266471822e-05
1521	5.3167389835e-05
1522	5.3111090548e-05
1523	5.3052731082e-05
1524	5.29926302681e-05
1525	5.29341757294e-05
1526	5.28748931518e-05
1527	5.28136619547e-05
1528	5.27558766941e-05
1529	5.2697747215e-05
1530	5.263854956e-05
1531	5.25833861648e-05
1532	5.25258688561e-05
1533	5.24737815316e-05
1534	5.24197484116e-05
1535	5.23650362844e-05
1536	5.23140859249e-05
1537	5.22609551089e-05
1538	5.22087295016e-05
1539	5.21565259797e-05
1540	5.2100019948e-05
1541	5.20477634746e-05
1542	5.19942600748e-05
1543	5.19394024528e-05
1544	5.18859102733e-05
1545	5.18299321952e-05
1546	5.17765604635e-05
1547	5.17203189834e-05
1548	5.16625018123e-05
1549	5.16100982257e-05
1550	5.15528895422e-05
1551	5.1493490908e-05
1552	5.14386882329e-05
1553	5.13823633519e-05
1554	5.13259946146e-05
1555	5.12681742e-05
1556	5.12153212408e-05
1557	5.11609503839e-05
1558	5.11071530036e-05
1559	5.10550896394e-05
1560	5.10043303109e-05
1561	5.09516535345e-05
1562	5.09001039342e-05
1563	5.08523842e-05
1564	5.07983425961e-05
1565	5.07486562891e-05
1566	5.0698587988e-05
1567	5.06483051012e-05
1568	5.0597183761e-05
1569	5.05451383561e-05
1570	5.0492776895e-05
1571	5.04400043756e-05
1572	5.03872787806e-05
1573	5.03334949213e-05
1574	5.02806387074e-05
1575	5.02250190799e-05
1576	5.01711395932e-05
1577	5.01179968215e-05
1578	5.00638261485e-05
1579	5.00086383735e-05
1580	4.99556557622e-05
1581	4.99031371877e-05
1582	4.9849955456e-05
1583	4.97961547776e-05
1584	4.97467292775e-05
1585	4.96979058919e-05
1586	4.96493520081e-05
1587	4.95980909152e-05
1588	4.95503287043e-05
1589	4.95039029942e-05
1590	4.94559812728e-05
1591	4.94070967084e-05
1592	4.93567752651e-05
1593	4.93097947488e-05
1594	4.92608285327e-05
1595	4.92092637121e-05
1596	4.91628332077e-05
1597	4.91104168411e-05
1598	4.90618509653e-05
1599	4.9009854175e-05
1600	4.89587835056e-05
1601	4.89063024922e-05
1602	4.88560054369e-05
1603	4.88035732072e-05
1604	4.87522200948e-05
1605	4.87007087746e-05
1606	4.86487266289e-05
1607	4.85953660232e-05
1608	4.85474837212e-05
1609	4.84938117736e-05
1610	4.8447370437e-05
1611	4.84005895337e-05
1612	4.83524328504e-05
1613	4.83076201373e-05
1614	4.82600521108e-05
1615	4.82148304447e-05
1616	4.81666983611e-05
1617	4.81200701095e-05
1618	4.80760028528e-05
1619	4.80280594072e-05
1620	4.79820982578e-05
1621	4.79339459117e-05
1622	4.78885713224e-05
1623	4.78390127842e-05
1624	4.77909526798e-05
1625	4.7741596751e-05
1626	4.76925952508e-05
1627	4.76438458041e-05
1628	4.75938175131e-05
1629	4.75461872606e-05
1630	4.7495343127e-05
1631	4.74440849138e-05
1632	4.73945742567e-05
1633	4.73445242553e-05
1634	4.72959197299e-05
1635	4.72517904835e-05
1636	4.72039551385e-05
1637	4.71581348994e-05
1638	4.71144337637e-05
1639	4.70685966959e-05
1640	4.70262888663e-05
1641	4.69813601138e-05
1642	4.69365539473e-05
1643	4.68913997524e-05
1644	4.6847073731e-05
1645	4.68041637594e-05
1646	4.67562184636e-05
1647	4.67115221747e-05
1648	4.66662155656e-05
1649	4.66216106256e-05
1650	4.65726575599e-05
1651	4.65277798735e-05
1652	4.64797444986e-05
1653	4.64319227593e-05
1654	4.63843684684e-05
1655	4.63363393787e-05
1656	4.6287473174e-05
1657	4.62389119727e-05
1658	4.619191875e-05
1659	4.61450380235e-05
1660	4.609812984e-05
1661	4.60558382595e-05
1662	4.60119372112e-05
1663	4.5969430266e-05
1664	4.59260016208e-05
1665	4.58834225989e-05
1666	4.5840555788e-05
1667	4.57984374938e-05
1668	4.57551486403e-05
1669	4.57137473903e-05
1670	4.56707135195e-05
1671	4.5627602425e-05
1672	4.55837864703e-05
1673	4.55377753032e-05
1674	4.54937652634e-05
1675	4.5448639633e-05
1676	4.5403159685e-05
1677	4.53554533742e-05
1678	4.530912663e-05
1679	4.52641459349e-05
1680	4.5217119331e-05
1681	4.51714474283e-05
1682	4.51227671904e-05
1683	4.50771608563e-05
1684	4.5031272539e-05
1685	4.49887848994e-05
1686	4.49462897845e-05
1687	4.49041366633e-05
1688	4.48626100151e-05
1689	4.4820520628e-05
1690	4.47728018075e-05
1691	4.47375742243e-05
1692	4.46986887682e-05
1693	4.46397833661e-05
1694	4.45911362287e-05
1695	4.45529859867e-05
1696	4.44940947121e-05
1697	4.44378968777e-05
1698	4.43835835345e-05
1699	4.43282992534e-05
1700	4.42730098301e-05
1701	4.42111094617e-05
1702	4.41463073142e-05
1703	4.40818644003e-05
1704	4.4021081494e-05
1705	4.39582033973e-05
1706	4.39009487987e-05
1707	4.38500999929e-05
1708	4.37934181183e-05
1709	4.37444094813e-05
1710	4.36935586065e-05
1711	4.36419103129e-05
1712	4.35925290801e-05
1713	4.35423776948e-05
1714	4.34928257532e-05
1715	4.34420911014e-05
1716	4.33895915735e-05
1717	4.33397968424e-05
1718	4.32885875918e-05
1719	4.323773236e-05
1720	4.31866285978e-05
1721	4.31341277683e-05
1722	4.3080344655e-05
1723	4.302797233e-05
1724	4.29765947969e-05
1725	4.29216435599e-05
1726	4.2868953543e-05
1727	4.28138594553e-05
1728	4.27605071714e-05
1729	4.27099975928e-05
1730	4.26603923131e-05
1731	4.2607562109e-05
1732	4.25602263711e-05
1733	4.25110786777e-05
1734	4.24640188283e-05
1735	4.2418906341e-05
1736	4.23754840271e-05
1737	4.23245092576e-05
1738	4.22803656467e-05
1739	4.22313811464e-05
1740	4.21826072858e-05
1741	4.21349894494e-05
1742	4.20896704363e-05
1743	4.20420776829e-05
1744	4.19948237378e-05
1745	4.19452132101e-05
1746	4.18948760287e-05
1747	4.18447688645e-05
1748	4.17923248315e-05
1749	4.17423702486e-05
1750	4.16924648696e-05
1751	4.16428274021e-05
1752	4.15901355145e-05
1753	4.15420367657e-05
1754	4.1492133574e-05
1755	4.14438587021e-05
1756	4.13975431484e-05
1757	4.1351959772e-05
1758	4.13066015924e-05
1759	4.12624117911e-05
1760	4.12176418316e-05
1761	4.11710728175e-05
1762	4.11283863771e-05
1763	4.10804958419e-05
1764	4.10332667904e-05
1765	4.09873624021e-05
1766	4.09399345094e-05
1767	4.08921549018e-05
1768	4.08428027726e-05
1769	4.07959914635e-05
1770	4.07469293093e-05
1771	4.06951508282e-05
1772	4.06456199386e-05
1773	4.05958079314e-05
1774	4.05474373344e-05
1775	4.04953058078e-05
1776	4.04441482525e-05
1777	4.03979619452e-05
1778	4.03518242068e-05
1779	4.03048752582e-05
1780	4.02619366937e-05
1781	4.02164130462e-05
1782	4.01700233581e-05
1783	4.01245867994e-05
1784	4.00800023724e-05
1785	4.00323187697e-05
1786	3.99864262612e-05
1787	3.99384742217e-05
1788	3.98893991506e-05
1789	3.98451411006e-05
1790	3.97921987457e-05
1791	3.97450300048e-05
1792	3.96943051756e-05
1793	3.96446800835e-05
1794	3.95951354766e-05
1795	3.95437213882e-05
1796	3.9493161012e-05
1797	3.94428458894e-05
1798	3.93918654913e-05
1799	3.93422645913e-05
1800	3.92964499067e-05
1801	3.92471141179e-05
1802	3.92035896087e-05
1803	3.91571937881e-05
1804	3.9109367722e-05
1805	3.90620251706e-05
1806	3.90143488189e-05
1807	3.89638797471e-05
1808	3.89189423645e-05
1809	3.88694396395e-05
1810	3.88193820842e-05
1811	3.87688035039e-05
1812	3.87190429359e-05
1813	3.86670174661e-05
1814	3.86144796197e-05
1815	3.85602404936e-05
1816	3.85064754449e-05
1817	3.8453653437e-05
1818	3.83995144429e-05
1819	3.83468732899e-05
1820	3.82960567263e-05
1821	3.82442168139e-05
1822	3.81959335969e-05
1823	3.81474870452e-05
1824	3.80997133312e-05
1825	3.8049914071e-05
1826	3.79993789097e-05
1827	3.79497732297e-05
1828	3.78990978323e-05
1829	3.78463438275e-05
1830	3.77945446363e-05
1831	3.77407012726e-05
1832	3.76870512072e-05
1833	3.76348476631e-05
1834	3.75757181683e-05
1835	3.75208088692e-05
1836	3.74628581456e-05
1837	3.74032503419e-05
1838	3.73437904466e-05
1839	3.72833327688e-05
1840	3.7231254189e-05
1841	3.71746799842e-05
1842	3.71229951984e-05
1843	3.7068835876e-05
1844	3.70168953892e-05
1845	3.69633558345e-05
1846	3.69110545667e-05
1847	3.68562378709e-05
1848	3.67987046513e-05
1849	3.67428909533e-05
1850	3.66842814697e-05
1851	3.66220204422e-05
1852	3.65575653192e-05
1853	3.64929268125e-05
1854	3.64259621694e-05
1855	3.6356014248e-05
1856	3.62859747736e-05
1857	3.62139640254e-05
1858	3.61462523712e-05
1859	3.60821082169e-05
1860	3.60238968256e-05
1861	3.59694308802e-05
1862	3.59137663309e-05
1863	3.58588295568e-05
1864	3.580186811e-05
1865	3.57431238073e-05
1866	3.56814066126e-05
1867	3.56189492179e-05
1868	3.55542275445e-05
1869	3.5486024354e-05
1870	3.54170299667e-05
1871	3.53471614234e-05
1872	3.52773547749e-05
1873	3.52130638053e-05
1874	3.5153971828e-05
1875	3.51012013857e-05
1876	3.50516636044e-05
1877	3.50030134626e-05
1878	3.49561715969e-05
1879	3.49069562626e-05
1880	3.48530032345e-05
1881	3.47992434573e-05
1882	3.47398702024e-05
1883	3.46793518517e-05
1884	3.46137378401e-05
1885	3.45475458642e-05
1886	3.44759626614e-05
1887	3.44019545756e-05
1888	3.43241566723e-05
1889	3.42390625651e-05
1890	3.41532890398e-05
1891	3.40935356958e-05
1892	3.40952272181e-05
1893	3.40433595276e-05
1894	3.39486085928e-05
1895	3.38939075716e-05
1896	3.38100055642e-05
1897	3.37899232295e-05
1898	3.37775731821e-05
1899	3.36782040384e-05
1900	3.36147188072e-05
1901	3.36139471026e-05
1902	3.35854224651e-05
1903	3.34876658035e-05
1904	3.34303739272e-05
1905	3.34096745455e-05
1906	3.34101282315e-05
1907	3.34058423839e-05
1908	3.33872168768e-05
1909	3.33487398495e-05
1910	3.32979078283e-05
1911	3.32387628092e-05
1912	3.31831992985e-05
1913	3.31305703631e-05
1914	3.30785346212e-05
1915	3.30331851006e-05
1916	3.29882623328e-05
1917	3.29410197439e-05
1918	3.28917680358e-05
1919	3.28413041534e-05
1920	3.27890406967e-05
1921	3.27355605961e-05
1922	3.26813170269e-05
1923	3.26288997786e-05
1924	3.25741375811e-05
1925	3.25197529913e-05
1926	3.24635232059e-05
1927	3.24072731052e-05
1928	3.23510895586e-05
1929	3.22920482499e-05
1930	3.22317176331e-05
1931	3.21734492548e-05
1932	3.21139768222e-05
1933	3.20535282342e-05
1934	3.19915783258e-05
1935	3.19279459941e-05
1936	3.18656323879e-05
1937	3.18000543695e-05
1938	3.17324617574e-05
1939	3.16661507859e-05
1940	3.15962072619e-05
1941	3.15294133143e-05
1942	3.14597748055e-05
1943	3.1388814905e-05
1944	3.13169771111e-05
1945	3.12439823841e-05
1946	3.11693068547e-05
1947	3.10911343204e-05
1948	3.10139503152e-05
1949	3.09345456499e-05
1950	3.08566143425e-05
1951	3.07738882832e-05
1952	3.06928235247e-05
1953	3.06082477905e-05
1954	3.05210891335e-05
1955	3.04328589947e-05
1956	3.03434212918e-05
1957	3.02527064428e-05
1958	3.01613601241e-05
1959	3.00661443735e-05
1960	2.99709459682e-05
1961	2.98735046847e-05
1962	2.97748547134e-05
1963	2.96727583154e-05
1964	2.9566848779e-05
1965	2.94599985077e-05
1966	2.93524189466e-05
1967	2.92413859534e-05
1968	2.91345700847e-05
1969	2.90256618044e-05
1970	2.89207415396e-05
1971	2.88182473937e-05
1972	2.87143894899e-05
1973	2.86069492255e-05
1974	2.84985955033e-05
1975	2.83904876272e-05
1976	2.82833949672e-05
1977	2.81810167236e-05
1978	2.8077562606e-05
1979	2.79697456704e-05
1980	2.786103703e-05
1981	2.77490926294e-05
1982	2.7648549051e-05
1983	2.7548789218e-05
1984	2.74484160936e-05
1985	2.73449925644e-05
1986	2.72392980395e-05
1987	2.71320497052e-05
1988	2.70223959522e-05
1989	2.69096178378e-05
1990	2.67991126998e-05
1991	2.6691984945e-05
1992	2.6581356755e-05
1993	2.64730651353e-05
1994	2.63603282035e-05
1995	2.62485211386e-05
1996	2.61305607195e-05
1997	2.60102891739e-05
1998	2.58951257579e-05
1999	2.57767172772e-05
2000	2.56566520109e-05
2001	2.55344158494e-05
2002	2.54074973078e-05
2003	2.53363324988e-05
2004	2.53845569521e-05
2005	2.52837235761e-05
2006	2.51381434242e-05
2007	2.50969589199e-05
2008	2.49626006598e-05
