1	0.0799140269003
2	0.0824272079154
3	0.0409113834819
4	0.00428287183807
5	0.00192697947331
6	0.00166199716092
7	0.00175735771922
8	0.00153840610657
9	0.00120671511322
10	0.000395493956336
11	0.000330606624122
12	0.000282614779777
13	0.00025607686879
14	0.000252766595953
15	0.000259156117211
16	0.000254462714427
17	0.0002450593155
18	0.000233237491205
19	0.000220171079801
20	0.00020858585828
21	0.000200342223744
22	0.000195526108129
23	0.000189535770214
24	0.000185377293956
25	0.000181633229429
26	0.000177518672308
27	0.00017375332747
28	0.000171106801264
29	0.00016878945975
30	0.000167250863815
31	0.000165618203817
32	0.0001643331477
33	0.000163538906255
34	0.000162716142858
35	0.000162512968541
36	8.14792856688e-05
37	8.13694690739e-05
38	8.1379949235e-05
39	8.13589073405e-05
40	8.14895487684e-05
41	8.17589353162e-05
42	8.21066835852e-05
43	8.25544754894e-05
44	8.28564745677e-05
45	8.31482093555e-05
46	8.33162346649e-05
47	8.3439793907e-05
48	8.3269401236e-05
49	8.34008958756e-05
50	8.34473637935e-05
51	8.34533644375e-05
52	8.35207690167e-05
53	8.35462160546e-05
54	8.3703662897e-05
55	8.38930840006e-05
56	8.41139866083e-05
57	8.44856844005e-05
58	8.49043721085e-05
59	8.52103041087e-05
60	8.52839847046e-05
61	8.52639326193e-05
62	8.57219838954e-05
63	8.60422260027e-05
64	8.62420757626e-05
65	8.6349342153e-05
66	8.64325086151e-05
67	8.65023155268e-05
68	8.64959132452e-05
69	8.63871159582e-05
70	8.63077115974e-05
71	8.61643688145e-05
72	8.60148095561e-05
73	8.59681562074e-05
74	8.59079114599e-05
75	8.58708005665e-05
76	8.57976507298e-05
77	8.57090710689e-05
78	8.55653390824e-05
79	8.54536074824e-05
80	8.52972170895e-05
81	8.5112041633e-05
82	8.49235694406e-05
83	8.47655286254e-05
84	8.45083785015e-05
85	8.42806926332e-05
86	8.40158010016e-05
87	8.37179825709e-05
88	8.34382710073e-05
89	8.30979175143e-05
90	8.27890369358e-05
91	8.24862095596e-05
92	8.21568665335e-05
93	8.18409443681e-05
94	8.14898926933e-05
95	8.10903155104e-05
96	8.08171796026e-05
97	8.03569384293e-05
98	8.00128474687e-05
99	7.96071444056e-05
100	7.91897451168e-05
101	7.88778782925e-05
102	7.84038331067e-05
103	7.79641571425e-05
104	7.75379809738e-05
105	7.71352524634e-05
106	7.66324837395e-05
107	7.62209771223e-05
108	7.580102738e-05
109	7.53973654289e-05
110	7.48740582913e-05
111	7.43885527234e-05
112	7.39707128584e-05
113	7.37142893936e-05
114	7.33776241878e-05
115	7.25334593955e-05
116	7.19925939771e-05
117	7.14009116348e-05
118	7.08745891317e-05
119	7.04065706059e-05
120	6.9999015431e-05
121	6.95753292613e-05
122	6.90914883858e-05
123	6.85980078836e-05
124	6.80985370174e-05
125	6.76082428809e-05
126	6.70911674772e-05
127	6.66026619387e-05
128	6.60752343683e-05
129	6.55162520202e-05
130	6.50090070992e-05
131	6.44658987702e-05
132	6.39372569968e-05
133	6.34058433859e-05
134	6.28739805054e-05
135	6.23649923378e-05
136	6.18703442844e-05
137	6.13876972306e-05
138	6.091678289e-05
139	6.0462633494e-05
140	6.00370170591e-05
141	5.95805456298e-05
142	5.91090982175e-05
143	5.85756700197e-05
144	5.80783888861e-05
145	5.76144517995e-05
146	5.70771568159e-05
147	5.6561616729e-05
148	5.59679282535e-05
149	5.53150979292e-05
150	5.45112866137e-05
151	5.378627904e-05
152	5.30848896758e-05
153	5.24697427375e-05
154	5.23516333357e-05
155	5.23409217978e-05
156	5.226990907e-05
157	5.21125901846e-05
158	5.18365494083e-05
159	5.1584705963e-05
160	5.12939062993e-05
161	5.10034778351e-05
162	5.07234391628e-05
163	5.04596058934e-05
164	5.01882510947e-05
165	4.99225259474e-05
166	4.96603720635e-05
167	4.93936043949e-05
168	4.91503345369e-05
169	4.89035144803e-05
170	4.86838702127e-05
171	4.84812283805e-05
172	4.83064507426e-05
173	4.81495225408e-05
174	4.79998700425e-05
175	4.78459437218e-05
176	4.76910797817e-05
177	4.76809745368e-05
178	4.76525105945e-05
179	4.75945260588e-05
180	4.75550855388e-05
181	4.75566439821e-05
182	4.75328546195e-05
183	4.75175373159e-05
184	4.7526385268e-05
185	4.75112877186e-05
186	4.7563007232e-05
187	4.75829248692e-05
188	4.76204127259e-05
189	4.76832493135e-05
190	4.77876120013e-05
191	4.78698550059e-05
192	4.79746637784e-05
193	4.80688421232e-05
194	4.81911025791e-05
195	4.83225717525e-05
196	4.84623258286e-05
197	4.86017952931e-05
198	4.87697069873e-05
199	4.89213599042e-05
200	4.90978963325e-05
201	4.9276105914e-05
202	4.94889909313e-05
203	4.96983122892e-05
204	4.98869573451e-05
205	5.00908816264e-05
206	5.03039307991e-05
207	5.05177620131e-05
208	5.07302662356e-05
209	5.09488020086e-05
210	5.11633754015e-05
211	5.13783482201e-05
212	5.15823289002e-05
213	5.17849825457e-05
214	5.19955396532e-05
215	5.21789665295e-05
216	5.23743481577e-05
217	5.25317127894e-05
218	5.2730014972e-05
219	5.28789995985e-05
220	5.3042843313e-05
221	5.32145509444e-05
222	5.33721212611e-05
223	5.35067624735e-05
224	5.36313253923e-05
225	5.37727801479e-05
226	5.38805347802e-05
227	5.40307680058e-05
228	5.41377481666e-05
229	5.42655883583e-05
230	5.43633342952e-05
231	5.44445360285e-05
232	5.45247551624e-05
233	5.46116609629e-05
234	5.47377399641e-05
235	5.48133152345e-05
236	5.49066180802e-05
237	5.49842325103e-05
238	5.5024830616e-05
239	5.50682139412e-05
240	5.51256068611e-05
241	5.51794486812e-05
242	5.52258308317e-05
243	5.52736031592e-05
244	5.52929060818e-05
245	5.53231143784e-05
246	5.5387491962e-05
247	5.53713259784e-05
248	5.53808526962e-05
249	5.54230501273e-05
250	5.53924948559e-05
251	5.54136775629e-05
252	5.54452521089e-05
253	5.54376920251e-05
254	5.54708260418e-05
255	5.54954015651e-05
256	5.5520523515e-05
257	5.55192676116e-05
258	5.55488010874e-05
259	5.55763308323e-05
260	5.55971524845e-05
261	5.56219039251e-05
262	5.56262099217e-05
263	5.57049689226e-05
264	5.57814599097e-05
265	5.58074960018e-05
266	5.58813660179e-05
267	5.59269250324e-05
268	5.60758286986e-05
269	5.60981907978e-05
270	5.62525754717e-05
271	5.63679760236e-05
272	5.64618307967e-05
273	5.66598574781e-05
274	5.67423993561e-05
275	5.68038833341e-05
276	5.68448267548e-05
277	5.72162178518e-05
278	5.75722089911e-05
279	5.79478515953e-05
280	5.82739807269e-05
281	5.84867071361e-05
282	5.86783697296e-05
283	5.88270854517e-05
284	5.89720948143e-05
285	5.90135592702e-05
286	5.91137590053e-05
287	5.91759121522e-05
288	5.92161262419e-05
289	5.92241621427e-05
290	5.92607345276e-05
291	5.92643531949e-05
292	5.92786511207e-05
293	5.92632345946e-05
294	5.92141436663e-05
295	5.92315775126e-05
296	5.92022923008e-05
297	5.91415462862e-05
298	5.91578879709e-05
299	5.90839051741e-05
300	5.90250763934e-05
301	5.90256008137e-05
302	5.89369657319e-05
303	5.89090503525e-05
304	5.88006318589e-05
305	5.87828400957e-05
306	5.87613284049e-05
307	5.86778390598e-05
308	5.86246592997e-05
309	5.85769854561e-05
310	5.8513342004e-05
311	5.84679607516e-05
312	5.83938401969e-05
313	5.8309400694e-05
314	5.82593675835e-05
315	5.82266683094e-05
316	5.81453974627e-05
317	5.80784138654e-05
318	5.79277428384e-05
319	5.79447598606e-05
320	5.78532828239e-05
321	5.77250632743e-05
322	5.76880892199e-05
323	5.75851518146e-05
324	5.75460594214e-05
325	5.74196270317e-05
326	5.72992714144e-05
327	5.72058518887e-05
328	5.70563334383e-05
329	5.69083272837e-05
330	5.6728711011e-05
331	5.64829265945e-05
332	5.61825737416e-05
333	5.57320045866e-05
334	5.50576174885e-05
335	5.40552096452e-05
336	5.33553841092e-05
337	5.35663943321e-05
338	5.4295358036e-05
339	5.49318672059e-05
340	5.5450430405e-05
341	5.58120686479e-05
342	5.60438781094e-05
343	5.62251287872e-05
344	5.63751452272e-05
345	5.64266300127e-05
346	5.64894656204e-05
347	5.65261392216e-05
348	5.64376043426e-05
349	5.62777441378e-05
350	5.59122949557e-05
351	5.57197173085e-05
352	5.58750184543e-05
353	5.59776704865e-05
354	5.60243297424e-05
355	5.60329550267e-05
356	5.58449104178e-05
357	5.52521041343e-05
358	5.48882900653e-05
359	5.4629104787e-05
360	5.51567061657e-05
361	5.54226690314e-05
362	5.55490232864e-05
363	5.52923191753e-05
364	5.48220355336e-05
365	5.5103628291e-05
366	5.43662461673e-05
367	5.4816892361e-05
368	5.50965069133e-05
369	5.49645585848e-05
370	5.47895548778e-05
371	5.49439632777e-05
372	5.36352864777e-05
373	5.46096636633e-05
374	5.48113322346e-05
375	5.4551937817e-05
376	5.48584457909e-05
377	5.39354121768e-05
378	5.46546819779e-05
379	5.37100603133e-05
380	5.44861652849e-05
381	5.3660142127e-05
382	5.44325050314e-05
383	5.2758411202e-05
384	5.41666604999e-05
385	5.41481217303e-05
386	5.44459727016e-05
387	5.44898873256e-05
388	5.33141207758e-05
389	5.4290496394e-05
390	5.44067986921e-05
391	5.2995350361e-05
392	5.41840054771e-05
393	5.44233056899e-05
394	5.42717812108e-05
395	5.35629398697e-05
396	5.42506383418e-05
397	5.45036654206e-05
398	5.44932265778e-05
399	5.43779057976e-05
400	5.41755332891e-05
401	5.36017783679e-05
402	5.17878911615e-05
403	5.30251517351e-05
404	5.35774858515e-05
405	5.37957780754e-05
406	5.38274532892e-05
407	5.36186487447e-05
408	5.27941487824e-05
409	5.25273081347e-05
410	5.34852563335e-05
411	5.4021583796e-05
412	5.43498425899e-05
413	5.45835665172e-05
414	5.46802087759e-05
415	5.45478661269e-05
416	5.4059977524e-05
417	5.36780261071e-05
418	5.42992518878e-05
419	5.46163955336e-05
420	5.45338747253e-05
421	5.34380538902e-05
422	5.40724835627e-05
423	5.45924405185e-05
424	5.44538533217e-05
425	5.28524455317e-05
426	5.42322723611e-05
427	5.44897096746e-05
428	5.27513492681e-05
429	5.41767393695e-05
430	5.44250997288e-05
431	5.2772494289e-05
432	5.4281373357e-05
433	5.4238924815e-05
434	5.42569878957e-05
435	5.4553903067e-05
436	5.26027403099e-05
437	5.42521690445e-05
438	5.38113996849e-05
439	5.443211308e-05
440	5.41526960611e-05
441	5.44027306968e-05
442	5.42998966558e-05
443	5.43686239867e-05
444	5.42937048204e-05
445	5.42649565698e-05
446	5.42226624623e-05
447	5.42251192611e-05
448	5.41655799526e-05
449	5.42639705124e-05
450	5.40851260934e-05
451	5.42662695429e-05
452	5.3970801735e-05
453	5.42693139284e-05
454	5.38815440196e-05
455	5.42484480771e-05
456	5.3825764089e-05
457	5.41979243716e-05
458	5.3623500596e-05
459	5.41699185235e-05
460	5.3383998439e-05
461	5.41057804104e-05
462	5.31677385029e-05
463	5.39926181314e-05
464	5.30319442136e-05
465	5.39690819075e-05
466	5.29145477372e-05
467	5.38847111526e-05
468	5.2881970306e-05
469	5.38443342137e-05
470	5.28913190358e-05
471	5.37989308456e-05
472	5.29293096226e-05
473	5.37873724271e-05
474	5.29973910253e-05
475	5.37649611044e-05
476	5.30060431227e-05
477	5.36726124375e-05
478	5.30979132304e-05
479	5.36205525183e-05
480	5.31782282186e-05
481	5.35313652106e-05
482	5.30677009901e-05
483	5.34166159956e-05
484	5.30168004917e-05
485	5.32631707593e-05
486	5.30087778791e-05
487	5.30767251169e-05
488	5.3079019693e-05
489	5.27396445606e-05
490	5.30796979297e-05
491	5.18887937295e-05
492	5.2919716595e-05
493	5.18446752451e-05
494	5.28229246199e-05
495	5.25181296934e-05
496	5.25864016138e-05
497	5.29536331902e-05
498	5.17718128753e-05
499	5.26862335595e-05
500	5.27120308687e-05
501	5.20745029219e-05
502	5.27565207253e-05
503	5.23566449962e-05
504	5.20179513006e-05
505	5.28327380301e-05
506	5.24191292097e-05
507	5.23198380715e-05
508	5.27431516734e-05
509	5.12083286802e-05
510	5.24419580766e-05
511	5.20637611855e-05
512	5.22008041556e-05
513	5.22537762478e-05
514	5.15578698306e-05
515	5.2171794494e-05
516	4.94580294208e-05
517	5.16536339756e-05
518	5.09297698298e-05
519	5.17444431115e-05
520	5.13128063342e-05
521	5.16164524301e-05
522	5.10916944157e-05
523	5.14219956831e-05
524	5.08946067294e-05
525	5.12065450472e-05
526	5.06896035119e-05
527	5.09828060682e-05
528	4.99582384026e-05
529	5.06783472887e-05
530	4.82654410814e-05
531	5.00836736442e-05
532	4.93144423111e-05
533	4.99114133488e-05
534	4.95341369805e-05
535	4.93978879461e-05
536	4.94102889535e-05
537	4.89181070143e-05
538	4.91352963766e-05
539	4.75249922509e-05
540	4.86062346097e-05
541	4.78899748982e-05
542	4.80592827404e-05
543	4.79358390211e-05
544	4.75346519183e-05
545	4.77592699601e-05
546	4.521663719e-05
547	4.70491632832e-05
548	4.66398617971e-05
549	4.65081394855e-05
550	4.66415052403e-05
551	4.55344895842e-05
552	4.62319161065e-05
553	4.55194723375e-05
554	4.5446393724e-05
555	4.55072955356e-05
556	4.44077269772e-05
557	4.51445007318e-05
558	4.44943086954e-05
559	4.42870964076e-05
560	4.44599994922e-05
561	4.29285059416e-05
562	4.37492289438e-05
563	4.3557875287e-05
564	4.29248784523e-05
565	4.33947648081e-05
566	4.26568866718e-05
567	4.24615675374e-05
568	4.26361430119e-05
569	4.17638965933e-05
570	4.18099949347e-05
571	4.19053852886e-05
572	4.08312256818e-05
573	4.11849865111e-05
574	4.11752928932e-05
575	3.97308577822e-05
576	4.04338799707e-05
577	4.04288119386e-05
578	3.88136900624e-05
579	3.96993426141e-05
580	3.97212165507e-05
581	3.8408270174e-05
582	3.90155813873e-05
583	3.90875884104e-05
584	3.80699363383e-05
585	3.83348640778e-05
586	3.84036451377e-05
587	3.75932266744e-05
588	3.7660243476e-05
589	3.78152288976e-05
590	3.71209605687e-05
591	3.70581473058e-05
592	3.72778806273e-05
593	3.66650522913e-05
594	3.62163185769e-05
595	3.64429456665e-05
596	3.61317186635e-05
597	3.51711461122e-05
598	3.55778933954e-05
599	3.55614831352e-05
600	3.43307840864e-05
601	3.4860701747e-05
602	3.50081615768e-05
603	3.41812629871e-05
604	3.44857156704e-05
605	3.46889545681e-05
606	3.40505889679e-05
607	3.44801589802e-05
608	3.47023467689e-05
609	3.39204856937e-05
610	3.47081659665e-05
611	3.52830706305e-05
612	3.53877964157e-05
613	3.49347456389e-05
614	3.33661958336e-05
615	3.32590572825e-05
616	3.19032800439e-05
617	3.08363019865e-05
618	3.11111191589e-05
619	3.11447500689e-05
620	3.11610372558e-05
621	3.03768026021e-05
622	3.01690059006e-05
623	3.01504223733e-05
624	3.01652167309e-05
625	2.93977865875e-05
626	2.91333140864e-05
627	2.9094050764e-05
628	2.90074529009e-05
629	2.84320977983e-05
630	2.80806593861e-05
631	2.8030899422e-05
632	2.78845454407e-05
633	2.74952538964e-05
634	2.69864879404e-05
635	2.69033295283e-05
636	2.6720787373e-05
637	2.63129072704e-05
638	2.58561566142e-05
639	2.57088454476e-05
640	2.55375320986e-05
641	2.48220048208e-05
642	2.47558718345e-05
643	2.4571071916e-05
644	2.43027658865e-05
645	2.38154143436e-05
646	2.37095203118e-05
647	2.35509841551e-05
648	2.299340444e-05
649	2.27968083708e-05
650	2.25560078449e-05
651	2.20740157914e-05
652	2.18337060361e-05
653	2.14204266704e-05
654	2.11978521987e-05
655	2.09126507499e-05
656	2.03735296226e-05
657	2.01369247189e-05
658	1.97268887085e-05
659	1.94352794979e-05
660	1.91653509163e-05
661	1.87050898966e-05
662	1.83823190771e-05
663	1.78853712805e-05
664	1.75469066823e-05
665	1.7010349216e-05
666	1.66358337061e-05
667	1.6116402846e-05
668	1.58183151218e-05
669	1.53773443605e-05
670	1.50107871305e-05
671	1.44002754759e-05
672	1.38675776616e-05
673	1.33848482378e-05
674	1.2920493164e-05
675	1.2261825431e-05
676	1.14950721359e-05
677	1.08792777817e-05
678	1.03220698117e-05
679	9.90158601697e-06
680	9.5787245932e-06
681	9.54684412755e-06
682	9.64627871258e-06
683	9.74710659845e-06
684	9.93512244755e-06
685	1.00325941947e-05
686	1.01115207199e-05
687	1.02979375834e-05
688	1.03465186889e-05
689	1.06129401053e-05
690	1.11208856339e-05
691	1.14490626199e-05
692	1.17470322746e-05
693	1.22686765794e-05
694	1.2578214257e-05
695	1.28858365112e-05
696	1.33939411129e-05
697	1.37451352913e-05
698	1.40968706374e-05
699	1.44095604612e-05
700	1.47292952262e-05
701	1.49062470842e-05
702	1.49546858663e-05
703	1.53121772962e-05
704	1.54717201878e-05
705	1.56050025177e-05
706	1.56512555821e-05
707	1.59121365598e-05
708	1.59847636619e-05
709	1.60340652565e-05
710	1.59700699879e-05
711	1.62244476726e-05
712	1.63453639151e-05
713	1.63475582709e-05
714	1.63227245504e-05
715	1.6382149732e-05
716	1.65187725899e-05
717	1.65058954372e-05
718	1.64908130883e-05
719	1.63733406454e-05
720	1.65099823064e-05
721	1.66194693171e-05
722	1.65814599518e-05
723	1.65535981553e-05
724	1.64292376676e-05
725	1.6536542296e-05
726	1.65997696416e-05
727	1.65785490518e-05
728	1.6498524407e-05
729	1.64741259949e-05
730	1.62768719993e-05
731	1.63514161415e-05
732	1.64236480839e-05
733	1.6486746001e-05
734	1.65475504514e-05
735	1.65755409821e-05
736	1.6565717435e-05
737	1.65453672471e-05
738	1.6523650161e-05
739	1.64755544351e-05
740	1.64184790735e-05
741	1.62959094437e-05
742	1.63591657916e-05
743	1.64620566454e-05
744	1.63704130076e-05
745	1.62171118532e-05
746	1.62501030578e-05
747	1.62026683915e-05
748	1.59868625444e-05
749	1.60221349993e-05
750	1.58929316654e-05
751	1.57673746298e-05
752	1.57085207242e-05
753	1.54673078166e-05
754	1.55397489714e-05
755	1.52692903029e-05
756	1.52425957348e-05
757	1.49269169689e-05
758	1.4872460244e-05
759	1.4632574949e-05
760	1.44885172835e-05
761	1.43748310008e-05
762	1.39624291298e-05
763	1.37993205352e-05
764	1.35359864474e-05
765	1.32260683871e-05
766	1.28317982501e-05
767	1.25103592437e-05
768	1.21989074329e-05
769	1.21329179778e-05
770	1.20361427829e-05
771	1.1982232398e-05
772	1.18687660374e-05
773	1.18129376012e-05
774	1.17420408736e-05
775	1.17121895232e-05
776	1.17131862769e-05
777	1.16054328247e-05
778	1.15678586315e-05
779	1.14359407012e-05
780	1.13249892291e-05
781	1.12174922916e-05
782	1.11077173401e-05
783	1.09406613284e-05
784	1.08093888654e-05
785	1.06588337201e-05
786	1.05307169043e-05
787	1.04047837531e-05
788	1.02479735353e-05
789	1.00644660351e-05
790	9.86777124901e-06
791	9.72359616626e-06
792	9.62374845017e-06
793	9.51261376454e-06
794	9.39601298211e-06
795	9.32237893441e-06
796	9.28343744563e-06
797	9.1407591488e-06
798	1.7103852638e-05
799	8.73019840294e-06
800	1.61147054315e-05
801	1.50303739309e-05
802	1.32542013517e-05
803	1.24131374906e-05
804	6.57134228533e-06
805	6.50389129861e-06
806	6.45333625758e-06
807	6.43391305381e-06
808	6.40186658102e-06
809	6.39036807976e-06
810	6.37369930435e-06
811	6.37321229433e-06
812	6.36596474101e-06
813	6.3719049723e-06
814	6.36973518705e-06
815	6.3772851719e-06
816	6.38221238398e-06
817	6.38643180199e-06
818	6.39681709093e-06
819	6.40211304156e-06
820	6.40987589466e-06
821	6.42124661939e-06
822	6.42854987279e-06
823	6.4368335112e-06
824	6.44912904784e-06
825	6.45909727568e-06
826	6.4668442104e-06
827	6.47854915112e-06
828	6.49112261445e-06
829	6.50053424886e-06
830	6.50989341005e-06
831	6.52209718879e-06
832	6.53469264367e-06
833	6.54450501497e-06
834	6.5537686144e-06
835	6.56550803948e-06
836	6.57854041066e-06
837	6.58968151213e-06
838	6.59883151954e-06
839	6.60886188511e-06
840	6.62117812895e-06
841	6.63371442261e-06
842	6.64437538791e-06
843	6.6535133009e-06
844	6.66361182368e-06
845	6.67553179414e-06
846	6.68771073473e-06
847	6.69866225897e-06
848	6.70783500985e-06
849	6.71702634882e-06
850	6.72786175133e-06
851	6.7399721864e-06
852	6.7517739821e-06
853	6.76202871413e-06
854	6.77087855539e-06
855	6.78011981248e-06
856	6.79070024095e-06
857	6.80235310685e-06
858	6.8138416027e-06
859	6.82383882031e-06
860	6.83286277533e-06
861	6.84149703172e-06
862	6.85108319999e-06
863	6.8616825519e-06
864	6.87304914005e-06
865	6.88346691992e-06
866	6.89270860068e-06
867	6.90101793257e-06
868	6.90919649922e-06
869	6.91840796667e-06
870	6.92872181522e-06
871	6.93944930672e-06
872	6.94942595979e-06
873	6.95817436817e-06
874	6.96608759434e-06
875	6.97376425818e-06
876	6.9819176916e-06
877	6.99135201988e-06
878	7.00131635278e-06
879	7.0114977738e-06
880	7.020324499e-06
881	7.02813164512e-06
882	7.03524006608e-06
883	7.04252537243e-06
884	7.05053980967e-06
885	7.05972933068e-06
886	7.06905607915e-06
887	7.07837447648e-06
888	7.08681474847e-06
889	7.09405757596e-06
890	7.10082253009e-06
891	7.1073807311e-06
892	7.11454510369e-06
893	7.12267989697e-06
894	7.1314246238e-06
895	7.14011005838e-06
896	7.14823555295e-06
897	7.15530320527e-06
898	7.16170853075e-06
899	7.16741105657e-06
900	7.17355681414e-06
901	7.18032987554e-06
902	7.18805822867e-06
903	7.19619731036e-06
904	7.20400964081e-06
905	7.21125587805e-06
906	7.21744216362e-06
907	7.22301868862e-06
908	7.22838181218e-06
909	7.23363022825e-06
910	7.23954879566e-06
911	7.24646281754e-06
912	7.25359687928e-06
913	7.26102698043e-06
914	7.26753569227e-06
915	7.27332393746e-06
916	7.27821721149e-06
917	7.28280126588e-06
918	7.2873951797e-06
919	7.29221842507e-06
920	7.29790091758e-06
921	7.3041119796e-06
922	7.3108011083e-06
923	7.31694507878e-06
924	7.32251899997e-06
925	7.3271752602e-06
926	7.33128455242e-06
927	7.33510897096e-06
928	7.33871079964e-06
929	7.34285812916e-06
930	7.34795337203e-06
931	7.35328951706e-06
932	7.3589840618e-06
933	7.36429086283e-06
934	7.36892893641e-06
935	7.37306232266e-06
936	7.37632211143e-06
937	7.37920680352e-06
938	7.38209993701e-06
939	7.38531543316e-06
940	7.38927754358e-06
941	7.39386107207e-06
942	7.39861789347e-06
943	7.40315312855e-06
944	7.40707673301e-06
945	7.4103750319e-06
946	7.41298688096e-06
947	7.41492724361e-06
948	7.41694482069e-06
949	7.41929518575e-06
950	7.42211424533e-06
951	7.42534288735e-06
952	7.42905713078e-06
953	7.43272096266e-06
954	7.43602639297e-06
955	7.43895216015e-06
956	7.44097621303e-06
957	7.44238936766e-06
958	7.4435720728e-06
959	7.44464864074e-06
960	7.44608969056e-06
961	7.44804786698e-06
962	7.45047612014e-06
963	7.45309844424e-06
964	7.45584208614e-06
965	7.45834446363e-06
966	7.46009981105e-06
967	7.46094217299e-06
968	7.46139726857e-06
969	7.46151935143e-06
970	7.46162312881e-06
971	7.4620764738e-06
972	7.4631183395e-06
973	7.46467563032e-06
974	7.46634505481e-06
975	7.46799069773e-06
976	7.46953386866e-06
977	7.47037977266e-06
978	7.47049959437e-06
979	7.4699229194e-06
980	7.46918350529e-06
981	7.46827752312e-06
982	7.46780084831e-06
983	7.46747057649e-06
984	7.4680052407e-06
985	7.46881565201e-06
986	7.46950731184e-06
987	7.46995222119e-06
988	7.47006895731e-06
989	7.4691916873e-06
990	7.46787671839e-06
991	7.46631180399e-06
992	7.46430011002e-06
993	7.46299084368e-06
994	7.46167913779e-06
995	7.46104495609e-06
996	7.46066367498e-06
997	7.46053344657e-06
998	7.46040926874e-06
999	7.45966168637e-06
1000	7.45825285694e-06
1001	7.4564371392e-06
1002	7.45410447456e-06
1003	7.45145844731e-06
1004	7.44879905859e-06
1005	7.44648017778e-06
1006	7.4447980907e-06
1007	7.44341073675e-06
1008	7.44236141382e-06
1009	7.44140252211e-06
1010	7.44024218634e-06
1011	7.43841290842e-06
1012	7.43603857005e-06
1013	7.43304848319e-06
1014	7.42969966828e-06
1015	7.4263292227e-06
1016	7.42316563983e-06
1017	7.42035337213e-06
1018	7.41773866489e-06
1019	7.41558095308e-06
1020	7.41419023576e-06
1021	7.41235939658e-06
1022	7.41023029824e-06
1023	7.40747784891e-06
1024	7.40418143558e-06
1025	7.40072683416e-06
1026	7.39644489881e-06
1027	7.39255082418e-06
1028	7.38871803299e-06
1029	7.38527775246e-06
1030	7.38236899686e-06
1031	7.37979915889e-06
1032	7.37725625148e-06
1033	7.37492276933e-06
1034	7.37204761295e-06
1035	7.36856310101e-06
1036	7.36473709389e-06
1037	7.36031711798e-06
1038	7.3557251541e-06
1039	7.35122249791e-06
1040	7.34681061168e-06
1041	7.34280892488e-06
1042	7.33935389573e-06
1043	7.33637894778e-06
1044	7.33318156025e-06
1045	7.33015267976e-06
1046	7.32665450916e-06
1047	7.32264126893e-06
1048	7.31821437533e-06
1049	7.31343964722e-06
1050	7.30823807608e-06
1051	7.30317282249e-06
1052	7.29835631944e-06
1053	7.29387064042e-06
1054	7.28980495483e-06
1055	7.28629381695e-06
1056	7.28272026629e-06
1057	7.27917721434e-06
1058	7.2751679541e-06
1059	7.27081048065e-06
1060	7.26598329681e-06
1061	7.26068080694e-06
1062	7.25519466075e-06
1063	7.24969170376e-06
1064	7.24428972672e-06
1065	7.23941190408e-06
1066	7.23495195312e-06
1067	7.23089696386e-06
1068	7.22694168693e-06
1069	7.22270243027e-06
1070	7.21848589421e-06
1071	7.21375126153e-06
1072	7.20851167162e-06
1073	7.20327522992e-06
1074	7.19713781315e-06
1075	7.19117621608e-06
1076	7.18556258429e-06
1077	7.1801649064e-06
1078	7.17502525735e-06
1079	7.17046024775e-06
1080	7.16605937422e-06
1081	7.1617512704e-06
1082	7.15718103321e-06
1083	7.15225781693e-06
1084	7.14682256623e-06
1085	7.14095276034e-06
1086	7.13479517871e-06
1087	7.12869472651e-06
1088	7.12265941512e-06
1089	7.11682410962e-06
1090	7.11112432455e-06
1091	7.10601569022e-06
1092	7.10120585355e-06
1093	7.09653521491e-06
1094	7.09171055153e-06
1095	7.08658517513e-06
1096	7.08117173434e-06
1097	7.07537543987e-06
1098	7.06899293643e-06
1099	7.06269277113e-06
1100	7.05621219189e-06
1101	7.04971033818e-06
1102	7.04384928281e-06
1103	7.03813199455e-06
1104	7.03287014268e-06
1105	7.02788192178e-06
1106	7.02296799601e-06
1107	7.0178140934e-06
1108	7.01212810669e-06
1109	7.00634169012e-06
1110	7.00000587645e-06
1111	6.99364110345e-06
1112	6.98673109425e-06
1113	6.98013110797e-06
1114	6.97357079662e-06
1115	6.96756072857e-06
1116	6.96200728708e-06
1117	6.95628247152e-06
1118	6.95111423498e-06
1119	6.94581971369e-06
1120	6.94031327786e-06
1121	6.93455174095e-06
1122	6.92842637468e-06
1123	6.92197379063e-06
1124	6.91508293812e-06
1125	6.9083170456e-06
1126	6.90149368504e-06
1127	6.89488435724e-06
1128	6.8886198132e-06
1129	6.88259502842e-06
1130	6.87698553034e-06
1131	6.87155480116e-06
1132	6.86609779943e-06
1133	6.86030989246e-06
1134	6.85432927027e-06
1135	6.84815557025e-06
1136	6.84154430939e-06
1137	6.83444696304e-06
1138	6.82773278184e-06
1139	6.82076741947e-06
1140	6.81379492547e-06
1141	6.80745661227e-06
1142	6.80135732177e-06
1143	6.79544594048e-06
1144	6.78977170303e-06
1145	6.78407153451e-06
1146	6.77834214179e-06
1147	6.77233707758e-06
1148	6.76604198458e-06
1149	6.7595655553e-06
1150	6.75273965982e-06
1151	6.74583094402e-06
1152	6.73876653964e-06
1153	6.73183501452e-06
1154	6.72514449411e-06
1155	6.71856491922e-06
1156	6.71261675957e-06
1157	6.7067490842e-06
1158	6.70090885455e-06
1159	6.69495527999e-06
1160	6.68929769892e-06
1161	6.68307049888e-06
1162	6.6766359901e-06
1163	6.6699700604e-06
1164	6.66311251367e-06
1165	6.65595554e-06
1166	6.64898146243e-06
1167	6.64213861813e-06
1168	6.63540338205e-06
1169	6.62904430507e-06
1170	6.62290111361e-06
1171	6.61725412206e-06
1172	6.61134974937e-06
1173	6.60557399544e-06
1174	6.5996945994e-06
1175	6.59361987282e-06
1176	6.58728282503e-06
1177	6.58064752322e-06
1178	6.5737804397e-06
1179	6.56683919059e-06
1180	6.55967889464e-06
1181	6.55299423669e-06
1182	6.54620393195e-06
1183	6.53979232689e-06
1184	6.5335723688e-06
1185	6.52740690176e-06
1186	6.52170872399e-06
1187	6.51587856077e-06
1188	6.5099116287e-06
1189	6.50376239115e-06
1190	6.49749063283e-06
1191	6.49088476144e-06
1192	6.48416935035e-06
1193	6.47739654589e-06
1194	6.47038070907e-06
1195	6.4633289701e-06
1196	6.4564691873e-06
1197	6.44996084578e-06
1198	6.44348558598e-06
1199	6.43731526826e-06
1200	6.43128497423e-06
1201	6.42527789091e-06
1202	6.41921896826e-06
1203	6.41327858684e-06
1204	6.40718761343e-06
1205	6.40085443175e-06
1206	6.39421942504e-06
1207	6.38738344358e-06
1208	6.38054275071e-06
1209	6.37365791881e-06
1210	6.36670605615e-06
1211	6.35998416283e-06
1212	6.35334538586e-06
1213	6.34683517543e-06
1214	6.3405588272e-06
1215	6.33457295723e-06
1216	6.32856153755e-06
1217	6.32258594265e-06
1218	6.31656738837e-06
1219	6.31062244e-06
1220	6.30432607736e-06
1221	6.29799395535e-06
1222	6.29140478599e-06
1223	6.2845360232e-06
1224	6.27783026153e-06
1225	6.2711415068e-06
1226	6.26433968864e-06
1227	6.25761574452e-06
1228	6.25101846141e-06
1229	6.24490555997e-06
1230	6.23883561734e-06
1231	6.23291579805e-06
1232	6.22716149729e-06
1233	6.22118139744e-06
1234	6.21539321182e-06
1235	6.20943674728e-06
1236	6.20342609957e-06
1237	6.19715731382e-06
1238	6.19082191216e-06
1239	6.1843469336e-06
1240	6.1777351567e-06
1241	6.1710914075e-06
1242	6.16449778859e-06
1243	6.15800160494e-06
1244	6.15170266079e-06
1245	6.1457311143e-06
1246	6.13977512204e-06
1247	6.13380104703e-06
1248	6.12832009463e-06
1249	6.12269058023e-06
1250	6.11705838333e-06
1251	6.11142828367e-06
1252	6.10563859064e-06
1253	6.09978721509e-06
1254	6.09384706223e-06
1255	6.08779767778e-06
1256	6.08164571356e-06
1257	6.07526427356e-06
1258	6.06905507372e-06
1259	6.06286809651e-06
1260	6.05680198598e-06
1261	6.05081827148e-06
1262	6.04502346978e-06
1263	6.03953846203e-06
1264	6.03383938288e-06
1265	6.02858527822e-06
1266	6.0232331938e-06
1267	6.01808310894e-06
1268	6.01268304171e-06
1269	6.00755527716e-06
1270	6.00187217717e-06
1271	5.99634881526e-06
1272	5.99067349684e-06
1273	5.98489524523e-06
1274	5.97914104229e-06
1275	5.97332794439e-06
1276	5.96753356218e-06
1277	5.96167709882e-06
1278	5.95609051695e-06
1279	5.95035210114e-06
1280	5.9450465644e-06
1281	5.93989438684e-06
1282	5.93460934052e-06
1283	5.92959174776e-06
1284	5.92449376571e-06
1285	5.9195241751e-06
1286	5.91466222983e-06
1287	5.90955342827e-06
1288	5.90437724394e-06
1289	5.89909038163e-06
1290	5.89377786231e-06
1291	5.8882565469e-06
1292	5.88283156281e-06
1293	5.8771937004e-06
1294	5.87164720969e-06
1295	5.86601192242e-06
1296	5.86058039959e-06
1297	5.85525329604e-06
1298	5.84981692146e-06
1299	5.8447460564e-06
1300	5.83979567045e-06
1301	5.83468540723e-06
1302	5.82982043055e-06
1303	5.82477286981e-06
1304	5.81991824872e-06
1305	5.81499397501e-06
1306	5.8099697418e-06
1307	5.80467075644e-06
1308	5.79950252942e-06
1309	5.79407783797e-06
1310	5.78858273994e-06
1311	5.78314780088e-06
1312	5.77759102537e-06
1313	5.77186631954e-06
1314	5.76640800892e-06
1315	5.76073825456e-06
1316	5.75544570384e-06
1317	5.75003762434e-06
1318	5.74476890654e-06
1319	5.73942148969e-06
1320	5.73437651891e-06
1321	5.72920407248e-06
1322	5.72407993912e-06
1323	5.71901885055e-06
1324	5.7139434382e-06
1325	5.70866383406e-06
1326	5.70346307962e-06
1327	5.69817088336e-06
1328	5.69256102908e-06
1329	5.68701981751e-06
1330	5.68145145882e-06
1331	5.67571464945e-06
1332	5.67008555868e-06
1333	5.664384364e-06
1334	5.65863581612e-06
1335	5.65291319732e-06
1336	5.64728017758e-06
1337	5.64162012278e-06
1338	5.63608252658e-06
1339	5.63069961378e-06
1340	5.62529661257e-06
1341	5.61995512762e-06
1342	5.61458929505e-06
1343	5.60932058321e-06
1344	5.60409818271e-06
1345	5.59870288474e-06
1346	5.59323856877e-06
1347	5.58769077332e-06
1348	5.58213003173e-06
1349	5.57649081416e-06
1350	5.5708973158e-06
1351	5.56503048432e-06
1352	5.55899836703e-06
1353	5.55327116118e-06
1354	5.54717528877e-06
1355	5.54142318936e-06
1356	5.53562312849e-06
1357	5.52973526565e-06
1358	5.52418378909e-06
1359	5.51837553223e-06
1360	5.51280565592e-06
1361	5.50738766071e-06
1362	5.50188659289e-06
1363	5.49630763709e-06
1364	5.49090948668e-06
1365	5.4855703793e-06
1366	5.4801124004e-06
1367	5.47442309087e-06
1368	5.46889583317e-06
1369	9.99255159384e-06
1370	9.98643752503e-06
1371	9.97918384059e-06
1372	9.97192030759e-06
1373	9.96396424841e-06
1374	9.95609131487e-06
1375	9.94789603823e-06
1376	9.93982141519e-06
1377	9.93164230637e-06
1378	9.92340946646e-06
1379	9.91543108976e-06
1380	9.90719271366e-06
1381	9.89952918436e-06
1382	9.89180661462e-06
1383	9.88385547891e-06
1384	9.87619444251e-06
1385	9.86836705325e-06
1386	9.86057943319e-06
1387	9.85281762221e-06
1388	9.84497364321e-06
1389	9.83705118812e-06
1390	9.82890651814e-06
1391	9.82063584635e-06
1392	9.81229845379e-06
1393	9.8036899229e-06
1394	9.79521863339e-06
1395	9.78644176063e-06
1396	9.77758665125e-06
1397	9.76879898996e-06
1398	9.76000353533e-06
1399	9.7510990205e-06
1400	9.7426850984e-06
1401	9.73400191473e-06
1402	9.72522798926e-06
1403	9.71681239044e-06
1404	9.70865008961e-06
1405	9.70002569585e-06
1406	9.69170086148e-06
1407	9.68326857896e-06
1408	9.67444334213e-06
1409	9.6652492206e-06
1410	9.65573335267e-06
1411	9.64656064419e-06
1412	9.63712081302e-06
1413	9.62775466074e-06
1414	9.61847152293e-06
1415	9.60839258246e-06
1416	9.59838880829e-06
1417	9.58803557225e-06
1418	9.57767624822e-06
1419	9.56737747376e-06
1420	9.5572186069e-06
1421	9.54733926699e-06
1422	9.53733662094e-06
1423	9.5269963749e-06
1424	9.51711028739e-06
1425	9.50693007488e-06
1426	9.49689598722e-06
1427	9.48676144336e-06
1428	9.47708668801e-06
1429	9.4671517798e-06
1430	9.45713987271e-06
1431	9.44772446919e-06
1432	9.43798996886e-06
1433	9.4285206703e-06
1434	9.41882959866e-06
1435	9.40910511636e-06
1436	9.39958458582e-06
1437	9.39001893564e-06
1438	9.3801942556e-06
1439	9.3706742476e-06
1440	9.36080922081e-06
1441	9.35099399681e-06
1442	9.34098866848e-06
1443	9.33108394001e-06
1444	9.3210434073e-06
1445	9.31081925358e-06
1446	9.30105134257e-06
1447	9.29078763497e-06
1448	9.28044479638e-06
1449	9.27065633204e-06
1450	9.26060851508e-06
1451	9.25056671516e-06
1452	9.24078538189e-06
1453	9.23091137999e-06
1454	9.22123813618e-06
1455	9.21185771367e-06
1456	9.20223001372e-06
1457	9.19300775131e-06
1458	9.18341557839e-06
1459	9.17402048364e-06
1460	9.16471593756e-06
1461	9.15553625123e-06
1462	9.14608499171e-06
1463	9.1367491307e-06
1464	9.12731433869e-06
1465	9.11783741281e-06
1466	9.1082402814e-06
1467	9.09857910123e-06
1468	9.08877036731e-06
1469	9.07927462227e-06
1470	9.06941643655e-06
1471	9.05955649841e-06
1472	9.04989816162e-06
1473	9.04023184055e-06
1474	9.03024202389e-06
1475	9.02053742363e-06
1476	9.0107633468e-06
1477	9.00132223699e-06
1478	8.99183702359e-06
1479	8.98202625783e-06
1480	8.97289719289e-06
1481	8.96369086721e-06
1482	8.9544801327e-06
1483	8.94517172133e-06
1484	8.93621276377e-06
1485	8.92752223345e-06
1486	8.91800576106e-06
1487	8.90901877464e-06
1488	8.89967096467e-06
1489	8.890678699e-06
1490	8.88181334e-06
1491	8.87252778323e-06
1492	8.86332418752e-06
1493	8.85383227206e-06
1494	8.84467319989e-06
1495	8.83518130208e-06
1496	8.82576788009e-06
1497	8.81638850681e-06
1498	8.80684943338e-06
1499	8.79720880285e-06
1500	8.78811650103e-06
1501	8.77859593293e-06
1502	8.76920930579e-06
1503	8.75999296525e-06
1504	8.75082593636e-06
1505	8.7416353959e-06
1506	8.73277067427e-06
1507	8.72369149738e-06
1508	8.71503729821e-06
1509	8.70598019536e-06
1510	8.69753269527e-06
1511	8.68886703694e-06
1512	8.67983548534e-06
1513	8.67137048248e-06
1514	8.66229754977e-06
1515	8.65367518869e-06
1516	8.64503911427e-06
1517	8.63585670371e-06
1518	8.62701000709e-06
1519	8.61838981578e-06
1520	8.60932581933e-06
1521	8.60019295465e-06
1522	8.59112233349e-06
1523	8.58224592526e-06
1524	8.57299681708e-06
1525	8.56390379314e-06
1526	8.55484963087e-06
1527	8.54562765945e-06
1528	8.53701280328e-06
1529	8.52784699225e-06
1530	8.51885202013e-06
1531	8.51033000169e-06
1532	8.50137943429e-06
1533	8.49298795773e-06
1534	8.4845009455e-06
1535	8.4760581765e-06
1536	8.46775302503e-06
1537	8.45925316973e-06
1538	8.45089984747e-06
1539	8.44249110022e-06
1540	8.43403810547e-06
1541	8.42565629155e-06
1542	8.4173353898e-06
1543	8.40876179866e-06
1544	8.40015270764e-06
1545	8.3914552334e-06
1546	8.38304429516e-06
1547	8.37440007818e-06
1548	8.36555406456e-06
1549	8.35706782935e-06
1550	8.34823686662e-06
1551	8.33939793115e-06
1552	8.33087349115e-06
1553	8.32200963291e-06
1554	8.31337634578e-06
1555	8.30497481457e-06
1556	8.29666954123e-06
1557	8.288166646e-06
1558	8.27980269094e-06
1559	8.2714726959e-06
1560	8.26337011577e-06
1561	8.25542334538e-06
1562	8.24719803042e-06
1563	8.23905867278e-06
1564	8.23102559185e-06
1565	8.22305537355e-06
1566	8.2151840149e-06
1567	8.20695921618e-06
1568	8.19878270394e-06
1569	8.19068989525e-06
1570	8.18250468098e-06
1571	8.17445944987e-06
1572	8.16601664038e-06
1573	8.1576384094e-06
1574	8.14935152959e-06
1575	8.14107742914e-06
1576	8.13274202572e-06
1577	8.1243901876e-06
1578	8.11612276811e-06
1579	8.10770557766e-06
1580	8.09942701517e-06
1581	8.09124051516e-06
1582	8.08316314506e-06
1583	8.07511237575e-06
1584	8.06720310513e-06
1585	8.05939866956e-06
1586	8.0515493065e-06
1587	8.04362661927e-06
1588	8.03590800314e-06
1589	8.02833713086e-06
1590	8.02065145851e-06
1591	8.01298745599e-06
1592	8.00519276341e-06
1593	7.99756052633e-06
1594	7.98957158723e-06
1595	7.98189095569e-06
1596	7.97428823529e-06
1597	7.96645767639e-06
1598	7.9582667464e-06
1599	7.95047466487e-06
1600	7.94241729532e-06
1601	7.93457417302e-06
1602	7.92656278011e-06
1603	7.91850892761e-06
1604	7.91046623218e-06
1605	7.90262700073e-06
1606	7.89472146825e-06
1607	7.88653621235e-06
1608	7.87910260204e-06
1609	7.87090118476e-06
1610	7.86344405901e-06
1611	7.85600203601e-06
1612	7.84840800531e-06
1613	7.84094820869e-06
1614	7.83373006053e-06
1615	7.82647650112e-06
1616	7.81879437616e-06
1617	7.81146910169e-06
1618	7.80421864648e-06
1619	7.79680995984e-06
1620	7.78932745451e-06
1621	7.78175190595e-06
1622	7.774552148e-06
1623	7.7669119971e-06
1624	7.75936659383e-06
1625	7.75166321136e-06
1626	7.74392201315e-06
1627	7.73619865998e-06
1628	7.72849785077e-06
1629	7.7210132522e-06
1630	7.71332433244e-06
1631	7.70554941009e-06
1632	7.69799138631e-06
1633	7.69046781414e-06
1634	7.68279198166e-06
1635	7.67581694698e-06
1636	7.66825572273e-06
1637	7.66108824425e-06
1638	7.6539908945e-06
1639	7.64676639987e-06
1640	7.6396769196e-06
1641	7.6326989824e-06
1642	7.62551356503e-06
1643	7.61853295562e-06
1644	7.61131300598e-06
1645	7.60438762489e-06
1646	7.59708504601e-06
1647	7.59000086516e-06
1648	7.58268257225e-06
1649	7.57534705567e-06
1650	7.56799477835e-06
1651	7.56080783235e-06
1652	7.55325271006e-06
1653	7.54586854883e-06
1654	7.53835955832e-06
1655	7.53112113166e-06
1656	7.52363613246e-06
1657	7.51640065436e-06
1658	7.50906146221e-06
1659	7.50196346858e-06
1660	7.49473200774e-06
1661	7.4876735465e-06
1662	7.48061774299e-06
1663	7.47382572251e-06
1664	7.46692206547e-06
1665	7.45996640073e-06
1666	7.45323197441e-06
1667	7.44653178191e-06
1668	7.43958357864e-06
1669	7.4328332294e-06
1670	7.42589686506e-06
1671	7.41889599245e-06
1672	7.41200900777e-06
1673	7.40493624094e-06
1674	7.39790478769e-06
1675	7.39075602089e-06
1676	7.38358252289e-06
1677	7.37648531178e-06
1678	7.36922379804e-06
1679	7.36202073421e-06
1680	7.35493894073e-06
1681	7.34763789459e-06
1682	7.34058964111e-06
1683	7.33364062808e-06
1684	7.32658633622e-06
1685	7.31959533175e-06
1686	7.31269130939e-06
1687	7.30592785941e-06
1688	7.29921030474e-06
1689	7.29246869094e-06
1690	7.28341163517e-06
1691	7.27763645885e-06
1692	7.27128719422e-06
1693	7.26173551921e-06
1694	7.25277633305e-06
1695	7.24712662998e-06
1696	7.23774957466e-06
1697	7.22864539846e-06
1698	7.21960932937e-06
1699	7.21105139125e-06
1700	7.20215104062e-06
1701	7.19338040061e-06
1702	7.18422585587e-06
1703	7.1752093937e-06
1704	7.16648044962e-06
1705	7.15763679046e-06
1706	7.14916138772e-06
1707	7.1410577468e-06
1708	7.13246762122e-06
1709	7.12440158919e-06
1710	7.11646688568e-06
1711	7.10828359306e-06
1712	7.10025702678e-06
1713	7.09240510422e-06
1714	7.08442966391e-06
1715	7.07653337237e-06
1716	7.06861221781e-06
1717	7.06068692883e-06
1718	7.05259039183e-06
1719	7.04439860593e-06
1720	7.03631214393e-06
1721	7.0282588355e-06
1722	7.02008930792e-06
1723	7.01175781337e-06
1724	7.00366761507e-06
1725	6.99540710707e-06
1726	6.98741103535e-06
1727	6.97909716384e-06
1728	6.97105547663e-06
1729	6.96299252457e-06
1730	6.95508989571e-06
1731	6.94718157551e-06
1732	6.9392491538e-06
1733	6.93161580258e-06
1734	6.92395480822e-06
1735	6.91631489662e-06
1736	6.90912249246e-06
1737	6.90120043083e-06
1738	6.89376171266e-06
1739	6.88610388774e-06
1740	6.8785269138e-06
1741	6.8709318848e-06
1742	6.86338893907e-06
1743	6.85570275541e-06
1744	6.84777872248e-06
1745	6.84003592585e-06
1746	6.83228969532e-06
1747	6.82434188514e-06
1748	6.81637204703e-06
1749	6.80842348062e-06
1750	6.80061879495e-06
1751	6.79279545719e-06
1752	6.78471350636e-06
1753	6.77713537092e-06
1754	6.76942820726e-06
1755	6.76171424428e-06
1756	6.7540650489e-06
1757	6.74657809063e-06
1758	6.73911973546e-06
1759	6.7316552497e-06
1760	6.72442070252e-06
1761	6.71685302426e-06
1762	6.70958326436e-06
1763	6.70194734756e-06
1764	6.69447942715e-06
1765	6.68703311535e-06
1766	6.67935867956e-06
1767	6.67175289839e-06
1768	6.66398145519e-06
1769	6.65610094811e-06
1770	6.6483503257e-06
1771	6.64040065684e-06
1772	6.63248050121e-06
1773	6.62457625117e-06
1774	6.61686095019e-06
1775	6.60884564067e-06
1776	6.60109106224e-06
1777	6.5933455805e-06
1778	6.58572530383e-06
1779	6.57814603611e-06
1780	6.57070056756e-06
1781	6.56306614026e-06
1782	6.55554866175e-06
1783	6.54827364299e-06
1784	6.5407341052e-06
1785	6.5332256057e-06
1786	6.52565779223e-06
1787	6.51794727448e-06
1788	6.51003937504e-06
1789	6.50251082647e-06
1790	6.49437354197e-06
1791	6.48647074543e-06
1792	6.47817483591e-06
1793	6.47044109934e-06
1794	6.46237466168e-06
1795	6.45419648226e-06
1796	6.44609072476e-06
1797	6.43811025482e-06
1798	6.43009335063e-06
1799	6.42225499061e-06
1800	6.41453914934e-06
1801	6.40668247875e-06
1802	6.39906940019e-06
1803	6.39110887561e-06
1804	6.38346018396e-06
1805	6.37571631768e-06
1806	6.36780652742e-06
1807	6.35990423504e-06
1808	6.35217600916e-06
1809	6.34406480933e-06
1810	6.33584485624e-06
1811	6.32765514926e-06
1812	6.31932342123e-06
1813	6.31081022752e-06
1814	6.30237296293e-06
1815	6.29388022943e-06
1816	6.28542426279e-06
1817	6.27698043817e-06
1818	6.2684096997e-06
1819	6.26010615271e-06
1820	6.25171938533e-06
1821	6.24349404328e-06
1822	6.23526249211e-06
1823	6.22710227743e-06
1824	6.2189059518e-06
1825	6.21071223107e-06
1826	6.20230764608e-06
1827	6.19390213454e-06
1828	6.18551639999e-06
1829	6.17692375519e-06
1830	6.16817771819e-06
1831	6.15919599482e-06
1832	6.15035489653e-06
1833	6.14145578716e-06
1834	6.1322014032e-06
1835	6.12318605417e-06
1836	6.11397004012e-06
1837	6.10468460962e-06
1838	6.09559955213e-06
1839	6.08647392858e-06
1840	6.07734047469e-06
1841	6.06806114425e-06
1842	6.0592273936e-06
1843	6.05017137459e-06
1844	6.04111787271e-06
1845	6.03191307257e-06
1846	6.022844256e-06
1847	6.01341993932e-06
1848	6.00375496254e-06
1849	5.99396468077e-06
1850	5.98406311864e-06
1851	5.97374149397e-06
1852	5.96331762468e-06
1853	5.9527053053e-06
1854	5.94200268723e-06
1855	5.93115793031e-06
1856	5.920413666e-06
1857	5.90954366598e-06
1858	5.8990512202e-06
1859	5.88866090364e-06
1860	5.87847026377e-06
1861	5.86857355253e-06
1862	5.85876929047e-06
1863	5.84887622714e-06
1864	5.83894606686e-06
1865	5.82856714965e-06
1866	5.81825578327e-06
1867	5.80777482601e-06
1868	5.79710728335e-06
1869	5.78628683817e-06
1870	5.77540399468e-06
1871	5.76474226874e-06
1872	5.75422642581e-06
1873	5.74400416061e-06
1874	5.73444719157e-06
1875	5.72505269823e-06
1876	5.71631076109e-06
1877	5.70730611426e-06
1878	5.69857615548e-06
1879	5.68968397462e-06
1880	5.68037592494e-06
1881	5.67090748292e-06
1882	5.66092633907e-06
1883	5.65071840753e-06
1884	5.63989240086e-06
1885	5.62867946151e-06
1886	5.6168598803e-06
1887	5.6047245669e-06
1888	5.59225547659e-06
1889	5.57948110441e-06
1890	5.56622489622e-06
1891	5.55450327353e-06
1892	5.5481609929e-06
1893	5.53938405267e-06
1894	5.5285707619e-06
1895	5.51980463194e-06
1896	5.50957310512e-06
1897	5.50413137918e-06
1898	5.49889153405e-06
1899	5.48827008829e-06
1900	9.99892898523e-06
1901	9.99741555664e-06
1902	9.9897872211e-06
1903	9.96977924476e-06
1904	9.95520711956e-06
1905	9.94700426523e-06
1906	9.94321671793e-06
1907	9.93981030686e-06
1908	9.93351651918e-06
1909	9.92412995782e-06
1910	9.91194863385e-06
1911	9.89848703401e-06
1912	9.8844697647e-06
1913	9.87065956603e-06
1914	9.85688688396e-06
1915	9.84326364597e-06
1916	9.82966616257e-06
1917	9.81581078421e-06
1918	9.80157641456e-06
1919	9.78681183138e-06
1920	9.77191723994e-06
1921	9.75656539656e-06
1922	9.74085512565e-06
1923	9.72506733196e-06
1924	9.70913140889e-06
1925	9.69264494959e-06
1926	9.67608021109e-06
1927	9.6591727228e-06
1928	9.64219621592e-06
1929	9.62485900607e-06
1930	9.60705258378e-06
1931	9.589430555e-06
1932	9.57117570805e-06
1933	9.55311061515e-06
1934	9.53451904076e-06
1935	9.51539677213e-06
1936	9.49618819464e-06
1937	9.47657508827e-06
1938	9.45663611373e-06
1939	9.4366339922e-06
1940	9.41599505582e-06
1941	9.39545591322e-06
1942	9.37408221316e-06
1943	9.35262088937e-06
1944	9.33063100505e-06
1945	9.30855354401e-06
1946	9.28610399407e-06
1947	9.26309206511e-06
1948	9.2398224302e-06
1949	9.21598730769e-06
1950	9.19190894068e-06
1951	9.16713139024e-06
1952	9.14226856791e-06
1953	9.11671346321e-06
1954	9.09075443139e-06
1955	9.06431519291e-06
1956	9.03733207574e-06
1957	9.01018957974e-06
1958	8.98221728135e-06
1959	8.95362367091e-06
1960	8.92444367288e-06
1961	8.8948980765e-06
1962	8.86457386213e-06
1963	8.83378334766e-06
1964	8.80217560986e-06
1965	8.76971010171e-06
1966	8.73693032721e-06
1967	8.70367619363e-06
1968	8.67093116008e-06
1969	8.63779566674e-06
1970	8.60600170216e-06
1971	8.57516378602e-06
1972	8.54383454046e-06
1973	8.51175086158e-06
1974	8.47917083498e-06
1975	8.44586851508e-06
1976	8.41361720466e-06
1977	8.38239597281e-06
1978	8.35080527128e-06
1979	8.31838021372e-06
1980	8.28547974514e-06
1981	8.25129870141e-06
1982	8.2202648246e-06
1983	8.19033634729e-06
1984	8.16015031612e-06
1985	8.1288325928e-06
1986	8.09701639237e-06
1987	8.06413018899e-06
1988	8.03081259892e-06
1989	7.99657576948e-06
1990	7.96254864134e-06
1991	7.92925755974e-06
1992	7.89619410535e-06
1993	7.86289082288e-06
1994	7.82867868887e-06
1995	7.79371271473e-06
1996	7.75781324266e-06
1997	7.72093224163e-06
1998	7.68484427137e-06
1999	7.64778990513e-06
2000	7.60936081357e-06
2001	7.57003673538e-06
2002	7.53006438799e-06
2003	7.49308463053e-06
2004	7.48383865505e-06
2005	7.45746158271e-06
2006	7.41566569752e-06
2007	7.39766890151e-06
2008	7.35683439566e-06
