1	0.0816529803376
2	0.084945667273
3	0.00929845737419
4	0.00217332944737
5	0.00732908426153
6	0.0146649409851
7	0.0108973834641
8	0.00461790474594
9	0.00260627039375
10	0.00596321816458
11	0.00746499167409
12	0.00521491540624
13	0.00287703861858
14	0.00206193594971
15	0.00201934608511
16	0.00177217529792
17	0.00117546575453
18	0.00103329979952
19	0.00128395091321
20	0.00133944170218
21	0.00131056513027
22	0.00121574461768
23	0.000975504602908
24	0.000864914997731
25	0.000747338365379
26	0.000644857040336
27	0.000582270421128
28	0.00061907436415
29	0.000664666220126
30	0.00072243314229
31	0.000724867351241
32	0.000700323981903
33	0.000653964994807
34	0.000601656733742
35	0.000551892383146
36	0.000521010843069
37	0.000506402807126
38	0.000528344668627
39	0.000545088357915
40	0.00055012828054
41	0.000543258710751
42	0.000528666407185
43	0.000508283693062
44	0.000490928308015
45	0.000474725531734
46	0.000469999756525
47	0.000472162857595
48	0.000479665812549
49	0.000487505159805
50	0.000487311727709
51	0.000485033931873
52	0.000478603622827
53	0.000469352973157
54	0.000461546500113
55	0.000454832864289
56	0.000451336459603
57	0.000454144442156
58	0.000458773321698
59	0.000460655934926
60	0.000459282317025
61	0.000456041223122
62	0.000453962482787
63	0.000451459291141
64	0.000449521615164
65	0.000448787148585
66	0.000449033658682
67	0.000450246543037
68	0.000450918204316
69	0.000450425067795
70	0.000449680045693
71	0.000447946587894
72	0.000446297732916
73	0.000444570298669
74	0.000443565917877
75	0.000443357285694
76	0.000444186101685
77	0.000444836285072
78	0.000444837326092
79	0.00044442163518
80	0.000443829431585
81	0.000443159108812
82	0.000441897709006
83	0.000441464124141
84	0.000440870737904
85	0.000441304527851
86	0.000441419445193
87	0.000441416307517
88	0.000441266599292
89	0.000441080986179
90	0.000441011226195
91	0.000440768991254
92	0.000440408800903
93	0.000440253605385
94	0.000440349799575
95	0.000440338316865
96	0.000440174012787
97	0.00044022126503
98	0.000440047510352
99	0.000439914090426
100	0.000439736389274
101	0.000439449417165
102	0.000439270508015
103	0.000439145565565
104	0.000439085612312
105	0.000439020806597
106	0.000439021594598
107	0.000438915057921
108	0.000438811397594
109	0.000438665396807
110	0.000438632084814
111	0.000438528297983
112	0.000438446969618
113	0.000438142342266
114	0.000437892981001
115	0.000438085404508
116	0.000438064030676
117	0.000438032955315
118	0.000437913574709
119	0.000437706090581
120	0.000437542848489
121	0.000437329321839
122	0.000437212929282
123	0.000437109312257
124	0.00043695735116
125	0.000436839270888
126	0.000436705491779
127	0.000436554240327
128	0.000436427680923
129	0.000436340622406
130	0.000436198893799
131	0.00043605061058
132	0.000435963229257
133	0.000435848861245
134	0.000435685055824
135	0.000435589785372
136	0.000435520061599
137	0.00043534174356
138	0.000435200822255
139	0.000434949507234
140	0.000434687874932
141	0.000434420755261
142	0.000434112946061
143	0.000433843453723
144	0.000433475891259
145	0.00043304041442
146	0.000432524425098
147	0.000431825459942
148	0.000430948536736
149	0.000429750698198
150	0.000427962650698
151	0.000426297925954
152	0.000424807656206
153	0.000423552990692
154	0.00042456805026
155	0.000426258680044
156	0.000427356515573
157	0.000428044368508
158	0.00042847504746
159	0.000428728435652
160	0.000428890724505
161	0.000429112579456
162	0.000429249021778
163	0.00042924912859
164	0.000429307139022
165	0.000429325625139
166	0.000429317964311
167	0.000429220737279
168	0.000429114510115
169	0.000428982217365
170	0.000428879795339
171	0.000428835772268
172	0.000428855764276
173	0.000428984822035
174	0.000429084380162
175	0.000429049298089
176	0.000429053150461
177	0.000429719171466
178	0.000430244705167
179	0.000430612754693
180	0.000431001279432
181	0.000431366161573
182	0.000431701934996
183	0.000431908358324
184	0.000432199860783
185	0.000432436402876
186	0.000432719477604
187	0.000432984501806
188	0.000433168597106
189	0.000433393174404
190	0.000433573199426
191	0.000433821288515
192	0.000434047510661
193	0.000434228642418
194	0.000434442765503
195	0.000434670428863
196	0.000434918336039
197	0.000435064136125
198	0.000435294803507
199	0.000435499041978
200	0.000435675259579
201	0.000435795567562
202	0.000435959332393
203	0.000436154090052
204	0.000436270179299
205	0.000436359516263
206	0.00043643261339
207	0.000436531926979
208	0.000436599226948
209	0.000436691075049
210	0.000436759001271
211	0.000436820881797
212	0.000436847935413
213	0.000436853999154
214	0.000436905016882
215	0.000436880062853
216	0.000436929832337
217	0.000436899123434
218	0.000436949083598
219	0.000436906987022
220	0.000436887219273
221	0.000436906718125
222	0.000436842476758
223	0.000436850178964
224	0.000436813584962
225	0.000436665545043
226	0.000436481637201
227	0.000436494982111
228	0.000436425488145
229	0.000436498189005
230	0.000436375287801
231	0.000436130463907
232	0.000436001918613
233	0.000435777244828
234	0.000435699552617
235	0.000435589486711
236	0.000435482653898
237	0.00043538213779
238	0.000435204310093
239	0.000435027291051
240	0.000434868487354
241	0.000434688609184
242	0.000434472903539
243	0.000434366372349
244	0.00043421758973
245	0.000434025524286
246	0.00043390482111
247	0.000433728765835
248	0.000433567611771
249	0.000433445548688
250	0.000433234185338
251	0.000433063620143
252	0.00043299266529
253	0.000432857323546
254	0.00043274371991
255	0.000432671985585
256	0.00043268839596
257	0.000432614127933
258	0.000432642777374
259	0.000432660940706
260	0.000432656951791
261	0.000432752007773
262	0.000432790221704
263	0.000432859294703
264	0.000433165884253
265	0.000433293576991
266	0.000433569483542
267	0.000433725362424
268	0.000434068370881
269	0.000434261720797
270	0.00043463404876
271	0.000435040072675
272	0.000435329996272
273	0.00043585764483
274	0.00043622346146
275	0.00043618279387
276	0.000436309219019
277	0.000437189793148
278	0.000438065958306
279	0.000438764156486
280	0.000439429431296
281	0.000439761729021
282	0.000439983188031
283	0.000440029831127
284	0.00044012162274
285	0.000439857555266
286	0.00043954135673
287	0.000439288578984
288	0.000438878205944
289	0.000438460479249
290	0.000437885650918
291	0.000437081391891
292	0.0004365622859
293	0.000436167934025
294	0.000435432137796
295	0.000434721562712
296	0.000434227371874
297	0.000433250949178
298	0.000432943755323
299	0.000432089489271
300	0.000431216419819
301	0.000430532251958
302	0.000429675783971
303	0.00042906021771
304	0.000427929365097
305	0.000427055816689
306	0.000426556383418
307	0.000425400843638
308	0.000424693117485
309	0.000423722603892
310	0.000422653034087
311	0.000421842637488
312	0.00042070975168
313	0.000419246796815
314	0.000418182282455
315	0.000417063557688
316	0.000415752938813
317	0.000414198516577
318	0.000410983124371
319	0.00040738128379
320	0.000403526210252
321	0.000398918290141
322	0.000395131962764
323	0.000390959848841
324	0.000387107809341
325	0.000383039635735
326	0.000378972807669
327	0.000375204401704
328	0.000371258686673
329	0.000367334454083
330	0.000363395291496
331	0.000359223965562
332	0.000355593493201
333	0.000351798517019
334	0.000347409387082
335	0.000342798116676
336	0.000338452159283
337	0.000334975381205
338	0.000332092077546
339	0.000329094634073
340	0.000326146115298
341	0.000323075894195
342	0.000320171362586
343	0.000317116348502
344	0.000313914605529
345	0.000310631411575
346	0.000307348255138
347	0.000304400318868
348	0.000301086125835
349	0.000297768637314
350	0.00029436728235
351	0.000291006238987
352	0.000288273258686
353	0.000285330055351
354	0.000282393668349
355	0.000279620178105
356	0.000276601218257
357	0.000272882440227
358	0.000269657061837
359	0.000266598683911
360	0.000264645317451
361	0.000262265322815
362	0.000259768990226
363	0.000256703331509
364	0.000253452046264
365	0.000251332590465
366	0.00024761831977
367	0.00024578927928
368	0.000243688856022
369	0.000240954156709
370	0.000238319381734
371	0.000236046342101
372	0.000231559536788
373	0.000230597220069
374	0.000228433905511
375	0.000225743158257
376	0.00022382437718
377	0.000220094072666
378	0.000218932199638
379	0.000215166658517
380	0.000214149011212
381	0.000210588591986
382	0.000209673079111
383	0.000204781567894
384	0.0002048110144
385	0.000202674053151
386	0.000200974211266
387	0.000198946892887
388	0.000194982454916
389	0.000194379950369
390	0.000192637745453
391	0.00018838781291
392	0.000188221163221
393	0.000186699824316
394	0.000184585074796
395	0.000181531166583
396	0.000180709066877
397	0.000179178280951
398	0.000177394545885
399	0.000175459168593
400	0.000173329100315
401	0.000170637487541
402	0.000165949863669
403	0.000166195359341
404	0.000165240284256
405	0.000163830364929
406	0.000162229454339
407	0.000160432559565
408	0.000157656959937
409	0.000155673982234
410	0.000155575940927
411	0.000154777231219
412	0.000153638703756
413	0.000152283092113
414	0.000150877515579
415	0.000149389622834
416	0.000147247793181
417	0.000145405455773
418	0.00014472845688
419	0.000143560437187
420	0.00014223024839
421	0.000139444484703
422	0.000138935607281
423	0.000138062121024
424	0.000136815911286
425	0.000133323247326
426	0.000133713494736
427	0.000132852721113
428	0.000129346408831
429	0.000129822507883
430	0.000129078808287
431	0.000125746748272
432	0.000126300361077
433	0.000125371588343
434	0.000124131907707
435	0.000123414954721
436	0.000119870959494
437	0.000120703550791
438	0.000119290190894
439	0.000118776590657
440	0.000117701781726
441	0.00011669921712
442	0.000115801852196
443	0.000114668519003
444	0.000113855705348
445	0.000112661024672
446	0.000111888768861
447	0.000110745868622
448	0.000109989987693
449	0.000108969124533
450	0.000108173597147
451	0.000107213884375
452	0.00010629960464
453	0.000105514715928
454	0.000104517645731
455	0.000103855828393
456	0.000102672233082
457	0.000102194161466
458	0.000100942933198
459	0.000100651882871
460	9.92738337519e-05
461	9.90606340185e-05
462	9.75918387353e-05
463	9.75023049856e-05
464	9.59747690315e-05
465	9.60160889233e-05
466	9.44364075128e-05
467	9.45168352555e-05
468	9.30255140308e-05
469	9.31186779368e-05
470	9.17150765052e-05
471	9.17573522916e-05
472	9.04342802987e-05
473	9.03702143778e-05
474	8.91715959511e-05
475	8.9047437332e-05
476	8.79012082952e-05
477	8.76860140284e-05
478	8.6641177433e-05
479	8.63965589807e-05
480	8.54268554633e-05
481	8.5122513335e-05
482	8.4341203219e-05
483	8.38791812458e-05
484	8.32533561093e-05
485	8.26697993947e-05
486	8.21557991061e-05
487	8.14577903099e-05
488	8.1093629007e-05
489	8.02010207556e-05
490	7.99768356322e-05
491	7.84663527466e-05
492	7.87495914021e-05
493	7.75829137404e-05
494	7.76925824459e-05
495	7.72577264405e-05
496	7.67125650168e-05
497	7.64237794814e-05
498	7.51523475008e-05
499	7.52019382325e-05
500	7.48955450841e-05
501	7.39837128976e-05
502	7.3878605566e-05
503	7.33322196409e-05
504	7.25354231298e-05
505	7.23786551961e-05
506	7.18702719685e-05
507	7.12037495317e-05
508	7.08936410644e-05
509	6.93356093788e-05
510	6.96109262782e-05
511	6.92257431366e-05
512	6.87184029734e-05
513	6.83945215273e-05
514	6.74374532791e-05
515	6.73610828724e-05
516	6.47453471078e-05
517	6.60685342504e-05
518	6.54382971984e-05
519	6.54471561929e-05
520	6.47893675513e-05
521	6.46397379996e-05
522	6.40710109734e-05
523	6.38451393695e-05
524	6.32714201258e-05
525	6.30584385434e-05
526	6.23692816385e-05
527	6.22898526081e-05
528	6.14677501687e-05
529	6.1476527145e-05
530	5.93088581242e-05
531	6.04073502114e-05
532	5.96613219677e-05
533	5.98148252467e-05
534	5.9271453515e-05
535	5.90469845984e-05
536	5.86114900942e-05
537	5.80913408659e-05
538	5.78364935102e-05
539	5.64941894643e-05
540	5.68790338318e-05
541	5.62440547461e-05
542	5.6220772544e-05
543	5.58108278638e-05
544	5.54006296768e-05
545	5.51539459375e-05
546	5.29610724793e-05
547	5.41215342713e-05
548	5.38096184033e-05
549	5.367555319e-05
550	5.3368106376e-05
551	5.25117377263e-05
552	5.26059263478e-05
553	5.20505411767e-05
554	5.19506521252e-05
555	5.16553499553e-05
556	5.07633225626e-05
557	5.09171492834e-05
558	5.0453043476e-05
559	5.02229855877e-05
560	4.99616805278e-05
561	4.8689480188e-05
562	4.9170758757e-05
563	4.88882974291e-05
564	4.8323129239e-05
565	4.82799688387e-05
566	4.77765430989e-05
567	4.75302060814e-05
568	4.7334896102e-05
569	4.67030481746e-05
570	4.66767149642e-05
571	4.64298040205e-05
572	4.55611425465e-05
573	4.57709788781e-05
574	4.55370361236e-05
575	4.43237032766e-05
576	4.48032078717e-05
577	4.45975994735e-05
578	4.32465588205e-05
579	4.38801470376e-05
580	4.37115243216e-05
581	4.26079733097e-05
582	4.30169458176e-05
583	4.28332702611e-05
584	4.20176850299e-05
585	4.21455978079e-05
586	4.19354844334e-05
587	4.13367980555e-05
588	4.12515730465e-05
589	4.11159733569e-05
590	4.06541654078e-05
591	4.03970286897e-05
592	4.03145602835e-05
593	3.99306535732e-05
594	3.95008401332e-05
595	3.94885927626e-05
596	3.92023075185e-05
597	3.83827319023e-05
598	3.85840293585e-05
599	3.83561614094e-05
600	3.73256481453e-05
601	3.76610788152e-05
602	3.75176644414e-05
603	3.68361523963e-05
604	3.6891137499e-05
605	3.67345282398e-05
606	3.61037221954e-05
607	3.61280150506e-05
608	3.59768345857e-05
609	3.51220546774e-05
610	3.53720096808e-05
611	3.51985322345e-05
612	3.47600681839e-05
613	3.47347901159e-05
614	3.41720691494e-05
615	3.41453610557e-05
616	3.32908129565e-05
617	3.25866266031e-05
618	3.28872094317e-05
619	3.28433328902e-05
620	3.26022220027e-05
621	3.20748750391e-05
622	3.19180719184e-05
623	3.1782788818e-05
624	3.15114033359e-05
625	3.09887161789e-05
626	3.08116690871e-05
627	3.0673005783e-05
628	3.04160558771e-05
629	2.99885372735e-05
630	2.97309388071e-05
631	2.96113904881e-05
632	2.93903347506e-05
633	2.9008625605e-05
634	2.86463675679e-05
635	2.85047335352e-05
636	2.82693820632e-05
637	2.78600495715e-05
638	2.75355442721e-05
639	2.73477514631e-05
640	2.70701015209e-05
641	2.64748265453e-05
642	2.63988972722e-05
643	2.62154492297e-05
644	2.58708256079e-05
645	2.55451049559e-05
646	2.53424435626e-05
647	2.50273023575e-05
648	2.46546459471e-05
649	2.44304112406e-05
650	2.40841247035e-05
651	2.37299382227e-05
652	2.34787890358e-05
653	2.30527994921e-05
654	2.27750061124e-05
655	2.24687215826e-05
656	2.20218946258e-05
657	2.17435164155e-05
658	2.13087742355e-05
659	2.09876167316e-05
660	2.06186548742e-05
661	2.02081310951e-05
662	1.98474285912e-05
663	1.93995604951e-05
664	1.90155015012e-05
665	1.84945976107e-05
666	1.80658925751e-05
667	1.75469358182e-05
668	1.71996707958e-05
669	1.67453047393e-05
670	1.63022172139e-05
671	1.56769748586e-05
672	1.50542505147e-05
673	1.45397310658e-05
674	1.40425375752e-05
675	1.33770203945e-05
676	1.25529905963e-05
677	1.18796197132e-05
678	1.12681283334e-05
679	1.0761242094e-05
680	1.04711873254e-05
681	1.0458178559e-05
682	1.05800139285e-05
683	1.06836567829e-05
684	1.08535045341e-05
685	1.09968249357e-05
686	1.10811707487e-05
687	1.12107237699e-05
688	1.13218350958e-05
689	1.16049885793e-05
690	1.20546504428e-05
691	1.24321271145e-05
692	1.27269177889e-05
693	1.31573964851e-05
694	1.35233274116e-05
695	1.38353150717e-05
696	1.42610863711e-05
697	1.46487717009e-05
698	1.49601366965e-05
699	1.52409309924e-05
700	1.54940332637e-05
701	1.56981950197e-05
702	1.57464616691e-05
703	1.59988175917e-05
704	1.61634627239e-05
705	1.62795688763e-05
706	1.63083985329e-05
707	1.64470926287e-05
708	1.6527767902e-05
709	1.65874478441e-05
710	1.65243260481e-05
711	1.66618216657e-05
712	1.67196499915e-05
713	1.67453830193e-05
714	1.67065937362e-05
715	1.67099468896e-05
716	1.67379138151e-05
717	1.67457643404e-05
718	1.67327501772e-05
719	1.66123450482e-05
720	1.66454797556e-05
721	1.66484986952e-05
722	1.66400747634e-05
723	1.6609307101e-05
724	1.64830721918e-05
725	1.64839025504e-05
726	1.64474747368e-05
727	1.64158043316e-05
728	1.63713654893e-05
729	1.62967218223e-05
730	1.61227427192e-05
731	1.61127762969e-05
732	1.60923429301e-05
733	1.60473305392e-05
734	1.59845085196e-05
735	1.59062073854e-05
736	1.58201762581e-05
737	1.57450316537e-05
738	1.56618155093e-05
739	1.5563981823e-05
740	1.54326410169e-05
741	1.52879418682e-05
742	1.5215289167e-05
743	1.51426356954e-05
744	1.50344810138e-05
745	1.48899389546e-05
746	1.48037109481e-05
747	1.46989373582e-05
748	1.45162015027e-05
749	1.44279174643e-05
750	1.43146579267e-05
751	1.4153347612e-05
752	1.40296886966e-05
753	1.3831566181e-05
754	1.37498413833e-05
755	1.3555087811e-05
756	1.34314411843e-05
757	1.32122153971e-05
758	1.30854349407e-05
759	1.28811427195e-05
760	1.27121189974e-05
761	1.2515598642e-05
762	1.2234541195e-05
763	1.20561691592e-05
764	1.18022364101e-05
765	1.15025936665e-05
766	1.12099551176e-05
767	1.09110893033e-05
768	1.06803284416e-05
769	1.0605592719e-05
770	1.05234716371e-05
771	1.04620480084e-05
772	1.03911794942e-05
773	1.03719557703e-05
774	1.03556771918e-05
775	1.03648626447e-05
776	1.03683004979e-05
777	1.03677058028e-05
778	1.03344069966e-05
779	1.03617824647e-05
780	1.03408211009e-05
781	1.03247122791e-05
782	1.02546179801e-05
783	1.02396132216e-05
784	1.02279935617e-05
785	1.01886926735e-05
786	1.01407241928e-05
787	1.01039315052e-05
788	1.00595487945e-05
789	1.0009544566e-05
790	9.9521846753e-06
791	9.9306179698e-06
792	9.95048155234e-06
793	1.00010391366e-05
794	1.0075534505e-05
795	1.01928925409e-05
796	1.03914832742e-05
797	1.06068374357e-05
798	1.08083233996e-05
799	1.10329334523e-05
800	1.12409230083e-05
801	1.14201424829e-05
802	1.14884827799e-05
803	1.17980981348e-05
804	1.20864053354e-05
805	1.22305587956e-05
806	1.23386580191e-05
807	1.24680752646e-05
808	1.25497143453e-05
809	1.26582797084e-05
810	1.27456619028e-05
811	1.2856210714e-05
812	1.29445637144e-05
813	1.30513325774e-05
814	1.31352341307e-05
815	1.32303080556e-05
816	1.33151172448e-05
817	1.33913601546e-05
818	1.34756809385e-05
819	1.35445080274e-05
820	1.36124247162e-05
821	1.36843951324e-05
822	1.3743201977e-05
823	1.37996454424e-05
824	1.38612245807e-05
825	1.39142032881e-05
826	1.39593777584e-05
827	1.40093177111e-05
828	1.40587037856e-05
829	1.40985265625e-05
830	1.41351635174e-05
831	1.41762541135e-05
832	1.42161219428e-05
833	1.42479165592e-05
834	1.42761285907e-05
835	1.43078762186e-05
836	1.43407391581e-05
837	1.43680174472e-05
838	1.43893657143e-05
839	1.44112222575e-05
840	1.44363978238e-05
841	1.44608837878e-05
842	1.44798772434e-05
843	1.44943557274e-05
844	1.4509539306e-05
845	1.45277251524e-05
846	1.45460180898e-05
847	1.45601616203e-05
848	1.45696054509e-05
849	1.45780242664e-05
850	1.45888219916e-05
851	1.46015763155e-05
852	1.46128605821e-05
853	1.46199347627e-05
854	1.46235084283e-05
855	1.4626866546e-05
856	1.46324956585e-05
857	1.46398856931e-05
858	1.4646222838e-05
859	1.46490770201e-05
860	1.46485294581e-05
861	1.46469781765e-05
862	1.46469750625e-05
863	1.46491168761e-05
864	1.46517124127e-05
865	1.46522676364e-05
866	1.46495214935e-05
867	1.46443096726e-05
868	1.46388628796e-05
869	1.46350842525e-05
870	1.46332049089e-05
871	1.46316860077e-05
872	1.46284375358e-05
873	1.46223272808e-05
874	1.46138531215e-05
875	1.46047418339e-05
876	1.45967970561e-05
877	1.45907281119e-05
878	1.45857131777e-05
879	1.45800080647e-05
880	1.45721411835e-05
881	1.45617673166e-05
882	1.45497892406e-05
883	1.45378080723e-05
884	1.45271928735e-05
885	1.45182751804e-05
886	1.45101612251e-05
887	1.4501333117e-05
888	1.44905376868e-05
889	1.44774878277e-05
890	1.44630075247e-05
891	1.44483870735e-05
892	1.4434840779e-05
893	1.44228686348e-05
894	1.44119648902e-05
895	1.44009184214e-05
896	1.43885156517e-05
897	1.43741387985e-05
898	1.43580026921e-05
899	1.43410281657e-05
900	1.43244231583e-05
901	1.43091094113e-05
902	1.42952538714e-05
903	1.42821789897e-05
904	1.42687546716e-05
905	1.42539840413e-05
906	1.42374250291e-05
907	1.42193272762e-05
908	1.42005139237e-05
909	1.41820476318e-05
910	1.41647510075e-05
911	1.4148840001e-05
912	1.41337942043e-05
913	1.41186462586e-05
914	1.41024617157e-05
915	1.40847087649e-05
916	1.40654346245e-05
917	1.40452209122e-05
918	1.40249685555e-05
919	1.40055497114e-05
920	1.39874307998e-05
921	1.3970511854e-05
922	1.39539731563e-05
923	1.39368988607e-05
924	1.39186252902e-05
925	1.38990241967e-05
926	1.38781963496e-05
927	1.385666701e-05
928	1.38353360115e-05
929	1.3814900265e-05
930	1.3795667596e-05
931	1.37774890571e-05
932	1.3759657999e-05
933	1.3741323795e-05
934	1.37219375734e-05
935	1.37012265211e-05
936	1.36793624867e-05
937	1.36568239389e-05
938	1.363444091e-05
939	1.36128209364e-05
940	1.35924225466e-05
941	1.35730462952e-05
942	1.35541915377e-05
943	1.35350746858e-05
944	1.35151133718e-05
945	1.34939250679e-05
946	1.34715959495e-05
947	1.34484639677e-05
948	1.34252181673e-05
949	1.34024584908e-05
950	1.33807540861e-05
951	1.33601117918e-05
952	1.33402801773e-05
953	1.33205550955e-05
954	1.33003723701e-05
955	1.32791791552e-05
956	1.32568928797e-05
957	1.32335973403e-05
958	1.3209823485e-05
959	1.31861032135e-05
960	1.31631067781e-05
961	1.31411570618e-05
962	1.31201265717e-05
963	1.30997585019e-05
964	1.30794309072e-05
965	1.30584814871e-05
966	1.30366415096e-05
967	1.30137871925e-05
968	1.29899994725e-05
969	1.29658317898e-05
970	1.29418452687e-05
971	1.29184745936e-05
972	1.28961437318e-05
973	1.28747929425e-05
974	1.28539638061e-05
975	1.28332008213e-05
976	1.28119704712e-05
977	1.27898799626e-05
978	1.27666955012e-05
979	1.27427623442e-05
980	1.2718420365e-05
981	1.26941871643e-05
982	1.26704595083e-05
983	1.26477193936e-05
984	1.26259534311e-05
985	1.26048528234e-05
986	1.25838774381e-05
987	1.25625133983e-05
988	1.25403894639e-05
989	1.25173594997e-05
990	1.2493509848e-05
991	1.24691460409e-05
992	1.24447261753e-05
993	1.24207458543e-05
994	1.23975809187e-05
995	1.23753539922e-05
996	1.23538838086e-05
997	1.23327570049e-05
998	1.23114808614e-05
999	1.22896353488e-05
1000	1.22669740279e-05
1001	1.22434712359e-05
1002	1.22193227438e-05
1003	1.21949061796e-05
1004	1.21706912619e-05
1005	1.21471088201e-05
1006	1.21244075469e-05
1007	1.21025619287e-05
1008	1.20812818743e-05
1009	1.206012349e-05
1010	1.20386392827e-05
1011	1.20164968977e-05
1012	1.19935504473e-05
1013	1.19698639284e-05
1014	1.19456973458e-05
1015	1.19214522541e-05
1016	1.18975728194e-05
1017	1.18744167167e-05
1018	1.18521299301e-05
1019	1.18305961061e-05
1020	1.18094786012e-05
1021	1.17883491674e-05
1022	1.17667931996e-05
1023	1.17445639337e-05
1024	1.17215763102e-05
1025	1.16979438732e-05
1026	1.16739512602e-05
1027	1.16499982885e-05
1028	1.16264939903e-05
1029	1.16037385257e-05
1030	1.15818167212e-05
1031	1.15605648866e-05
1032	1.15396359356e-05
1033	1.1518618933e-05
1034	1.14971568625e-05
1035	1.14750313758e-05
1036	1.14521959938e-05
1037	1.14287843016e-05
1038	1.14050853824e-05
1039	1.13814825836e-05
1040	1.1358355412e-05
1041	1.13359670271e-05
1042	1.13143712073e-05
1043	1.12933945242e-05
1044	1.12727002392e-05
1045	1.12519017548e-05
1046	1.12306720028e-05
1047	1.12088120295e-05
1048	1.1186285127e-05
1049	1.11632233921e-05
1050	1.11398999793e-05
1051	1.11166756173e-05
1052	1.10939086039e-05
1053	1.1071847609e-05
1054	1.10505454113e-05
1055	1.10298425423e-05
1056	1.10094259677e-05
1057	1.09889337751e-05
1058	1.09680525905e-05
1059	1.0946587308e-05
1060	1.09244928433e-05
1061	1.09018795009e-05
1062	1.08789941154e-05
1063	1.08561710043e-05
1064	1.08337506677e-05
1065	1.08119822305e-05
1066	1.07909440698e-05
1067	1.07705121048e-05
1068	1.07504093847e-05
1069	1.07302968862e-05
1070	1.07098673292e-05
1071	1.06889145585e-05
1072	1.06673689596e-05
1073	1.0645305343e-05
1074	1.06229290811e-05
1075	1.06005398706e-05
1076	1.05784621402e-05
1077	1.05569583645e-05
1078	1.05361465123e-05
1079	1.0515961376e-05
1080	1.04961758588e-05
1081	1.04764793089e-05
1082	1.04565692147e-05
1083	1.04362198703e-05
1084	1.04153232621e-05
1085	1.03939045114e-05
1086	1.03721157553e-05
1087	1.03502096209e-05
1088	1.03284885202e-05
1089	1.03072288539e-05
1090	1.02865999862e-05
1091	1.02666086717e-05
1092	1.02470994571e-05
1093	1.02278080774e-05
1094	1.02084417456e-05
1095	1.01887520698e-05
1096	1.01685851751e-05
1097	1.01479055287e-05
1098	1.01267984958e-05
1099	1.01054558908e-05
1100	1.00841408398e-05
1101	1.00631293963e-05
1102	1.00426394848e-05
1103	1.00227654673e-05
1104	1.00034462766e-05
1105	9.98448777846e-06
1106	9.96562598421e-06
1107	9.9466007484e-06
1108	9.9272138218e-06
1109	9.9073617619e-06
1110	9.88705040232e-06
1111	9.866392604e-06
1112	9.84558941502e-06
1113	9.82489155557e-06
1114	9.80454465446e-06
1115	9.78472353381e-06
1116	9.76547757427e-06
1117	9.74671746647e-06
1118	9.7282459435e-06
1119	9.70981814096e-06
1120	9.69120454999e-06
1121	9.67223721707e-06
1122	9.65283684156e-06
1123	9.6330228386e-06
1124	9.61290897485e-06
1125	9.59268465433e-06
1126	9.57257990615e-06
1127	9.55281536933e-06
1128	9.53354394751e-06
1129	9.5148070213e-06
1130	9.49652125307e-06
1131	9.47850770228e-06
1132	9.46054436145e-06
1133	9.44242118773e-06
1134	9.42398208552e-06
1135	9.4051495036e-06
1136	9.38593307704e-06
1137	9.36642715896e-06
1138	9.34679549063e-06
1139	9.32724187096e-06
1140	9.30796976455e-06
1141	9.28913272142e-06
1142	9.27078992862e-06
1143	9.25289148651e-06
1144	9.23529375357e-06
1145	9.21780360669e-06
1146	9.2002236902e-06
1147	9.18239710462e-06
1148	9.16422943087e-06
1149	9.14570137578e-06
1150	9.12686894123e-06
1151	9.10785493929e-06
1152	9.08883104465e-06
1153	9.0699846338e-06
1154	9.05147750354e-06
1155	9.03342133008e-06
1156	9.01573677931e-06
1157	8.99842713388e-06
1158	8.98135318249e-06
1159	8.96432696825e-06
1160	8.94717232232e-06
1161	8.92976071501e-06
1162	8.91202581356e-06
1163	8.89397025343e-06
1164	8.87566093074e-06
1165	8.85722032639e-06
1166	8.83880772831e-06
1167	8.82058858989e-06
1168	8.80270003936e-06
1169	8.78521781755e-06
1170	8.76813426136e-06
1171	8.7513648478e-06
1172	8.73477149668e-06
1173	8.71819848862e-06
1174	8.70150357942e-06
1175	8.68458059317e-06
1176	8.66737464297e-06
1177	8.64988635614e-06
1178	8.63217208642e-06
1179	8.61433400444e-06
1180	8.59650709812e-06
1181	8.57883471123e-06
1182	8.56144167477e-06
1183	8.54440536077e-06
1184	8.52773736277e-06
1185	8.51138065787e-06
1186	8.49522603663e-06
1187	8.47913950361e-06
1188	8.46298960574e-06
1189	8.44667063053e-06
1190	8.43011559263e-06
1191	8.4133032978e-06
1192	8.39625971491e-06
1193	8.37905396681e-06
1194	8.36178990714e-06
1195	8.34459063526e-06
1196	8.32757722282e-06
1197	8.31084487412e-06
1198	8.29444198488e-06
1199	8.27835876779e-06
1200	8.26253235954e-06
1201	8.24686169822e-06
1202	8.23122990402e-06
1203	8.2155263006e-06
1204	8.19966474917e-06
1205	8.18359276637e-06
1206	8.16729603028e-06
1207	8.15079794634e-06
1208	8.13415780986e-06
1209	8.11746360199e-06
1210	8.10082043225e-06
1211	8.08433305352e-06
1212	8.06814507558e-06
1213	8.0522199058e-06
1214	8.03650064831e-06
1215	8.02103401151e-06
1216	8.0058061592e-06
1217	7.99064052987e-06
1218	7.97538208778e-06
1219	7.96009238657e-06
1220	7.9446242958e-06
1221	7.92890469908e-06
1222	7.9130722385e-06
1223	7.89707040978e-06
1224	7.88091814905e-06
1225	7.86486277267e-06
1226	7.84881244657e-06
1227	7.83294083599e-06
1228	7.81729847759e-06
1229	7.80190630723e-06
1230	7.78677712016e-06
1231	7.77180299344e-06
1232	7.75708046038e-06
1233	7.74233792112e-06
1234	7.7275823086e-06
1235	7.71273903326e-06
1236	7.69772968657e-06
1237	7.68256484572e-06
1238	7.66723125774e-06
1239	7.65176750222e-06
1240	7.63623165997e-06
1241	7.62063722427e-06
1242	7.60510882016e-06
1243	7.589717534e-06
1244	7.57446591686e-06
1245	7.55955609127e-06
1246	7.54479785867e-06
1247	7.53021726139e-06
1248	7.51581526262e-06
1249	7.50158191547e-06
1250	7.48727727365e-06
1251	7.47288494259e-06
1252	7.4584886051e-06
1253	7.4438908985e-06
1254	7.42912266039e-06
1255	7.41424888243e-06
1256	7.39935612452e-06
1257	7.38431978996e-06
1258	7.36924692731e-06
1259	7.35426000347e-06
1260	7.33947794944e-06
1261	7.32478293115e-06
1262	7.31025324532e-06
1263	7.2959518121e-06
1264	7.28191634889e-06
1265	7.26794287891e-06
1266	7.25402753813e-06
1267	7.24016460767e-06
1268	7.22629058066e-06
1269	7.21242243893e-06
1270	7.19836314059e-06
1271	7.18415263126e-06
1272	7.16983688804e-06
1273	7.15549557604e-06
1274	7.14100639446e-06
1275	7.12646616924e-06
1276	7.11196412253e-06
1277	7.0975485525e-06
1278	7.08333576942e-06
1279	7.06919721082e-06
1280	7.05520506933e-06
1281	7.04140056392e-06
1282	7.02776598341e-06
1283	7.01426158102e-06
1284	7.00083556636e-06
1285	6.98743556741e-06
1286	6.97407779281e-06
1287	6.96057787573e-06
1288	6.94695560061e-06
1289	6.93324288944e-06
1290	6.91944051451e-06
1291	6.90555757755e-06
1292	6.89161340357e-06
1293	6.87763945612e-06
1294	6.86367375004e-06
1295	6.84975791285e-06
1296	6.83593238061e-06
1297	6.82223068793e-06
1298	6.80867552723e-06
1299	6.79527394457e-06
1300	6.78201699777e-06
1301	6.76888105001e-06
1302	6.75583224535e-06
1303	6.74283173467e-06
1304	6.72984039145e-06
1305	6.71682169775e-06
1306	6.70374640831e-06
1307	6.69059458348e-06
1308	6.67735593158e-06
1309	6.66403044575e-06
1310	6.65062815078e-06
1311	6.63716859515e-06
1312	6.62367985232e-06
1313	6.61019554917e-06
1314	6.59675249796e-06
1315	6.58338595693e-06
1316	6.5701260005e-06
1317	6.55699305013e-06
1318	6.54399576627e-06
1319	6.5311298878e-06
1320	6.51838839044e-06
1321	6.50572783092e-06
1322	6.49312714007e-06
1323	6.4805528698e-06
1324	6.46797310645e-06
1325	6.45535937022e-06
1326	6.44269002433e-06
1327	6.42995097504e-06
1328	6.41713656857e-06
1329	6.4042517346e-06
1330	6.39130407375e-06
1331	6.37831309703e-06
1332	6.36530920301e-06
1333	6.35230762491e-06
1334	6.33934313008e-06
1335	6.32644632654e-06
1336	6.31364288546e-06
1337	6.3009500467e-06
1338	6.28838275488e-06
1339	6.27592736337e-06
1340	6.26357473673e-06
1341	6.25130599855e-06
1342	6.23910307758e-06
1343	6.22692623117e-06
1344	6.21475328527e-06
1345	6.20256817124e-06
1346	6.19033879288e-06
1347	6.17805567605e-06
1348	6.16571893941e-06
1349	6.15331436402e-06
1350	6.14085818233e-06
1351	6.1283507428e-06
1352	6.11581911535e-06
1353	6.10327482414e-06
1354	6.09075207122e-06
1355	6.07826580952e-06
1356	6.06585012401e-06
1357	6.05351393852e-06
1358	6.04128079338e-06
1359	6.02915163541e-06
1360	6.01711652047e-06
1361	6.00517641198e-06
1362	5.99331142959e-06
1363	5.98149956208e-06
1364	5.96971357368e-06
1365	5.95794214327e-06
1366	5.94616014265e-06
1367	5.93434932269e-06
1368	5.92249716471e-06
1369	5.91059032364e-06
1370	5.89863679223e-06
1371	5.88663533704e-06
1372	5.87459240278e-06
1373	5.86252025183e-06
1374	5.85043472514e-06
1375	5.83835437464e-06
1376	5.82630085737e-06
1377	5.81429450381e-06
1378	5.80235386163e-06
1379	5.79049256657e-06
1380	5.77871962061e-06
1381	5.7670376229e-06
1382	5.7554417835e-06
1383	5.74392179585e-06
1384	5.73246373209e-06
1385	5.72105027854e-06
1386	5.70966256348e-06
1387	5.69828303802e-06
1388	5.68689439398e-06
1389	5.67548255412e-06
1390	5.66403689074e-06
1391	5.6525505682e-06
1392	5.64102106676e-06
1393	5.62944984568e-06
1394	5.61784213237e-06
1395	5.60620771313e-06
1396	5.59456015621e-06
1397	5.58291524675e-06
1398	5.57129077553e-06
1399	5.55970372648e-06
1400	5.54817427138e-06
1401	5.5367061112e-06
1402	5.52531526766e-06
1403	5.51400539629e-06
1404	9.98475283675e-06
1405	5.5190797196e-06
1406	9.98867425707e-06
1407	9.99938879006e-06
1408	5.51501457406e-06
1409	9.95057807574e-06
1410	9.93813664301e-06
1411	9.93263406277e-06
1412	9.92550544679e-06
1413	9.91301189483e-06
1414	9.8957842864e-06
1415	9.875269714e-06
1416	9.85367060039e-06
1417	9.83245578786e-06
1418	9.81238869459e-06
1419	9.79349104637e-06
1420	9.77547445531e-06
1421	9.7575467656e-06
1422	9.73966984093e-06
1423	9.721353725e-06
1424	9.70267676204e-06
1425	9.68385479874e-06
1426	9.66473878914e-06
1427	9.64544827693e-06
1428	9.62616072193e-06
1429	9.60694035309e-06
1430	9.58785086307e-06
1431	9.56890558001e-06
1432	9.55011412058e-06
1433	9.53147716211e-06
1434	9.51298055499e-06
1435	9.49461614539e-06
1436	9.47635303731e-06
1437	9.45815605865e-06
1438	9.43998733543e-06
1439	9.42180690441e-06
1440	9.40358076125e-06
1441	9.38528137215e-06
1442	9.36689132427e-06
1443	9.34840302441e-06
1444	9.32982225614e-06
1445	9.31116366016e-06
1446	9.29245055439e-06
1447	9.27371221107e-06
1448	9.25498152505e-06
1449	9.23629335721e-06
1450	9.21767822187e-06
1451	9.19916400862e-06
1452	9.18077065418e-06
1453	9.16251004752e-06
1454	9.14438462184e-06
1455	9.12638832317e-06
1456	9.10850919216e-06
1457	9.0907289975e-06
1458	9.07302415242e-06
1459	9.05537085655e-06
1460	9.03774535554e-06
1461	9.02012413755e-06
1462	9.00248699024e-06
1463	8.98481631197e-06
1464	8.96710037116e-06
1465	8.94933247023e-06
1466	8.93151059434e-06
1467	8.91363692969e-06
1468	8.89571613514e-06
1469	8.87775918296e-06
1470	8.85977811372e-06
1471	8.8417871862e-06
1472	8.82380377589e-06
1473	8.80584620534e-06
1474	8.78793311239e-06
1475	8.77008172233e-06
1476	8.75230534128e-06
1477	8.73461545056e-06
1478	8.71702100269e-06
1479	8.69952662684e-06
1480	8.68212939169e-06
1481	8.66482422588e-06
1482	8.64760172058e-06
1483	8.63045026886e-06
1484	8.6133544743e-06
1485	8.59629832231e-06
1486	8.5792661534e-06
1487	8.56224252501e-06
1488	8.5452156744e-06
1489	8.52816896528e-06
1490	8.51109362067e-06
1491	8.493983533e-06
1492	8.47683427292e-06
1493	8.45964509277e-06
1494	8.44241865955e-06
1495	8.42516166925e-06
1496	8.40788375806e-06
1497	8.39059669203e-06
1498	8.37331329295e-06
1499	8.3560507947e-06
1500	8.33882493784e-06
1501	8.32165195089e-06
1502	8.30454765207e-06
1503	8.28752269416e-06
1504	8.27058657111e-06
1505	8.25374379598e-06
1506	8.23699221784e-06
1507	8.22032677884e-06
1508	8.20374214354e-06
1509	8.18722442492e-06
1510	8.17075859335e-06
1511	8.15433061545e-06
1512	8.13792731374e-06
1513	8.12153414428e-06
1514	8.10513864709e-06
1515	8.08873223217e-06
1516	8.07230372982e-06
1517	8.05590806893e-06
1518	8.0393853518e-06
1519	8.02285228662e-06
1520	8.00628707761e-06
1521	7.989659029e-06
1522	7.97303363529e-06
1523	7.95640809841e-06
1524	7.93979815421e-06
1525	7.92326763773e-06
1526	7.9066645387e-06
1527	7.8901200592e-06
1528	7.8736373187e-06
1529	7.8572276086e-06
1530	7.84090051994e-06
1531	7.82462102806e-06
1532	7.808458391e-06
1533	7.79245686239e-06
1534	7.77645718881e-06
1535	7.76052377176e-06
1536	7.74464252058e-06
1537	7.72880035456e-06
1538	7.71298392192e-06
1539	7.69717806415e-06
1540	7.68136839767e-06
1541	7.66550208279e-06
1542	7.6497077395e-06
1543	7.633820454e-06
1544	7.61791239319e-06
1545	7.60197051818e-06
1546	7.5859986142e-06
1547	7.57000075548e-06
1548	7.5539842395e-06
1549	7.53795576541e-06
1550	7.52192590335e-06
1551	7.50590611381e-06
1552	7.48991035369e-06
1553	7.47395367357e-06
1554	7.45804766311e-06
1555	7.44220396442e-06
1556	7.42643233344e-06
1557	7.41073831436e-06
1558	7.39512291901e-06
1559	7.37958469456e-06
1560	7.36411777394e-06
1561	7.34871280141e-06
1562	7.33335830197e-06
1563	7.31804307797e-06
1564	7.30275294422e-06
1565	7.287474758e-06
1566	7.27219554891e-06
1567	7.25690374933e-06
1568	7.24159143907e-06
1569	7.22625170946e-06
1570	7.21087925375e-06
1571	7.19547396354e-06
1572	7.18003814726e-06
1573	7.16457617531e-06
1574	7.14909355696e-06
1575	7.13359785074e-06
1576	7.11809982828e-06
1577	7.10261216453e-06
1578	7.08714653284e-06
1579	7.07171600505e-06
1580	7.05633324171e-06
1581	7.04100636603e-06
1582	7.02574396389e-06
1583	7.0105506179e-06
1584	6.99542919717e-06
1585	6.98037791782e-06
1586	6.96539346582e-06
1587	6.95046806061e-06
1588	6.93559137623e-06
1589	6.92075189787e-06
1590	6.90593606774e-06
1591	6.89113132921e-06
1592	6.87632537219e-06
1593	6.86150648705e-06
1594	6.84666627121e-06
1595	6.83179868083e-06
1596	6.81690135137e-06
1597	6.80197134868e-06
1598	6.78701011183e-06
1599	6.77202275358e-06
1600	6.75701507017e-06
1601	6.74199491196e-06
1602	6.72697254934e-06
1603	6.71195991781e-06
1604	6.69696654513e-06
1605	6.68200570633e-06
1606	6.66708857147e-06
1607	6.65222463511e-06
1608	6.63742188792e-06
1609	6.62268650871e-06
1610	6.608019142e-06
1611	6.59341878855e-06
1612	6.5788797078e-06
1613	6.56439366955e-06
1614	6.54995175016e-06
1615	6.53554072495e-06
1616	6.52114755374e-06
1617	6.50676070998e-06
1618	6.49236925182e-06
1619	6.4779611773e-06
1620	6.46352909385e-06
1621	6.44906954904e-06
1622	6.43457937686e-06
1623	6.42005765837e-06
1624	6.40550809198e-06
1625	6.39093309475e-06
1626	6.37633899948e-06
1627	6.36173379352e-06
1628	6.34712547075e-06
1629	6.33252449013e-06
1630	6.31794522794e-06
1631	6.30339937036e-06
1632	6.28889756276e-06
1633	6.27444974069e-06
1634	6.26006263665e-06
1635	6.24574042706e-06
1636	6.23148210396e-06
1637	6.21728508676e-06
1638	6.20314293484e-06
1639	6.18904475359e-06
1640	6.1749790123e-06
1641	6.16093317413e-06
1642	6.14689583407e-06
1643	6.13285642803e-06
1644	6.11880544603e-06
1645	6.10473580662e-06
1646	6.09064091431e-06
1647	6.07651533926e-06
1648	6.06235801741e-06
1649	6.04816921375e-06
1650	6.03395037098e-06
1651	6.01970936332e-06
1652	6.00545389037e-06
1653	5.9911920376e-06
1654	5.97693386071e-06
1655	5.96269170412e-06
1656	5.94847683667e-06
1657	5.93430171742e-06
1658	5.92017700478e-06
1659	5.90610887165e-06
1660	5.89210057589e-06
1661	5.87815073198e-06
1662	5.86425765854e-06
1663	5.85041478709e-06
1664	5.8366128827e-06
1665	5.82284072776e-06
1666	5.80908670062e-06
1667	5.79533889693e-06
1668	5.78158742511e-06
1669	5.76782138206e-06
1670	5.75404221691e-06
1671	5.74022769523e-06
1672	5.72637756526e-06
1673	5.71249329486e-06
1674	5.69857438297e-06
1675	5.68462370331e-06
1676	5.67065610493e-06
1677	5.65666223066e-06
1678	5.64266050579e-06
1679	5.62867457791e-06
1680	5.61469744095e-06
1681	5.60074652494e-06
1682	5.58683670896e-06
1683	5.57297575819e-06
1684	5.55917812616e-06
1685	5.54542612079e-06
1686	5.53172598616e-06
1687	5.51807672848e-06
1688	5.50447963309e-06
1689	9.97724614053e-06
1690	5.53022183283e-06
1691	5.51500347837e-06
1692	9.96188483452e-06
1693	9.99394238733e-06
1694	5.52430954566e-06
1695	9.96403802034e-06
1696	9.96327675559e-06
1697	9.97379281973e-06
1698	9.97809825838e-06
1699	9.96917790246e-06
1700	9.94908264263e-06
1701	9.92158587654e-06
1702	9.89190765381e-06
1703	9.86321331945e-06
1704	9.83731850444e-06
1705	9.81420669236e-06
1706	9.79312660476e-06
1707	9.77312882289e-06
1708	9.75335517843e-06
1709	9.73331670178e-06
1710	9.71274806974e-06
1711	9.69163592459e-06
1712	9.67006032875e-06
1713	9.64809200836e-06
1714	9.62580058528e-06
1715	9.60327436684e-06
1716	9.58057829484e-06
1717	9.55775372635e-06
1718	9.5348481234e-06
1719	9.51190777441e-06
1720	9.48899226218e-06
1721	9.46611671246e-06
1722	9.44332670349e-06
1723	9.42066800893e-06
1724	9.39810954461e-06
1725	9.3756582558e-06
1726	9.35332654929e-06
1727	9.33107244315e-06
1728	9.30887523495e-06
1729	9.28670708037e-06
1730	9.26459539809e-06
1731	9.2424981471e-06
1732	9.22044357855e-06
1733	9.19838896021e-06
1734	9.1763649643e-06
1735	9.15433476482e-06
1736	9.13231949046e-06
1737	9.11027862036e-06
1738	9.08821919674e-06
1739	9.06615722285e-06
1740	9.04404525613e-06
1741	9.02189161494e-06
1742	8.9997111965e-06
1743	8.97746899946e-06
1744	8.95517326609e-06
1745	8.93285337546e-06
1746	8.91046934943e-06
1747	8.88806143504e-06
1748	8.86560758747e-06
1749	8.84313406134e-06
1750	8.8206830903e-06
1751	8.79823005061e-06
1752	8.77582755977e-06
1753	8.75346380507e-06
1754	8.73118535424e-06
1755	8.70896691176e-06
1756	8.68682171498e-06
1757	8.66476648846e-06
1758	8.64275040079e-06
1759	8.62077284255e-06
1760	8.59883763982e-06
1761	8.57688242063e-06
1762	8.55489715763e-06
1763	8.53287104324e-06
1764	8.51078475608e-06
1765	8.48864372886e-06
1766	8.46639774456e-06
1767	8.44405736175e-06
1768	8.42163474613e-06
1769	8.39913531836e-06
1770	8.3765724575e-06
1771	8.35398434621e-06
1772	8.33134737228e-06
1773	8.30870952927e-06
1774	8.28609620161e-06
1775	8.26352843964e-06
1776	8.2410235603e-06
1777	8.21859531838e-06
1778	8.1962461485e-06
1779	8.17397640314e-06
1780	8.15176822852e-06
1781	8.1296078092e-06
1782	8.1074760137e-06
1783	8.08533465892e-06
1784	8.06315738882e-06
1785	8.04092036033e-06
1786	8.01860320085e-06
1787	7.99619094294e-06
1788	7.97367602222e-06
1789	7.95105626485e-06
1790	7.92833513063e-06
1791	7.90552056845e-06
1792	7.88262684799e-06
1793	7.8596782928e-06
1794	7.83669660375e-06
1795	7.81370755061e-06
1796	7.79073751584e-06
1797	7.7678098655e-06
1798	7.74494389218e-06
1799	7.72215141436e-06
1800	7.69943097873e-06
1801	7.67677519052e-06
1802	7.65416510502e-06
1803	7.63157434358e-06
1804	7.60897605554e-06
1805	7.58633867024e-06
1806	7.56363318798e-06
1807	7.54083982469e-06
1808	7.5179387432e-06
1809	7.49491788323e-06
1810	7.47177086202e-06
1811	7.44850466415e-06
1812	7.42512822091e-06
1813	7.40165981074e-06
1814	7.37812341503e-06
1815	7.35454305949e-06
1816	7.33094299013e-06
1817	7.30735110458e-06
1818	7.28379593738e-06
1819	7.26029340048e-06
1820	7.23685298322e-06
1821	7.21347757841e-06
1822	7.19015315067e-06
1823	7.16685297184e-06
1824	7.14354445959e-06
1825	7.12019343256e-06
1826	7.09677048869e-06
1827	7.07324469763e-06
1828	7.04959589155e-06
1829	7.02580806806e-06
1830	7.00187452183e-06
1831	6.97779167214e-06
1832	6.95357246015e-06
1833	6.92923208133e-06
1834	6.90478740874e-06
1835	6.88026835961e-06
1836	6.85570863739e-06
1837	6.83114442007e-06
1838	6.8066041184e-06
1839	6.78211054664e-06
1840	6.75767180864e-06
1841	6.7332839332e-06
1842	6.70892870204e-06
1843	6.68456549217e-06
1844	6.66015369413e-06
1845	6.63564516012e-06
1846	6.61099245672e-06
1847	6.58615842911e-06
1848	6.56110917719e-06
1849	6.53582497206e-06
1850	6.51029492693e-06
1851	6.48451511178e-06
1852	6.45849759813e-06
1853	6.43226961793e-06
1854	6.4058807993e-06
1855	6.37940780738e-06
1856	6.35294272052e-06
1857	6.32657972801e-06
1858	6.30040023865e-06
1859	6.27445310355e-06
1860	6.24873811086e-06
1861	6.22320307511e-06
1862	6.19775455547e-06
1863	6.17229260312e-06
1864	6.14672629789e-06
1865	6.12098281033e-06
1866	6.09502143584e-06
1867	6.06883414826e-06
1868	6.04244932035e-06
1869	6.01594109971e-06
1870	5.98941305349e-06
1871	5.96299729569e-06
1872	5.9368369359e-06
1873	5.91104009216e-06
1874	5.88566325484e-06
1875	5.86068651329e-06
1876	5.83601531752e-06
1877	5.811509814e-06
1878	5.78701043596e-06
1879	5.76235462261e-06
1880	5.73741323642e-06
1881	5.71209185198e-06
1882	5.68632477736e-06
1883	5.66007002087e-06
1884	5.63331009872e-06
1885	5.60605363096e-06
1886	5.57831784433e-06
1887	5.55013046263e-06
1888	5.5215276345e-06
1889	5.49255504657e-06
1890	9.9504365731e-06
1891	5.54027605647e-06
1892	5.518138986e-06
1893	9.94456110508e-06
1894	5.49983659714e-06
1895	9.92283137501e-06
1896	9.98453695753e-06
1897	5.52699752049e-06
1898	9.92768460094e-06
1899	9.92987174772e-06
1900	9.9676347922e-06
1901	5.49185338392e-06
1902	9.81596484379e-06
1903	9.78563193056e-06
1904	9.80898559131e-06
1905	9.84468325645e-06
1906	9.86586508305e-06
1907	9.86472898334e-06
1908	9.84475038189e-06
1909	9.81258915246e-06
1910	9.77515986976e-06
1911	9.73763643501e-06
1912	9.70216086195e-06
1913	9.66963695046e-06
1914	9.63907516627e-06
1915	9.60920701065e-06
1916	9.57907676752e-06
1917	9.54810211517e-06
1918	9.51615511952e-06
1919	9.48302192369e-06
1920	9.448803142e-06
1921	9.41384451439e-06
1922	9.37838725626e-06
1923	9.34259373195e-06
1924	9.30651545573e-06
1925	9.2701607315e-06
1926	9.23350479016e-06
1927	9.19651961652e-06
1928	9.15917749035e-06
1929	9.12146539805e-06
1930	9.0833841737e-06
1931	9.04493600826e-06
1932	9.00612899477e-06
1933	8.96696970505e-06
1934	8.92746569192e-06
1935	8.88762380296e-06
1936	8.84744157703e-06
1937	8.80691355027e-06
1938	8.76603504137e-06
1939	8.72479429032e-06
1940	8.68317995848e-06
1941	8.64118577446e-06
1942	8.59879921325e-06
1943	8.5560052156e-06
1944	8.51279448926e-06
1945	8.4691586473e-06
1946	8.42509395696e-06
1947	8.38058967552e-06
1948	8.33564536963e-06
1949	8.29025034498e-06
1950	8.24440032371e-06
1951	8.19808662906e-06
1952	8.15130068183e-06
1953	8.10403669133e-06
1954	8.05629175741e-06
1955	8.00804852437e-06
1956	7.95929451681e-06
1957	7.91001517157e-06
1958	7.86019964839e-06
1959	7.80983155252e-06
1960	7.75889399526e-06
1961	7.70736875091e-06
1962	7.65523796813e-06
1963	7.60247807884e-06
1964	7.54907013297e-06
1965	7.49500117138e-06
1966	7.44024058273e-06
1967	7.38514091911e-06
1968	7.33142239739e-06
1969	7.27695316701e-06
1970	7.22378600762e-06
1971	7.17143436091e-06
1972	7.1183649816e-06
1973	7.06462544164e-06
1974	7.01020184386e-06
1975	6.95507906287e-06
1976	6.90087223847e-06
1977	6.84777331912e-06
1978	6.79391863112e-06
1979	6.73933290331e-06
1980	6.68399860587e-06
1981	6.62789196391e-06
1982	6.5741602446e-06
1983	6.52159002769e-06
1984	6.46829702298e-06
1985	6.41428721334e-06
1986	6.35955099222e-06
1987	6.30407526947e-06
1988	6.24785046784e-06
1989	6.19085875062e-06
1990	6.1338721882e-06
1991	6.07732214283e-06
1992	6.02075670251e-06
1993	5.96427273478e-06
1994	5.90696341799e-06
1995	5.84883253521e-06
1996	5.78983900996e-06
1997	5.72995254282e-06
1998	5.67043188691e-06
1999	5.60990268424e-06
2000	5.54825980384e-06
2001	5.48545559371e-06
2002	9.91707376481e-06
2003	5.57137860529e-06
2004	5.53218192219e-06
2005	9.91894130394e-06
2006	5.50300091992e-06
2007	9.9040683448e-06
2008	5.48685913922e-06
