1	0
2	0
3	0
4	0
5	0
6	0
7	0
8	0
9	0
10	0
11	0
12	0
13	0
14	1
15	1
16	1
17	1
18	1
19	1
20	1
21	1
22	1
23	1
24	1
25	1
26	1
27	1
28	1
29	2
30	2
31	2
32	2
33	2
34	2
35	2
36	2
37	2
38	2
39	2
40	2
41	2
42	2
43	2
44	3
45	3
46	3
47	3
48	3
49	3
50	3
51	3
52	3
53	3
54	3
55	3
56	3
57	3
58	3
59	3
60	4
61	4
62	4
63	4
64	4
65	4
66	4
67	4
68	4
69	4
70	4
71	4
72	4
73	4
74	4
75	5
76	5
77	5
78	5
79	5
80	5
81	5
82	5
83	5
84	5
85	5
86	5
87	5
88	5
89	5
90	5
91	6
92	6
93	6
94	6
95	6
96	6
97	6
98	6
99	6
100	6
101	6
102	6
103	6
104	6
105	7
106	7
107	7
108	7
109	7
110	7
111	7
112	7
113	7
114	7
115	7
116	7
117	7
118	7
119	7
120	7
121	8
122	8
123	8
124	8
125	8
126	8
127	8
128	8
129	8
130	8
131	8
132	8
133	8
134	8
135	9
136	9
137	9
138	9
139	9
140	9
141	9
142	9
143	9
144	9
145	9
146	9
147	9
148	9
149	10
150	10
151	10
152	10
153	10
154	10
155	10
156	10
157	10
158	10
159	10
160	10
161	11
162	11
163	11
164	11
165	11
166	11
167	11
168	11
169	11
170	11
171	11
172	11
173	12
174	12
175	12
176	12
177	12
178	12
179	12
180	12
181	12
182	12
183	12
184	12
185	12
186	12
187	13
188	13
189	13
190	13
191	13
192	13
193	13
194	13
195	13
196	13
197	13
198	13
199	13
200	13
201	14
202	14
203	14
204	14
205	14
206	14
207	14
208	14
209	14
210	14
211	14
212	15
213	15
214	15
215	15
216	15
217	15
218	15
219	15
220	15
221	15
222	15
223	15
224	16
225	16
226	16
227	16
228	16
229	16
230	16
231	16
232	16
233	16
234	16
235	16
236	16
237	16
238	17
239	17
240	17
241	17
242	17
243	17
244	17
245	17
246	17
247	17
248	17
249	17
250	17
251	18
252	18
253	18
254	18
255	18
256	18
257	18
258	18
259	18
260	18
261	18
262	18
263	18
264	18
265	18
266	19
267	19
268	19
269	19
270	19
271	19
272	19
273	19
274	19
275	19
276	20
277	20
278	20
279	20
280	20
281	20
282	20
283	20
284	20
285	20
286	20
287	21
288	21
289	21
290	21
291	21
292	21
293	21
294	21
295	21
296	21
297	21
298	22
299	22
300	22
301	22
302	22
303	22
304	22
305	22
306	22
307	22
308	22
309	22
310	22
311	22
312	23
313	23
314	23
315	23
316	23
317	23
318	23
319	23
320	23
321	23
322	23
323	23
324	23
325	23
326	24
327	24
328	24
329	24
330	24
331	24
332	24
333	24
334	24
335	24
336	24
337	24
338	24
339	24
340	24
341	25
342	25
343	25
344	25
345	25
346	25
347	25
348	25
349	25
350	25
351	25
352	25
353	25
354	26
355	26
356	26
357	26
358	26
359	26
360	26
361	26
362	26
363	26
364	26
365	26
366	26
367	27
368	27
369	27
370	27
371	27
372	27
373	27
374	27
375	27
376	27
377	27
378	27
379	28
380	28
381	28
382	28
383	28
384	28
385	28
386	28
387	28
388	28
389	28
390	28
391	29
392	29
393	29
394	29
395	29
396	29
397	29
398	29
399	29
400	29
401	29
402	29
403	29
404	30
405	30
406	30
407	30
408	30
409	30
410	30
