1	-0.000279621415262
2	0.0989628894372
3	0.0160174640311
4	0.0980004043204
5	-0.0300683621781
6	-0.0131571126731
7	-0.0311036195398
8	-0.0103256800282
9	0.0103212895186
10	0.0164772225369
11	0.00677454249216
12	0.00114588472883
13	-0.000739809460414
14	-0.00300612910844
15	-0.00252874440916
16	-0.000546571333164
17	0.00165937551952
18	0.000945057877661
19	0.00115860550562
20	0.00097975366829
21	5.80375874841e-05
22	-0.00031184999667
23	-0.000127093616687
24	0.000112684643353
25	-0.000187279149245
26	-8.04904935078e-05
27	-5.74983338665e-05
28	4.94720319308e-06
29	-5.62528825657e-05
30	0.000128570058196
31	5.03068564163e-05
32	0.000140972157618
33	3.94499306906e-05
34	0.000137291581198
35	8.18268285702e-05
36	0.000108945093919
37	3.54709715594e-05
38	-3.52477106606e-05
39	1.02486918954e-07
40	-6.67472439355e-05
41	-1.9946903179e-05
42	4.42426802159e-05
43	1.70675880436e-05
44	1.98408801945e-05
45	2.67302508855e-05
46	2.91678653943e-05
47	3.51631002981e-05
48	2.25178488986e-05
49	2.0183801508e-05
50	2.8615685436e-05
51	2.58658803513e-05
52	1.74838837229e-05
53	2.12878283137e-05
54	2.06660452986e-05
55	1.9737301405e-05
56	2.0671653185e-05
57	1.80940794608e-05
58	1.8013351228e-05
59	1.88322665267e-05
60	3.69128985248e-06
61	8.77923667267e-06
62	9.24552459798e-06
63	1.22434308489e-05
64	1.5102517753e-05
65	1.11687674133e-05
66	5.58329708623e-06
67	9.74841394932e-06
68	7.3106781485e-06
69	1.29421758108e-05
70	2.61610817217e-06
71	4.48281988411e-06
72	8.28229194334e-06
73	8.96079815548e-06
74	9.27443808607e-06
75	8.59014467679e-06
76	5.15691522057e-06
77	1.38292975416e-06
78	5.29194446041e-07
79	5.58776763317e-06
80	3.05148162413e-06
81	3.48564751083e-06
82	3.83118032131e-06
83	3.68309895292e-06
84	3.42129399138e-06
85	3.01774759512e-06
86	2.39365404333e-06
87	9.64006799429e-07
88	1.22530152787e-06
89	1.05726166263e-06
90	8.68010162439e-07
91	6.78704591068e-07
92	1.68851696246e-06
93	1.92574793141e-06
94	1.90548133296e-06
95	1.76337862098e-06
96	2.10553018469e-06
97	1.88633439082e-06
98	9.83327595159e-07
99	5.43820829236e-07
100	6.17945549058e-07
101	8.8207870249e-07
102	1.1934647971e-06
103	1.231471734e-06
104	1.92900255473e-06
105	1.93142106157e-06
106	1.12371309469e-06
107	1.30912538786e-06
108	-2.85454883437e-07
109	-2.5225850382e-07
110	1.47845270891e-06
111	5.33181286528e-07
112	8.15155451411e-07
113	-3.2446690142e-07
114	2.2656562572e-07
115	7.02921109405e-07
116	7.14410728961e-07
117	1.00577795665e-06
118	8.44075426883e-07
119	9.15090927695e-07
120	-1.25351354723e-07
121	8.79077748781e-07
122	-3.53274686259e-07
123	4.04411555904e-07
124	4.84899771773e-07
125	5.48514815846e-07
126	5.53958178755e-07
127	5.45156004383e-07
128	5.25574246484e-07
129	5.07412405877e-07
130	4.91977563867e-07
131	4.79502775416e-07
132	4.70535845192e-07
133	4.63440412236e-07
134	4.56947836848e-07
135	4.46856596047e-07
136	6.76545559144e-08
137	2.88559318447e-07
138	5.54507305558e-08
139	3.37177333886e-07
140	7.1416647226e-09
141	3.27950618181e-07
142	1.72932324946e-07
143	3.65564615788e-08
144	7.0636038227e-07
145	2.25921574655e-08
146	2.38903918437e-07
147	2.74294547555e-07
148	1.46584990332e-08
149	3.04501646115e-07
150	3.65988438712e-08
151	8.13216311335e-08
152	2.65570487474e-07
153	1.76903571064e-08
154	2.30815695059e-07
155	2.63290165265e-07
156	4.91373431166e-08
157	8.08332957477e-08
158	2.23250831166e-07
159	1.51192974619e-08
160	1.97719537393e-07
161	2.52935220389e-07
162	3.9757408976e-08
163	3.11545943918e-07
164	2.67187475666e-08
165	2.27313024936e-07
166	3.76910143666e-08
167	2.29422587544e-07
168	3.16467330762e-08
169	2.24317625981e-07
170	2.87427312316e-08
171	2.21129974499e-07
172	2.84246110461e-08
173	2.17749799416e-07
174	2.79866500639e-08
175	2.17726737055e-07
176	2.83912829055e-08
177	2.14143776665e-07
178	2.81230432928e-08
179	2.10968003642e-07
180	2.92078768613e-08
181	2.07945857784e-07
182	2.77086070111e-08
183	2.04413577398e-07
184	2.66823128064e-08
185	1.12728727852e-07
186	2.22100882652e-07
187	2.52874951884e-07
188	1.94592828883e-08
189	1.08862489863e-07
190	2.23788643788e-07
191	1.66492892749e-08
192	1.06801442673e-07
193	2.25906365126e-07
194	1.70801335941e-08
195	1.06425012855e-07
196	2.24206924187e-07
197	1.64768596097e-08
198	1.04248614712e-07
199	2.15772337556e-07
200	1.56804842716e-08
201	1.02480531953e-07
202	2.12778685149e-07
203	1.39613202435e-08
204	1.01340913001e-07
205	2.09383588958e-07
206	1.38512392727e-08
207	9.87513247179e-08
208	2.0372944008e-07
209	1.42490485065e-08
210	9.75549747743e-08
211	1.98411690884e-07
212	1.39884881945e-08
213	9.51657885643e-08
214	1.54019449778e-08
215	9.32896843711e-08
216	1.68050353162e-08
217	9.34143681551e-08
218	1.54594455924e-08
219	9.05002112533e-08
220	1.48289673877e-08
221	8.9009341799e-08
222	1.84041320517e-07
223	1.18231313885e-07
224	1.66042357653e-08
225	8.55238845569e-08
226	1.76335949692e-07
227	1.16933721425e-07
228	1.77562857889e-07
229	1.08847820575e-07
230	1.65646373565e-07
231	1.81387758098e-07
232	1.11712650351e-07
233	1.62263839823e-07
234	1.77592159885e-07
235	1.08002761644e-07
236	1.58108215411e-07
237	1.74677325814e-07
238	1.0608502611e-07
239	1.55214493681e-07
240	1.71632734569e-07
241	1.06260261255e-07
242	1.52867976991e-07
243	1.66971482393e-07
244	1.03565959489e-07
245	1.48161978894e-07
246	1.6230782329e-07
247	1.0281046887e-07
248	1.45854719169e-07
249	1.60021111796e-07
250	4.48817386371e-08
251	5.09906237408e-08
252	1.01361240531e-07
253	3.0701299095e-10
254	1.82318357894e-08
255	1.2478108735e-07
256	-3.70950861809e-08
257	9.49917576074e-08
258	1.36247825803e-07
259	9.08900453698e-08
260	1.37943666204e-07
261	5.36074777651e-08
262	1.22079449998e-07
263	8.46128661355e-08
264	1.14669891544e-07
265	1.5307524712e-08
266	-1.47573119855e-07
267	1.7333711618e-07
268	6.0526362864e-08
269	7.15032400601e-08
270	9.77659698501e-08
271	1.09500890286e-07
272	2.19002233016e-08
273	7.70713274841e-08
274	1.67146559085e-07
275	1.36405531721e-07
276	1.43900014389e-07
277	1.23246528171e-07
278	1.36538215557e-07
279	1.16868025347e-07
280	4.91801804711e-08
281	1.09314323349e-07
282	-1.3466910423e-07
283	-1.29712280267e-07
284	2.10346395065e-07
285	-3.11316414829e-08
286	1.85715892098e-07
287	-1.01103825084e-07
288	8.97773697382e-08
289	6.27006408059e-08
290	-3.49043187993e-08
291	2.62181911175e-07
292	1.21545977025e-07
293	3.4504037349e-08
294	1.06840296099e-07
295	-2.43375475296e-08
296	-2.23137336249e-07
297	1.16963278076e-07
298	9.6374708336e-08
299	-1.13238776514e-07
300	-1.30582885322e-07
301	8.61262877158e-08
302	9.98306890015e-08
303	1.24735325957e-07
304	1.36562518892e-09
305	8.24556297854e-08
306	8.50670045872e-08
307	2.00349147664e-07
308	9.70331684698e-08
309	1.30781786276e-07
310	4.48192247376e-08
311	7.71266628665e-08
312	-2.03676083885e-08
313	1.15721917141e-07
314	1.47354751549e-07
315	8.45447591182e-08
316	-7.70385781002e-08
317	1.24262731775e-07
318	1.55836706571e-07
319	1.74499656664e-07
320	1.51010184958e-07
321	2.9874660426e-08
322	2.33715287458e-07
323	9.67164405838e-08
324	8.1154946694e-08
325	1.32490764528e-07
326	-1.94844612505e-08
327	1.11061027801e-07
328	9.75740333522e-08
329	9.65790946487e-08
330	1.49492177507e-07
331	9.31882834997e-08
332	-2.72703586513e-08
333	1.27900286399e-07
334	8.23648828145e-08
335	7.864753521e-08
336	9.4001030325e-08
337	4.62759226693e-07
338	9.80890899971e-09
339	7.89963872104e-09
340	1.30331284027e-07
341	8.52729243275e-08
342	4.55752694527e-08
343	8.06930860911e-08
344	8.80433079412e-08
345	1.23514122541e-07
346	1.31526347601e-07
347	2.35545599006e-07
348	5.04147980518e-09
349	4.8665060191e-07
350	2.5311469603e-07
351	-2.74488449632e-08
352	-4.33804284805e-08
353	1.89103757543e-07
354	1.49932777848e-08
355	-1.08676155702e-07
356	3.27260440439e-07
357	1.44155839634e-08
358	4.76532192577e-07
359	1.22142419087e-07
360	1.05656618267e-07
361	1.23623531772e-07
362	2.39862561127e-08
363	2.19830969857e-07
364	2.14355033489e-07
365	1.61550482222e-07
366	4.75665749819e-08
367	8.42600115874e-08
368	1.13621601025e-07
369	6.30812050029e-08
370	2.63521189403e-07
371	2.25706313547e-07
372	1.5363709484e-07
373	1.17359615813e-07
374	3.67419836718e-07
375	1.02685519369e-07
376	9.22469671102e-08
377	3.01792117705e-07
378	2.70639043011e-07
379	9.19198316478e-08
380	5.93910530279e-08
381	2.41213902163e-07
382	1.36700216049e-07
383	5.07790472817e-08
384	3.35160852978e-07
385	1.81616326616e-07
386	5.15490248015e-09
387	-1.3136978418e-07
388	-7.71400269215e-08
389	-5.79265955103e-08
390	3.24831024821e-08
391	-2.57054603947e-08
392	9.77761669963e-08
393	1.09252718888e-07
394	-2.8879564323e-08
395	1.22222035951e-07
396	1.21600356607e-07
397	2.33852751109e-07
398	2.2096767729e-07
399	-4.94977080959e-08
400	1.6772713849e-07
401	1.15990531776e-07
402	1.11972621484e-07
403	1.21540485779e-07
404	1.79696601233e-07
405	1.0752325274e-07
406	1.59696161532e-07
407	1.16298632421e-07
408	1.7051810165e-07
409	1.12189013174e-07
410	1.46929611292e-07
