1	0.021927010763
2	8.31558032636
3	4.53683019243
4	6.54511091451
5	2.23974567521
6	1.05597097802
7	2.70200103521
8	2.42652583071
9	1.29104348909
10	0.552329590342
11	0.912593925307
12	0.471398337328
13	0.581750494834
14	0.233436904686
15	0.240160955007
16	0.188453315021
17	0.203007654681
18	0.110638619795
19	0.0995321920134
20	0.0946599522018
21	0.0842773787162
22	0.0572274637551
23	0.0759207283225
24	0.0620475350279
25	0.0412819778549
26	0.0345678996582
27	0.0446072688966
28	0.0339163004294
29	0.0388246147872
30	0.0332027285306
31	0.0317870198801
32	0.0268094855864
33	0.0143073357812
34	0.0169266364443
35	0.021841586403
36	0.0161528827942
37	0.0119127581147
38	0.0183948041905
39	0.0177582042923
40	0.0131656655289
41	0.0126014201654
42	0.0082579062516
43	0.00844143384373
44	0.00827501909753
45	0.0100437746249
46	0.0071814560999
47	0.0072421116118
48	0.00440261020685
49	0.00278314050866
50	0.00257197336213
51	0.00234909511818
52	0.00288828621502
53	0.00310744674136
54	0.00377670365468
55	0.00312666505256
56	0.00315802244273
57	0.00223986664952
58	0.00169691738932
59	0.00155506218151
60	0.00194706839556
61	0.00136155981745
62	0.00154664073243
63	0.00202811091729
64	0.00197725737781
65	0.00112308600481
66	0.0016655317499
67	0.000905297017847
68	0.000935125606228
69	0.00127406318463
70	0.000681293738607
71	0.00105608015599
72	0.000782878389365
73	0.000763423902865
74	0.000803941172973
75	0.000734711534522
76	0.000479023654662
77	0.000360676353267
78	0.000368085001954
79	0.000643631990294
80	0.000331599861328
81	0.00035808132438
82	0.000395717641031
83	0.000378484403613
84	0.000363315811647
85	0.000316367285885
86	0.00025413699408
87	0.000215127432897
88	0.000193307975688
89	0.000220192500342
90	0.000223880945385
91	0.000142877597368
92	0.000241514598678
93	0.000217519603675
94	0.000223288258262
95	0.000176394938832
96	0.000214269491856
97	0.000164545105706
98	0.000173085632002
99	9.9690744598e-05
100	9.6861376924e-05
101	0.000103247723972
102	0.000124165065704
103	0.000127294383145
104	0.000131312765466
105	8.71677400428e-05
106	6.98871678658e-05
107	6.9710361231e-05
108	9.82630225484e-05
109	9.96497591582e-05
110	7.86704625148e-05
111	7.57963082332e-05
112	8.49080677276e-05
113	9.00608348791e-05
114	7.58629809337e-05
115	7.44605686238e-05
116	6.87299177402e-05
117	5.89812192871e-05
118	6.33839281576e-05
119	5.65497423005e-05
120	6.34348425917e-05
121	4.49266436251e-05
122	5.71467701224e-05
123	4.58739583938e-05
124	4.51386689569e-05
125	4.94209970458e-05
126	4.83037838507e-05
127	4.67471016383e-05
128	4.47152422188e-05
129	4.30012758102e-05
130	4.15864198013e-05
131	4.05398242355e-05
132	3.98098137767e-05
133	3.92496666064e-05
134	3.86023176988e-05
135	3.75711777501e-05
136	2.73260698737e-05
137	2.9490631641e-05
138	3.475650891e-05
139	3.77302065641e-05
140	2.38441346923e-05
141	3.67443110652e-05
142	2.96317160694e-05
143	2.39944430837e-05
144	3.7037804816e-05
145	2.34118641878e-05
146	2.46152362146e-05
147	2.9535301295e-05
148	2.35594397144e-05
149	3.06191467614e-05
150	2.24022468274e-05
151	2.1638650715e-05
152	2.69813810425e-05
153	2.2133774803e-05
154	2.27739743904e-05
155	2.88766173948e-05
156	2.2358062618e-05
157	2.06641041972e-05
158	2.32947812319e-05
159	2.07103613516e-05
160	2.04300111297e-05
161	2.79738897902e-05
162	2.06931184672e-05
163	2.54452200095e-05
164	1.92645292735e-05
165	2.37934820404e-05
166	1.92246095415e-05
167	2.50809104049e-05
168	1.87635703267e-05
169	2.42883966949e-05
170	1.82976151127e-05
171	2.41807600334e-05
172	1.78998626977e-05
173	2.40701686218e-05
174	1.76089672911e-05
175	2.38582311343e-05
176	1.73585075518e-05
177	2.34569966157e-05
178	1.7035799883e-05
179	2.2724421181e-05
180	1.67390876733e-05
181	2.25421168664e-05
182	1.64102397471e-05
183	2.22355539664e-05
184	1.61153874951e-05
185	1.20052606476e-05
186	1.77626256377e-05
187	2.13224680267e-05
188	1.51284193679e-05
189	1.20970765132e-05
190	1.79096042075e-05
191	1.41646767443e-05
192	1.143561041e-05
193	1.86405763251e-05
194	1.41026762807e-05
195	1.15737643418e-05
196	1.83212000905e-05
197	1.3787634694e-05
198	1.13436640641e-05
199	1.76013149535e-05
200	1.33524904588e-05
201	1.11634671505e-05
202	1.75193658842e-05
203	1.29771890486e-05
204	1.11454584227e-05
205	1.73920976273e-05
206	1.27220198109e-05
207	1.09633253557e-05
208	1.69928938263e-05
209	1.24030963221e-05
210	1.08871882389e-05
211	1.69403830839e-05
212	1.21076518906e-05
213	1.08298204718e-05
214	1.1123633138e-05
215	1.05924940344e-05
216	1.1046737685e-05
217	1.05424757199e-05
218	1.10103555026e-05
219	1.02673746037e-05
220	1.06818491251e-05
221	1.01135515369e-05
222	1.56190354114e-05
223	1.17485234263e-05
224	1.05994297813e-05
225	9.90527491037e-06
226	1.48377137677e-05
227	1.15953707234e-05
228	1.50792830158e-05
229	1.07396950349e-05
230	1.44162385835e-05
231	1.4664410126e-05
232	1.09917435615e-05
233	1.416680911e-05
234	1.43173455124e-05
235	1.06222003924e-05
236	1.36387280274e-05
237	1.39519193226e-05
238	1.03994597305e-05
239	1.3289274321e-05
240	1.35885150889e-05
241	1.03615400633e-05
242	1.30115622864e-05
243	1.32132879872e-05
244	1.00713800198e-05
245	1.2614570723e-05
246	1.2813227495e-05
247	9.93211417489e-06
248	1.23174849792e-05
249	1.24214322415e-05
250	1.52112196424e-05
251	9.14111101641e-06
252	1.12259545677e-05
253	9.83474074847e-06
254	1.35834370856e-05
255	1.24031344446e-05
256	1.29920581126e-05
257	8.67615083004e-06
258	1.19604526653e-05
259	8.3393509784e-06
260	1.19582515391e-05
261	1.36992861021e-05
262	9.58845096315e-06
263	7.96417772774e-06
264	1.00787013766e-05
265	1.26712130068e-05
266	1.3925179922e-05
267	1.30135350852e-05
268	1.2222049771e-05
269	8.11747439734e-06
270	8.84618430927e-06
271	9.79857680373e-06
272	1.16634939608e-05
273	6.97940794281e-06
274	1.45975247052e-05
275	1.14123851699e-05
276	1.25367432906e-05
277	9.92571101702e-06
278	8.84249076372e-06
279	1.00153348048e-05
280	1.08978570597e-05
281	9.4759149746e-06
282	1.34563419443e-05
283	1.13844411943e-05
284	1.43464832026e-05
285	9.11025702038e-06
286	8.43373537571e-06
287	1.43073023964e-05
288	8.65352707904e-06
289	1.04214544275e-05
290	1.3359202359e-05
291	1.40594090832e-05
292	1.0029198771e-05
293	1.05114798382e-05
294	9.15294459441e-06
295	9.10950213661e-06
296	1.30863912957e-05
297	1.05012952219e-05
298	7.85413262033e-06
299	1.2634914636e-05
300	1.24281726805e-05
301	8.4020954657e-06
302	6.71106222541e-06
303	1.03628142384e-05
304	8.44707015282e-06
305	6.36880307764e-06
306	7.55825631439e-06
307	1.39369942017e-05
308	1.2425488056e-05
309	1.46850274289e-05
310	8.13059709466e-06
311	1.06954732664e-05
312	1.28308796229e-05
313	8.51921957457e-06
314	1.35460532335e-05
315	1.30213626631e-05
316	1.17028838047e-05
317	8.18856882774e-06
318	1.44167602106e-05
319	1.28140879667e-05
320	9.18401822651e-06
321	1.41491935731e-05
322	1.38094691405e-05
323	1.23630914016e-05
324	1.040805442e-05
325	9.0366485129e-06
326	1.35268572493e-05
327	1.0063195805e-05
328	9.09111452288e-06
329	1.28932493121e-05
330	1.42862793492e-05
331	1.05512131625e-05
332	1.2752769458e-05
333	8.80510316281e-06
334	1.08876608126e-05
335	1.43313989407e-05
336	1.35891713041e-05
337	1.3684911172e-05
338	1.3046922774e-05
339	1.33495335303e-05
340	8.26462617709e-06
341	9.26447624479e-06
342	1.35137200336e-05
343	9.60992030009e-06
344	1.26510552672e-05
345	6.86662204156e-06
346	1.2732661613e-05
347	1.37537817238e-05
348	1.38156178317e-05
349	1.36725083611e-05
350	1.37241873587e-05
351	1.25450375441e-05
352	6.14061382606e-06
353	1.23027749335e-05
354	1.0046697329e-05
355	6.01435070809e-06
356	1.39781130303e-05
357	1.12393371141e-05
358	1.2705022005e-05
359	7.59910176855e-06
360	1.4061096951e-05
361	7.60138988241e-06
362	7.18576151364e-06
363	1.08016619339e-05
364	1.38303735546e-05
365	1.42319335557e-05
366	7.6868163446e-06
367	1.34807099651e-05
368	6.84935882836e-06
369	7.19879673806e-06
370	9.77155202425e-06
371	1.27882933261e-05
372	1.34506407262e-05
373	9.67321808864e-06
374	1.10703783584e-05
375	6.56227514442e-06
376	1.30925237748e-05
377	1.10121990449e-05
378	1.41143072597e-05
379	6.9547137766e-06
380	6.12685508498e-06
381	1.38911215141e-05
382	1.18852811676e-05
383	1.1445891493e-05
384	1.40558732512e-05
385	9.91481797088e-06
386	1.26116190392e-05
387	1.33160727389e-05
388	1.22054927405e-05
389	1.18292567913e-05
390	1.22559618815e-05
391	1.21236325008e-05
392	8.82073710415e-06
393	1.34098469406e-05
394	1.13695190185e-05
395	1.38837551616e-05
396	6.51210351165e-06
397	1.36435674495e-05
398	1.34159603114e-05
399	1.01671792084e-05
400	1.39781208719e-05
401	6.41669594664e-06
402	1.39052365175e-05
403	6.52300378868e-06
404	1.37480031945e-05
405	6.47133987889e-06
406	1.37226088625e-05
407	6.043550733e-06
408	1.38200201683e-05
409	6.32421766625e-06
410	1.33443674992e-05
