1	-0.000279621415262
2	0.0986832680219
3	0.114700732053
4	0.212701136373
5	0.182632774195
6	0.169475661522
7	0.138372041982
8	0.128046361954
9	0.138367651473
10	0.15484487401
11	0.161619416502
12	0.162765301231
13	0.16202549177
14	0.159019362662
15	0.156490618253
16	0.15594404692
17	0.157603422439
18	0.158548480317
19	0.159707085822
20	0.160686839491
21	0.160744877078
22	0.160433027082
23	0.160305933465
24	0.160418618108
25	0.160231338959
26	0.160150848465
27	0.160093350132
28	0.160098297335
29	0.160042044452
30	0.16017061451
31	0.160220921367
32	0.160361893524
33	0.160401343455
34	0.160538635036
35	0.160620461865
36	0.160729406959
37	0.16076487793
38	0.16072963022
39	0.160729732707
40	0.160662985463
41	0.16064303856
42	0.16068728124
43	0.160704348828
44	0.160724189708
45	0.160750919959
46	0.160780087824
47	0.160815250925
48	0.160837768773
49	0.160857952575
50	0.16088656826
51	0.160912434141
52	0.160929918025
53	0.160951205853
54	0.160971871898
55	0.1609916092
56	0.161012280853
57	0.161030374932
58	0.161048388283
59	0.16106722055
60	0.16107091184
61	0.161079691076
62	0.161088936601
63	0.161101180032
64	0.16111628255
65	0.161127451317
66	0.161133034614
67	0.161142783028
68	0.161150093706
69	0.161163035882
70	0.16116565199
71	0.16117013481
72	0.161178417102
73	0.1611873779
74	0.161196652338
75	0.161205242483
76	0.161210399398
77	0.161211782328
78	0.161212311522
79	0.16121789929
80	0.161220950772
81	0.161224436419
82	0.161228267599
83	0.161231950698
84	0.161235371992
85	0.16123838974
86	0.161240783394
87	0.161241747401
88	0.161242972702
89	0.161244029964
90	0.161244897974
91	0.161245576679
92	0.161247265196
93	0.161249190944
94	0.161251096425
95	0.161252859804
96	0.161254965334
97	0.161256851668
98	0.161257834996
99	0.161258378817
100	0.161258996762
101	0.161259878841
102	0.161261072306
103	0.161262303777
104	0.16126423278
105	0.161266164201
106	0.161267287914
107	0.16126859704
108	0.161268311585
109	0.161268059326
110	0.161269537779
111	0.16127007096
112	0.161270886116
113	0.161270561649
114	0.161270788214
115	0.161271491135
116	0.161272205546
117	0.161273211324
118	0.1612740554
119	0.16127497049
120	0.161274845139
121	0.161275724217
122	0.161275370942
123	0.161275775354
124	0.161276260254
125	0.161276808768
126	0.161277362726
127	0.161277907883
128	0.161278433457
129	0.161278940869
130	0.161279432847
131	0.161279912349
132	0.161280382885
133	0.161280846326
134	0.161281303274
135	0.16128175013
136	0.161281817785
137	0.161282106344
138	0.161282161795
139	0.161282498972
140	0.161282506114
141	0.161282834064
142	0.161283006997
143	0.161283043553
144	0.161283749914
145	0.161283772506
146	0.16128401141
147	0.161284285704
148	0.161284300363
149	0.161284604864
150	0.161284641463
151	0.161284722785
152	0.161284988355
153	0.161285006046
154	0.161285236861
155	0.161285500152
156	0.161285549289
157	0.161285630122
158	0.161285853373
159	0.161285868492
160	0.161286066212
161	0.161286319147
162	0.161286358904
163	0.16128667045
164	0.161286697169
165	0.161286924482
166	0.161286962173
167	0.161287191596
168	0.161287223243
169	0.16128744756
170	0.161287476303
171	0.161287697433
172	0.161287725857
173	0.161287943607
174	0.161287971594
175	0.161288189321
176	0.161288217712
177	0.161288431856
178	0.161288459979
179	0.161288670947
180	0.161288700155
181	0.1612889081
182	0.161288935809
183	0.161289140223
184	0.161289166905
185	0.161289279634
186	0.161289501735
187	0.16128975461
188	0.161289774069
189	0.161289882931
190	0.16129010672
191	0.161290123369
192	0.161290230171
193	0.161290456077
194	0.161290473157
195	0.161290579582
196	0.161290803789
197	0.161290820266
198	0.161290924515
199	0.161291140287
200	0.161291155967
201	0.161291258448
202	0.161291471227
203	0.161291485188
204	0.161291586529
205	0.161291795912
206	0.161291809764
207	0.161291908515
208	0.161292112244
209	0.161292126494
210	0.161292224048
211	0.16129242246
212	0.161292436449
213	0.161292531614
214	0.161292547016
215	0.161292640306
216	0.161292657111
217	0.161292750525
218	0.161292765985
219	0.161292856485
220	0.161292871314
221	0.161292960323
222	0.161293144365
223	0.161293262596
224	0.1612932792
225	0.161293364724
226	0.16129354106
227	0.161293657994
228	0.161293835557
229	0.161293944405
230	0.161294110051
231	0.161294291439
232	0.161294403151
233	0.161294565415
234	0.161294743007
235	0.16129485101
236	0.161295009118
237	0.161295183796
238	0.161295289881
239	0.161295445095
240	0.161295616728
241	0.161295722988
242	0.161295875856
243	0.161296042828
244	0.161296146394
245	0.161296294556
246	0.161296456863
247	0.161296559674
248	0.161296705529
249	0.16129686555
250	0.161296910431
251	0.161296961422
252	0.161297062783
253	0.16129706309
254	0.161297081322
255	0.161297206103
256	0.161297169008
257	0.161297264
258	0.161297400248
259	0.161297491138
260	0.161297629081
261	0.161297682689
262	0.161297804768
263	0.161297889381
264	0.161298004051
265	0.161298019359
266	0.161297871786
267	0.161298045123
268	0.161298105649
269	0.161298177152
270	0.161298274918
271	0.161298384419
272	0.161298406319
273	0.161298483391
274	0.161298650537
275	0.161298786943
276	0.161298930843
277	0.161299054089
278	0.161299190627
279	0.161299307496
280	0.161299356676
281	0.16129946599
282	0.161299331321
283	0.161299201609
284	0.161299411955
285	0.161299380823
286	0.161299566539
287	0.161299465435
288	0.161299555213
289	0.161299617913
290	0.161299583009
291	0.161299845191
292	0.161299966737
293	0.161300001241
294	0.161300108081
295	0.161300083744
296	0.161299860606
297	0.16129997757
298	0.161300073944
299	0.161299960706
300	0.161299830123
301	0.161299916249
302	0.16130001608
303	0.161300140815
304	0.161300142181
305	0.161300224636
306	0.161300309703
307	0.161300510053
308	0.161300607086
309	0.161300737867
310	0.161300782687
311	0.161300859813
312	0.161300839446
313	0.161300955168
314	0.161301102522
315	0.161301187067
316	0.161301110029
317	0.161301234291
318	0.161301390128
319	0.161301564628
320	0.161301715638
321	0.161301745513
322	0.161301979228
323	0.161302075944
324	0.161302157099
325	0.16130228959
326	0.161302270106
327	0.161302381167
328	0.161302478741
329	0.16130257532
330	0.161302724812
331	0.161302818
332	0.16130279073
333	0.16130291863
334	0.161303000995
335	0.161303079642
336	0.161303173644
337	0.161303636403
338	0.161303646212
339	0.161303654111
340	0.161303784443
341	0.161303869716
342	0.161303915291
343	0.161303995984
344	0.161304084027
345	0.161304207541
346	0.161304339068
347	0.161304574613
348	0.161304579655
349	0.161305066305
350	0.16130531942
351	0.161305291971
352	0.161305248591
353	0.161305437694
354	0.161305452688
355	0.161305344012
356	0.161305671272
357	0.161305685688
358	0.16130616222
359	0.161306284362
360	0.161306390019
361	0.161306513642
362	0.161306537629
363	0.16130675746
364	0.161306971815
365	0.161307133365
366	0.161307180932
367	0.161307265192
368	0.161307378813
369	0.161307441895
370	0.161307705416
371	0.161307931122
372	0.161308084759
373	0.161308202119
374	0.161308569539
375	0.161308672224
376	0.161308764471
377	0.161309066263
378	0.161309336902
379	0.161309428822
380	0.161309488213
381	0.161309729427
382	0.161309866127
383	0.161309916906
384	0.161310252067
385	0.161310433683
386	0.161310438838
387	0.161310307469
388	0.161310230329
389	0.161310172402
390	0.161310204885
391	0.16131017918
392	0.161310276956
393	0.161310386208
394	0.161310357329
395	0.161310479551
396	0.161310601151
397	0.161310835004
398	0.161311055972
399	0.161311006474
400	0.161311174201
401	0.161311290192
402	0.161311402164
403	0.161311523705
404	0.161311703401
405	0.161311810925
406	0.161311970621
407	0.161312086919
408	0.161312257438
409	0.161312369627
410	0.161312516556
