1	0.13
2	0.19
3	0.25
4	0.32
5	0.4
6	0.47
7	0.52
8	0.6
9	0.67
10	0.72
11	0.8
12	0.87
13	0.94
14	0.99
15	1.07
16	1.14
17	1.2
18	1.27
19	1.34
20	1.39
21	1.47
22	1.53
23	1.6
24	1.66
25	1.73
26	1.78
27	1.86
28	1.92
29	1.97
30	2.05
31	2.11
32	2.16
33	2.24
34	2.3
35	2.37
36	2.43
37	2.5
38	2.55
39	2.63
40	2.69
41	2.75
42	2.81
43	2.89
44	2.96
45	3.02
46	3.08
47	3.15
48	3.21
49	3.28
50	3.34
51	3.4
52	3.47
53	3.53
54	3.6
55	3.67
56	3.73
57	3.79
58	3.85
59	3.9
60	3.98
61	4.04
62	4.11
63	4.17
64	4.22
65	4.3
66	4.36
67	4.43
68	4.5
69	4.56
70	4.62
71	4.69
72	4.76
73	4.83
74	4.88
75	4.95
76	5.02
77	5.09
78	5.16
79	5.23
80	5.31
81	5.38
82	5.44
83	5.51
84	5.58
85	5.64
86	5.71
87	5.77
88	5.83
89	5.89
90	5.95
91	6.01
92	6.07
93	6.14
94	6.2
95	6.27
96	6.33
97	6.4
98	6.46
99	6.53
100	6.59
101	6.69
102	6.75
103	6.82
104	6.89
105	6.95
106	7.02
107	7.08
108	7.15
109	7.22
110	7.28
111	7.35
112	7.42
113	7.48
114	7.55
115	7.62
116	7.68
117	7.75
118	7.8
119	7.88
120	7.94
121	8.01
122	8.08
123	8.14
124	8.21
125	8.27
126	8.34
127	8.42
128	8.49
129	8.56
130	8.63
131	8.7
132	8.77
133	8.83
134	8.91
135	8.98
136	9.05
137	9.12
138	9.19
139	9.26
140	9.32
141	9.39
142	9.46
143	9.55
144	9.62
145	9.7
146	9.77
147	9.84
148	9.91
149	9.98
150	10.05
151	10.12
152	10.19
153	10.27
154	10.37
155	10.45
156	10.58
157	10.68
158	10.75
159	10.84
160	10.94
161	11.05
162	11.14
163	11.22
164	11.3
165	11.37
166	11.45
167	11.53
168	11.59
169	11.66
170	11.74
171	11.8
172	11.87
173	11.96
174	12.02
175	12.11
176	12.18
177	12.25
178	12.32
179	12.4
180	12.47
181	12.55
182	12.62
183	12.73
184	12.79
185	12.86
186	12.93
187	13
188	13.07
189	13.14
190	13.21
191	13.28
192	13.35
193	13.42
194	13.5
195	13.57
196	13.64
197	13.72
198	13.79
199	13.86
200	13.92
201	14.02
202	14.1
203	14.17
204	14.25
205	14.38
206	14.47
207	14.57
208	14.66
209	14.74
210	14.85
211	14.91
212	15.02
213	15.1
214	15.17
215	15.24
216	15.3
217	15.37
218	15.46
219	15.54
220	15.63
221	15.73
222	15.8
223	15.9
224	15.99
225	16.07
226	16.12
227	16.2
228	16.28
229	16.36
230	16.41
231	16.51
232	16.59
233	16.66
234	16.73
235	16.8
236	16.87
237	16.93
238	17
239	17.07
240	17.15
241	17.23
242	17.29
243	17.37
244	17.46
245	17.54
246	17.63
247	17.71
248	17.77
249	17.84
250	17.92
251	17.99
252	18.04
253	18.11
254	18.18
255	18.26
256	18.32
257	18.38
258	18.44
259	18.52
260	18.57
261	18.65
262	18.72
263	18.79
264	18.86
265	18.94
266	19.01
267	19.11
268	19.2
269	19.31
270	19.41
271	19.49
272	19.6
273	19.68
274	19.77
275	19.87
276	19.97
277	20.05
278	20.14
279	20.24
280	20.33
281	20.43
282	20.52
283	20.6
284	20.69
285	20.78
286	20.88
287	20.98
288	21.07
289	21.16
290	21.26
291	21.36
292	21.45
293	21.56
294	21.66
295	21.72
296	21.79
297	21.86
298	21.93
299	22.02
300	22.1
301	22.21
302	22.29
303	22.35
304	22.42
305	22.49
306	22.56
307	22.63
308	22.71
309	22.76
310	22.83
311	22.92
312	22.98
313	23.06
314	23.12
315	23.19
316	23.26
317	23.33
318	23.39
319	23.46
320	23.54
321	23.59
322	23.66
323	23.73
324	23.8
325	23.87
326	23.95
327	24.02
328	24.1
329	24.17
330	24.24
331	24.3
332	24.37
333	24.44
334	24.5
335	24.57
336	24.64
337	24.71
338	24.78
339	24.85
340	24.92
341	24.98
342	25.05
343	25.12
344	25.2
345	25.28
346	25.37
347	25.45
348	25.53
349	25.61
350	25.68
351	25.77
352	25.82
353	25.89
354	25.97
355	26.02
356	26.11
357	26.19
358	26.26
359	26.34
360	26.41
361	26.48
362	26.56
363	26.65
364	26.73
365	26.8
366	26.89
367	26.98
368	27.07
369	27.16
370	27.25
371	27.33
372	27.4
373	27.47
374	27.54
375	27.62
376	27.73
377	27.83
378	27.91
379	28
380	28.1
381	28.18
382	28.28
383	28.35
384	28.44
385	28.51
386	28.58
387	28.65
388	28.71
389	28.79
390	28.91
391	29.01
392	29.09
393	29.15
394	29.23
395	29.29
396	29.36
397	29.42
398	29.48
399	29.55
400	29.62
401	29.73
402	29.82
403	29.9
404	29.96
405	30.05
406	30.12
407	30.2
408	30.28
409	30.35
410	30.41
