1	0.999999999986
2	0.00671215784393
3	0.00708691767589
4	0.404011884295
5	0.0275759320501
6	0.0123437813758
7	0.0434917269537
8	0.107598370505
9	0.0612488282162
10	0.0203947853675
11	0.027294499844
12	0.0500280085693
13	0.23724745482
14	0.0644116166734
15	0.0509181983505
16	0.0778303804161
17	0.199679062791
18	0.0629713752997
19	0.0391118609321
20	0.0342537801658
21	0.0338827599312
22	0.0399353216382
23	0.0448348365969
24	0.041312317307
25	0.0409494224182
26	0.0387334714538
27	0.0342299572587
28	0.0296244455053
29	0.0252959389943
30	0.0217951826979
31	0.0184810995879
32	0.0167265652533
33	0.0158338053151
34	0.0164244824766
35	0.0163353634651
36	0.0160293507628
37	0.0150645516868
38	0.0136332262193
39	0.0120834467047
40	0.0104869394161
41	0.00908382511913
42	0.00811634472638
43	0.00768857462382
44	0.00771789548142
45	0.00778701220725
46	0.00750836353909
47	0.00705970787957
48	0.00637914361283
49	0.00560764163422
50	0.00482451454217
51	0.00422202911303
52	0.003940716538
53	0.00382957110063
54	0.00382824497827
55	0.0037691194036
56	0.00361395216593
57	0.00332311548169
58	0.00296598791013
59	0.00259807668314
60	0.00229125001845
61	0.00207539737733
62	0.00194588309319
63	0.00188026988009
64	0.00186161867087
65	0.00183933888791
66	0.00174305603144
67	0.00159057749997
68	0.00141058064065
69	0.00124638716554
70	0.00110787137364
71	0.00102516009555
72	0.000969905438901
73	0.000947251437969
74	0.000944555870627
75	0.000922460524734
76	0.000868614412302
77	0.000794122245321
78	0.000709261056956
79	0.000627709110025
80	0.00055742315153
81	0.000522452808969
82	0.000499660565424
83	0.000486650070295
84	0.000478334428595
85	0.000458490568063
86	0.000425354909511
87	0.000384959125559
88	0.00034476127026
89	0.000308087998483
90	0.000285162388968
91	0.000272512349312
92	0.000267177130204
93	0.000262385065531
94	0.000258359065624
95	0.00024874728779
96	0.000236757667345
97	0.000214173540897
98	0.000194472105524
99	0.000177040611995
100	0.000162859400435
101	0.000155556189485
102	0.000149661500881
103	0.000145983100106
104	0.000143800421225
105	0.000135806364766
106	0.000124750388145
107	0.000115129793044
108	0.000106438780792
109	0.000101807679131
110	9.92161984415e-05
111	9.91202039434e-05
112	0.000100032601139
113	9.53387607542e-05
114	9.5153937657e-05
115	9.2003643461e-05
116	8.60944004394e-05
117	8.17725072226e-05
118	7.80915297456e-05
119	7.43937591184e-05
120	7.17873796264e-05
121	6.88466661172e-05
122	6.70378492871e-05
123	6.41970958403e-05
124	6.23576723669e-05
125	5.99272140541e-05
126	5.85533056014e-05
127	5.73755184183e-05
128	5.64449372799e-05
129	5.58282892664e-05
130	5.52783997365e-05
131	5.47773657902e-05
132	5.41692816802e-05
133	5.3401681016e-05
134	5.24297158634e-05
135	5.12611534651e-05
136	4.99736953724e-05
137	4.90148914355e-05
138	4.74016339012e-05
139	4.55767446972e-05
140	4.55077772586e-05
141	4.45319904234e-05
142	4.3743625348e-05
143	4.33975818704e-05
144	4.22229219986e-05
145	4.1440946276e-05
146	4.09852765022e-05
147	4.07080969408e-05
148	4.06246859587e-05
149	4.00536518138e-05
150	3.98382333106e-05
151	3.947792032e-05
152	3.86345642533e-05
153	3.84212464542e-05
154	3.77493611836e-05
155	3.73885164364e-05
156	3.70547838964e-05
157	3.67399892192e-05
158	3.58749238893e-05
159	3.54076554846e-05
160	3.48439955284e-05
161	3.45466428617e-05
162	3.43402726373e-05
163	3.41217643222e-05
164	3.31214968112e-05
165	3.33598679384e-05
166	3.26762494567e-05
167	3.24736487385e-05
168	3.18961934549e-05
169	3.18979925997e-05
170	3.14094374179e-05
171	3.13593184232e-05
172	3.08183664189e-05
173	3.07242955098e-05
174	3.02016476241e-05
175	3.01035298673e-05
176	2.95948577047e-05
177	2.94932399553e-05
178	2.8986561294e-05
179	2.88764532963e-05
180	2.83750962662e-05
181	2.82740965549e-05
182	2.77867244708e-05
183	2.76978980619e-05
184	2.72317889098e-05
185	2.71516371704e-05
186	2.67514221799e-05
187	2.61707342649e-05
188	2.6218794064e-05
189	2.65323808126e-05
190	2.59103232647e-05
191	2.50997960616e-05
192	2.53671150198e-05
193	2.50400790647e-05
194	2.44955137591e-05
195	2.48075897317e-05
196	2.44356406725e-05
197	2.38219866088e-05
198	2.40751319479e-05
199	2.36869174668e-05
200	2.30906864595e-05
201	2.3351837775e-05
202	2.29973071955e-05
203	2.24350595305e-05
204	2.27039283204e-05
205	2.23649856771e-05
206	2.18133797753e-05
207	2.20726351885e-05
208	2.17317611412e-05
209	2.11871813443e-05
210	2.14365428028e-05
211	2.11073231456e-05
212	2.05860031873e-05
213	2.0834479637e-05
214	2.05156244354e-05
215	2.02249299523e-05
216	1.99006717936e-05
217	1.97732960099e-05
218	1.9599271131e-05
219	1.95027626301e-05
220	1.92694726196e-05
221	1.91275062066e-05
222	1.88773167987e-05
223	1.85554015434e-05
224	1.88485337114e-05
225	1.86433444028e-05
226	1.81556026125e-05
227	1.77039547666e-05
228	1.80103599799e-05
229	1.77360861668e-05
230	1.78175466326e-05
231	1.73135212741e-05
232	1.7148888033e-05
233	1.73038969233e-05
234	1.68238739787e-05
235	1.66550373415e-05
236	1.67985561234e-05
237	1.63398228819e-05
238	1.61810694133e-05
239	1.6330331151e-05
240	1.58864471123e-05
241	1.57288996404e-05
242	1.58713974097e-05
243	1.54432703593e-05
244	1.52951441288e-05
245	1.54350204194e-05
246	1.50148092617e-05
247	1.48684535024e-05
248	1.50042818076e-05
249	1.45991532987e-05
250	1.44545746165e-05
251	1.43044056269e-05
252	1.45813128218e-05
253	1.41220697457e-05
254	1.3841746173e-05
255	1.39482878716e-05
256	1.3580257175e-05
257	1.35673301682e-05
258	1.37378150678e-05
259	1.33728648363e-05
260	1.3357914351e-05
261	1.29857193761e-05
262	1.27884325472e-05
263	1.29384739766e-05
264	1.29430653126e-05
265	1.2527419737e-05
266	1.22709919405e-05
267	1.23693951611e-05
268	1.23109066545e-05
269	1.23662321694e-05
270	1.23682773382e-05
271	1.18634772537e-05
272	1.16421234612e-05
273	1.15833894924e-05
274	1.16462276646e-05
275	1.17069292932e-05
276	1.14234226617e-05
277	1.12072620399e-05
278	1.1437422403e-05
279	1.12431377881e-05
280	1.10018457159e-05
281	1.07492259003e-05
282	1.09367980822e-05
283	1.07995102368e-05
284	1.04863090906e-05
285	1.05709119131e-05
286	1.03121341601e-05
287	1.03720214701e-05
288	1.01472806935e-05
289	1.03103539016e-05
290	9.93727633932e-06
291	1.02894851845e-05
292	9.46738167417e-06
293	1.02018120882e-05
294	9.82267939629e-06
295	9.83304561738e-06
296	9.40452353845e-06
297	9.16854307947e-06
298	9.26928864714e-06
299	9.42745679724e-06
300	9.23422072322e-06
301	1.46563203218e-05
302	1.29674226635e-05
303	1.0787429537e-05
304	1.00668758136e-05
305	1.00763614072e-05
306	1.00309096534e-05
307	9.54291671384e-06
308	8.65756267727e-06
309	8.86780863253e-06
310	8.74570211189e-06
311	8.11971406802e-06
312	7.96887280607e-06
313	7.84044512546e-06
314	7.84748114654e-06
315	7.93187038769e-06
316	7.94221878067e-06
317	7.69938362629e-06
318	7.58331535067e-06
319	7.80708134105e-06
320	7.3629094545e-06
321	7.45268923033e-06
322	7.83885404679e-06
323	7.38372135697e-06
324	7.56255338403e-06
325	7.4169948524e-06
326	6.86967262602e-06
327	7.2077983596e-06
328	6.88257580523e-06
329	7.12342152701e-06
330	7.1104370569e-06
331	6.94702442214e-06
332	6.8424420345e-06
333	6.64562683387e-06
334	6.63489781873e-06
335	6.73833508833e-06
336	6.30771071405e-06
337	6.81668088325e-06
338	6.78067436215e-06
339	6.62962159898e-06
340	6.33871135339e-06
341	6.18972367187e-06
342	6.30336298491e-06
343	6.17739240395e-06
344	6.30517025838e-06
345	6.13642885929e-06
346	6.0465442907e-06
347	6.25906338307e-06
348	5.76387357772e-06
349	6.36030003305e-06
350	6.2571987818e-06
351	5.64685622975e-06
352	5.99903294014e-06
353	5.8911833319e-06
354	5.29563582192e-06
355	5.59378025751e-06
356	5.66139895444e-06
357	5.26506549541e-06
358	5.64307946463e-06
359	5.71274317749e-06
360	5.58151769304e-06
361	5.46918782716e-06
362	5.23457851601e-06
363	5.36598037319e-06
364	5.25771329219e-06
365	5.2472499092e-06
366	5.31000254758e-06
367	5.43088523199e-06
368	5.24433324685e-06
369	5.0167779048e-06
370	5.12775363671e-06
371	5.0157729864e-06
372	4.97767628903e-06
373	5.00957724267e-06
374	4.9637185732e-06
375	5.01669586688e-06
376	4.84934510813e-06
377	4.8026839785e-06
378	4.82949080892e-06
379	4.94007246621e-06
380	4.71234620822e-06
381	4.63468069999e-06
382	4.6902087727e-06
383	1.16148641049e-05
384	1.10721619143e-05
385	9.33546726539e-06
386	7.71016805183e-06
387	6.9808627832e-06
388	6.21344036441e-06
389	5.7413225509e-06
390	5.46492686473e-06
391	5.22965613946e-06
392	4.89944185276e-06
393	4.62720924972e-06
394	4.22604445357e-06
395	4.59621312037e-06
396	4.2394570856e-06
397	4.00082147176e-06
398	4.15459531921e-06
399	3.65547107608e-06
400	4.13171541288e-06
401	3.94454507865e-06
402	3.77903342056e-06
403	3.77211671368e-06
404	3.63752551274e-06
405	3.74145985889e-06
406	3.70303653588e-06
407	3.73310245073e-06
408	3.64374035746e-06
409	3.68247611651e-06
410	3.56914099973e-06
