1	0.0422122101777
2	0.000253774382231
3	0.00031677932489
4	0.014158211273
5	0.000679565346435
6	0.000330498436379
7	0.00159894336903
8	0.00429030693971
9	0.00237992766778
10	0.000686159693522
11	0.00134090931616
12	0.00133342752676
13	0.0104903491655
14	0.00179056257463
15	0.00180233718033
16	0.0022454642889
17	0.00692941418279
18	0.00160393507443
19	0.0012247690757
20	0.00121009559781
21	0.00124092496519
22	0.00115612367362
23	0.00209255703694
24	0.00184060637457
25	0.00125363385114
26	0.00103514255128
27	0.00124664003652
28	0.000920255270232
29	0.00104132872079
30	0.00090017322391
31	0.000870738538113
32	0.000763675557741
33	0.000421790792158
34	0.000526496157781
35	0.000696349887677
36	0.000525205994695
37	0.000392758224187
38	0.000612863270583
39	0.000596145755317
40	0.000443622545015
41	0.000426880437344
42	0.000281294226499
43	0.000289786487317
44	0.000288721458855
45	0.000357190683761
46	0.000259526652463
47	0.000265824370905
48	0.000163602518257
49	0.000104538897788
50	9.73692173466e-05
51	8.95202660278e-05
52	0.000110805628769
53	0.000120083406034
54	0.000147038377188
55	0.000122709190056
56	0.000124929424848
57	8.92679283388e-05
58	6.81380009588e-05
59	6.29121440621e-05
60	7.936953068e-05
61	5.58780916717e-05
62	6.38662762161e-05
63	8.42877565125e-05
64	8.2711409356e-05
65	4.73114341563e-05
66	7.07293327108e-05
67	3.87108848651e-05
68	4.02176439405e-05
69	5.51157132894e-05
70	2.96129124581e-05
71	4.61747027328e-05
72	3.43934743742e-05
73	3.37039329861e-05
74	3.56754475944e-05
75	3.27774585482e-05
76	2.14844337229e-05
77	1.62683222201e-05
78	1.66908899204e-05
79	2.93263122905e-05
80	1.51650346424e-05
81	1.64539697725e-05
82	1.82704917359e-05
83	1.75589859167e-05
84	1.69361601636e-05
85	1.4816481171e-05
86	1.19554080024e-05
87	1.01641303938e-05
88	9.17146600039e-06
89	1.04871057889e-05
90	1.07024809835e-05
91	6.85558198214e-06
92	1.1633836558e-05
93	1.05139434868e-05
94	1.08310939171e-05
95	8.58783048279e-06
96	1.04728403353e-05
97	8.0699565824e-06
98	8.52088081826e-06
99	4.92406906562e-06
100	4.799951036e-06
101	5.13328364628e-06
102	6.19294114194e-06
103	6.36931141286e-06
104	6.59209841727e-06
105	4.39039732171e-06
106	3.53106640978e-06
107	3.53308601507e-06
108	4.99493420425e-06
109	5.08041018403e-06
110	4.0223602227e-06
111	3.88689703483e-06
112	4.36708377005e-06
113	4.64465186202e-06
114	3.92415508635e-06
115	3.86275577285e-06
116	3.5752587487e-06
117	3.07659703827e-06
118	3.31537252079e-06
119	2.96593687666e-06
120	3.3360948433e-06
121	2.36902235299e-06
122	3.02145261902e-06
123	2.43175474071e-06
124	2.39900484828e-06
125	2.63326987483e-06
126	2.58029278018e-06
127	2.50346087226e-06
128	2.40065613268e-06
129	2.31435926608e-06
130	2.24369101859e-06
131	2.19252242742e-06
132	2.15820841294e-06
133	2.1329063959e-06
134	2.10268314757e-06
135	2.05131309917e-06
136	1.49541893565e-06
137	1.6176842499e-06
138	1.91083351572e-06
139	2.07896325947e-06
140	1.31678805785e-06
141	2.03374146354e-06
142	1.64364293916e-06
143	1.33389049562e-06
144	2.0634459884e-06
145	1.30707908954e-06
146	1.37720673152e-06
147	1.65596445118e-06
148	1.32366783998e-06
149	1.72391478238e-06
150	1.26387472046e-06
151	1.2233052785e-06
152	1.52841948118e-06
153	1.25630228918e-06
154	1.2952233534e-06
155	1.6455384878e-06
156	1.27655783129e-06
157	1.18216886454e-06
158	1.33523272149e-06
159	1.18933385431e-06
160	1.17546632557e-06
161	1.61253416825e-06
162	1.19504534006e-06
163	1.47224260801e-06
164	1.11663045657e-06
165	1.38171510625e-06
166	1.1183842543e-06
167	1.46170862048e-06
168	1.09544433229e-06
169	1.42051970937e-06
170	1.07199041742e-06
171	1.41915071124e-06
172	1.0523124308e-06
173	1.4175025371e-06
174	1.03873137897e-06
175	1.40976079011e-06
176	1.02738400814e-06
177	1.39065470064e-06
178	1.01160675265e-06
179	1.35162796622e-06
180	9.97211813958e-07
181	1.34509932632e-06
182	9.80742637677e-07
183	1.33100986968e-06
184	9.66148958152e-07
185	7.20870744016e-07
186	1.06822070197e-06
187	1.28422292577e-06
188	9.12540723125e-07
189	7.30827951209e-07
190	1.08360161464e-06
191	8.58254219487e-07
192	6.93936616362e-07
193	1.13279726268e-06
194	8.58236865448e-07
195	7.05374258881e-07
196	1.11819814116e-06
197	8.42663665805e-07
198	6.9429333629e-07
199	1.07879812762e-06
200	8.19489108335e-07
201	6.86105228536e-07
202	1.07820586073e-06
203	7.99717101065e-07
204	6.87782383944e-07
205	1.07469119967e-06
206	7.87131596978e-07
207	6.79231626461e-07
208	1.05416522705e-06
209	7.70404062272e-07
210	6.77135336728e-07
211	1.05496001561e-06
212	7.54931443615e-07
213	6.76126225168e-07
214	6.95334911894e-07
215	6.62953446392e-07
216	6.92224139581e-07
217	6.61430646713e-07
218	6.91616505731e-07
219	6.45724425047e-07
220	6.72588771817e-07
221	6.37563015242e-07
222	9.85782417307e-07
223	7.42342795393e-07
224	6.70530624235e-07
225	6.27348769888e-07
226	9.40807297601e-07
227	7.36029261735e-07
228	9.58270589025e-07
229	6.83246759237e-07
230	9.18184362181e-07
231	9.34999434495e-07
232	7.01591553185e-07
233	9.05257814714e-07
234	9.1584323486e-07
235	6.80194558968e-07
236	8.7430667932e-07
237	8.95307438884e-07
238	6.68034556547e-07
239	8.5457577304e-07
240	8.74701976555e-07
241	6.67655855024e-07
242	8.39283911903e-07
243	8.53138905228e-07
244	6.50921708261e-07
245	8.16119250063e-07
246	8.2977386408e-07
247	6.43820011247e-07
248	7.99238588583e-07
249	8.06746628713e-07
250	9.88876621323e-07
251	5.94824429721e-07
252	7.31201070684e-07
253	6.41174821157e-07
254	8.86396047901e-07
255	8.10119888501e-07
256	8.49346343956e-07
257	5.6771485754e-07
258	7.8334225606e-07
259	5.46660900788e-07
260	7.84598129411e-07
261	8.99607009617e-07
262	6.30203407438e-07
263	5.23914821262e-07
264	6.63600017191e-07
265	8.34996959762e-07
266	9.18402428427e-07
267	8.59003583989e-07
268	8.07427074562e-07
269	5.36724989096e-07
270	5.85409073391e-07
271	6.48958098672e-07
272	7.73090794933e-07
273	4.62986154982e-07
274	9.69135563398e-07
275	7.58276986811e-07
276	8.33634679195e-07
277	6.60525070244e-07
278	5.8891986514e-07
279	6.67552724753e-07
280	7.26929064066e-07
281	6.32556494721e-07
282	8.98965853547e-07
283	7.61125359364e-07
284	9.59868869604e-07
285	6.09982816843e-07
286	5.65102236626e-07
287	9.59361294779e-07
288	5.80672301119e-07
289	6.99821968127e-07
290	8.97730060655e-07
291	9.4547735438e-07
292	6.74890725454e-07
293	7.07874718404e-07
294	6.16817243882e-07
295	6.14324275203e-07
296	8.8311540847e-07
297	7.09136521436e-07
298	5.30736355359e-07
299	8.54380439422e-07
300	8.40959251466e-07
301	5.68906097641e-07
302	4.54637151768e-07
303	7.02381865862e-07
304	5.72849964219e-07
305	4.32169095084e-07
306	5.13201473158e-07
307	9.46889930349e-07
308	8.44673715673e-07
309	9.9890235912e-07
310	5.5339225937e-07
311	7.28383015247e-07
312	8.74314618421e-07
313	5.80839625795e-07
314	9.24095250235e-07
315	8.88801081308e-07
316	7.99260426556e-07
317	5.59558652553e-07
318	9.85708432961e-07
319	8.76618583532e-07
320	6.28612192949e-07
321	9.69005834932e-07
322	9.46271441166e-07
323	8.47586676392e-07
324	7.1395760563e-07
325	6.20220806557e-07
326	9.28868018666e-07
327	6.91394864261e-07
328	6.24917074014e-07
329	8.86750784492e-07
330	9.83071421336e-07
331	7.26409961727e-07
332	8.78437035133e-07
333	6.0681653266e-07
334	7.50711438487e-07
335	9.88655678138e-07
336	9.37875460695e-07
337	9.44979961633e-07
338	9.01379181406e-07
339	9.22739312938e-07
340	5.71531964802e-07
341	6.40977534325e-07
342	9.35413059581e-07
343	6.65499945382e-07
344	8.76520879426e-07
345	4.75968547756e-07
346	8.82993739007e-07
347	9.54248421526e-07
348	9.58927402592e-07
349	9.49466617284e-07
350	9.535007649e-07
351	8.71931226164e-07
352	4.27004332216e-07
353	8.55904681073e-07
354	6.99220073916e-07
355	4.18771211345e-07
356	9.73717055753e-07
357	7.83227310284e-07
358	8.85764182854e-07
359	5.30021658028e-07
360	9.81151415241e-07
361	5.30625562159e-07
362	5.01819660425e-07
363	7.54653410824e-07
364	9.66642760071e-07
365	9.95107829082e-07
366	5.37682471032e-07
367	9.43355331543e-07
368	4.79493897765e-07
369	5.04156585794e-07
370	6.84608193851e-07
371	8.96312854795e-07
372	9.43097879062e-07
373	6.78499658705e-07
374	7.76801298256e-07
375	4.60650876226e-07
376	9.19406065097e-07
377	7.73603265876e-07
378	9.91894828642e-07
379	4.88927107021e-07
380	4.3088923465e-07
381	9.77298503738e-07
382	8.36478323479e-07
383	8.05840408317e-07
384	9.8983121577e-07
385	6.98363827289e-07
386	8.88592741746e-07
387	9.38511347095e-07
388	8.60494515559e-07
389	8.34227327373e-07
390	8.64584910422e-07
391	8.55513952905e-07
392	6.22628507114e-07
393	9.46846475949e-07
394	8.02987520715e-07
395	9.80895148438e-07
396	4.60216155097e-07
397	9.64494213042e-07
398	9.48680471579e-07
399	7.19122076831e-07
400	9.88998799138e-07
401	4.54130980743e-07
402	9.84406772421e-07
403	4.61914480838e-07
404	9.73817075641e-07
405	4.58511157498e-07
406	9.72560037268e-07
407	4.28438235253e-07
408	9.80002545102e-07
409	4.48581359123e-07
410	9.46789686347e-07
