1	32
2	12
3	14
4	8
5	7
6	11
7	8
8	8
9	6
10	6
11	7
12	8
13	6
14	6
15	6
16	8
17	6
18	6
19	6
20	6
21	6
22	6
23	4
24	6
25	7
26	7
27	5
28	5
29	4
30	4
31	5
32	4
33	6
34	5
35	5
36	5
37	5
38	4
39	4
40	4
41	4
42	5
43	5
44	5
45	5
46	5
47	5
48	5
49	5
50	5
51	5
52	5
53	5
54	5
55	5
56	5
57	5
58	5
59	5
60	5
61	5
62	5
63	5
64	5
65	7
66	5
67	5
68	5
69	4
70	6
71	5
72	6
73	6
74	6
75	6
76	6
77	6
78	6
79	4
80	6
81	6
82	6
83	6
84	6
85	6
86	6
87	6
88	6
89	6
90	6
91	8
92	6
93	6
94	6
95	8
96	7
97	7
98	8
99	8
100	8
101	8
102	8
103	8
104	7
105	7
106	7
107	7
108	7
109	7
110	7
111	10
112	7
113	7
114	9
115	9
116	9
117	9
118	9
119	9
120	9
121	9
122	9
123	10
124	10
125	10
126	10
127	10
128	10
129	10
130	10
131	10
132	10
133	10
134	10
135	10
136	11
137	10
138	9
139	10
140	11
141	10
142	12
143	12
144	9
145	11
146	10
147	10
148	11
149	10
150	12
151	11
152	10
153	11
154	10
155	10
156	12
157	11
158	10
159	11
160	10
161	10
162	12
163	10
164	12
165	10
166	12
167	10
168	12
169	10
170	12
171	10
172	12
173	10
174	12
175	10
176	12
177	10
178	12
179	10
180	12
181	10
182	12
183	10
184	12
185	12
186	10
187	10
188	12
189	12
190	10
191	12
192	12
193	10
194	12
195	12
196	10
197	12
198	12
199	10
200	12
201	12
202	10
203	12
204	12
205	10
206	12
207	12
208	10
209	12
210	12
211	10
212	12
213	12
214	12
215	12
216	12
217	12
218	12
219	12
220	12
221	12
222	10
223	12
224	12
225	12
226	10
227	12
228	10
229	12
230	10
231	10
232	12
233	10
234	10
235	12
236	10
237	10
238	12
239	10
240	10
241	12
242	10
243	10
244	12
245	10
246	10
247	12
248	10
249	10
250	9
251	12
252	10
253	9
254	11
255	10
256	9
257	12
258	10
259	12
260	10
261	9
262	11
263	12
264	10
265	9
266	10
267	10
268	10
269	12
270	10
271	10
272	9
273	11
274	10
275	10
276	9
277	11
278	10
279	10
280	9
281	11
282	9
283	9
284	10
285	9
286	10
287	9
288	11
289	9
290	11
291	7
292	10
293	9
294	11
295	9
296	8
297	9
298	11
299	9
300	8
301	9
302	9
303	8
304	9
305	11
306	10
307	7
308	9
309	9
310	9
311	9
312	8
313	11
314	9
315	8
316	8
317	9
318	8
319	9
320	9
321	9
322	8
323	9
324	8
325	9
326	9
327	8
328	9
329	8
330	10
331	8
332	8
333	9
334	9
335	6
336	6
337	6
338	8
339	8
340	9
341	9
342	6
343	9
344	6
345	9
346	8
347	6
348	6
349	6
350	6
351	6
352	8
353	6
354	6
355	8
356	6
357	6
358	6
359	9
360	6
361	9
362	8
363	6
364	6
365	7
366	8
367	6
368	9
369	8
370	6
371	6
372	7
373	7
374	6
375	9
376	7
377	6
378	6
379	8
380	8
381	6
382	7
383	6
384	4
385	7
386	5
387	5
388	6
389	6
390	6
391	6
392	7
393	4
394	6
395	4
396	7
397	6
398	4
399	6
400	4
401	7
402	4
403	7
404	4
405	7
406	4
407	7
408	4
409	7
410	4
