1	0.509202476692
2	0.452805603341
3	0.389281067468
4	0.0271700317389
5	0.00696598437634
6	0.00378905244026
7	0.00358256624654
8	0.00327275161367
9	0.00255710476459
10	0.00159370215776
11	0.00119417769615
12	0.000975276758655
13	0.000806991387411
14	0.000728954126725
15	0.000730641395069
16	0.000724087894787
17	0.000678083760109
18	0.00060734681776
19	0.00054134434379
20	0.00048528673986
21	0.000457696253693
22	0.000446840269265
23	0.000443331064158
24	0.000436946562107
25	0.00043131578897
26	0.000423729420772
27	0.000412127686574
28	0.000400634043101
29	0.000390441877664
30	0.000382105926212
31	0.000375299677793
32	0.000371398055783
33	0.000368116867643
34	0.000365293350741
35	0.000361536065609
36	0.000357988785013
37	0.000354402935118
38	0.000350388884256
39	0.000347119197076
40	0.000344085873745
41	0.000340972859319
42	0.000338419884678
43	0.000336593053491
44	0.000333472567028
45	0.000331005763914
46	0.000328167248781
47	0.00032571324762
48	0.000324042544393
49	0.000322273832364
50	0.000320044812945
51	0.000315849517072
52	0.000312860584771
53	0.000309682749791
54	0.000308745154778
55	0.000305562006162
56	0.000301648675467
57	0.00030045115536
58	0.000300576716598
59	0.000298184431249
60	0.00029584209932
61	0.000293039819398
62	0.000293306225739
63	0.000290823584222
64	0.000286601098554
65	0.000284381564019
66	0.000281092274962
67	0.000276874304213
68	0.000272853942327
69	0.000265978265494
70	0.000261977670436
71	0.000262171157278
72	0.000260200842129
73	0.000257873591707
74	0.000257397640107
75	0.000256464997011
76	0.000251297738754
77	0.000247393200759
78	0.000252207172555
79	0.000244955602849
80	0.000238197598335
81	0.000235644133558
82	0.000240002088879
83	0.000240946776053
84	0.000250150220225
85	0.000257413391141
86	0.000262667633472
87	0.000266421515019
88	0.00026899491466
89	0.000270754476865
90	0.000271993928945
91	0.000272891007662
92	0.000273449142876
93	0.000273816116281
94	0.000273962579605
95	0.000273968915041
96	0.000273878030384
97	0.000273657226416
98	0.000273354387347
99	0.000272909353967
100	0.000272447621789
101	0.000271911528484
102	0.000271259336121
103	0.000270629802743
104	0.000269965284151
105	0.00026929019878
106	0.000268522783528
107	0.000267770793486
108	0.000266915917021
109	0.000266110113289
110	0.000265275697886
111	0.000264408919369
112	0.000263503958265
113	0.000262586043697
114	0.000261695233094
115	0.000260812440406
116	0.000259807584388
117	0.000258843991303
118	0.000257927053696
119	0.000256917238019
120	0.000255959105278
121	0.000254943406485
122	0.000253972604945
123	0.000252978985115
124	0.000251952932046
125	0.000250905051532
126	0.000249939828472
127	0.000248937885633
128	0.000247884925079
129	0.000246854698478
130	0.000245833440439
131	0.00024479113493
132	0.00024378279718
133	0.000242707057458
134	0.000241682157373
135	0.000240612857865
136	0.000239567030196
137	0.000238539054306
138	0.000237440873968
139	0.000236398960459
140	0.000235342121996
141	0.000234277313378
142	0.000233251213317
143	0.000232201542566
144	0.000231106502919
145	0.000230042192267
146	0.000229004214723
147	0.000227920631852
148	0.000226873374228
149	0.000225804043245
150	0.00022475929281
151	0.000223712735813
152	0.000222647009604
153	0.000221566357068
154	0.000220506844964
155	0.000219461987372
156	0.000218384078988
157	0.000217340113444
158	0.00021626601641
159	0.00021522850902
160	0.000214148886389
161	0.00021313463386
162	0.000212076854287
163	0.000211012594644
164	0.00020994374764
165	0.000208921448655
166	0.000207879772104
167	0.000206834571245
168	0.000205765322517
169	0.000204764477177
170	0.000203726164193
171	0.000202693066154
172	0.000201631403623
173	0.000200636777422
174	0.000199624971172
175	0.000198611694511
176	0.000197601587453
177	0.000196640771438
178	0.00019561725176
179	0.000194631348347
180	0.000193638351466
181	0.00019269770154
182	0.000191687438425
183	0.000190715192111
184	0.000189759184357
185	0.000188800192012
186	0.000187839275131
187	0.000186884046852
188	0.000185908699585
189	0.000185022837564
190	0.000184082287775
191	0.00018313979784
192	0.000182163966742
193	0.000181253335053
194	0.000180353273619
195	0.000179422344003
196	0.00017848304676
197	0.000177560043684
198	0.00017668103672
199	0.000175806917623
200	0.000174903604993
201	0.000174020219743
202	0.000173101716632
203	0.000172210947108
204	0.000171370775244
205	0.000170489631932
206	0.000169614679727
207	0.000168785748868
208	0.000167904137579
209	0.000167047258967
210	0.000166174415256
211	0.00016538515195
212	0.000164536991616
213	0.000163702878968
214	0.000162881407775
215	0.000162033832535
216	0.000161207218385
217	0.000160425958486
218	0.000159630343468
219	0.000158815268518
220	0.000158010562426
221	0.000157218660816
222	0.000156430624182
223	0.00015564383351
224	0.00015488799691
225	0.000154073691853
226	0.00015333389954
227	0.000152544127503
228	0.000151796179865
229	0.000151048966955
230	0.000150291411463
231	0.000149513033476
232	0.000148799646025
233	0.000148036158812
234	0.000147325368622
235	0.000146591395465
236	0.000145882720314
237	0.000145161158975
238	0.000144450134108
239	0.000143729666258
240	0.000143064967318
241	0.000142337369725
242	0.000141640772376
243	0.000140980619097
244	0.000140270311052
245	0.000139598160962
246	0.000138916355749
247	0.000138239380473
248	0.000137562007085
249	0.00013689913309
250	0.000136240836563
251	0.000135571252892
252	0.000134949567969
253	0.000134280613743
254	0.00013365861748
255	0.000132999093885
256	0.000132360961004
257	0.00013173269816
258	0.000131115274937
259	0.000130475399969
260	0.000129854517547
261	0.000129226899828
262	0.000128635048571
263	0.00012802301268
264	0.000127432928804
265	0.000126795730499
266	0.000126226684751
267	0.000125601491331
268	0.000125028755944
269	0.000124437268137
270	0.000123865363307
271	0.000123279577057
272	0.00012268925565
273	0.00012214784964
274	0.000121585134808
275	0.000121033179948
276	0.000120483424449
277	0.0001198966433
278	0.000119354348903
279	0.000118829661577
280	0.000118255550841
281	0.000117717757428
282	0.000117168063656
283	0.000116612617144
284	0.000116094479848
285	0.000115594080624
286	0.000115065759848
287	0.000114509582638
288	0.000113986887562
289	0.00011348778624
290	0.0001129848424
291	0.000112466431766
292	0.000111954278808
293	0.000111448130047
294	0.000110936762633
295	0.000110451449825
296	0.000109966030817
297	0.000109494450275
298	0.00010898835072
299	0.000108504735441
300	0.000108025771343
301	0.000107503208379
302	0.000106933601286
303	0.000106447996015
304	0.000105964623623
305	0.000105470916693
306	0.000105046010151
307	0.000104588385311
308	0.000104134536105
309	0.000103686283232
310	0.000103247586057
311	0.000102808976091
312	0.000102337988815
313	0.000101900458232
314	0.000101453380587
315	0.000101042403629
316	0.000100576316649
317	0.000100150181632
318	9.97011659064e-05
319	9.92741390276e-05
320	9.88344528267e-05
321	9.84137573724e-05
322	9.79602889057e-05
323	9.74826065238e-05
324	9.70645533153e-05
325	9.6661987669e-05
326	9.6210691949e-05
327	9.57844031231e-05
328	9.53618854726e-05
329	9.49384884986e-05
330	9.45429769498e-05
331	9.40897491124e-05
332	9.36819239448e-05
333	9.32698083439e-05
334	9.28611351768e-05
335	9.24358125928e-05
336	9.19835580792e-05
337	9.15999854111e-05
338	9.11885352532e-05
339	9.07930687176e-05
340	9.03940510771e-05
341	9.00095751239e-05
342	8.96085300336e-05
343	8.92256787278e-05
344	8.88526604414e-05
345	8.84476338482e-05
346	8.80914518216e-05
347	8.77126377049e-05
348	8.73243016403e-05
349	8.6946710332e-05
350	8.65712423719e-05
351	8.61959736639e-05
352	8.58425046169e-05
353	8.54541031785e-05
354	8.50609922443e-05
355	8.47264357059e-05
356	8.43749870348e-05
357	8.40119472444e-05
358	8.3683166981e-05
359	8.33217910775e-05
360	8.29497489293e-05
361	8.26422069308e-05
362	8.22679798873e-05
363	8.19182098683e-05
364	8.15805118477e-05
365	8.12267483566e-05
366	8.09006697789e-05
367	8.05619422752e-05
368	8.02106773369e-05
369	7.98952461373e-05
370	7.95318538325e-05
371	7.9203005229e-05
372	7.88621692641e-05
373	7.85419355333e-05
374	7.82049979402e-05
375	7.78814436853e-05
376	7.75436185137e-05
377	7.72228311811e-05
378	7.69088988731e-05
379	7.65874129012e-05
380	7.62469069996e-05
381	7.59576644149e-05
382	7.56375166925e-05
383	7.52918414346e-05
384	7.4969331067e-05
385	7.46564572658e-05
386	7.43931740766e-05
387	7.40999139917e-05
388	7.3827258871e-05
389	7.35069448017e-05
390	7.32150364737e-05
391	7.29285273711e-05
392	7.26249409686e-05
393	7.23154812411e-05
394	7.20144006514e-05
395	7.17127977441e-05
396	7.13829236453e-05
397	7.11307285765e-05
398	7.08051845181e-05
399	7.05119024846e-05
400	7.02237766323e-05
401	6.99141166011e-05
402	6.96131022554e-05
403	6.93109506165e-05
404	6.90298395541e-05
405	6.87365470389e-05
406	6.84558974296e-05
407	6.81456898156e-05
408	6.7858560476e-05
409	6.75574558357e-05
410	6.73096799493e-05
