1	0.99999999999
2	0.715214359569
3	0.0801901471108
4	0.0426707986785
5	0.0137584731553
6	0.108555942477
7	0.178412917748
8	0.045417447513
9	0.0220844855582
10	0.0636722293488
11	0.328143006813
12	0.0767708086703
13	0.0338109718338
14	0.0445245108216
15	0.150154899086
16	0.0725607744074
17	0.0346533375563
18	0.0263589368514
19	0.03548386889
20	0.0399779244063
21	0.0362577802765
22	0.0321022227806
23	0.0272892373415
24	0.0222039742549
25	0.0185375442474
26	0.0150372478703
27	0.0126588406537
28	0.0117974144024
29	0.0114091418274
30	0.0113511895402
31	0.0106059257511
32	0.0100362576195
33	0.00900933609078
34	0.00826001505501
35	0.00710341075231
36	0.00604089300333
37	0.00517669619016
38	0.0045968604483
39	0.00463081282696
40	0.00466623479168
41	0.00455829048479
42	0.00435243835249
43	0.0040981540869
44	0.0036516674875
45	0.00322613978632
46	0.00275841178247
47	0.00252930976744
48	0.00249579719963
49	0.00256274622294
50	0.00256361648942
51	0.00249265745534
52	0.0023393867889
53	0.00214187330028
54	0.00190431725113
55	0.0017125751393
56	0.00155585716105
57	0.00154209068946
58	0.00153870701749
59	0.00157827508151
60	0.00158481966052
61	0.00155147392
62	0.0014592741419
63	0.00137565683253
64	0.00125762359252
65	0.00119583165549
66	0.0011204968298
67	0.00109327105633
68	0.00105219386211
69	0.00101190623884
70	0.000980665544947
71	0.000939676683899
72	0.000911658887517
73	0.000881682202199
74	0.000860153934164
75	0.000839494391878
76	0.000815698131994
77	0.000806844343962
78	0.000807866778704
79	0.000784998872439
80	0.00074511854668
81	0.000733351159688
82	0.00075174058718
83	0.000772874103918
84	0.000812052898674
85	0.00083167688789
86	0.000842923275225
87	0.000847265669072
88	0.000849766704467
89	0.00084885257211
90	0.000845918521325
91	0.000842840422535
92	0.000839925738031
93	0.000837173862299
94	0.00083398811349
95	0.000829961841696
96	0.000824735808656
97	0.000824887298341
98	0.000816334235738
99	0.000813616121355
100	0.000806448845499
101	0.000799690796766
102	0.000794975455569
103	0.000789161572302
104	0.000783029230201
105	0.000775457727171
106	0.000771418790109
107	0.000764831841401
108	0.000759142534302
109	0.000752532023039
110	0.000746488179442
111	0.000739333591985
112	0.000733768373633
113	0.000729221941092
114	0.000722542343144
115	0.000716798556329
116	0.000712412716548
117	0.000705930332716
118	0.000700727881418
119	0.000694488338414
120	0.000689205561021
121	0.000682784466146
122	0.000678147755633
123	0.000672576683385
124	0.000667130402371
125	0.000661818832822
126	0.000656187770459
127	0.00065060808828
128	0.000645135028442
129	0.000639756570601
130	0.000634427268368
131	0.000629145069217
132	0.00062394052936
133	0.000618808148209
134	0.000613740891513
135	0.000608736125455
136	0.000603783918283
137	0.000598934450559
138	0.000594406944009
139	0.000589163388663
140	0.000584441819541
141	0.000579332557841
142	0.000574584083736
143	0.000569918654081
144	0.000565580840426
145	0.000560870326138
146	0.000555600080913
147	0.000551221728991
148	0.000546861171906
149	0.000542025619287
150	0.00053754630722
151	0.000533545329185
152	0.000528972578965
153	0.000524868604822
154	0.000520318974471
155	0.000516120013272
156	0.00051187311336
157	0.000508024854578
158	0.000503649603077
159	0.000499771534958
160	0.000495496700761
161	0.000491480368454
162	0.000487469801743
163	0.000483796310083
164	0.000479595756661
165	0.000475948674276
166	0.000471913755607
167	0.000468399239547
168	0.000464390316247
169	0.00046088703152
170	0.000456973001058
171	0.00045356914085
172	0.000449756621157
173	0.000446419619518
174	0.00044266937798
175	0.00043939480563
176	0.000435718757842
177	0.000432507744839
178	0.000428900276174
179	0.000425755997187
180	0.000422214103679
181	0.000419136074836
182	0.000415654680497
183	0.000412630110501
184	0.000409215429166
185	0.000406259644357
186	0.000402926760388
187	0.000399813144589
188	0.00039675713496
189	0.00039394481103
190	0.000390784147656
191	0.000387800735236
192	0.00038503277558
193	0.000381911536635
194	0.000378988895459
195	0.000376332472511
196	0.000373324233527
197	0.000370507042142
198	0.000367939634382
199	0.000365014243675
200	0.000362273073835
201	0.000359785051588
202	0.000356939892567
203	0.000354280645449
204	0.000351869929805
205	0.000349109907447
206	0.000346527970062
207	0.000344196916795
208	0.000341515749008
209	0.000339008616602
210	0.000336752518977
211	0.00033414140757
212	0.000331703231502
213	0.000329522863887
214	0.000326983830278
215	0.000324801535262
216	0.000322311325257
217	0.000320163617153
218	0.000317721731177
219	0.000315630708501
220	0.000313247406465
221	0.000311201114102
222	0.000308867394685
223	0.000306678014941
224	0.000304601036516
225	0.000302676005407
226	0.000300405567498
227	0.000298276258848
228	0.000296250310643
229	0.000294201932689
230	0.000292236967513
231	0.000290220776845
232	0.00028824068396
233	0.000286306358905
234	0.000284333940755
235	0.00028240892631
236	0.000280529915105
237	0.000278614488354
238	0.000276743251273
239	0.000274921903694
240	0.000273059108725
241	0.000271240444408
242	0.000269471957212
243	0.000267657833645
244	0.000265891468873
245	0.000264176437702
246	0.000262410479959
247	0.000260692468892
248	0.000259025379672
249	0.000257304716052
250	0.000255632720624
251	0.000254024131111
252	0.000252358547063
253	0.000250762281528
254	0.000249167649561
255	0.000247573641294
256	0.000245935868793
257	0.000244270265657
258	0.000242769640301
259	0.000241265053517
260	0.000239806412181
261	0.000238241213103
262	0.000236798588487
263	0.000235234390224
264	0.000233821290601
265	0.000232346087362
266	0.000230939184802
267	0.000229525428367
268	0.000228139467922
269	0.000226689094818
270	0.000225226739945
271	0.000223888811149
272	0.000222542758632
273	0.000221132377633
274	0.000219880712494
275	0.00021867527245
276	0.000217123229817
277	0.000215817271127
278	0.000214644013452
279	0.00021329698885
280	0.000211998930642
281	0.000210736955897
282	0.000209556732491
283	0.000208143995945
284	0.000207146334042
285	0.000205996138782
286	0.000204559078456
287	0.000203360339205
288	0.000202251102475
289	0.000201053894876
290	0.000199900082896
291	0.000198644142529
292	0.000197645660634
293	0.000196626557324
294	0.000195349675102
295	0.000194169089937
296	0.000193081323566
297	0.000192017126996
298	0.000190934823783
299	0.000189816841748
300	0.00018869422908
301	0.000187711025633
302	0.000183166069553
303	0.000180139244499
304	0.000178181558086
305	0.000176998054434
306	0.000176191379839
307	0.000175524048145
308	0.000174808946991
309	0.000173936139319
310	0.000173072764303
311	0.000172183020833
312	0.000171173066352
313	0.000170421287995
314	0.000169318234074
315	0.0001681536396
316	0.0001673799264
317	0.000166538160138
318	0.00016575893878
319	0.000165056692445
320	0.000163725141363
321	0.000163030000648
322	0.000161921918366
323	0.000161135786846
324	0.000160562077543
325	0.000159694324262
326	0.00015865366819
327	0.000157880319936
328	0.000156984384483
329	0.000156168900774
330	0.000155541756735
331	0.00015443632142
332	0.000153861460211
333	0.000153101263299
334	0.000152224371934
335	0.000151307847607
336	0.000150607703143
337	0.000149848476981
338	0.00014928847315
339	0.000148480516635
340	0.000147701121042
341	0.000146781991862
342	0.0001459499542
343	0.000145370931229
344	0.000144643443379
345	0.000144004540662
346	0.000143136330008
347	0.000142488101689
348	0.000141638318673
349	0.000141033269768
350	0.000140503121375
351	0.000139546399586
352	0.000139019037306
353	0.000138465600356
354	0.000137523920646
355	0.000136983395579
356	0.000136482195941
357	0.000135519288746
358	0.000134971720442
359	0.000134552184825
360	0.000133597001152
361	0.000133139455365
362	0.000132374604253
363	0.000131665173187
364	0.000131152748345
365	0.000130594148631
366	0.000129634791941
367	0.00012941221169
368	0.000128852151889
369	0.000128080871011
370	0.000127354741892
371	0.000126858644807
372	0.000126342153426
373	0.000125424183703
374	0.000125229512892
375	0.000124709966906
376	0.000123913034213
377	0.000123248176054
378	0.000122665779601
379	0.000122088157738
380	0.00012184105056
381	0.000121178588485
382	0.000120723451306
383	0.000119781143787
384	0.000115668757449
385	0.00011230363937
386	0.000110361236627
387	0.000109456545464
388	0.000108952700184
389	0.000108959059148
390	0.000108715255292
391	0.000108551624784
392	0.00010817336422
393	0.000107718080143
394	0.000107061145215
395	0.000106895431613
396	0.000106437710766
397	0.000105674045064
398	0.000105282784233
399	0.000104450268952
400	0.000104363152491
401	0.000103960417948
402	0.000103322373938
403	0.000102941704728
404	0.000102301927465
405	0.000101988201837
406	0.00010148224554
407	0.000101135995957
408	0.000100519299812
409	0.000100203076779
410	9.96905246307e-05
