1	1
2	0.526815011245
3	0.0504705064453
4	0.00857297684503
5	0.0290209594668
6	0.0583557640132
7	0.101984999473
8	0.0997763950766
9	0.0441175334879
10	0.028583742152
11	0.0177041344531
12	0.0104251829218
13	0.00582143721463
14	0.00472543380582
15	0.00485837008537
16	0.00442059397678
17	0.00348692442125
18	0.00308536045743
19	0.00302325917524
20	0.00293051708019
21	0.00272621203238
22	0.00242576610756
23	0.00217854534957
24	0.00200970505232
25	0.00177864463707
26	0.00154982236646
27	0.00137087824571
28	0.00126928793665
29	0.00130916273581
30	0.00133950630252
31	0.00133434821214
32	0.00128533041342
33	0.00120141093521
34	0.00109017112422
35	0.00097987910396
36	0.000886825617256
37	0.000827780904333
38	0.000828742182896
39	0.000853972348156
40	0.000867540268438
41	0.000856463808206
42	0.000825836859778
43	0.000780692898885
44	0.000730611638807
45	0.000685386691276
46	0.000650957921168
47	0.000630284776669
48	0.000633648625848
49	0.000637568607582
50	0.000632787942718
51	0.000620862461532
52	0.000602354409406
53	0.000580478166375
54	0.000558540330252
55	0.00053679244653
56	0.000529618601659
57	0.000526988135922
58	0.00052722716389
59	0.000524109430534
60	0.000517674059096
61	0.000507523158405
62	0.000495973946028
63	0.000482439147886
64	0.000469024528556
65	0.000455320992869
66	0.000443242302332
67	0.000432614631402
68	0.000419042369481
69	0.000402017182156
70	0.000395615500154
71	0.000388932810674
72	0.000384929941399
73	0.000379365356388
74	0.000374494231719
75	0.000366139759778
76	0.000353705092166
77	0.000347579631856
78	0.000344038609469
79	0.000332530291374
80	0.000316456412416
81	0.00031361184482
82	0.00032423137709
83	0.000334325284458
84	0.00035264651712
85	0.000361667437313
86	0.000366509072725
87	0.000368932268692
88	0.000369787822203
89	0.000369613056504
90	0.000368714776274
91	0.000367323765915
92	0.000365605231748
93	0.000363709019702
94	0.000361637494231
95	0.000359459161857
96	0.000357192199749
97	0.000354835419751
98	0.000352429257208
99	0.000349950757351
100	0.000347484118474
101	0.000345021108581
102	0.000342573495815
103	0.000340103743492
104	0.000337572489941
105	0.000335043380713
106	0.000332448933646
107	0.000329833347945
108	0.000327196520684
109	0.000324543311227
110	0.000321885825373
111	0.000319222366953
112	0.000316576469859
113	0.00031396718401
114	0.000311353387645
115	0.00030878252714
116	0.000306223074328
117	0.000303701235051
118	0.000301182829649
119	0.000298693974506
120	0.000296202625416
121	0.000293732303901
122	0.000291271201169
123	0.000288821439198
124	0.00028638567834
125	0.000283948945693
126	0.000281521507487
127	0.000279105877612
128	0.000276705345929
129	0.000274321586446
130	0.000271956400482
131	0.000269610340204
132	0.000267283434108
133	0.00026497581146
134	0.000262687636986
135	0.000260418749037
136	0.000258168987378
137	0.000255930190232
138	0.000253718605539
139	0.000251527530432
140	0.000249346909233
141	0.000247185924725
142	0.000245044785256
143	0.000242910994121
144	0.000240790349063
145	0.000238690307117
146	0.000236608779595
147	0.000234545776214
148	0.000232496072342
149	0.000230466222217
150	0.000228456003663
151	0.000226454357716
152	0.000224472998291
153	0.000222510708386
154	0.000220568676536
155	0.000218642989378
156	0.000216734323882
157	0.000214833916954
158	0.00021295331773
159	0.000211092234355
160	0.000209248602974
161	0.000207419939763
162	0.000205607887895
163	0.000203803146889
164	0.000202022892852
165	0.000200250050229
166	0.000198502109511
167	0.000196761699493
168	0.000195044747411
169	0.00019333471804
170	0.000191648009552
171	0.00018996836552
172	0.000188311767489
173	0.000186662066797
174	0.000185035007936
175	0.000183414618541
176	0.000181816486887
177	0.000180224976027
178	0.000178655239444
179	0.00017709208921
180	0.00017555030452
181	0.000174015033629
182	0.000172500821975
183	0.000170992811543
184	0.000169505450951
185	0.000168024259718
186	0.000166560771019
187	0.000165112603961
188	0.000163675632803
189	0.000162246126089
190	0.000160834918933
191	0.000159438574127
192	0.00015804906571
193	0.000156676202972
194	0.000155317425042
195	0.000153964828322
196	0.000152628666737
197	0.000151306313294
198	0.000149990058889
199	0.000148689943819
200	0.000147403221827
201	0.000146122574781
202	0.000144857674404
203	0.000143605697158
204	0.000142359571301
205	0.000141128995585
206	0.000139910979163
207	0.000138698613515
208	0.000137501395866
209	0.000136316365858
210	0.000135136868141
211	0.000133972189754
212	0.000132819219892
213	0.000131671687002
214	0.000130538676194
215	0.000129414113629
216	0.000128302356048
217	0.000127198120287
218	0.000126106236716
219	0.000125021776595
220	0.000123949449719
221	0.000122884650367
222	0.000121831874886
223	0.000120789227589
224	0.000119752511989
225	0.000118725260291
226	0.000117710452839
227	0.00011670551725
228	0.000115706318091
229	0.000114718549466
230	0.000113737039164
231	0.000112767423338
232	0.000111805825407
233	0.000110850817673
234	0.0001099074471
235	0.000108972031204
236	0.000108043013626
237	0.000107125201333
238	0.000106215078447
239	0.00010531109558
240	0.000104418066635
241	0.000103532558969
242	0.000102653077674
243	0.000101784118811
244	0.000100922449886
245	0.000100066653596
246	9.92210787376e-05
247	9.83826319996e-05
248	9.75499330609e-05
249	9.67271090177e-05
250	9.59112238403e-05
251	9.510160129e-05
252	9.42979933526e-05
253	9.35045372108e-05
254	9.27184597156e-05
255	9.19372038569e-05
256	9.11656249741e-05
257	9.04003229284e-05
258	8.96416040306e-05
259	8.88899376245e-05
260	8.81429276773e-05
261	8.74047095223e-05
262	8.66722505499e-05
263	8.59465003747e-05
264	8.52266208788e-05
265	8.45154860362e-05
266	8.38095567141e-05
267	8.31102493552e-05
268	8.24171150279e-05
269	8.17304249636e-05
270	8.10471663368e-05
271	8.03732779855e-05
272	7.97054533267e-05
273	7.90434577396e-05
274	7.83861924469e-05
275	7.77349341222e-05
276	7.70902206335e-05
277	7.64521104108e-05
278	7.58167378935e-05
279	7.5188548933e-05
280	7.45665115488e-05
281	7.39505899377e-05
282	7.3338243755e-05
283	7.27332641373e-05
284	7.21327188252e-05
285	7.15370457331e-05
286	7.09478784338e-05
287	7.03643364762e-05
288	6.97842942151e-05
289	6.92096962563e-05
290	6.86406735661e-05
291	6.80757835586e-05
292	6.75191843918e-05
293	6.69617528725e-05
294	6.64129354734e-05
295	6.58692382333e-05
296	6.53297256946e-05
297	6.4795835405e-05
298	6.42654134817e-05
299	6.37405070089e-05
300	6.32188371866e-05
301	6.27036963101e-05
302	6.22965498193e-05
303	6.18652344633e-05
304	6.14157511955e-05
305	6.09532404097e-05
306	6.04879112264e-05
307	6.00242971298e-05
308	5.9567572312e-05
309	5.9113145104e-05
310	5.86616118117e-05
311	5.82197832166e-05
312	5.77803373147e-05
313	5.73438811894e-05
314	5.69094069845e-05
315	5.64801288467e-05
316	5.60536268094e-05
317	5.56313838161e-05
318	5.52105948099e-05
319	5.47938125829e-05
320	5.43835002199e-05
321	5.39718134769e-05
322	5.35663687093e-05
323	5.31655303289e-05
324	5.27616739726e-05
325	5.23655488145e-05
326	5.19742677483e-05
327	5.15826378086e-05
328	5.11993710339e-05
329	5.0815669549e-05
330	5.043402771e-05
331	5.00583892705e-05
332	4.96808501117e-05
333	4.93095815768e-05
334	4.89400467414e-05
335	4.8576065278e-05
336	4.82156416628e-05
337	4.7855649938e-05
338	4.74975937449e-05
339	4.71445591729e-05
340	4.67931347218e-05
341	4.64439213646e-05
342	4.61000323912e-05
343	4.57582794e-05
344	4.54177064126e-05
345	4.50811967114e-05
346	4.47482580544e-05
347	4.44171321856e-05
348	4.4089057323e-05
349	4.37616334624e-05
350	4.34363391914e-05
351	4.31185049397e-05
352	4.27976047971e-05
353	4.24800827262e-05
354	4.21696103563e-05
355	4.18587359298e-05
356	4.15486337936e-05
357	4.12457347629e-05
358	4.0941844363e-05
359	4.06392462889e-05
360	4.03427240439e-05
361	4.00461448631e-05
362	3.97520916641e-05
363	3.94601266483e-05
364	3.9171467322e-05
365	3.88860036912e-05
366	3.8603337954e-05
367	3.83195690227e-05
368	3.80397832737e-05
369	3.77615841297e-05
370	3.74854402676e-05
371	3.72126854116e-05
372	3.6942749816e-05
373	3.66755515328e-05
374	3.64064423952e-05
375	3.61420824345e-05
376	3.58803069797e-05
377	3.56187707625e-05
378	3.53610716913e-05
379	3.51056837986e-05
380	3.48526162133e-05
381	3.45992655763e-05
382	3.43484795527e-05
383	3.4102220511e-05
384	3.39725239142e-05
385	3.38175326566e-05
386	3.36362127408e-05
387	3.34340312847e-05
388	3.32255446184e-05
389	3.30122898596e-05
390	3.28030991172e-05
391	3.25956861782e-05
392	3.2391239398e-05
393	3.2186734612e-05
394	3.1988951552e-05
395	3.17877463434e-05
396	3.15898496821e-05
397	3.13941549986e-05
398	3.11980255931e-05
399	3.10054155593e-05
400	3.08105898427e-05
401	3.0618375509e-05
402	3.04277611716e-05
403	3.02381419584e-05
404	3.00518234125e-05
405	2.98647022155e-05
406	2.96793365785e-05
407	2.94948150979e-05
408	2.93134648716e-05
409	2.91313491048e-05
410	2.89508444065e-05
