1	0.0816529803376
2	0.0447019351368
3	0.00427349722166
4	0.00064030607852
5	0.00241699124768
6	0.00494008475894
7	0.00852170046319
8	0.00801417615803
9	0.00361360287018
10	0.00244159153212
11	0.00152357356184
12	0.00089641049034
13	0.000489448197015
14	0.000388125176423
15	0.000406034630923
16	0.000365666787016
17	0.000287684946862
18	0.000255403506096
19	0.000256845897475
20	0.000251828310757
21	0.000234883521346
22	0.000208707234828
23	0.000187444123087
24	0.000172688174471
25	0.000151683829521
26	0.000130494282291
27	0.00011415679906
28	0.000105514811108
29	0.000110934395742
30	0.000114509364159
31	0.00011461668292
32	0.000110545374231
33	0.000103134081115
34	9.30843030557e-05
35	8.30898467455e-05
36	7.46095187968e-05
37	6.96747649688e-05
38	7.07698769875e-05
39	7.37112793167e-05
40	7.49506571627e-05
41	7.40071392665e-05
42	7.13389467227e-05
43	6.74475938448e-05
44	6.29727542342e-05
45	5.87307031318e-05
46	5.54990634445e-05
47	5.36991501175e-05
48	5.43329072017e-05
49	5.48984634838e-05
50	5.45645301674e-05
51	5.34256901616e-05
52	5.17762608036e-05
53	4.9852690429e-05
54	4.80242228342e-05
55	4.62203013022e-05
56	4.54785671203e-05
57	4.5353945551e-05
58	4.56085511858e-05
59	4.5405058717e-05
60	4.48027693408e-05
61	4.38316811365e-05
62	4.28658736988e-05
63	4.16679868092e-05
64	4.03526342252e-05
65	3.90764990462e-05
66	3.80310984023e-05
67	3.70839881989e-05
68	3.58415250593e-05
69	3.43787419366e-05
70	3.37711195957e-05
71	3.31861890482e-05
72	3.28143545159e-05
73	3.22760942583e-05
74	3.18389585919e-05
75	3.11100269005e-05
76	3.00077637681e-05
77	2.9458822984e-05
78	2.91705517188e-05
79	2.80694285379e-05
80	2.66431746638e-05
81	2.63522266593e-05
82	2.7241077229e-05
83	2.81108698585e-05
84	2.96938686801e-05
85	3.0495504553e-05
86	3.0938379178e-05
87	3.11749774053e-05
88	3.12785663128e-05
89	3.12940862964e-05
90	3.12465105117e-05
91	3.11551329948e-05
92	3.10327741626e-05
93	3.08941112625e-05
94	3.0739249095e-05
95	3.05727796375e-05
96	3.03954553768e-05
97	3.02089271358e-05
98	3.00143214732e-05
99	2.98135953377e-05
100	2.96151300009e-05
101	2.94130238038e-05
102	2.92115699743e-05
103	2.9007267347e-05
104	2.87972409613e-05
105	2.85868285557e-05
106	2.83716223559e-05
107	2.81548592181e-05
108	2.79366242825e-05
109	2.77169098812e-05
110	2.74967073391e-05
111	2.72753476743e-05
112	2.70547972667e-05
113	2.68374598198e-05
114	2.66183112788e-05
115	2.64023219154e-05
116	2.61872735989e-05
117	2.59748476233e-05
118	2.5762292545e-05
119	2.55518022607e-05
120	2.53408885454e-05
121	2.5131650619e-05
122	2.49232127713e-05
123	2.4715877496e-05
124	2.45097456957e-05
125	2.43037316937e-05
126	2.40984451846e-05
127	2.38941160766e-05
128	2.36910226883e-05
129	2.34893457209e-05
130	2.32891218011e-05
131	2.30903782896e-05
132	2.28931253635e-05
133	2.26973796719e-05
134	2.25031313737e-05
135	2.23103764104e-05
136	2.21191001494e-05
137	2.19285367999e-05
138	2.17404383914e-05
139	2.15539583831e-05
140	2.13683323562e-05
141	2.118429779e-05
142	2.10020185468e-05
143	2.08203260838e-05
144	2.06398205432e-05
145	2.04611271448e-05
146	2.02838042779e-05
147	2.01081125311e-05
148	1.99335784855e-05
149	1.97605797402e-05
150	1.95892707838e-05
151	1.94186508887e-05
152	1.92497387831e-05
153	1.90824403478e-05
154	1.89167151236e-05
155	1.87523977621e-05
156	1.85895150653e-05
157	1.84272388058e-05
158	1.82666836792e-05
159	1.81078294114e-05
160	1.7950349935e-05
161	1.77942461547e-05
162	1.7639532515e-05
163	1.74853715278e-05
164	1.73334019788e-05
165	1.7181864165e-05
166	1.7032592417e-05
167	1.68838791965e-05
168	1.67372262324e-05
169	1.65910451507e-05
170	1.64469270788e-05
171	1.63033133611e-05
172	1.61617334109e-05
173	1.60206553819e-05
174	1.58815623658e-05
175	1.5742954069e-05
176	1.56063093705e-05
177	1.54701463748e-05
178	1.53359092835e-05
179	1.52021549712e-05
180	1.5070288459e-05
181	1.49389035433e-05
182	1.48093690863e-05
183	1.46802944509e-05
184	1.45530537717e-05
185	1.44262706254e-05
186	1.43010278543e-05
187	1.41771491769e-05
188	1.40541731149e-05
189	1.39317190834e-05
190	1.38109130846e-05
191	1.36914498388e-05
192	1.35724323536e-05
193	1.34548960711e-05
194	1.33386218322e-05
195	1.32227359151e-05
196	1.31083130002e-05
197	1.29951362214e-05
198	1.28823451204e-05
199	1.27709950482e-05
200	1.26608531122e-05
201	1.25511011927e-05
202	1.24427557285e-05
203	1.23355762251e-05
204	1.22287638323e-05
205	1.21233382099e-05
206	1.20190474125e-05
207	1.19151115594e-05
208	1.18125280533e-05
209	1.17110493939e-05
210	1.16099191336e-05
211	1.15101165002e-05
212	1.14113788053e-05
213	1.13129842693e-05
214	1.12158872036e-05
215	1.11195084459e-05
216	1.10242418899e-05
217	1.09296024924e-05
218	1.0836023959e-05
219	1.07430605105e-05
220	1.06511462562e-05
221	1.0559858166e-05
222	1.04696146578e-05
223	1.03802814894e-05
224	1.02913416573e-05
225	1.02032435901e-05
226	1.01162510905e-05
227	1.00301532427e-05
228	9.94444577234e-06
229	9.85979584341e-06
230	9.77558717308e-06
231	9.69248734934e-06
232	9.61004081588e-06
233	9.52809205475e-06
234	9.44723663227e-06
235	9.3670362464e-06
236	9.28731081628e-06
237	9.20863581426e-06
238	9.13059645878e-06
239	9.05301314406e-06
240	8.97645190163e-06
241	8.9005096685e-06
242	8.82501464955e-06
243	8.75050484705e-06
244	8.67659774664e-06
245	8.6031320768e-06
246	8.53062748913e-06
247	8.4587109679e-06
248	8.38722670008e-06
249	8.31666965734e-06
250	8.24668129414e-06
251	8.17722614825e-06
252	8.10820449306e-06
253	8.04015367059e-06
254	7.97268715046e-06
255	7.90567390256e-06
256	7.83949852736e-06
257	7.77380542906e-06
258	7.70865537407e-06
259	7.64419207369e-06
260	7.5800586416e-06
261	7.51674890711e-06
262	7.45391421062e-06
263	7.39158088594e-06
264	7.32976459937e-06
265	7.26877158748e-06
266	7.20821436796e-06
267	7.14819064442e-06
268	7.08872808398e-06
269	7.02973520366e-06
270	6.97101617529e-06
271	6.91319634389e-06
272	6.85589989892e-06
273	6.79908438308e-06
274	6.7426402613e-06
275	6.6867451886e-06
276	6.63141494778e-06
277	6.57663553717e-06
278	6.52202976736e-06
279	6.46808970535e-06
280	6.4146920111e-06
281	6.36181825233e-06
282	6.30921257178e-06
283	6.25724640756e-06
284	6.20570909512e-06
285	6.15457409896e-06
286	6.10397686813e-06
287	6.05386774247e-06
288	6.00408272074e-06
289	5.95470462385e-06
290	5.90587651956e-06
291	5.85731361138e-06
292	5.80963886254e-06
293	5.76168327692e-06
294	5.71453379905e-06
295	5.66779873346e-06
296	5.62148842996e-06
297	5.57566384022e-06
298	5.53012545167e-06
299	5.48500452509e-06
300	5.44020785861e-06
301	9.92988906231e-06
302	9.86683001954e-06
303	9.79963348199e-06
304	9.72926831097e-06
305	9.65647413667e-06
306	9.58307740211e-06
307	9.50992263219e-06
308	9.43796405696e-06
309	9.36613739514e-06
310	9.29481409793e-06
311	9.22505816429e-06
312	9.15565674037e-06
313	9.08675215764e-06
314	9.01814372621e-06
315	8.95029418728e-06
316	8.88286722213e-06
317	8.8161664361e-06
318	8.74966316727e-06
319	8.68377099754e-06
320	8.61894357092e-06
321	8.55381820963e-06
322	8.48962964661e-06
323	8.42634079083e-06
324	8.36242294722e-06
325	8.29973632317e-06
326	8.23788692959e-06
327	8.17592084266e-06
328	8.11535133658e-06
329	8.05457200069e-06
330	7.99417996653e-06
331	7.93481660637e-06
332	7.87504443587e-06
333	7.81633841645e-06
334	7.75789592078e-06
335	7.70025105016e-06
336	7.64335354039e-06
337	7.58628481555e-06
338	7.52956106405e-06
339	7.47370407465e-06
340	7.41812873032e-06
341	7.36288266546e-06
342	7.3084205685e-06
343	7.25436642337e-06
344	7.20047378334e-06
345	7.1472170065e-06
346	7.0944925293e-06
347	7.04205205393e-06
348	6.99029656727e-06
349	6.93832892667e-06
350	6.8867765567e-06
351	6.83662652683e-06
352	6.78569950437e-06
353	6.73535954379e-06
354	6.68636293711e-06
355	6.63709376283e-06
356	6.5879359177e-06
357	6.54015699013e-06
358	6.4919733085e-06
359	6.44402979099e-06
360	6.39707199949e-06
361	6.35012357502e-06
362	6.30359819989e-06
363	6.25732631813e-06
364	6.2116327283e-06
365	6.16646850704e-06
366	6.12169958595e-06
367	6.07669491041e-06
368	6.03242372286e-06
369	5.98839542758e-06
370	5.94463711947e-06
371	5.90144880846e-06
372	5.85873437409e-06
373	5.8164165104e-06
374	5.77379600825e-06
375	5.73191628551e-06
376	5.69042817683e-06
377	5.64903304986e-06
378	5.60821302856e-06
379	5.56778279175e-06
380	5.52768439953e-06
381	5.48754985537e-06
382	5.44785484789e-06
383	9.96258285296e-06
384	9.92587012872e-06
385	9.88155597017e-06
386	9.82900309302e-06
387	9.77042036617e-06
388	9.71006910375e-06
389	9.6481468483e-06
390	9.58731760768e-06
391	9.52696317509e-06
392	9.467508872e-06
393	9.4079887341e-06
394	9.35057303912e-06
395	9.29181111024e-06
396	9.23421926099e-06
397	9.17719535936e-06
398	9.12005694785e-06
399	9.06414975767e-06
400	9.00717773535e-06
401	8.95118253125e-06
402	8.89562409872e-06
403	8.8403625545e-06
404	8.78600519996e-06
405	8.73144649719e-06
406	8.67738688885e-06
407	8.62358152208e-06
408	8.57064105082e-06
409	8.51751496652e-06
410	8.46485989272e-06
