1.19999040008e-06	0
2.63996505619e-06	0
4.36788487769e-06	0
6.44135999858e-06	0
8.92946822732e-06	0
1.19150792242e-05	0
1.54976840347e-05	0
1.97966865561e-05	0
2.49551346223e-05	0
3.11447611847e-05	0
3.85717610716e-05	0
4.74838959697e-05	0
5.81780762532e-05	0
7.10099934998e-05	0
8.64059201129e-05	0
0.000104878752859	0
0.000127044510854	0
0.000153643420448	0
0.000185555300461	0
0.00022384465073	0
0.000269763613229	0
0.00032483585729	0
0.000390893256416	0
0.000470141030766	0
0.000565207938577	0
0.000679112989409	1
0.000815735945118	1
0.000979683491967	1
0.001175764758	1
0.0014104966582	1
0.00169136083937	1
0.00202683750021	1
0.00242661385437	1
0.00290234771583	1
0.00346978930961	1
0.00414414018918	1
0.00494862895779	1
0.0059071687672	1
0.00703775418343	1
0.00833964042029	1
0.00982751040528	1
0.0115013641384	1
0.0133346325128	1
0.0153715973732	1
0.0174085622336	1
0.019445527094	1
0.0214824919544	1
0.0235194568148	1
0.0255564216752	1
0.0275933865356	1
0.029630351396	1
0.0316673162564	1
0.0337042811168	1
0.0357412459772	1
0.0377782108376	1
0.039815175698	1
0.0418521405584	1
0.0438891054188	1
0.0459260702792	1
0.0479630351396	1
0.05	1
0.0520833333333	1
0.0541666666667	1
0.05625	1
0.0583333333333	1
0.0604166666667	1
0.0625	1
0.0645833333333	1
0.0666666666667	1
0.06875	1
0.0708333333333	1
0.0729166666667	1
0.075	1
0.0770833333333	1
0.0791666666667	1
0.08125	1
0.0833333333333	1
0.0854166666667	1
0.0875	1
0.0895833333333	1
0.0916666666667	1
0.09375	1
0.0958333333333	1
0.0979166666667	1
0.1	1
0.102083333333	1
0.104166666667	1
0.10625	1
0.108333333333	1
0.110416666667	1
0.1125	1
0.114583333333	1
0.116666666667	1
0.11875	1
0.120833333333	1
0.122916666667	1
0.125	1
0.127083333333	1
0.129166666667	1
0.13125	1
0.133333333333	1
0.135416666667	1
0.1375	1
0.139583333333	1
0.141666666667	2
0.14375	2
0.145833333333	2
0.147916666667	2
0.15	2
0.152083333333	2
0.154166666667	2
0.15625	2
0.158333333333	2
0.160416666667	2
0.1625	2
0.164583333333	2
0.166666666667	2
0.16875	2
0.170833333333	2
0.172916666667	2
0.175	2
0.177083333333	2
0.179166666667	2
0.18125	2
0.183333333333	2
0.185416666667	2
0.1875	2
0.189583333333	2
0.191666666667	2
0.19375	2
0.195833333333	2
0.197916666667	2
0.2	2
0.202083333333	2
0.204166666667	2
0.20625	2
0.208333333333	2
0.210416666667	2
0.2125	2
0.214583333333	2
0.216666666667	2
0.21875	2
0.220833333333	2
0.222916666667	2
0.225	2
0.227083333333	2
0.229166666667	2
0.23125	2
0.233333333333	2
0.235185185185	2
0.237037037037	2
0.238888888889	2
0.240740740741	2
0.242592592593	2
0.244444444444	2
0.246296296296	2
0.248148148148	2
0.25	2
0.251388888889	2
0.252469135802	2
0.253502415459	2
0.254414132803	2
0.255290784095	2
0.256134354207	2
0.256977924318	2
0.257821494429	2
0.258700213295	2
0.259638844811	2
0.260647873691	2
0.261740988311	2
0.262936582426	2
0.264260275911	2
0.265749431081	2
0.267380410554	2
0.269192609967	2
0.271118071844	2
0.273181066713	2
0.275244061581	2
0.277307056449	2
0.279370051317	2
0.281433046186	2
0.283496041054	2
0.285559035922	2
0.28762203079	2
0.289685025659	2
0.291748020527	2
0.293811015395	2
0.295874010263	2
0.297937005132	2
0.3	2
0.302083333333	2
0.304166666667	2
0.30625	2
0.308333333333	2
0.310416666667	2
0.3125	2
0.314583333333	2
0.316666666667	2
0.31875	3
0.320833333333	3
0.322916666667	3
0.325	3
0.327083333333	3
0.329166666667	3
0.33125	3
0.333333333333	3
0.335416666667	3
0.3375	3
0.339583333333	3
0.341666666667	3
0.34375	3
0.345833333333	3
0.347916666667	3
0.35	3
0.352083333333	3
0.354166666667	3
0.35625	3
0.358333333333	3
0.360416666667	3
0.3625	3
0.364583333333	3
0.366666666667	3
0.36875	3
0.370833333333	3
0.372916666667	3
0.375	3
0.377083333333	3
0.379166666667	3
0.38125	3
0.383333333333	3
0.385416666667	3
0.3875	3
0.389583333333	3
0.391666666667	3
0.39375	3
0.395833333333	3
0.397916666667	3
0.4	3
0.402083333333	3
0.404166666667	3
0.40625	3
0.408333333333	3
0.410416666667	3
0.4125	3
0.414583333333	3
0.416666666667	3
0.41875	3
0.420833333333	3
0.422916666667	3
0.425	3
0.427083333333	3
0.429166666667	3
0.43125	3
0.433333333333	3
0.435416666667	3
0.4375	3
0.439583333333	3
0.441666666667	3
0.44375	3
0.445833333333	3
0.447916666667	3
0.45	3
0.452083333333	3
0.454166666667	3
0.45625	3
0.458333333333	3
0.460416666667	3
0.4625	3
0.464583333333	3
0.466666666667	3
0.46875	3
0.470833333333	3
0.472916666667	3
0.475	3
0.477083333333	3
0.479166666667	3
0.48125	3
0.483333333333	3
0.485416666667	3
0.4875	3
0.489583333333	3
0.491666666667	3
0.49375	3
0.495833333333	3
0.497916666667	3
0.5	3
0.502083333333	3
0.504166666667	3
0.50625	3
0.508333333333	3
0.510416666667	3
0.5125	3
0.514583333333	4
0.516666666667	4
0.51875	4
0.520833333333	4
0.522916666667	4
0.525	4
0.527083333333	4
0.529166666667	4
0.53125	4
0.533333333333	4
0.535416666667	4
0.5375	4
0.539583333333	4
0.541666666667	4
0.54375	4
0.545833333333	4
0.547916666667	4
0.55	4
0.552083333333	4
0.554166666667	4
0.55625	4
0.558333333333	4
0.560416666667	4
0.5625	4
0.564583333333	4
0.566666666667	4
0.56875	4
0.570833333333	4
0.572916666667	4
0.575	4
0.577083333333	4
0.579166666667	4
0.58125	4
0.583333333333	4
0.585416666667	4
0.5875	4
0.589583333333	4
0.591666666667	4
0.59375	4
0.595833333333	4
0.597916666667	4
0.6	4
0.602083333333	4
0.604166666667	4
0.60625	4
0.608333333333	4
0.610416666667	4
0.6125	4
0.614583333333	4
0.616666666667	4
0.61875	4
0.620833333333	4
0.622916666667	4
0.625	4
0.627083333333	4
0.629166666667	4
0.63125	4
0.633333333333	4
0.635416666667	4
0.6375	4
0.639583333333	4
0.641666666667	4
0.64375	4
0.645833333333	4
0.647916666667	4
0.65	4
0.652173913043	4
0.654347826087	4
0.65652173913	4
0.658695652174	4
0.660869565217	4
0.663043478261	4
0.665217391304	4
0.667391304348	4
0.669565217391	4
0.671739130435	4
0.673913043478	4
0.676086956522	4
0.678260869565	4
0.680434782609	4
0.682608695652	4
0.684782608696	4
0.686956521739	4
0.689130434783	4
0.691304347826	4
0.69347826087	4
0.695652173913	4
0.697826086957	4
0.7	4
0.702173913043	4
0.704347826087	4
0.70652173913	4
0.708695652174	4
0.710869565217	4
0.713043478261	4
0.715217391304	4
0.717391304348	4
0.719565217391	4
0.721739130435	4
0.723913043478	5
0.726086956522	5
0.728260869565	5
0.730434782609	5
0.732608695652	5
0.734782608696	5
0.736956521739	5
0.739130434783	5
0.741304347826	5
0.74347826087	5
0.745652173913	5
0.747826086957	5
0.75	5
0.752173913043	5
0.754347826087	5
0.75652173913	5
0.758695652174	5
0.760869565217	5
0.763043478261	5
0.765217391304	5
0.767391304348	5
0.769565217391	5
0.771739130435	5
0.773913043478	5
0.776086956522	5
0.778260869565	5
0.780434782609	5
0.782608695652	5
0.784782608696	5
0.786956521739	5
0.789130434783	5
0.791304347826	5
0.79347826087	5
0.795652173913	5
0.797826086957	5
0.8	5
0.802173913043	5
0.804347826087	5
0.80652173913	5
0.808695652174	5
0.810869565217	5
0.813043478261	5
0.815217391304	5
0.817391304348	5
0.819565217391	5
0.821739130435	5
0.823913043478	5
0.826086956522	5
0.828260869565	5
0.830434782609	5
0.832608695652	5
0.834782608696	5
0.836956521739	5
0.839130434783	5
0.841304347826	5
0.84347826087	5
0.845652173913	5
0.847826086957	5
0.85	5
0.852173913043	5
0.854347826087	5
0.85652173913	5
0.858695652174	5
0.860869565217	5
0.863043478261	5
0.865217391304	5
0.867391304348	5
0.869565217391	5
0.871739130435	5
0.873913043478	5
0.876086956522	5
0.878260869565	5
0.880434782609	5
0.882608695652	5
0.884782608696	5
0.886956521739	5
0.889130434783	5
0.891304347826	5
0.89347826087	5
0.895652173913	5
0.897826086957	5
0.9	5
0.902173913043	5
0.904347826087	5
0.90652173913	5
0.908695652174	5
0.910869565217	5
0.913043478261	5
0.915217391304	5
0.917391304348	5
0.919565217391	5
0.921739130435	5
0.923913043478	5
0.926086956522	5
0.928260869565	5
0.930434782609	5
0.932608695652	5
0.934782608696	5
0.936956521739	6
0.939130434783	6
0.941304347826	6
0.94347826087	6
0.945652173913	6
0.947826086957	6
0.95	6
0.952173913043	6
0.954347826087	6
0.95652173913	6
0.958695652174	6
0.960869565217	6
0.963043478261	6
0.965217391304	6
0.967391304348	6
0.969565217391	6
0.971739130435	6
0.973913043478	6
0.976086956522	6
0.978260869565	6
0.980434782609	6
0.982608695652	6
0.984782608696	6
0.986956521739	6
0.989130434783	6
0.991304347826	6
0.99347826087	6
0.995652173913	6
0.997826086957	6
1	6
1.00217391304	6
1.00434782609	6
1.00652173913	6
1.00869565217	6
1.01086956522	6
1.01304347826	6
1.0152173913	6
1.01739130435	6
1.01956521739	6
1.02173913043	6
1.02391304348	6
1.02608695652	6
1.02826086957	6
1.03043478261	6
1.03260869565	6
1.0347826087	6
1.03695652174	6
1.03913043478	6
1.04130434783	6
1.04347826087	6
1.04565217391	6
1.04782608696	6
1.05	6
1.05217391304	6
1.05434782609	6
1.05652173913	6
1.05869565217	6
1.06086956522	6
1.06304347826	6
1.0652173913	6
1.06739130435	6
1.06956521739	6
1.07173913043	6
1.07391304348	6
1.07608695652	6
1.07826086957	6
1.08043478261	6
1.08260869565	6
1.0847826087	6
1.08695652174	6
1.08913043478	6
1.09130434783	6
1.09347826087	6
1.09565217391	6
1.09782608696	6
1.1	6
1.10227272727	6
1.10454545455	6
1.10681818182	6
1.10909090909	6
1.11136363636	6
1.11363636364	6
1.11590909091	6
1.11818181818	6
1.12045454545	6
1.12272727273	6
1.125	6
1.12727272727	6
1.12954545455	6
1.13181818182	6
1.13409090909	6
1.13636363636	6
1.13863636364	6
1.14090909091	6
1.14318181818	6
1.14545454545	6
1.14772727273	6
1.15	6
1.15227272727	6
1.15454545455	6
1.15681818182	6
1.15909090909	6
1.16136363636	7
1.16363636364	7
1.16590909091	7
1.16818181818	7
1.17045454545	7
1.17272727273	7
1.175	7
1.17727272727	7
1.17954545455	7
1.18181818182	7
1.18409090909	7
1.18636363636	7
1.18863636364	7
1.19090909091	7
1.19318181818	7
1.19545454545	7
1.19772727273	7
1.2	7
1.20227272727	7
1.20454545455	7
1.20681818182	7
1.20909090909	7
1.21136363636	7
1.21363636364	7
1.21590909091	7
1.21818181818	7
1.22045454545	7
1.22272727273	7
1.225	7
1.22727272727	7
1.22954545455	7
1.23181818182	7
1.23409090909	7
1.23636363636	7
1.23863636364	7
1.24090909091	7
1.24318181818	7
1.24545454545	7
1.24772727273	7
1.25	7
1.25227272727	7
1.25454545455	7
1.25681818182	7
1.25909090909	7
1.26136363636	7
1.26363636364	7
1.26590909091	7
1.26818181818	7
1.27045454545	7
1.27272727273	7
1.275	7
1.27727272727	7
1.27954545455	7
1.28181818182	7
1.28409090909	7
1.28636363636	7
1.28863636364	7
1.29090909091	7
1.29318181818	7
1.29545454545	7
1.29772727273	7
1.3	7
1.30227272727	7
1.30454545455	7
1.30681818182	7
1.30909090909	7
1.31136363636	7
1.31363636364	7
1.31590909091	7
1.31818181818	7
1.32045454545	7
1.32272727273	7
1.325	7
1.32727272727	7
1.32954545455	7
1.33181818182	7
1.33409090909	7
1.33636363636	7
1.33863636364	7
1.34090909091	7
1.34318181818	7
1.34545454545	7
1.34772727273	7
1.35	7
1.35227272727	7
1.35454545455	7
1.35681818182	7
1.35909090909	7
1.36136363636	7
1.36363636364	7
1.36590909091	7
1.36818181818	7
1.37045454545	7
1.37272727273	7
1.375	7
1.37727272727	7
1.37954545455	7
1.38181818182	7
1.38409090909	7
1.38636363636	7
1.38863636364	7
1.39090909091	7
1.39318181818	7
1.39545454545	7
1.39772727273	7
1.4	7
1.40227272727	8
1.40454545455	8
1.40681818182	8
1.40909090909	8
1.41136363636	8
1.41363636364	8
1.41590909091	8
1.41818181818	8
1.42045454545	8
1.42272727273	8
1.425	8
1.42727272727	8
1.42954545455	8
1.43181818182	8
1.43409090909	8
1.43636363636	8
1.43863636364	8
1.44090909091	8
1.44318181818	8
1.44545454545	8
1.44772727273	8
1.45	8
1.45227272727	8
1.45454545455	8
1.45681818182	8
1.45909090909	8
1.46136363636	8
1.46363636364	8
1.46590909091	8
1.46818181818	8
1.47045454545	8
1.47272727273	8
1.475	8
1.47727272727	8
1.47954545455	8
1.48181818182	8
1.48409090909	8
1.48636363636	8
1.48863636364	8
1.49090909091	8
1.49318181818	8
1.49545454545	8
1.49772727273	8
1.5	8
1.50227272727	8
1.50454545455	8
1.50681818182	8
1.50909090909	8
1.51136363636	8
1.51363636364	8
1.51590909091	8
1.51818181818	8
1.52045454545	8
1.52272727273	8
1.525	8
1.52727272727	8
1.52954545455	8
1.53181818182	8
1.53409090909	8
1.53636363636	8
1.53863636364	8
1.54090909091	8
1.54318181818	8
1.54545454545	8
1.54772727273	8
1.55	8
1.55238095238	8
1.55476190476	8
1.55714285714	8
1.55952380952	8
1.5619047619	8
1.56428571429	8
1.56666666667	8
1.56904761905	8
1.57142857143	8
1.57380952381	8
1.57619047619	8
1.57857142857	8
1.58095238095	8
1.58333333333	8
1.58571428571	8
1.5880952381	8
1.59047619048	8
1.59285714286	8
1.59523809524	8
1.59761904762	8
1.6	8
1.60238095238	8
1.60476190476	8
1.60714285714	8
1.60952380952	8
1.6119047619	8
1.61428571429	8
1.61666666667	8
1.61904761905	8
1.62142857143	8
1.62380952381	8
1.62619047619	8
1.62857142857	8
1.63095238095	8
1.63333333333	8
1.63571428571	8
1.6380952381	8
1.64047619048	8
1.64285714286	9
1.64523809524	9
1.64761904762	9
1.65	9
1.65238095238	9
1.65476190476	9
1.65714285714	9
1.65952380952	9
1.6619047619	9
1.66428571429	9
1.66666666667	9
1.66904761905	9
1.67142857143	9
1.67380952381	9
1.67619047619	9
1.67857142857	9
1.68095238095	9
1.68333333333	9
1.68571428571	9
1.6880952381	9
1.69047619048	9
1.69285714286	9
1.69523809524	9
1.69761904762	9
1.7	9
1.70238095238	9
1.70476190476	9
1.70714285714	9
1.70952380952	9
1.7119047619	9
1.71428571429	9
1.71666666667	9
1.71904761905	9
1.72142857143	9
1.72380952381	9
1.72619047619	9
1.72857142857	9
1.73095238095	9
1.73333333333	9
1.73571428571	9
1.7380952381	9
1.74047619048	9
1.74285714286	9
1.74523809524	9
1.74761904762	9
1.75	9
1.75238095238	9
1.75476190476	9
1.75714285714	9
1.75952380952	9
1.7619047619	9
1.76428571429	9
1.76666666667	9
1.76904761905	9
1.77142857143	9
1.77380952381	9
1.77619047619	9
1.77857142857	9
1.78095238095	9
1.78333333333	9
1.78571428571	9
1.7880952381	9
1.79047619048	9
1.79285714286	9
1.79523809524	9
1.79761904762	9
1.8	9
1.80238095238	9
1.80476190476	9
1.80714285714	9
1.80952380952	9
1.8119047619	9
1.81428571429	9
1.81666666667	9
1.81904761905	9
1.82142857143	9
1.82380952381	9
1.82619047619	9
1.82857142857	9
1.83095238095	9
1.83333333333	9
1.83571428571	9
1.8380952381	9
1.84047619048	9
1.84285714286	9
1.84523809524	9
1.84761904762	9
1.85	9
1.85238095238	9
1.85476190476	9
1.85714285714	9
1.85952380952	9
1.8619047619	9
1.86428571429	9
1.86666666667	9
1.86904761905	9
1.87142857143	9
1.87380952381	9
1.87619047619	9
1.87857142857	9
1.88095238095	9
1.88333333333	9
1.88571428571	9
1.8880952381	9
1.89047619048	9
1.89285714286	9
1.89523809524	9
1.89761904762	9
1.9	10
1.90238095238	10
1.90476190476	10
1.90714285714	10
1.90952380952	10
1.9119047619	10
1.91428571429	10
1.91666666667	10
1.91904761905	10
1.92142857143	10
1.92380952381	10
1.92619047619	10
1.92857142857	10
1.93095238095	10
1.93333333333	10
1.93571428571	10
1.9380952381	10
1.94047619048	10
1.94285714286	10
1.94523809524	10
1.94761904762	10
1.95	10
1.95238095238	10
1.95476190476	10
1.95702380952	10
1.95928571429	10
1.96154761905	10
1.96380952381	10
1.96607142857	10
1.96833333333	10
1.9705952381	10
1.97285714286	10
1.97511904762	10
1.97738095238	10
1.97964285714	10
1.9819047619	10
1.98416666667	10
1.98642857143	10
1.98869047619	10
1.99095238095	10
1.99321428571	10
1.99547619048	10
1.99773809524	10
2	10
2.00227272727	10
2.00454545455	10
2.00681818182	10
2.00909090909	10
2.01136363636	10
2.01363636364	10
2.01590909091	10
2.01818181818	10
2.02045454545	10
2.02272727273	10
2.025	10
2.02727272727	10
2.02954545455	10
2.03181818182	10
2.03409090909	10
2.03636363636	10
2.03863636364	10
2.04090909091	10
2.04318181818	10
2.04545454545	10
2.04772727273	10
2.05	10
2.05227272727	10
2.05454545455	10
2.05681818182	10
2.05909090909	10
2.06136363636	10
2.06363636364	10
2.06590909091	10
2.06818181818	10
2.07045454545	10
2.07272727273	10
2.075	10
2.07727272727	10
2.07954545455	10
2.08181818182	10
2.08409090909	10
2.08636363636	10
2.08863636364	10
2.09090909091	10
2.09318181818	10
2.09545454545	10
2.09772727273	10
2.1	10
2.10227272727	10
2.10454545455	10
2.10681818182	10
2.10909090909	10
2.11136363636	10
2.11363636364	10
2.11590909091	10
2.11818181818	10
2.12045454545	10
2.12272727273	10
2.125	10
2.12727272727	10
2.12954545455	10
2.13181818182	10
2.13409090909	10
2.13636363636	10
2.13863636364	10
2.14090909091	10
2.14318181818	10
2.14545454545	10
2.14772727273	11
2.15	11
2.15227272727	11
2.15454545455	11
2.15681818182	11
2.15909090909	11
2.16136363636	11
2.16363636364	11
2.16590909091	11
2.16818181818	11
2.17045454545	11
2.17272727273	11
2.175	11
2.17727272727	11
2.17954545455	11
2.18181818182	11
2.18409090909	11
2.18636363636	11
2.18863636364	11
2.19090909091	11
2.19318181818	11
2.19545454545	11
2.19772727273	11
2.2	11
2.20227272727	11
2.20454545455	11
2.20681818182	11
2.20909090909	11
2.21136363636	11
2.21363636364	11
2.21590909091	11
2.21818181818	11
2.22045454545	11
2.22272727273	11
2.225	11
2.22727272727	11
2.22954545455	11
2.23181818182	11
2.23409090909	11
2.23636363636	11
2.23863636364	11
2.24090909091	11
2.24318181818	11
2.24545454545	11
2.24772727273	11
2.25	11
2.25227272727	11
2.25454545455	11
2.25681818182	11
2.25909090909	11
2.26136363636	11
2.26363636364	11
2.26590909091	11
2.26818181818	11
2.27045454545	11
2.27272727273	11
2.275	11
2.27727272727	11
2.27954545455	11
2.28181818182	11
2.28409090909	11
2.28636363636	11
2.28863636364	11
2.29090909091	11
2.29318181818	11
2.29545454545	11
2.29772727273	11
2.3	11
2.30227272727	11
2.30454545455	11
2.30681818182	11
2.30909090909	11
2.31136363636	11
2.31363636364	11
2.31590909091	11
2.31818181818	11
2.32045454545	11
2.32272727273	11
2.325	11
2.32727272727	11
2.32954545455	11
2.33181818182	11
2.33409090909	11
2.33636363636	11
2.33863636364	11
2.34090909091	11
2.34318181818	11
2.34545454545	11
2.34772727273	11
2.35	11
2.35227272727	11
2.35454545455	11
2.35681818182	11
2.35909090909	11
2.36136363636	11
2.36363636364	11
2.36590909091	11
2.36818181818	12
2.37045454545	12
2.37272727273	12
2.375	12
2.37727272727	12
2.37954545455	12
2.38181818182	12
2.38409090909	12
2.38636363636	12
2.38863636364	12
2.39090909091	12
2.39318181818	12
2.39545454545	12
2.39772727273	12
2.4	12
2.40227272727	12
2.40454545455	12
2.40681818182	12
2.40909090909	12
2.41136363636	12
2.41363636364	12
2.41590909091	12
2.41818181818	12
2.42045454545	12
2.42272727273	12
2.425	12
2.42727272727	12
2.42954545455	12
2.43181818182	12
2.43409090909	12
2.43636363636	12
2.43863636364	12
2.44090909091	12
2.44318181818	12
2.44545454545	12
2.44772727273	12
2.45	12
2.45227272727	12
2.45454545455	12
2.45681818182	12
2.45909090909	12
2.46136363636	12
2.46363636364	12
2.46590909091	12
2.46818181818	12
2.47045454545	12
2.47272727273	12
2.475	12
2.47727272727	12
2.47954545455	12
2.48181818182	12
2.48409090909	12
2.48636363636	12
2.48863636364	12
2.49090909091	12
2.49318181818	12
2.49545454545	12
2.49772727273	12
2.5	12
2.50227272727	12
2.50454545455	12
2.50681818182	12
2.50909090909	12
2.51136363636	12
2.51363636364	12
2.51590909091	12
2.51818181818	12
2.52045454545	12
2.52272727273	12
2.525	12
2.52727272727	12
2.52954545455	12
2.53181818182	12
2.53409090909	12
2.53636363636	12
2.53863636364	12
2.54090909091	12
2.54318181818	12
2.54545454545	12
2.54772727273	12
2.55	12
2.55227272727	12
2.55454545455	12
2.55681818182	12
2.55909090909	12
2.56136363636	12
2.56363636364	12
2.56590909091	12
2.56818181818	12
2.57045454545	12
2.57272727273	12
2.575	12
2.57727272727	12
2.57954545455	12
2.58181818182	12
2.58409090909	12
2.58636363636	12
2.58863636364	13
2.59090909091	13
2.59318181818	13
2.59545454545	13
2.59772727273	13
2.6	13
2.60227272727	13
2.60454545455	13
2.60681818182	13
2.60909090909	13
2.61136363636	13
2.61363636364	13
2.61590909091	13
2.61818181818	13
2.62045454545	13
2.62272727273	13
2.625	13
2.62727272727	13
2.62954545455	13
2.63181818182	13
2.63409090909	13
2.63636363636	13
2.63863636364	13
2.64090909091	13
2.64318181818	13
2.64545454545	13
2.64772727273	13
2.65	13
2.65227272727	13
2.65454545455	13
2.65681818182	13
2.65909090909	13
2.66136363636	13
2.66363636364	13
2.66590909091	13
2.66818181818	13
2.67045454545	13
2.67272727273	13
2.675	13
2.67727272727	13
2.67954545455	13
2.68181818182	13
2.68409090909	13
2.68636363636	13
2.68863636364	13
2.69090909091	13
2.69318181818	13
2.69545454545	13
2.69772727273	13
2.7	13
2.70227272727	13
2.70454545455	13
2.70681818182	13
2.70909090909	13
2.71136363636	13
2.71363636364	13
2.71590909091	13
2.71818181818	13
2.72045454545	13
2.72272727273	13
2.725	13
2.72727272727	13
2.72954545455	13
2.73181818182	13
2.73409090909	13
2.73636363636	13
2.73863636364	13
2.74090909091	13
2.74318181818	13
2.74545454545	13
2.74772727273	13
2.75	13
2.75227272727	13
2.75454545455	13
2.75681818182	13
2.75909090909	13
2.76136363636	13
2.76363636364	13
2.76590909091	13
2.76818181818	13
2.77045454545	13
2.77272727273	13
2.775	13
2.77727272727	13
2.77954545455	13
2.78181818182	13
2.78409090909	13
2.78636363636	13
2.78863636364	13
2.79090909091	13
2.79318181818	13
2.79545454545	13
2.79772727273	13
2.8	13
2.80227272727	13
2.80454545455	13
2.80681818182	14
2.80909090909	14
2.81136363636	14
2.81363636364	14
2.81590909091	14
2.81818181818	14
2.82045454545	14
2.82272727273	14
2.825	14
2.82727272727	14
2.82954545455	14
2.83181818182	14
2.83409090909	14
2.83636363636	14
2.83863636364	14
2.84090909091	14
2.84318181818	14
2.84545454545	14
2.84772727273	14
2.85	14
2.85227272727	14
2.85454545455	14
2.85681818182	14
2.85909090909	14
2.86136363636	14
2.86363636364	14
2.86590909091	14
2.86818181818	14
2.87045454545	14
2.87272727273	14
2.875	14
2.87727272727	14
2.87954545455	14
2.88181818182	14
2.88409090909	14
2.88636363636	14
2.88863636364	14
2.89090909091	14
2.89318181818	14
2.89545454545	14
2.89772727273	14
2.9	14
2.90227272727	14
2.90454545455	14
2.90681818182	14
2.90909090909	14
2.91136363636	14
2.91363636364	14
2.91590909091	14
2.91818181818	14
2.92045454545	14
2.92272727273	14
2.925	14
2.92727272727	14
2.92954545455	14
2.93181818182	14
2.93409090909	14
2.93636363636	14
2.93863636364	14
2.94090909091	14
2.94318181818	14
2.94545454545	14
2.94772727273	14
2.95	14
2.95227272727	14
2.95454545455	14
2.95681818182	14
2.95909090909	14
2.96136363636	14
2.96363636364	14
2.96590909091	14
2.96818181818	14
2.97045454545	14
2.97272727273	14
2.975	14
2.97727272727	14
2.97954545455	14
2.98181818182	14
2.98409090909	14
2.98636363636	14
2.98863636364	14
2.99090909091	14
2.99318181818	14
2.99545454545	14
2.99772727273	14
3	14
3.00227272727	14
3.00454545455	14
3.00681818182	14
3.00909090909	14
3.01136363636	14
3.01363636364	14
3.01590909091	14
3.01818181818	14
3.02045454545	14
3.02272727273	14
3.025	14
3.02727272727	14
3.02954545455	15
3.03181818182	15
3.03409090909	15
3.03636363636	15
3.03863636364	15
3.04090909091	15
3.04318181818	15
3.04545454545	15
3.04772727273	15
3.05	15
3.05227272727	15
3.05454545455	15
3.05681818182	15
3.05909090909	15
3.06136363636	15
3.06363636364	15
3.06590909091	15
3.06818181818	15
3.07045454545	15
3.07272727273	15
3.075	15
3.07727272727	15
3.07954545455	15
3.08181818182	15
3.08409090909	15
3.08636363636	15
3.08863636364	15
3.09090909091	15
3.09318181818	15
3.09545454545	15
3.09772727273	15
3.1	15
3.10227272727	15
3.10454545455	15
3.10681818182	15
3.10909090909	15
3.11136363636	15
3.11363636364	15
3.11590909091	15
3.11818181818	15
3.12045454545	15
3.12272727273	15
3.125	15
3.12727272727	15
3.12954545455	15
3.13181818182	15
3.13409090909	15
3.13636363636	15
3.13863636364	15
3.14090909091	15
3.14318181818	15
3.14545454545	15
3.14772727273	15
3.15	15
3.15227272727	15
3.15454545455	15
3.15681818182	15
3.15909090909	15
3.16136363636	15
3.16363636364	15
3.16590909091	15
3.16818181818	15
3.17045454545	15
3.17272727273	15
3.175	15
3.17727272727	15
3.17954545455	15
3.18181818182	15
3.18409090909	15
3.18636363636	15
3.18863636364	15
3.19090909091	15
3.19318181818	15
3.19545454545	15
3.19772727273	15
3.2	15
3.20227272727	15
3.20454545455	15
3.20681818182	15
3.20909090909	15
3.21136363636	15
3.21363636364	15
3.21590909091	15
3.21818181818	15
3.22045454545	15
3.22272727273	15
3.225	15
3.22727272727	15
3.22954545455	15
3.23181818182	15
3.23409090909	15
3.23636363636	15
3.23863636364	15
3.24090909091	15
3.24318181818	15
3.24545454545	15
3.24772727273	15
3.25	15
3.25227272727	16
3.25454545455	16
3.25681818182	16
3.25909090909	16
3.26136363636	16
3.26363636364	16
3.26590909091	16
3.26818181818	16
3.27045454545	16
3.27272727273	16
3.275	16
3.27727272727	16
3.27954545455	16
3.28181818182	16
3.28409090909	16
3.28636363636	16
3.28863636364	16
3.29090909091	16
3.29318181818	16
3.29545454545	16
3.29772727273	16
3.3	16
3.30227272727	16
3.30454545455	16
3.30681818182	16
3.30909090909	16
3.31136363636	16
3.31363636364	16
3.31590909091	16
3.31818181818	16
3.32045454545	16
3.32272727273	16
3.325	16
3.32727272727	16
3.32954545455	16
3.33181818182	16
3.33409090909	16
3.33636363636	16
3.33863636364	16
3.34090909091	16
3.34318181818	16
3.34545454545	16
3.34772727273	16
3.35	16
3.35227272727	16
3.35454545455	16
3.35681818182	16
3.35909090909	16
3.36136363636	16
3.36363636364	16
3.36590909091	16
3.36818181818	16
3.37045454545	16
3.37272727273	16
3.375	16
3.37727272727	16
3.37954545455	16
3.38181818182	16
3.38409090909	16
3.38636363636	16
3.38863636364	16
3.39090909091	16
3.39318181818	16
3.39545454545	16
3.39772727273	16
3.4	16
3.40227272727	16
3.40454545455	16
3.40681818182	16
3.40909090909	16
3.41136363636	16
3.41363636364	16
3.41590909091	16
3.41818181818	16
3.42045454545	16
3.42272727273	16
3.425	16
3.42727272727	16
3.42954545455	16
3.43181818182	16
3.43409090909	16
3.43636363636	16
3.43863636364	16
3.44090909091	16
3.44318181818	16
3.44545454545	16
3.44772727273	16
3.45	16
3.45227272727	16
3.45454545455	16
3.45681818182	16
3.45909090909	16
3.46136363636	16
3.46363636364	16
3.46590909091	16
3.46818181818	16
3.47045454545	16
3.47272727273	17
3.475	17
3.47727272727	17
3.47954545455	17
3.48181818182	17
3.48409090909	17
3.48636363636	17
3.48863636364	17
3.49090909091	17
3.49318181818	17
3.49545454545	17
3.49772727273	17
3.5	17
3.50227272727	17
3.50454545455	17
3.50681818182	17
3.50909090909	17
3.51136363636	17
3.51363636364	17
3.51590909091	17
3.51818181818	17
3.52045454545	17
3.52272727273	17
3.525	17
3.52727272727	17
3.52954545455	17
3.53181818182	17
3.53409090909	17
3.53636363636	17
3.53863636364	17
3.54090909091	17
3.54318181818	17
3.54545454545	17
3.54772727273	17
3.55	17
3.55227272727	17
3.55454545455	17
3.55681818182	17
3.55909090909	17
3.56136363636	17
3.56363636364	17
3.56590909091	17
3.56818181818	17
3.57045454545	17
3.57272727273	17
3.575	17
3.57727272727	17
3.57954545455	17
3.58181818182	17
3.58409090909	17
3.58636363636	17
3.58863636364	17
3.59090909091	17
3.59318181818	17
3.59545454545	17
3.59772727273	17
3.6	17
3.60227272727	17
3.60454545455	17
3.60681818182	17
3.60909090909	17
3.61136363636	17
3.61363636364	17
3.61590909091	17
3.61818181818	17
3.62045454545	17
3.62272727273	17
3.625	17
3.62727272727	17
3.62954545455	17
3.63181818182	17
3.63409090909	17
3.63636363636	17
3.63863636364	17
3.64090909091	17
3.64318181818	17
3.64545454545	17
3.64772727273	17
3.65	17
3.65227272727	17
3.65454545455	17
3.65681818182	17
3.65909090909	17
3.66136363636	17
3.66363636364	17
3.66590909091	17
3.66818181818	17
3.67045454545	17
3.67272727273	17
3.675	17
3.67727272727	17
3.67954545455	17
3.68181818182	17
3.68409090909	17
3.68636363636	18
3.68863636364	18
3.69090909091	18
3.69318181818	18
3.69545454545	18
3.69772727273	18
3.7	18
3.70227272727	18
3.70454545455	18
3.70681818182	18
3.70909090909	18
3.71136363636	18
3.71363636364	18
3.71590909091	18
3.71818181818	18
3.72045454545	18
3.72272727273	18
3.725	18
3.72727272727	18
3.72954545455	18
3.73181818182	18
3.73409090909	18
3.73636363636	18
3.73863636364	18
3.74090909091	18
3.74318181818	18
3.74545454545	18
3.74772727273	18
3.75	18
3.75227272727	18
3.75454545455	18
3.75681818182	18
3.75909090909	18
3.76136363636	18
3.76363636364	18
3.76590909091	18
3.76818181818	18
3.77045454545	18
3.77272727273	18
3.775	18
3.77727272727	18
3.77954545455	18
3.78181818182	18
3.78409090909	18
3.78636363636	18
3.78863636364	18
3.79090909091	18
3.79318181818	18
3.79545454545	18
3.79772727273	18
3.8	18
3.80227272727	18
3.80454545455	18
3.80681818182	18
3.80909090909	18
3.81136363636	18
3.81363636364	18
3.81590909091	18
3.81818181818	18
3.82045454545	18
3.82272727273	18
3.825	18
3.82727272727	18
3.82954545455	18
3.83181818182	18
3.83409090909	18
3.83636363636	18
3.83863636364	18
3.84090909091	18
3.84318181818	18
3.84545454545	18
3.84772727273	18
3.85	18
3.85227272727	18
3.85454545455	18
3.85681818182	18
3.85909090909	18
3.86136363636	18
3.86363636364	18
3.86590909091	18
3.86818181818	18
3.87045454545	18
3.87272727273	18
3.875	18
3.87727272727	18
3.87954545455	18
3.88181818182	18
3.88409090909	18
3.88636363636	18
3.88863636364	18
3.89090909091	18
3.89318181818	18
3.89545454545	18
3.89772727273	18
3.9	18
3.90227272727	18
3.90454545455	19
3.90681818182	19
3.90909090909	19
3.91136363636	19
3.91363636364	19
3.91590909091	19
3.91818181818	19
3.92045454545	19
3.92272727273	19
3.925	19
3.92727272727	19
3.92954545455	19
3.93181818182	19
3.93409090909	19
3.93636363636	19
3.93863636364	19
3.94090909091	19
3.94318181818	19
3.94545454545	19
3.94772727273	19
3.95	19
3.95227272727	19
3.95454545455	19
3.95681818182	19
3.95909090909	19
3.96136363636	19
3.96363636364	19
3.96590909091	19
3.96818181818	19
3.97045454545	19
3.97272727273	19
3.975	19
3.97727272727	19
3.97954545455	19
3.98181818182	19
3.98409090909	19
3.98636363636	19
3.98863636364	19
3.99090909091	19
3.99318181818	19
3.99545454545	19
3.99772727273	19
4	19
4.00227272727	19
4.00454545455	19
4.00681818182	19
4.00909090909	19
4.01136363636	19
4.01363636364	19
4.01590909091	19
4.01818181818	19
4.02045454545	19
4.02272727273	19
4.025	19
4.02727272727	19
4.02954545455	19
4.03181818182	19
4.03409090909	19
4.03636363636	19
4.03863636364	19
4.04090909091	19
4.04318181818	19
4.04545454545	19
4.04772727273	19
4.05	19
4.05227272727	19
4.05454545455	19
4.05681818182	19
4.05909090909	19
4.06136363636	19
4.06363636364	19
4.06590909091	19
4.06818181818	19
4.07045454545	19
4.07272727273	19
4.075	19
4.07727272727	19
4.07954545455	19
4.08181818182	19
4.08409090909	19
4.08636363636	19
4.08863636364	19
4.09090909091	19
4.09318181818	19
4.09545454545	19
4.09772727273	19
4.1	19
4.10227272727	19
4.10454545455	19
4.10681818182	19
4.10909090909	19
4.11136363636	19
4.11363636364	19
4.11590909091	19
4.11818181818	19
4.12045454545	19
4.12272727273	20
4.125	20
4.12727272727	20
4.12954545455	20
4.13181818182	20
4.13409090909	20
4.13636363636	20
4.13863636364	20
4.14090909091	20
4.14318181818	20
4.14545454545	20
4.14772727273	20
4.15	20
4.15227272727	20
4.15454545455	20
4.15681818182	20
4.15909090909	20
4.16136363636	20
4.16363636364	20
4.16590909091	20
4.16818181818	20
4.17045454545	20
4.17272727273	20
4.175	20
4.17727272727	20
4.17954545455	20
4.18181818182	20
4.18409090909	20
4.18636363636	20
4.18863636364	20
4.19090909091	20
4.19318181818	20
4.19545454545	20
4.19772727273	20
4.2	20
4.20227272727	20
4.20454545455	20
4.20681818182	20
4.20909090909	20
4.21136363636	20
4.21363636364	20
4.21590909091	20
4.21818181818	20
4.22045454545	20
4.22272727273	20
4.225	20
4.22727272727	20
4.22954545455	20
4.23181818182	20
4.23409090909	20
4.23636363636	20
4.23863636364	20
4.24090909091	20
4.24318181818	20
4.24545454545	20
4.24772727273	20
4.25	20
4.25227272727	20
4.25454545455	20
4.25681818182	20
4.25909090909	20
4.26136363636	20
4.26363636364	20
4.26590909091	20
4.26818181818	20
4.27045454545	20
4.27272727273	20
4.275	20
4.27727272727	20
4.27954545455	20
4.28181818182	20
4.28409090909	20
4.28636363636	20
4.28863636364	20
4.29090909091	20
4.29318181818	20
4.29545454545	20
4.29772727273	20
4.3	20
4.30227272727	20
4.30454545455	20
4.30681818182	20
4.30909090909	20
4.31136363636	20
4.31363636364	20
4.31590909091	20
4.31818181818	20
4.32045454545	20
4.32272727273	20
4.325	20
4.32727272727	20
4.32954545455	20
4.33181818182	20
4.33409090909	20
4.33636363636	20
4.33863636364	20
4.34090909091	20
4.34318181818	20
4.34545454545	20
4.34772727273	20
4.35	21
4.35227272727	21
4.35454545455	21
4.35681818182	21
4.35909090909	21
4.36136363636	21
4.36363636364	21
4.36590909091	21
4.36818181818	21
4.37045454545	21
4.37272727273	21
4.375	21
4.37727272727	21
4.37954545455	21
4.38181818182	21
4.38409090909	21
4.38636363636	21
4.38863636364	21
4.39090909091	21
4.39318181818	21
4.39545454545	21
4.39772727273	21
4.4	21
4.40227272727	21
4.40454545455	21
4.40681818182	21
4.40909090909	21
4.41136363636	21
4.41363636364	21
4.41590909091	21
4.41818181818	21
4.42045454545	21
4.42272727273	21
4.425	21
4.42727272727	21
4.42954545455	21
4.43181818182	21
4.43409090909	21
4.43636363636	21
4.43863636364	21
4.44090909091	21
4.44318181818	21
4.44545454545	21
4.44772727273	21
4.45	21
4.45227272727	21
4.45454545455	21
4.45681818182	21
4.45909090909	21
4.46136363636	21
4.46363636364	21
4.46590909091	21
4.46818181818	21
4.47045454545	21
4.47272727273	21
4.475	21
4.47727272727	21
4.47954545455	21
4.48181818182	21
4.48409090909	21
4.48636363636	21
4.48863636364	21
4.49090909091	21
4.49318181818	21
4.49545454545	21
4.49772727273	21
4.5	21
4.50227272727	21
4.50454545455	21
4.50681818182	21
4.50909090909	21
4.51136363636	21
4.51363636364	21
4.51590909091	21
4.51818181818	21
4.52045454545	21
4.52272727273	21
4.525	21
4.52727272727	21
4.52954545455	21
4.53181818182	21
4.53409090909	21
4.53636363636	21
4.53863636364	21
4.54090909091	21
4.54318181818	21
4.54545454545	21
4.54772727273	21
4.55	21
4.55227272727	21
4.55454545455	21
4.55681818182	21
4.55909090909	21
4.56136363636	21
4.56363636364	21
4.56590909091	21
4.56818181818	21
4.57045454545	21
4.57272727273	21
4.575	21
4.57727272727	22
4.57954545455	22
4.58181818182	22
4.58409090909	22
4.58636363636	22
4.58863636364	22
4.59090909091	22
4.59318181818	22
4.59545454545	22
4.59772727273	22
4.6	22
4.60227272727	22
4.60454545455	22
4.60681818182	22
4.60909090909	22
4.61136363636	22
4.61363636364	22
4.61590909091	22
4.61818181818	22
4.62045454545	22
4.62272727273	22
4.625	22
4.62727272727	22
4.62954545455	22
4.63181818182	22
4.63409090909	22
4.63636363636	22
4.63863636364	22
4.64090909091	22
4.64318181818	22
4.64545454545	22
4.64772727273	22
4.65	22
4.65227272727	22
4.65454545455	22
4.65681818182	22
4.65909090909	22
4.66136363636	22
4.66363636364	22
4.66590909091	22
4.66818181818	22
4.67045454545	22
4.67272727273	22
4.675	22
4.67727272727	22
4.67954545455	22
4.68181818182	22
4.68409090909	22
4.68636363636	22
4.68863636364	22
4.69090909091	22
4.69318181818	22
4.69545454545	22
4.69772727273	22
4.7	22
4.70227272727	22
4.70454545455	22
4.70681818182	22
4.70909090909	22
4.71136363636	22
4.71363636364	22
4.71590909091	22
4.71818181818	22
4.72045454545	22
4.72272727273	22
4.725	22
4.72727272727	22
4.72954545455	22
4.73181818182	22
4.73409090909	22
4.73636363636	22
4.73863636364	22
4.74090909091	22
4.74318181818	22
4.74545454545	22
4.74772727273	22
4.75	22
4.75227272727	22
4.75454545455	22
4.75681818182	22
4.75909090909	22
4.76136363636	22
4.76363636364	22
4.76590909091	22
4.76818181818	22
4.77045454545	22
4.77272727273	22
4.775	22
4.77727272727	22
4.77954545455	22
4.78181818182	22
4.78409090909	22
4.78636363636	22
4.78863636364	22
4.79090909091	22
4.79318181818	22
4.79545454545	22
4.79772727273	22
4.8	22
4.80227272727	22
4.80454545455	22
4.80681818182	22
4.80909090909	22
4.81136363636	22
4.81363636364	23
4.81590909091	23
4.81818181818	23
4.82045454545	23
4.82272727273	23
4.825	23
4.82727272727	23
4.82954545455	23
4.83181818182	23
4.83409090909	23
4.83636363636	23
4.83863636364	23
4.84090909091	23
4.84318181818	23
4.84545454545	23
4.84772727273	23
4.85	23
4.85227272727	23
4.85454545455	23
4.85681818182	23
4.85909090909	23
4.86136363636	23
4.86363636364	23
4.86590909091	23
4.86818181818	23
4.87045454545	23
4.87272727273	23
4.875	23
4.87727272727	23
4.87954545455	23
4.88181818182	23
4.88409090909	23
4.88636363636	23
4.88863636364	23
4.89090909091	23
4.89318181818	23
4.89545454545	23
4.89772727273	23
4.9	23
4.90227272727	23
4.90454545455	23
4.90681818182	23
4.90909090909	23
4.91136363636	23
4.91363636364	23
4.91590909091	23
4.91818181818	23
4.92045454545	23
4.92272727273	23
4.925	23
4.92727272727	23
4.92954545455	23
4.93181818182	23
4.93409090909	23
4.93636363636	23
4.93863636364	23
4.94090909091	23
4.94318181818	23
4.94545454545	23
4.94772727273	23
4.95	23
4.95227272727	23
4.95454545455	23
4.95681818182	23
4.95909090909	23
4.96136363636	23
4.96363636364	23
4.96590909091	23
4.96818181818	23
4.97045454545	23
4.97272727273	23
4.975	23
4.97727272727	23
4.97954545455	23
4.98181818182	23
4.98409090909	23
4.98636363636	23
4.98863636364	23
4.99090909091	23
4.99318181818	23
4.99545454545	23
4.99772727273	23
5	23
5.00227272727	23
5.00454545455	23
5.00681818182	23
5.00909090909	23
5.01136363636	23
5.01363636364	23
5.01590909091	23
5.01818181818	23
5.02045454545	23
5.02272727273	23
5.025	23
5.02727272727	23
5.02954545455	23
5.03181818182	23
5.03409090909	23
5.03636363636	23
5.03863636364	23
5.04090909091	23
5.04318181818	23
5.04545454545	24
5.04772727273	24
5.05	24
5.05227272727	24
5.05454545455	24
5.05681818182	24
5.05909090909	24
5.06136363636	24
5.06363636364	24
5.06590909091	24
5.06818181818	24
5.07045454545	24
5.07272727273	24
5.075	24
5.07727272727	24
5.07954545455	24
5.08181818182	24
5.08409090909	24
5.08636363636	24
5.08863636364	24
5.09090909091	24
5.09318181818	24
5.09545454545	24
5.09772727273	24
5.1	24
5.10227272727	24
5.10454545455	24
5.10681818182	24
5.10909090909	24
5.11136363636	24
5.11363636364	24
5.11590909091	24
5.11818181818	24
5.12045454545	24
5.12272727273	24
5.125	24
5.12727272727	24
5.12954545455	24
5.13181818182	24
5.13409090909	24
5.13636363636	24
5.13863636364	24
5.14090909091	24
5.14318181818	24
5.14545454545	24
5.14772727273	24
5.15	24
5.15227272727	24
5.15454545455	24
5.15681818182	24
5.15909090909	24
5.16136363636	24
5.16363636364	24
5.16590909091	24
5.16818181818	24
5.17045454545	24
5.17272727273	24
5.175	24
5.17727272727	24
5.17954545455	24
5.18181818182	24
5.18409090909	24
5.18636363636	24
5.18863636364	24
5.19090909091	24
5.19318181818	24
5.19545454545	24
5.19772727273	24
5.2	24
5.20227272727	24
5.20454545455	24
5.20681818182	24
5.20909090909	24
5.21136363636	24
5.21363636364	24
5.21590909091	24
5.21818181818	24
5.22045454545	24
5.22272727273	24
5.225	24
5.22727272727	24
5.22954545455	24
5.23181818182	24
5.23409090909	24
5.23636363636	24
5.23863636364	24
5.24090909091	24
5.24318181818	24
5.24545454545	24
5.24772727273	24
5.25	24
5.25227272727	24
5.25454545455	24
5.25681818182	24
5.25909090909	24
5.26136363636	24
5.26363636364	24
5.26590909091	24
5.26818181818	24
5.27045454545	24
5.27272727273	24
5.275	25
5.27727272727	25
5.27954545455	25
5.28181818182	25
5.28409090909	25
5.28636363636	25
5.28863636364	25
5.29090909091	25
5.29318181818	25
5.29545454545	25
5.29772727273	25
5.3	25
5.30227272727	25
5.30454545455	25
5.30681818182	25
5.30909090909	25
5.31136363636	25
5.31363636364	25
5.31590909091	25
5.31818181818	25
5.32045454545	25
5.32272727273	25
5.325	25
5.32727272727	25
5.32954545455	25
5.33181818182	25
5.33409090909	25
5.33636363636	25
5.33863636364	25
5.34090909091	25
5.34318181818	25
5.34545454545	25
5.34772727273	25
5.35	25
5.35227272727	25
5.35454545455	25
5.35681818182	25
5.35909090909	25
5.36136363636	25
5.36363636364	25
5.36590909091	25
5.36818181818	25
5.37045454545	25
5.37272727273	25
5.375	25
5.37727272727	25
5.37954545455	25
5.38181818182	25
5.38409090909	25
5.38636363636	25
5.38863636364	25
5.39090909091	25
5.39318181818	25
5.39545454545	25
5.39772727273	25
5.4	25
5.40227272727	25
5.40454545455	25
5.40681818182	25
5.40909090909	25
5.41136363636	25
5.41363636364	25
5.41590909091	25
5.41818181818	25
5.42045454545	25
5.42272727273	25
5.425	25
5.42727272727	25
5.42954545455	25
5.43181818182	25
5.43409090909	25
5.43636363636	25
5.43863636364	25
5.44090909091	25
5.44318181818	25
5.44545454545	25
5.44772727273	25
5.45	25
5.45227272727	25
5.45454545455	25
5.45681818182	25
5.45909090909	25
5.46136363636	25
5.46363636364	25
5.46590909091	25
5.46818181818	25
5.47045454545	25
5.47272727273	25
5.475	25
5.47727272727	25
5.47954545455	25
5.48181818182	25
5.48409090909	25
5.48636363636	25
5.48863636364	25
5.49090909091	25
5.49318181818	25
5.49545454545	25
5.49772727273	25
5.5	25
5.50227272727	25
5.50454545455	26
5.50681818182	26
5.50909090909	26
5.51136363636	26
5.51363636364	26
5.51590909091	26
5.51818181818	26
5.52045454545	26
5.52272727273	26
5.525	26
5.52727272727	26
5.52954545455	26
5.53181818182	26
5.53409090909	26
5.53636363636	26
5.53863636364	26
5.54090909091	26
5.54318181818	26
5.54545454545	26
5.54772727273	26
5.55	26
5.55227272727	26
5.55454545455	26
5.55681818182	26
5.55909090909	26
5.56136363636	26
5.56363636364	26
5.56590909091	26
5.56818181818	26
5.57045454545	26
5.57272727273	26
5.575	26
5.57727272727	26
5.57954545455	26
5.58181818182	26
5.58409090909	26
5.58636363636	26
5.58863636364	26
5.59090909091	26
5.59318181818	26
5.59545454545	26
5.59772727273	26
5.6	26
5.60227272727	26
5.60454545455	26
5.60681818182	26
5.60909090909	26
5.61136363636	26
5.61363636364	26
5.61590909091	26
5.61818181818	26
5.62045454545	26
5.62272727273	26
5.625	26
5.62727272727	26
5.62954545455	26
5.63181818182	26
5.63409090909	26
5.63636363636	26
5.63863636364	26
5.64090909091	26
5.64318181818	26
5.64545454545	26
5.64772727273	26
5.65	26
5.65227272727	26
5.65454545455	26
5.65681818182	26
5.65909090909	26
5.66136363636	26
5.66363636364	26
5.66590909091	26
5.66818181818	26
5.67045454545	26
5.67272727273	26
5.675	26
5.67727272727	26
5.67954545455	26
5.68181818182	26
5.68409090909	26
5.68636363636	26
5.68863636364	26
5.69090909091	26
5.69318181818	26
5.69545454545	26
5.69772727273	26
5.7	26
5.70227272727	26
5.70454545455	26
5.70681818182	26
5.70909090909	26
5.71136363636	26
5.71363636364	26
5.71590909091	26
5.71818181818	26
5.72045454545	26
5.72272727273	26
5.725	26
5.72727272727	26
5.72954545455	26
5.73181818182	26
5.73409090909	26
5.73636363636	26
5.73863636364	27
5.74090909091	27
5.74318181818	27
5.74545454545	27
5.74772727273	27
5.75	27
5.75227272727	27
5.75454545455	27
5.75681818182	27
5.75909090909	27
5.76136363636	27
5.76363636364	27
5.76590909091	27
5.76818181818	27
5.77045454545	27
5.77272727273	27
5.775	27
5.77727272727	27
5.77954545455	27
5.78181818182	27
5.78409090909	27
5.78636363636	27
5.78863636364	27
5.79090909091	27
5.79318181818	27
5.79545454545	27
5.79772727273	27
5.8	27
5.80227272727	27
5.80454545455	27
5.80681818182	27
5.80909090909	27
5.81136363636	27
5.81363636364	27
5.81590909091	27
5.81818181818	27
5.82045454545	27
5.82272727273	27
5.825	27
5.82727272727	27
5.82954545455	27
5.83181818182	27
5.83409090909	27
5.83636363636	27
5.83863636364	27
5.84090909091	27
5.84318181818	27
5.84545454545	27
5.84772727273	27
5.85	27
5.85227272727	27
5.85454545455	27
5.85681818182	27
5.85909090909	27
5.86136363636	27
5.86363636364	27
5.86590909091	27
5.86818181818	27
5.87045454545	27
5.87272727273	27
5.875	27
5.87727272727	27
5.87954545455	27
5.88181818182	27
5.88409090909	27
5.88636363636	27
5.88863636364	27
5.89090909091	27
5.89318181818	27
5.89545454545	27
5.89772727273	27
5.9	27
5.90238095238	27
5.90476190476	27
5.90714285714	27
5.90952380952	27
5.9119047619	27
5.91428571429	27
5.91666666667	27
5.91904761905	27
5.92142857143	27
5.92380952381	27
5.92619047619	27
5.92857142857	27
5.93095238095	27
5.93333333333	27
5.93571428571	27
5.9380952381	27
5.94047619048	27
5.94285714286	27
5.94523809524	27
5.94761904762	27
5.95	27
5.95238095238	27
5.95476190476	27
5.95714285714	27
5.95952380952	27
5.9619047619	27
5.96428571429	27
5.96666666667	27
5.96904761905	27
5.97142857143	27
5.97380952381	28
5.97619047619	28
5.97857142857	28
5.98095238095	28
5.98333333333	28
5.98571428571	28
5.9880952381	28
5.99047619048	28
5.99285714286	28
5.99523809524	28
5.99761904762	28
6	28
6.00238095238	28
6.00476190476	28
6.0065018315	28
6.00831425519	28
6.01029929066	28
6.01250488562	28
6.01484833027	28
6.01719177492	28
6.01953521957	28
6.02187866421	28
6.02422210886	28
6.02656555351	28
6.02890899816	28
6.03125244281	28
6.03359588746	28
6.03593933211	28
6.03828277676	28
6.0406262214	28
6.04296966605	28
6.0453131107	28
6.04765655535	28
6.05	28
6.05238095238	28
6.05476190476	28
6.05714285714	28
6.05952380952	28
6.0619047619	28
6.06428571429	28
6.06666666667	28
6.06904761905	28
6.07142857143	28
6.07380952381	28
6.07619047619	28
6.07857142857	28
6.08095238095	28
6.08333333333	28
6.08571428571	28
6.0880952381	28
6.09047619048	28
6.09285714286	28
6.09523809524	28
6.09761904762	28
6.1	28
6.10238095238	28
6.10476190476	28
6.10714285714	28
6.10952380952	28
6.1119047619	28
6.11428571429	28
6.11666666667	28
6.11904761905	28
6.12142857143	28
6.12380952381	28
6.12619047619	28
6.12857142857	28
6.13095238095	28
6.13333333333	28
6.13571428571	28
6.1380952381	28
6.14047619048	28
6.14285714286	28
6.14523809524	28
6.14761904762	28
6.15	28
6.15238095238	28
6.15476190476	28
6.15714285714	28
6.15952380952	28
6.1619047619	28
6.16428571429	28
6.16666666667	28
6.16904761905	28
6.17142857143	28
6.17380952381	28
6.17619047619	28
6.17857142857	28
6.18095238095	28
6.18333333333	28
6.18571428571	28
6.1880952381	28
6.19047619048	28
6.19285714286	28
6.19523809524	28
6.19761904762	28
6.2	28
6.20238095238	28
6.20476190476	29
6.20714285714	29
6.20952380952	29
6.2119047619	29
6.21428571429	29
6.21666666667	29
6.21904761905	29
6.22142857143	29
6.22380952381	29
6.22619047619	29
6.22857142857	29
6.23095238095	29
6.23333333333	29
6.23571428571	29
6.2380952381	29
6.24047619048	29
6.24285714286	29
6.24523809524	29
6.24761904762	29
6.25	29
6.25238095238	29
6.25476190476	29
6.25714285714	29
6.25952380952	29
6.2619047619	29
6.26428571429	29
6.26666666667	29
6.26904761905	29
6.27142857143	29
6.27380952381	29
6.27619047619	29
6.27857142857	29
6.28095238095	29
6.28333333333	29
6.28571428571	29
6.2880952381	29
6.29047619048	29
6.29285714286	29
6.29523809524	29
6.29761904762	29
6.3	29
6.30238095238	29
6.30476190476	29
6.30714285714	29
6.30952380952	29
6.3119047619	29
6.31428571429	29
6.31666666667	29
6.31904761905	29
6.32142857143	29
6.32380952381	29
6.32619047619	29
6.32857142857	29
6.33095238095	29
6.33333333333	29
6.33571428571	29
6.3380952381	29
6.34047619048	29
6.34285714286	29
6.34523809524	29
6.34761904762	29
6.35	29
6.35238095238	29
6.35476190476	29
6.35714285714	29
6.35952380952	29
6.3619047619	29
6.36428571429	29
6.36666666667	29
6.36904761905	29
6.37142857143	29
6.37380952381	29
6.37619047619	29
6.37857142857	29
6.38095238095	29
6.38333333333	29
6.38571428571	29
6.3880952381	29
6.39047619048	29
6.39285714286	29
6.39523809524	29
6.39761904762	29
6.4	29
6.40238095238	29
6.40476190476	29
6.40714285714	29
6.40952380952	29
6.4119047619	29
6.41428571429	29
6.41666666667	29
6.41904761905	29
6.42142857143	29
6.42380952381	29
6.42619047619	29
6.42857142857	29
6.43095238095	29
6.43333333333	29
6.43571428571	29
6.4380952381	30
6.44047619048	30
6.44285714286	30
6.44523809524	30
6.44761904762	30
6.45	30
6.45238095238	30
6.45476190476	30
6.45714285714	30
6.45952380952	30
6.4619047619	30
6.46428571429	30
6.46666666667	30
6.46904761905	30
6.47142857143	30
6.47380952381	30
6.47619047619	30
6.47857142857	30
6.48095238095	30
6.48333333333	30
6.48571428571	30
6.4880952381	30
6.49047619048	30
6.49285714286	30
6.49523809524	30
6.49761904762	30
6.5	30
6.50238095238	30
6.50476190476	30
6.50714285714	30
6.50952380952	30
6.5119047619	30
6.51428571429	30
6.51666666667	30
6.51904761905	30
6.52142857143	30
6.52380952381	30
6.52619047619	30
6.52857142857	30
6.53095238095	30
6.53333333333	30
6.53571428571	30
6.5380952381	30
6.54047619048	30
6.54285714286	30
6.54523809524	30
6.54761904762	30
6.55	30
6.55238095238	30
6.55476190476	30
6.55714285714	30
6.55952380952	30
6.5619047619	30
6.56428571429	30
6.56666666667	30
6.56904761905	30
6.57142857143	30
6.57380952381	30
6.57619047619	30
6.57857142857	30
6.58095238095	30
6.58333333333	30
6.58571428571	30
6.5880952381	30
6.59047619048	30
6.59285714286	30
6.59523809524	30
6.59761904762	30
6.6	30
6.60238095238	30
6.60476190476	30
6.60714285714	30
6.60952380952	30
6.6119047619	30
6.61428571429	30
6.61666666667	30
6.61904761905	30
6.62142857143	30
6.62380952381	30
6.62619047619	30
6.62857142857	30
6.63095238095	30
6.63333333333	30
6.63571428571	30
6.6380952381	30
6.64047619048	30
6.64285714286	30
6.64523809524	30
6.64761904762	30
6.65	30
6.65238095238	30
6.65476190476	30
6.65714285714	30
6.65952380952	30
6.6619047619	30
6.66428571429	30
6.66666666667	30
6.66904761905	30
6.67142857143	30
6.67380952381	30
6.67619047619	30
6.67857142857	31
6.68095238095	31
6.68333333333	31
6.68571428571	31
6.6880952381	31
6.69047619048	31
6.69285714286	31
6.69523809524	31
6.69761904762	31
6.7	31
6.70238095238	31
6.70476190476	31
6.70714285714	31
6.70952380952	31
6.7119047619	31
6.71428571429	31
6.71666666667	31
6.71904761905	31
6.72142857143	31
6.72380952381	31
6.72619047619	31
6.72857142857	31
6.73095238095	31
6.73333333333	31
6.73571428571	31
6.7380952381	31
6.74047619048	31
6.74285714286	31
6.74523809524	31
6.74761904762	31
6.75	31
6.75238095238	31
6.75476190476	31
6.75714285714	31
6.75952380952	31
6.7619047619	31
6.76428571429	31
6.76666666667	31
6.76904761905	31
6.77142857143	31
6.77380952381	31
6.77619047619	31
6.77857142857	31
6.78095238095	31
6.78333333333	31
6.78571428571	31
6.7880952381	31
6.79047619048	31
6.79285714286	31
6.79523809524	31
6.79761904762	31
6.8	31
6.80238095238	31
6.80476190476	31
6.80714285714	31
6.80952380952	31
6.8119047619	31
6.81428571429	31
6.81666666667	31
6.81904761905	31
6.82142857143	31
6.82380952381	31
6.82619047619	31
6.82857142857	31
6.83095238095	31
6.83333333333	31
6.83571428571	31
6.8380952381	31
6.84047619048	31
6.84285714286	31
6.84523809524	31
6.84761904762	31
6.85	31
6.85238095238	31
6.85476190476	31
6.85714285714	31
6.85952380952	31
6.8619047619	31
6.86428571429	31
6.86666666667	31
6.86904761905	31
6.87142857143	31
6.87380952381	31
6.87619047619	31
6.87857142857	31
6.88095238095	31
6.88333333333	31
6.88571428571	31
6.8880952381	31
6.89047619048	31
6.89285714286	31
6.89523809524	31
6.89761904762	31
6.9	31
6.90238095238	31
6.90476190476	31
6.90714285714	31
6.90952380952	31
6.9119047619	31
6.91428571429	31
6.91666666667	31
6.91904761905	31
6.92142857143	32
6.92380952381	32
6.92619047619	32
6.92857142857	32
6.93095238095	32
6.93333333333	32
6.93571428571	32
6.9380952381	32
6.94047619048	32
6.94285714286	32
6.94523809524	32
6.94761904762	32
6.95	32
6.95238095238	32
6.95476190476	32
6.95714285714	32
6.95952380952	32
6.9619047619	32
6.96428571429	32
6.96666666667	32
6.96904761905	32
6.97142857143	32
6.97380952381	32
6.97619047619	32
6.97857142857	32
6.98095238095	32
6.98333333333	32
6.98571428571	32
6.9880952381	32
6.99047619048	32
6.99285714286	32
6.99523809524	32
6.99761904762	32
7	32
7.00238095238	32
7.00476190476	32
7.00714285714	32
7.00952380952	32
7.0119047619	32
7.01428571429	32
7.01666666667	32
7.01904761905	32
7.02142857143	32
7.02380952381	32
7.02619047619	32
7.02857142857	32
7.03095238095	32
7.03333333333	32
7.03571428571	32
7.0380952381	32
7.04047619048	32
7.04285714286	32
7.04523809524	32
7.04761904762	32
7.05	32
7.05238095238	32
7.05476190476	32
7.05714285714	32
7.05952380952	32
7.0619047619	32
7.06428571429	32
7.06666666667	32
7.06904761905	32
7.07142857143	32
7.07380952381	32
7.07619047619	32
7.07857142857	32
7.08095238095	32
7.08333333333	32
7.08571428571	32
7.0880952381	32
7.09047619048	32
7.09285714286	32
7.09523809524	32
7.09761904762	32
7.1	32
7.10238095238	32
7.10476190476	32
7.10714285714	32
7.10952380952	32
7.1119047619	32
7.11428571429	32
7.11666666667	32
7.11904761905	32
7.12142857143	32
7.12380952381	32
7.12619047619	32
7.12857142857	32
7.13095238095	32
7.13333333333	32
7.13571428571	32
7.1380952381	32
7.14047619048	32
7.14285714286	32
7.14523809524	32
7.14761904762	32
7.15	32
7.15238095238	32
7.15476190476	32
7.15714285714	32
7.15952380952	32
7.1619047619	32
7.16428571429	33
7.16666666667	33
7.16904761905	33
7.17142857143	33
7.17380952381	33
7.17619047619	33
7.17857142857	33
7.18095238095	33
7.18333333333	33
7.18571428571	33
7.1880952381	33
7.19047619048	33
7.19285714286	33
7.19523809524	33
7.19761904762	33
7.2	33
7.20238095238	33
7.20476190476	33
7.20714285714	33
7.20952380952	33
7.2119047619	33
7.21428571429	33
7.21666666667	33
7.21904761905	33
7.22142857143	33
7.22380952381	33
7.22619047619	33
7.22857142857	33
7.23095238095	33
7.23333333333	33
7.23571428571	33
7.2380952381	33
7.24047619048	33
7.24285714286	33
7.24523809524	33
7.24761904762	33
7.25	33
7.25238095238	33
7.25476190476	33
7.25714285714	33
7.25952380952	33
7.2619047619	33
7.26428571429	33
7.26666666667	33
7.26904761905	33
7.27142857143	33
7.27380952381	33
7.27619047619	33
7.27857142857	33
7.28095238095	33
7.28333333333	33
7.28571428571	33
7.2880952381	33
7.29047619048	33
7.29285714286	33
7.29523809524	33
7.29761904762	33
7.3	33
7.30238095238	33
7.30476190476	33
7.30714285714	33
7.30952380952	33
7.3119047619	33
7.31428571429	33
7.31666666667	33
7.31904761905	33
7.32142857143	33
7.32380952381	33
7.32619047619	33
7.32857142857	33
7.33095238095	33
7.33333333333	33
7.33571428571	33
7.3380952381	33
7.34047619048	33
7.34285714286	33
7.34523809524	33
7.34761904762	33
7.35	33
7.35238095238	33
7.35476190476	33
7.35714285714	33
7.35952380952	33
7.3619047619	33
7.36428571429	33
7.36666666667	33
7.36904761905	33
7.37142857143	33
7.37380952381	33
7.37619047619	33
7.37857142857	33
7.38095238095	33
7.38333333333	33
7.38571428571	33
7.3880952381	33
7.39047619048	33
7.39285714286	33
7.39523809524	33
7.39761904762	33
7.4	33
7.40238095238	33
7.40476190476	33
7.40714285714	34
7.40952380952	34
7.4119047619	34
7.41428571429	34
7.41666666667	34
7.41904761905	34
7.42142857143	34
7.42380952381	34
7.42619047619	34
7.42857142857	34
7.43095238095	34
7.43333333333	34
7.43571428571	34
7.4380952381	34
7.44047619048	34
7.44285714286	34
7.44523809524	34
7.44761904762	34
7.45	34
7.45238095238	34
7.45476190476	34
7.45714285714	34
7.45952380952	34
7.4619047619	34
7.46428571429	34
7.46666666667	34
7.46904761905	34
7.47142857143	34
7.47380952381	34
7.47619047619	34
7.47857142857	34
7.48095238095	34
7.48333333333	34
7.48571428571	34
7.4880952381	34
7.49047619048	34
7.49285714286	34
7.49523809524	34
7.49761904762	34
7.5	34
7.50238095238	34
7.50476190476	34
7.50714285714	34
7.50952380952	34
7.5119047619	34
7.51428571429	34
7.51666666667	34
7.51904761905	34
7.52142857143	34
7.52380952381	34
7.52619047619	34
7.52857142857	34
7.53095238095	34
7.53333333333	34
7.53571428571	34
7.5380952381	34
7.54047619048	34
7.54285714286	34
7.54523809524	34
7.54761904762	34
7.55	34
7.55238095238	34
7.55476190476	34
7.55714285714	34
7.55952380952	34
7.5619047619	34
7.56428571429	34
7.56666666667	34
7.56904761905	34
7.57142857143	34
7.57380952381	34
7.57619047619	34
7.57857142857	34
7.58095238095	34
7.58333333333	34
7.58571428571	34
7.5880952381	34
7.59047619048	34
7.59285714286	34
7.59523809524	34
7.59761904762	34
7.6	34
7.60227272727	34
7.60454545455	34
7.60681818182	34
7.60909090909	34
7.61136363636	34
7.61363636364	34
7.61590909091	34
7.61818181818	34
7.62045454545	34
7.62272727273	34
7.625	34
7.62727272727	34
7.62954545455	34
7.63181818182	34
7.63409090909	34
7.63636363636	35
7.63863636364	35
7.64090909091	35
7.64318181818	35
7.64545454545	35
7.64772727273	35
7.65	35
7.65227272727	35
7.65454545455	35
7.65681818182	35
7.65909090909	35
7.66136363636	35
7.66363636364	35
7.66590909091	35
7.66818181818	35
7.67045454545	35
7.67272727273	35
7.675	35
7.67727272727	35
7.67954545455	35
7.68181818182	35
7.68409090909	35
7.68636363636	35
7.68863636364	35
7.69090909091	35
7.69318181818	35
7.69545454545	35
7.69772727273	35
7.7	35
7.70227272727	35
7.70454545455	35
7.70681818182	35
7.70909090909	35
7.71136363636	35
7.71363636364	35
7.71590909091	35
7.71818181818	35
7.72045454545	35
7.72272727273	35
7.725	35
7.72727272727	35
7.72954545455	35
7.73181818182	35
7.73409090909	35
7.73636363636	35
7.73863636364	35
7.74090909091	35
7.74318181818	35
7.74545454545	35
7.74772727273	35
7.75	35
7.75227272727	35
7.75454545455	35
7.75681818182	35
7.75909090909	35
7.76136363636	35
7.76363636364	35
7.76590909091	35
7.76818181818	35
7.77045454545	35
7.77272727273	35
7.775	35
7.77727272727	35
7.77954545455	35
7.78181818182	35
7.78409090909	35
7.78636363636	35
7.78863636364	35
7.79090909091	35
7.79318181818	35
7.79545454545	35
7.79772727273	35
7.8	35
7.80227272727	35
7.80454545455	35
7.80681818182	35
7.80909090909	35
7.81136363636	35
7.81363636364	35
7.81590909091	35
7.81818181818	35
7.82045454545	35
7.82272727273	35
7.825	35
7.82727272727	35
7.82954545455	35
7.83181818182	35
7.83409090909	35
7.83636363636	35
7.83863636364	35
7.84090909091	35
7.84318181818	35
7.84545454545	35
7.84772727273	35
7.85	35
7.85227272727	35
7.85454545455	35
7.85681818182	35
7.85909090909	35
7.86136363636	35
7.86363636364	36
7.86590909091	36
7.86818181818	36
7.87045454545	36
7.87272727273	36
7.875	36
7.87727272727	36
7.87954545455	36
7.88181818182	36
7.88409090909	36
7.88636363636	36
7.88863636364	36
7.89090909091	36
7.89318181818	36
7.89545454545	36
7.89772727273	36
7.9	36
7.90227272727	36
7.90454545455	36
7.90681818182	36
7.90909090909	36
7.91136363636	36
7.91363636364	36
7.91590909091	36
7.91818181818	36
7.92045454545	36
7.92272727273	36
7.925	36
7.92727272727	36
7.92954545455	36
7.93181818182	36
7.93409090909	36
7.93636363636	36
7.93863636364	36
7.94090909091	36
7.94318181818	36
7.94545454545	36
7.94772727273	36
7.95	36
7.95227272727	36
7.95454545455	36
7.95681818182	36
7.95909090909	36
7.96136363636	36
7.96363636364	36
7.96590909091	36
7.96818181818	36
7.97045454545	36
7.97272727273	36
7.975	36
7.97727272727	36
7.97954545455	36
7.98181818182	36
7.98409090909	36
7.98636363636	36
7.98863636364	36
7.99090909091	36
7.99318181818	36
7.99545454545	36
7.99772727273	36
8	36
8.00227272727	36
8.00454545455	36
8.00681818182	36
8.00909090909	36
8.01136363636	36
8.01363636364	36
8.01590909091	36
8.01818181818	36
8.02045454545	36
8.02272727273	36
8.025	36
8.02727272727	36
8.02954545455	36
8.03181818182	36
8.03409090909	36
8.03636363636	36
8.03863636364	36
8.04090909091	36
8.04318181818	36
8.04545454545	36
8.04772727273	36
8.05	36
8.05227272727	36
8.05454545455	36
8.05681818182	36
8.05909090909	36
8.06136363636	36
8.06363636364	36
8.06590909091	36
8.06818181818	36
8.07045454545	36
8.07272727273	36
8.075	36
8.07727272727	36
8.07954545455	36
8.08181818182	36
8.08409090909	36
8.08636363636	36
8.08863636364	37
8.09090909091	37
8.09318181818	37
8.09545454545	37
8.09772727273	37
8.1	37
8.10227272727	37
8.10454545455	37
8.10681818182	37
8.10909090909	37
8.11136363636	37
8.11363636364	37
8.11590909091	37
8.11818181818	37
8.12045454545	37
8.12272727273	37
8.125	37
8.12727272727	37
8.12954545455	37
8.13181818182	37
8.13409090909	37
8.13636363636	37
8.13863636364	37
8.14090909091	37
8.14318181818	37
8.14545454545	37
8.14772727273	37
8.15	37
8.15227272727	37
8.15454545455	37
8.15681818182	37
8.15909090909	37
8.16136363636	37
8.16363636364	37
8.16590909091	37
8.16818181818	37
8.17045454545	37
8.17272727273	37
8.175	37
8.17727272727	37
8.17954545455	37
8.18181818182	37
8.18409090909	37
8.18636363636	37
8.18863636364	37
8.19090909091	37
8.19318181818	37
8.19545454545	37
8.19772727273	37
8.2	37
8.20227272727	37
8.20454545455	37
8.20681818182	37
8.20909090909	37
8.21136363636	37
8.21363636364	37
8.21590909091	37
8.21818181818	37
8.22045454545	37
8.22272727273	37
8.225	37
8.22727272727	37
8.22954545455	37
8.23181818182	37
8.23409090909	37
8.23636363636	37
8.23863636364	37
8.24090909091	37
8.24318181818	37
8.24545454545	37
8.24772727273	37
8.25	37
8.25227272727	37
8.25454545455	37
8.25681818182	37
8.25909090909	37
8.26136363636	37
8.26363636364	37
8.26590909091	37
8.26818181818	37
8.27045454545	37
8.27272727273	37
8.275	37
8.27727272727	37
8.27954545455	37
8.28181818182	37
8.28409090909	37
8.28636363636	37
8.28863636364	37
8.29090909091	37
8.29318181818	37
8.29545454545	37
8.29772727273	37
8.3	37
8.30227272727	37
8.30454545455	37
8.30681818182	37
8.30909090909	37
8.31136363636	38
8.31363636364	38
8.31590909091	38
8.31818181818	38
8.32045454545	38
8.32272727273	38
8.325	38
8.32727272727	38
8.32954545455	38
8.33181818182	38
8.33409090909	38
8.33636363636	38
8.33863636364	38
8.34090909091	38
8.34318181818	38
8.34545454545	38
8.34772727273	38
8.35	38
8.35227272727	38
8.35454545455	38
8.35681818182	38
8.35909090909	38
8.36136363636	38
8.36363636364	38
8.36590909091	38
8.36818181818	38
8.37045454545	38
8.37272727273	38
8.375	38
8.37727272727	38
8.37954545455	38
8.38181818182	38
8.38409090909	38
8.38636363636	38
8.38863636364	38
8.39090909091	38
8.39318181818	38
8.39545454545	38
8.39772727273	38
8.4	38
8.40227272727	38
8.40454545455	38
8.40681818182	38
8.40909090909	38
8.41136363636	38
8.41363636364	38
8.41590909091	38
8.41818181818	38
8.42045454545	38
8.42272727273	38
8.425	38
8.42727272727	38
8.42954545455	38
8.43181818182	38
8.43409090909	38
8.43636363636	38
8.43863636364	38
8.44090909091	38
8.44318181818	38
8.44545454545	38
8.44772727273	38
8.45	38
8.45227272727	38
8.45454545455	38
8.45681818182	38
8.45909090909	38
8.46136363636	38
8.46363636364	38
8.46590909091	38
8.46818181818	38
8.47045454545	38
8.47272727273	38
8.475	38
8.47727272727	38
8.47954545455	38
8.48181818182	38
8.48409090909	38
8.48636363636	38
8.48863636364	38
8.49090909091	38
8.49318181818	38
8.49545454545	38
8.49772727273	38
8.5	38
8.50227272727	38
8.50454545455	38
8.50681818182	38
8.50909090909	38
8.51136363636	38
8.51363636364	38
8.51590909091	38
8.51818181818	38
8.52045454545	38
8.52272727273	38
8.525	39
8.52727272727	39
8.52954545455	39
8.53181818182	39
8.53409090909	39
8.53636363636	39
8.53863636364	39
8.54090909091	39
8.54318181818	39
8.54545454545	39
8.54772727273	39
8.55	39
8.55227272727	39
8.55454545455	39
8.55681818182	39
8.55909090909	39
8.56136363636	39
8.56363636364	39
8.56590909091	39
8.56818181818	39
8.57045454545	39
8.57272727273	39
8.575	39
8.57727272727	39
8.57954545455	39
8.58181818182	39
8.58409090909	39
8.58636363636	39
8.58863636364	39
8.59090909091	39
8.59318181818	39
8.59545454545	39
8.59772727273	39
8.6	39
8.60227272727	39
8.60454545455	39
8.60681818182	39
8.60909090909	39
8.61136363636	39
8.61363636364	39
8.61590909091	39
8.61818181818	39
8.62045454545	39
8.62272727273	39
8.625	39
8.62727272727	39
8.62954545455	39
8.63181818182	39
8.63409090909	39
8.63636363636	39
8.63863636364	39
8.64090909091	39
8.64318181818	39
8.64545454545	39
8.64772727273	39
8.65	39
8.65227272727	39
8.65454545455	39
8.65681818182	39
8.65909090909	39
8.66136363636	39
8.66363636364	39
8.66590909091	39
8.66818181818	39
8.67045454545	39
8.67272727273	39
8.675	39
8.67727272727	39
8.67954545455	39
8.68181818182	39
8.68409090909	39
8.68636363636	39
8.68863636364	39
8.69090909091	39
8.69318181818	39
8.69545454545	39
8.69772727273	39
8.7	39
8.70227272727	39
8.70454545455	39
8.70681818182	39
8.70909090909	39
8.71136363636	39
8.71363636364	39
8.71590909091	39
8.71818181818	39
8.72045454545	39
8.72272727273	39
8.725	39
8.72727272727	39
8.72954545455	39
8.73181818182	40
8.73409090909	40
8.73636363636	40
8.73863636364	40
8.74090909091	40
8.74318181818	40
8.74545454545	40
8.74772727273	40
8.75	40
8.75227272727	40
8.75454545455	40
8.75681818182	40
8.75909090909	40
8.76136363636	40
8.76363636364	40
8.76590909091	40
8.76818181818	40
8.77045454545	40
8.77272727273	40
8.775	40
8.77727272727	40
8.77954545455	40
8.78181818182	40
8.78409090909	40
8.78636363636	40
8.78863636364	40
8.79090909091	40
8.79318181818	40
8.79545454545	40
8.79772727273	40
8.8	40
8.80227272727	40
8.80454545455	40
8.80681818182	40
8.80909090909	40
8.81136363636	40
8.81363636364	40
8.81590909091	40
8.81818181818	40
8.82045454545	40
8.82272727273	40
8.825	40
8.82727272727	40
8.82954545455	40
8.83181818182	40
8.83409090909	40
8.83636363636	40
8.83863636364	40
8.84090909091	40
8.84318181818	40
8.84545454545	40
8.84772727273	40
8.85	40
8.85227272727	40
8.85454545455	40
8.85681818182	40
8.85909090909	40
8.86136363636	40
8.86363636364	40
8.86590909091	40
8.86818181818	40
8.87045454545	40
8.87272727273	40
8.875	40
8.87727272727	40
8.87954545455	40
8.88181818182	40
8.88409090909	40
8.88636363636	40
8.88863636364	40
8.89090909091	40
8.89318181818	40
8.89545454545	40
8.89772727273	40
8.9	40
8.90227272727	40
8.90454545455	40
8.90681818182	40
8.90909090909	40
8.91136363636	40
8.91363636364	40
8.91590909091	40
8.91818181818	40
8.92045454545	40
8.92272727273	40
8.925	40
8.92727272727	40
8.92954545455	40
8.93181818182	41
8.93409090909	41
8.93636363636	41
8.93863636364	41
8.94090909091	41
8.94318181818	41
8.94545454545	41
8.94772727273	41
8.95	41
8.95227272727	41
8.95454545455	41
8.95681818182	41
8.95909090909	41
8.96136363636	41
8.96363636364	41
8.96590909091	41
8.96818181818	41
8.97045454545	41
8.97272727273	41
8.975	41
8.97727272727	41
8.97954545455	41
8.98181818182	41
8.98409090909	41
8.98636363636	41
8.98863636364	41
8.99090909091	41
8.99318181818	41
8.99545454545	41
8.99772727273	41
9	41
9.00227272727	41
9.00454545455	41
9.00681818182	41
9.00909090909	41
9.01136363636	41
9.01363636364	41
9.01590909091	41
9.01818181818	41
9.02045454545	41
9.02272727273	41
9.025	41
9.02727272727	41
9.02954545455	41
9.03181818182	41
9.03409090909	41
9.03636363636	41
9.03863636364	41
9.04090909091	41
9.04318181818	41
9.04545454545	41
9.04772727273	41
9.05	41
9.05227272727	41
9.05454545455	41
9.05681818182	41
9.05909090909	41
9.06136363636	41
9.06363636364	41
9.06590909091	41
9.06818181818	41
9.07045454545	41
9.07272727273	41
9.075	41
9.07727272727	41
9.07954545455	41
9.08181818182	41
9.08409090909	41
9.08636363636	41
9.08863636364	41
9.09090909091	41
9.09318181818	41
9.09545454545	41
9.09772727273	41
9.1	41
9.10227272727	41
9.10454545455	41
9.10681818182	41
9.10909090909	41
9.11136363636	41
9.11363636364	41
9.11590909091	41
9.11818181818	41
9.12045454545	41
9.12272727273	41
9.125	41
9.12727272727	41
9.12954545455	42
9.13181818182	42
9.13409090909	42
9.13636363636	42
9.13863636364	42
9.14090909091	42
9.14318181818	42
9.14545454545	42
9.14772727273	42
9.15	42
9.15227272727	42
9.15454545455	42
9.15681818182	42
9.15909090909	42
9.16136363636	42
9.16363636364	42
9.16590909091	42
9.16818181818	42
9.17045454545	42
9.17272727273	42
9.175	42
9.17727272727	42
9.17954545455	42
9.18181818182	42
9.18409090909	42
9.18636363636	42
9.18863636364	42
9.19090909091	42
9.19318181818	42
9.19545454545	42
9.19772727273	42
9.2	42
9.20227272727	42
9.20454545455	42
9.20681818182	42
9.20909090909	42
9.21136363636	42
9.21363636364	42
9.21590909091	42
9.21818181818	42
9.22045454545	42
9.22272727273	42
9.225	42
9.22727272727	42
9.22954545455	42
9.23181818182	42
9.23409090909	42
9.23636363636	42
9.23863636364	42
9.24090909091	42
9.24318181818	42
9.24545454545	42
9.24772727273	42
9.25	42
9.25227272727	42
9.25454545455	42
9.25681818182	42
9.25909090909	42
9.26136363636	42
9.26363636364	42
9.26590909091	42
9.26818181818	42
9.27045454545	42
9.27272727273	42
9.275	42
9.27727272727	42
9.27954545455	42
9.28181818182	42
9.28409090909	42
9.28636363636	42
9.28863636364	42
9.29090909091	42
9.29318181818	42
9.29545454545	42
9.29772727273	42
9.3	42
9.30227272727	42
9.30454545455	42
9.30681818182	42
9.30909090909	42
9.31136363636	42
9.31363636364	42
9.31590909091	42
9.31818181818	42
9.32045454545	42
9.32272727273	42
9.325	42
9.32727272727	42
9.32954545455	43
9.33181818182	43
9.33409090909	43
9.33636363636	43
9.33863636364	43
9.34090909091	43
9.34318181818	43
9.34545454545	43
9.34772727273	43
9.35	43
9.35227272727	43
9.35454545455	43
9.35681818182	43
9.35909090909	43
9.36136363636	43
9.36363636364	43
9.36590909091	43
9.36818181818	43
9.37045454545	43
9.37272727273	43
9.375	43
9.37727272727	43
9.37954545455	43
9.38181818182	43
9.38409090909	43
9.38636363636	43
9.38863636364	43
9.39090909091	43
9.39318181818	43
9.39545454545	43
9.39772727273	43
9.4	43
9.40227272727	43
9.40454545455	43
9.40681818182	43
9.40909090909	43
9.41136363636	43
9.41363636364	43
9.41590909091	43
9.41818181818	43
9.42045454545	43
9.42272727273	43
9.425	43
9.42727272727	43
9.42954545455	43
9.43181818182	43
9.43409090909	43
9.43636363636	43
9.43863636364	43
9.44090909091	43
9.44318181818	43
9.44545454545	43
9.44772727273	43
9.45	43
9.45227272727	43
9.45454545455	43
9.45681818182	43
9.45909090909	43
9.46136363636	43
9.46363636364	43
9.46590909091	43
9.46818181818	43
9.47045454545	43
9.47272727273	43
9.475	43
9.47727272727	43
9.47954545455	43
9.48181818182	43
9.48409090909	43
9.48636363636	43
9.48863636364	43
9.49090909091	43
9.49318181818	43
9.49545454545	43
9.49772727273	43
9.5	43
9.50227272727	43
9.50454545455	43
9.50681818182	43
9.50909090909	43
9.51136363636	43
9.51363636364	43
9.51590909091	43
9.51818181818	43
9.52045454545	43
9.52272727273	43
9.525	43
9.52727272727	43
9.52954545455	44
9.53181818182	44
9.53409090909	44
9.53636363636	44
9.53863636364	44
9.54090909091	44
9.54318181818	44
9.54545454545	44
9.54772727273	44
9.55	44
9.55227272727	44
9.55454545455	44
9.55681818182	44
9.55909090909	44
9.56136363636	44
9.56363636364	44
9.56590909091	44
9.56818181818	44
9.57045454545	44
9.57272727273	44
9.575	44
9.57727272727	44
9.57954545455	44
9.58181818182	44
9.58409090909	44
9.58636363636	44
9.58863636364	44
9.59090909091	44
9.59318181818	44
9.59545454545	44
9.59772727273	44
9.6	44
9.60227272727	44
9.60454545455	44
9.60681818182	44
9.60909090909	44
9.61136363636	44
9.61363636364	44
9.61590909091	44
9.61818181818	44
9.62045454545	44
9.62272727273	44
9.625	44
9.62727272727	44
9.62954545455	44
9.63181818182	44
9.63409090909	44
9.63636363636	44
9.63863636364	44
9.64090909091	44
9.64318181818	44
9.64545454545	44
9.64772727273	44
9.65	44
9.65227272727	44
9.65454545455	44
9.65681818182	44
9.65909090909	44
9.66136363636	44
9.66363636364	44
9.66590909091	44
9.66818181818	44
9.67045454545	44
9.67272727273	44
9.675	44
9.67727272727	44
9.67954545455	44
9.68181818182	44
9.68409090909	44
9.68636363636	44
9.68863636364	44
9.69090909091	44
9.69318181818	44
9.69545454545	44
9.69772727273	44
9.7	44
9.70227272727	44
9.70454545455	44
9.70681818182	44
9.70909090909	44
9.71136363636	44
9.71363636364	44
9.71590909091	44
9.71818181818	44
9.72045454545	44
9.72272727273	44
9.725	44
9.72727272727	44
9.72954545455	45
9.73181818182	45
9.73409090909	45
9.73636363636	45
9.73863636364	45
9.74090909091	45
9.74318181818	45
9.74545454545	45
9.74772727273	45
9.75	45
9.75227272727	45
9.75454545455	45
9.75681818182	45
9.75909090909	45
9.76136363636	45
9.76363636364	45
9.76590909091	45
9.76818181818	45
9.77045454545	45
9.77272727273	45
9.775	45
9.77727272727	45
9.77954545455	45
9.78181818182	45
9.78409090909	45
9.78636363636	45
9.78863636364	45
9.79090909091	45
9.79318181818	45
9.79545454545	45
9.79772727273	45
9.8	45
9.80227272727	45
9.80454545455	45
9.80681818182	45
9.80909090909	45
9.81136363636	45
9.81363636364	45
9.81590909091	45
9.81818181818	45
9.82045454545	45
9.82272727273	45
9.825	45
9.82727272727	45
9.82954545455	45
9.83181818182	45
9.83409090909	45
9.83636363636	45
9.83863636364	45
9.84090909091	45
9.84318181818	45
9.84545454545	45
9.84772727273	45
9.85	45
9.85227272727	45
9.85454545455	45
9.85681818182	45
9.85909090909	45
9.86136363636	45
9.86363636364	45
9.86590909091	45
9.86818181818	45
9.87045454545	45
9.87272727273	45
9.875	45
9.87727272727	45
9.87954545455	45
9.88181818182	45
9.88409090909	45
9.88636363636	45
9.88863636364	45
9.89090909091	45
9.89318181818	45
9.89545454545	45
9.89772727273	45
9.9	45
9.90227272727	45
9.90454545455	45
9.90681818182	45
9.90909090909	45
9.91136363636	45
9.91363636364	45
9.91590909091	45
9.91818181818	45
9.92045454545	45
9.92272727273	45
9.925	45
9.92727272727	46
9.92954545455	46
9.93181818182	46
9.93409090909	46
9.93636363636	46
9.93863636364	46
9.94090909091	46
9.94318181818	46
9.94545454545	46
9.94772727273	46
9.95	46
9.95227272727	46
9.95454545455	46
9.95681818182	46
9.95909090909	46
9.96136363636	46
9.96363636364	46
9.96590909091	46
9.96818181818	46
9.97045454545	46
9.97272727273	46
9.975	46
9.97727272727	46
9.97954545455	46
9.98181818182	46
9.98409090909	46
9.98636363636	46
9.98863636364	46
9.99090909091	46
9.99318181818	46
9.99545454545	46
9.99772727273	46
10	46
