1.19999040008e-06	0.03
2.63996505619e-06	0.05
4.36788487769e-06	0.07
6.44135999858e-06	0.08
8.92946822732e-06	0.09
1.19150792242e-05	0.11
1.54976840347e-05	0.13
1.97966865561e-05	0.14
2.49551346223e-05	0.16
3.11447611847e-05	0.18
3.85717610716e-05	0.19
4.74838959697e-05	0.21
5.81780762532e-05	0.23
7.10099934998e-05	0.25
8.64059201129e-05	0.26
0.000104878752859	0.28
0.000127044510854	0.3
0.000153643420448	0.31
0.000185555300461	0.33
0.00022384465073	0.35
0.000269763613229	0.36
0.00032483585729	0.38
0.000390893256416	0.39
0.000470141030766	0.41
0.000565207938577	0.42
0.000679112989409	0.44
0.000815735945118	0.45
0.000979683491967	0.47
0.001175764758	0.48
0.0014104966582	0.5
0.00169136083937	0.51
0.00202683750021	0.52
0.00242661385437	0.54
0.00290234771583	0.55
0.00346978930961	0.57
0.00414414018918	0.58
0.00494862895779	0.6
0.0059071687672	0.61
0.00703775418343	0.63
0.00833964042029	0.65
0.00982751040528	0.66
0.0115013641384	0.68
0.0133346325128	0.69
0.0153715973732	0.7
0.0174085622336	0.72
0.019445527094	0.73
0.0214824919544	0.74
0.0235194568148	0.76
0.0255564216752	0.77
0.0275933865356	0.78
0.029630351396	0.8
0.0316673162564	0.81
0.0337042811168	0.83
0.0357412459772	0.84
0.0377782108376	0.85
0.039815175698	0.87
0.0418521405584	0.88
0.0438891054188	0.9
0.0459260702792	0.91
0.0479630351396	0.92
0.05	0.94
0.0520833333333	0.95
0.0541666666667	0.96
0.05625	0.98
0.0583333333333	0.99
0.0604166666667	1
0.0625	1.01
0.0645833333333	1.03
0.0666666666667	1.04
0.06875	1.05
0.0708333333333	1.06
0.0729166666667	1.07
0.075	1.09
0.0770833333333	1.1
0.0791666666667	1.11
0.08125	1.12
0.0833333333333	1.13
0.0854166666667	1.14
0.0875	1.15
0.0895833333333	1.16
0.0916666666667	1.17
0.09375	1.18
0.0958333333333	1.19
0.0979166666667	1.21
0.1	1.22
0.102083333333	1.23
0.104166666667	1.24
0.10625	1.25
0.108333333333	1.26
0.110416666667	1.27
0.1125	1.29
0.114583333333	1.3
0.116666666667	1.31
0.11875	1.32
0.120833333333	1.33
0.122916666667	1.34
0.125	1.35
0.127083333333	1.36
0.129166666667	1.37
0.13125	1.38
0.133333333333	1.39
0.135416666667	1.4
0.1375	1.41
0.139583333333	1.42
0.141666666667	1.43
0.14375	1.44
0.145833333333	1.45
0.147916666667	1.46
0.15	1.47
0.152083333333	1.49
0.154166666667	1.5
0.15625	1.51
0.158333333333	1.52
0.160416666667	1.53
0.1625	1.54
0.164583333333	1.55
0.166666666667	1.56
0.16875	1.57
0.170833333333	1.58
0.172916666667	1.59
0.175	1.6
0.177083333333	1.61
0.179166666667	1.62
0.18125	1.63
0.183333333333	1.64
0.185416666667	1.65
0.1875	1.66
0.189583333333	1.67
0.191666666667	1.68
0.19375	1.69
0.195833333333	1.7
0.197916666667	1.71
0.2	1.72
0.202083333333	1.73
0.204166666667	1.74
0.20625	1.75
0.208333333333	1.76
0.210416666667	1.78
0.2125	1.79
0.214583333333	1.8
0.216666666667	1.81
0.21875	1.82
0.220833333333	1.83
0.222916666667	1.84
0.225	1.85
0.227083333333	1.86
0.229166666667	1.87
0.23125	1.89
0.233333333333	1.9
0.235185185185	1.91
0.237037037037	1.92
0.238888888889	1.93
0.240740740741	1.95
0.242592592593	1.96
0.244444444444	1.97
0.246296296296	1.98
0.248148148148	1.99
0.25	2
0.251388888889	2.02
0.252469135802	2.03
0.253502415459	2.04
0.254414132803	2.05
0.255290784095	2.06
0.256134354207	2.07
0.256977924318	2.08
0.257821494429	2.09
0.258700213295	2.1
0.259638844811	2.11
0.260647873691	2.13
0.261740988311	2.14
0.262936582426	2.15
0.264260275911	2.16
0.265749431081	2.17
0.267380410554	2.18
0.269192609967	2.19
0.271118071844	2.2
0.273181066713	2.21
0.275244061581	2.22
0.277307056449	2.23
0.279370051317	2.24
0.281433046186	2.25
0.283496041054	2.26
0.285559035922	2.27
0.28762203079	2.28
0.289685025659	2.29
0.291748020527	2.3
0.293811015395	2.31
0.295874010263	2.32
0.297937005132	2.33
0.3	2.34
0.302083333333	2.36
0.304166666667	2.37
0.30625	2.38
0.308333333333	2.39
0.310416666667	2.4
0.3125	2.41
0.314583333333	2.42
0.316666666667	2.43
0.31875	2.44
0.320833333333	2.45
0.322916666667	2.46
0.325	2.47
0.327083333333	2.49
0.329166666667	2.5
0.33125	2.51
0.333333333333	2.52
0.335416666667	2.54
0.3375	2.55
0.339583333333	2.56
0.341666666667	2.57
0.34375	2.58
0.345833333333	2.59
0.347916666667	2.6
0.35	2.61
0.352083333333	2.63
0.354166666667	2.64
0.35625	2.65
0.358333333333	2.66
0.360416666667	2.67
0.3625	2.68
0.364583333333	2.69
0.366666666667	2.7
0.36875	2.71
0.370833333333	2.73
0.372916666667	2.74
0.375	2.75
0.377083333333	2.76
0.379166666667	2.77
0.38125	2.78
0.383333333333	2.79
0.385416666667	2.8
0.3875	2.81
0.389583333333	2.82
0.391666666667	2.83
0.39375	2.85
0.395833333333	2.86
0.397916666667	2.87
0.4	2.88
0.402083333333	2.89
0.404166666667	2.9
0.40625	2.91
0.408333333333	2.92
0.410416666667	2.93
0.4125	2.94
0.414583333333	2.95
0.416666666667	2.96
0.41875	2.98
0.420833333333	2.99
0.422916666667	3
0.425	3.01
0.427083333333	3.02
0.429166666667	3.03
0.43125	3.04
0.433333333333	3.05
0.435416666667	3.06
0.4375	3.07
0.439583333333	3.08
0.441666666667	3.1
0.44375	3.11
0.445833333333	3.12
0.447916666667	3.13
0.45	3.14
0.452083333333	3.15
0.454166666667	3.16
0.45625	3.17
0.458333333333	3.18
0.460416666667	3.19
0.4625	3.2
0.464583333333	3.21
0.466666666667	3.22
0.46875	3.23
0.470833333333	3.24
0.472916666667	3.25
0.475	3.26
0.477083333333	3.27
0.479166666667	3.28
0.48125	3.29
0.483333333333	3.3
0.485416666667	3.31
0.4875	3.32
0.489583333333	3.33
0.491666666667	3.34
0.49375	3.35
0.495833333333	3.36
0.497916666667	3.37
0.5	3.38
0.502083333333	3.39
0.504166666667	3.4
0.50625	3.4
0.508333333333	3.41
0.510416666667	3.42
0.5125	3.43
0.514583333333	3.44
0.516666666667	3.45
0.51875	3.46
0.520833333333	3.47
0.522916666667	3.48
0.525	3.49
0.527083333333	3.5
0.529166666667	3.51
0.53125	3.52
0.533333333333	3.53
0.535416666667	3.54
0.5375	3.55
0.539583333333	3.56
0.541666666667	3.57
0.54375	3.58
0.545833333333	3.59
0.547916666667	3.6
0.55	3.61
0.552083333333	3.62
0.554166666667	3.63
0.55625	3.64
0.558333333333	3.65
0.560416666667	3.66
0.5625	3.67
0.564583333333	3.68
0.566666666667	3.69
0.56875	3.7
0.570833333333	3.71
0.572916666667	3.72
0.575	3.73
0.577083333333	3.74
0.579166666667	3.75
0.58125	3.75
0.583333333333	3.76
0.585416666667	3.77
0.5875	3.78
0.589583333333	3.79
0.591666666667	3.8
0.59375	3.81
0.595833333333	3.82
0.597916666667	3.83
0.6	3.85
0.602083333333	3.86
0.604166666667	3.87
0.60625	3.88
0.608333333333	3.89
0.610416666667	3.9
0.6125	3.91
0.614583333333	3.92
0.616666666667	3.93
0.61875	3.94
0.620833333333	3.95
0.622916666667	3.96
0.625	3.97
0.627083333333	3.98
0.629166666667	3.99
0.63125	4
0.633333333333	4.01
0.635416666667	4.02
0.6375	4.03
0.639583333333	4.04
0.641666666667	4.05
0.64375	4.06
0.645833333333	4.07
0.647916666667	4.08
0.65	4.09
0.652173913043	4.1
0.654347826087	4.11
0.65652173913	4.12
0.658695652174	4.13
0.660869565217	4.14
0.663043478261	4.15
0.665217391304	4.16
0.667391304348	4.17
0.669565217391	4.18
0.671739130435	4.18
0.673913043478	4.19
0.676086956522	4.2
0.678260869565	4.22
0.680434782609	4.23
0.682608695652	4.24
0.684782608696	4.25
0.686956521739	4.26
0.689130434783	4.27
0.691304347826	4.28
0.69347826087	4.29
0.695652173913	4.3
0.697826086957	4.31
0.7	4.32
0.702173913043	4.33
0.704347826087	4.34
0.70652173913	4.35
0.708695652174	4.36
0.710869565217	4.37
0.713043478261	4.38
0.715217391304	4.39
0.717391304348	4.4
0.719565217391	4.42
0.721739130435	4.43
0.723913043478	4.44
0.726086956522	4.45
0.728260869565	4.46
0.730434782609	4.47
0.732608695652	4.48
0.734782608696	4.49
0.736956521739	4.5
0.739130434783	4.51
0.741304347826	4.52
0.74347826087	4.53
0.745652173913	4.54
0.747826086957	4.55
0.75	4.56
0.752173913043	4.57
0.754347826087	4.58
0.75652173913	4.59
0.758695652174	4.6
0.760869565217	4.61
0.763043478261	4.62
0.765217391304	4.63
0.767391304348	4.64
0.769565217391	4.65
0.771739130435	4.66
0.773913043478	4.67
0.776086956522	4.68
0.778260869565	4.69
0.780434782609	4.7
0.782608695652	4.71
0.784782608696	4.72
0.786956521739	4.73
0.789130434783	4.74
0.791304347826	4.75
0.79347826087	4.76
0.795652173913	4.77
0.797826086957	4.78
0.8	4.79
0.802173913043	4.8
0.804347826087	4.81
0.80652173913	4.82
0.808695652174	4.83
0.810869565217	4.84
0.813043478261	4.85
0.815217391304	4.86
0.817391304348	4.87
0.819565217391	4.88
0.821739130435	4.89
0.823913043478	4.9
0.826086956522	4.91
0.828260869565	4.92
0.830434782609	4.93
0.832608695652	4.94
0.834782608696	4.95
0.836956521739	4.96
0.839130434783	4.97
0.841304347826	4.98
0.84347826087	4.99
0.845652173913	5
0.847826086957	5.01
0.85	5.02
0.852173913043	5.04
0.854347826087	5.05
0.85652173913	5.06
0.858695652174	5.07
0.860869565217	5.08
0.863043478261	5.09
0.865217391304	5.1
0.867391304348	5.11
0.869565217391	5.12
0.871739130435	5.13
0.873913043478	5.14
0.876086956522	5.15
0.878260869565	5.16
0.880434782609	5.17
0.882608695652	5.19
0.884782608696	5.2
0.886956521739	5.21
0.889130434783	5.22
0.891304347826	5.22
0.89347826087	5.23
0.895652173913	5.24
0.897826086957	5.25
0.9	5.26
0.902173913043	5.28
0.904347826087	5.29
0.90652173913	5.3
0.908695652174	5.31
0.910869565217	5.32
0.913043478261	5.32
0.915217391304	5.33
0.917391304348	5.34
0.919565217391	5.35
0.921739130435	5.36
0.923913043478	5.37
0.926086956522	5.38
0.928260869565	5.39
0.930434782609	5.4
0.932608695652	5.41
0.934782608696	5.42
0.936956521739	5.43
0.939130434783	5.44
0.941304347826	5.45
0.94347826087	5.46
0.945652173913	5.47
0.947826086957	5.48
0.95	5.49
0.952173913043	5.5
0.954347826087	5.51
0.95652173913	5.52
0.958695652174	5.53
0.960869565217	5.54
0.963043478261	5.55
0.965217391304	5.56
0.967391304348	5.57
0.969565217391	5.58
0.971739130435	5.59
0.973913043478	5.6
0.976086956522	5.61
0.978260869565	5.62
0.980434782609	5.63
0.982608695652	5.64
0.984782608696	5.65
0.986956521739	5.66
0.989130434783	5.67
0.991304347826	5.68
0.99347826087	5.69
0.995652173913	5.69
0.997826086957	5.7
1	5.71
1.00217391304	5.72
1.00434782609	5.73
1.00652173913	5.74
1.00869565217	5.75
1.01086956522	5.76
1.01304347826	5.77
1.0152173913	5.78
1.01739130435	5.79
1.01956521739	5.81
1.02173913043	5.82
1.02391304348	5.83
1.02608695652	5.84
1.02826086957	5.85
1.03043478261	5.86
1.03260869565	5.87
1.0347826087	5.88
1.03695652174	5.89
1.03913043478	5.9
1.04130434783	5.91
1.04347826087	5.92
1.04565217391	5.93
1.04782608696	5.94
1.05	5.95
1.05217391304	5.96
1.05434782609	5.97
1.05652173913	5.98
1.05869565217	5.99
1.06086956522	6
1.06304347826	6.01
1.0652173913	6.02
1.06739130435	6.03
1.06956521739	6.04
1.07173913043	6.05
1.07391304348	6.06
1.07608695652	6.07
1.07826086957	6.08
1.08043478261	6.09
1.08260869565	6.1
1.0847826087	6.11
1.08695652174	6.12
1.08913043478	6.13
1.09130434783	6.14
1.09347826087	6.15
1.09565217391	6.16
1.09782608696	6.17
1.1	6.18
1.10227272727	6.19
1.10454545455	6.2
1.10681818182	6.21
1.10909090909	6.21
1.11136363636	6.22
1.11363636364	6.23
1.11590909091	6.24
1.11818181818	6.25
1.12045454545	6.26
1.12272727273	6.27
1.125	6.28
1.12727272727	6.29
1.12954545455	6.3
1.13181818182	6.31
1.13409090909	6.32
1.13636363636	6.33
1.13863636364	6.34
1.14090909091	6.35
1.14318181818	6.36
1.14545454545	6.37
1.14772727273	6.38
1.15	6.39
1.15227272727	6.4
1.15454545455	6.41
1.15681818182	6.41
1.15909090909	6.42
1.16136363636	6.43
1.16363636364	6.44
1.16590909091	6.45
1.16818181818	6.46
1.17045454545	6.47
1.17272727273	6.48
1.175	6.49
1.17727272727	6.5
1.17954545455	6.51
1.18181818182	6.52
1.18409090909	6.53
1.18636363636	6.54
1.18863636364	6.55
1.19090909091	6.56
1.19318181818	6.57
1.19545454545	6.58
1.19772727273	6.59
1.2	6.6
1.20227272727	6.61
1.20454545455	6.62
1.20681818182	6.63
1.20909090909	6.64
1.21136363636	6.65
1.21363636364	6.65
1.21590909091	6.66
1.21818181818	6.67
1.22045454545	6.68
1.22272727273	6.69
1.225	6.7
1.22727272727	6.71
1.22954545455	6.72
1.23181818182	6.73
1.23409090909	6.74
1.23636363636	6.75
1.23863636364	6.76
1.24090909091	6.77
1.24318181818	6.78
1.24545454545	6.79
1.24772727273	6.8
1.25	6.81
1.25227272727	6.82
1.25454545455	6.83
1.25681818182	6.84
1.25909090909	6.84
1.26136363636	6.85
1.26363636364	6.86
1.26590909091	6.87
1.26818181818	6.88
1.27045454545	6.89
1.27272727273	6.9
1.275	6.91
1.27727272727	6.92
1.27954545455	6.93
1.28181818182	6.94
1.28409090909	6.95
1.28636363636	6.96
1.28863636364	6.97
1.29090909091	6.98
1.29318181818	6.99
1.29545454545	7
1.29772727273	7.01
1.3	7.02
1.30227272727	7.03
1.30454545455	7.04
1.30681818182	7.05
1.30909090909	7.06
1.31136363636	7.07
1.31363636364	7.08
1.31590909091	7.09
1.31818181818	7.09
1.32045454545	7.1
1.32272727273	7.11
1.325	7.12
1.32727272727	7.13
1.32954545455	7.14
1.33181818182	7.15
1.33409090909	7.16
1.33636363636	7.17
1.33863636364	7.18
1.34090909091	7.18
1.34318181818	7.19
1.34545454545	7.2
1.34772727273	7.21
1.35	7.22
1.35227272727	7.23
1.35454545455	7.24
1.35681818182	7.25
1.35909090909	7.26
1.36136363636	7.27
1.36363636364	7.28
1.36590909091	7.29
1.36818181818	7.3
1.37045454545	7.31
1.37272727273	7.32
1.375	7.33
1.37727272727	7.33
1.37954545455	7.34
1.38181818182	7.35
1.38409090909	7.36
1.38636363636	7.37
1.38863636364	7.38
1.39090909091	7.39
1.39318181818	7.4
1.39545454545	7.41
1.39772727273	7.42
1.4	7.43
1.40227272727	7.44
1.40454545455	7.45
1.40681818182	7.46
1.40909090909	7.47
1.41136363636	7.48
1.41363636364	7.48
1.41590909091	7.49
1.41818181818	7.5
1.42045454545	7.51
1.42272727273	7.52
1.425	7.53
1.42727272727	7.54
1.42954545455	7.55
1.43181818182	7.56
1.43409090909	7.57
1.43636363636	7.58
1.43863636364	7.59
1.44090909091	7.6
1.44318181818	7.61
1.44545454545	7.62
1.44772727273	7.63
1.45	7.64
1.45227272727	7.65
1.45454545455	7.66
1.45681818182	7.67
1.45909090909	7.68
1.46136363636	7.69
1.46363636364	7.69
1.46590909091	7.7
1.46818181818	7.71
1.47045454545	7.72
1.47272727273	7.73
1.475	7.74
1.47727272727	7.75
1.47954545455	7.76
1.48181818182	7.77
1.48409090909	7.78
1.48636363636	7.79
1.48863636364	7.8
1.49090909091	7.81
1.49318181818	7.82
1.49545454545	7.82
1.49772727273	7.83
1.5	7.84
1.50227272727	7.86
1.50454545455	7.87
1.50681818182	7.87
1.50909090909	7.88
1.51136363636	7.89
1.51363636364	7.9
1.51590909091	7.91
1.51818181818	7.92
1.52045454545	7.93
1.52272727273	7.94
1.525	7.95
1.52727272727	7.96
1.52954545455	7.97
1.53181818182	7.98
1.53409090909	7.98
1.53636363636	7.99
1.53863636364	8
1.54090909091	8.01
1.54318181818	8.02
1.54545454545	8.03
1.54772727273	8.04
1.55	8.05
1.55238095238	8.06
1.55476190476	8.07
1.55714285714	8.08
1.55952380952	8.09
1.5619047619	8.1
1.56428571429	8.11
1.56666666667	8.12
1.56904761905	8.13
1.57142857143	8.14
1.57380952381	8.15
1.57619047619	8.16
1.57857142857	8.17
1.58095238095	8.18
1.58333333333	8.19
1.58571428571	8.2
1.5880952381	8.21
1.59047619048	8.22
1.59285714286	8.23
1.59523809524	8.24
1.59761904762	8.25
1.6	8.26
1.60238095238	8.27
1.60476190476	8.28
1.60714285714	8.29
1.60952380952	8.3
1.6119047619	8.31
1.61428571429	8.32
1.61666666667	8.33
1.61904761905	8.34
1.62142857143	8.35
1.62380952381	8.35
1.62619047619	8.36
1.62857142857	8.37
1.63095238095	8.38
1.63333333333	8.39
1.63571428571	8.4
1.6380952381	8.41
1.64047619048	8.42
1.64285714286	8.43
1.64523809524	8.44
1.64761904762	8.45
1.65	8.46
1.65238095238	8.47
1.65476190476	8.48
1.65714285714	8.49
1.65952380952	8.5
1.6619047619	8.51
1.66428571429	8.52
1.66666666667	8.52
1.66904761905	8.53
1.67142857143	8.54
1.67380952381	8.55
1.67619047619	8.56
1.67857142857	8.57
1.68095238095	8.58
1.68333333333	8.59
1.68571428571	8.6
1.6880952381	8.6
1.69047619048	8.61
1.69285714286	8.62
1.69523809524	8.63
1.69761904762	8.64
1.7	8.65
1.70238095238	8.66
1.70476190476	8.67
1.70714285714	8.68
1.70952380952	8.69
1.7119047619	8.7
1.71428571429	8.71
1.71666666667	8.72
1.71904761905	8.73
1.72142857143	8.73
1.72380952381	8.74
1.72619047619	8.75
1.72857142857	8.76
1.73095238095	8.77
1.73333333333	8.78
1.73571428571	8.79
1.7380952381	8.8
1.74047619048	8.81
1.74285714286	8.82
1.74523809524	8.83
1.74761904762	8.83
1.75	8.84
1.75238095238	8.86
1.75476190476	8.86
1.75714285714	8.87
1.75952380952	8.88
1.7619047619	8.89
1.76428571429	8.9
1.76666666667	8.91
1.76904761905	8.92
1.77142857143	8.93
1.77380952381	8.94
1.77619047619	8.95
1.77857142857	8.96
1.78095238095	8.97
1.78333333333	8.98
1.78571428571	8.99
1.7880952381	9
1.79047619048	9.01
1.79285714286	9.01
1.79523809524	9.02
1.79761904762	9.03
1.8	9.04
1.80238095238	9.06
1.80476190476	9.06
1.80714285714	9.07
1.80952380952	9.08
1.8119047619	9.09
1.81428571429	9.1
1.81666666667	9.11
1.81904761905	9.12
1.82142857143	9.13
1.82380952381	9.14
1.82619047619	9.15
1.82857142857	9.16
1.83095238095	9.17
1.83333333333	9.18
1.83571428571	9.19
1.8380952381	9.2
1.84047619048	9.21
1.84285714286	9.22
1.84523809524	9.23
1.84761904762	9.24
1.85	9.25
1.85238095238	9.26
1.85476190476	9.27
1.85714285714	9.28
1.85952380952	9.29
1.8619047619	9.3
1.86428571429	9.31
1.86666666667	9.32
1.86904761905	9.33
1.87142857143	9.33
1.87380952381	9.34
1.87619047619	9.35
1.87857142857	9.36
1.88095238095	9.36
1.88333333333	9.37
1.88571428571	9.38
1.8880952381	9.38
1.89047619048	9.39
1.89285714286	9.4
1.89523809524	9.41
1.89761904762	9.42
1.9	9.43
1.90238095238	9.45
1.90476190476	9.45
1.90714285714	9.46
1.90952380952	9.47
1.9119047619	9.47
1.91428571429	9.48
1.91666666667	9.49
1.91904761905	9.49
1.92142857143	9.5
1.92380952381	9.51
1.92619047619	9.51
1.92857142857	9.52
1.93095238095	9.53
1.93333333333	9.55
1.93571428571	9.56
1.9380952381	9.57
1.94047619048	9.58
1.94285714286	9.58
1.94523809524	9.59
1.94761904762	9.6
1.95	9.61
1.95238095238	9.62
1.95476190476	9.64
1.95702380952	9.65
1.95928571429	9.66
1.96154761905	9.67
1.96380952381	9.68
1.96607142857	9.69
1.96833333333	9.7
1.9705952381	9.71
1.97285714286	9.71
1.97511904762	9.72
1.97738095238	9.73
1.97964285714	9.74
1.9819047619	9.75
1.98416666667	9.76
1.98642857143	9.77
1.98869047619	9.78
1.99095238095	9.79
1.99321428571	9.79
1.99547619048	9.81
1.99773809524	9.82
2	9.82
2.00227272727	9.84
2.00454545455	9.85
2.00681818182	9.85
2.00909090909	9.86
2.01136363636	9.87
2.01363636364	9.88
2.01590909091	9.89
2.01818181818	9.9
2.02045454545	9.91
2.02272727273	9.92
2.025	9.93
2.02727272727	9.94
2.02954545455	9.95
2.03181818182	9.96
2.03409090909	9.97
2.03636363636	9.98
2.03863636364	9.98
2.04090909091	10
2.04318181818	10.01
2.04545454545	10.02
2.04772727273	10.02
2.05	10.03
2.05227272727	10.05
2.05454545455	10.06
2.05681818182	10.06
2.05909090909	10.07
2.06136363636	10.08
2.06363636364	10.09
2.06590909091	10.1
2.06818181818	10.11
2.07045454545	10.12
2.07272727273	10.13
2.075	10.13
2.07727272727	10.15
2.07954545455	10.16
2.08181818182	10.17
2.08409090909	10.17
2.08636363636	10.18
2.08863636364	10.19
2.09090909091	10.2
2.09318181818	10.21
2.09545454545	10.22
2.09772727273	10.23
2.1	10.24
2.10227272727	10.25
2.10454545455	10.26
2.10681818182	10.26
2.10909090909	10.27
2.11136363636	10.28
2.11363636364	10.3
2.11590909091	10.31
2.11818181818	10.32
2.12045454545	10.33
2.12272727273	10.34
2.125	10.35
2.12727272727	10.35
2.12954545455	10.36
2.13181818182	10.37
2.13409090909	10.38
2.13636363636	10.39
2.13863636364	10.4
2.14090909091	10.41
2.14318181818	10.42
2.14545454545	10.43
2.14772727273	10.44
2.15	10.45
2.15227272727	10.46
2.15454545455	10.47
2.15681818182	10.48
2.15909090909	10.49
2.16136363636	10.51
2.16363636364	10.52
2.16590909091	10.53
2.16818181818	10.54
2.17045454545	10.55
2.17272727273	10.56
2.175	10.57
2.17727272727	10.58
2.17954545455	10.58
2.18181818182	10.59
2.18409090909	10.6
2.18636363636	10.61
2.18863636364	10.62
2.19090909091	10.63
2.19318181818	10.64
2.19545454545	10.64
2.19772727273	10.65
2.2	10.66
2.20227272727	10.69
2.20454545455	10.7
2.20681818182	10.71
2.20909090909	10.72
2.21136363636	10.73
2.21363636364	10.74
2.21590909091	10.75
2.21818181818	10.76
2.22045454545	10.77
2.22272727273	10.78
2.225	10.78
2.22727272727	10.79
2.22954545455	10.8
2.23181818182	10.81
2.23409090909	10.82
2.23636363636	10.83
2.23863636364	10.84
2.24090909091	10.85
2.24318181818	10.86
2.24545454545	10.87
2.24772727273	10.88
2.25	10.89
2.25227272727	10.9
2.25454545455	10.91
2.25681818182	10.92
2.25909090909	10.93
2.26136363636	10.94
2.26363636364	10.95
2.26590909091	10.96
2.26818181818	10.97
2.27045454545	10.98
2.27272727273	10.99
2.275	11
2.27727272727	11.01
2.27954545455	11.02
2.28181818182	11.03
2.28409090909	11.04
2.28636363636	11.05
2.28863636364	11.06
2.29090909091	11.07
2.29318181818	11.08
2.29545454545	11.09
2.29772727273	11.1
2.3	11.13
2.30227272727	11.14
2.30454545455	11.15
2.30681818182	11.15
2.30909090909	11.16
2.31136363636	11.17
2.31363636364	11.18
2.31590909091	11.19
2.31818181818	11.2
2.32045454545	11.21
2.32272727273	11.22
2.325	11.23
2.32727272727	11.24
2.32954545455	11.25
2.33181818182	11.26
2.33409090909	11.27
2.33636363636	11.28
2.33863636364	11.29
2.34090909091	11.3
2.34318181818	11.31
2.34545454545	11.32
2.34772727273	11.33
2.35	11.35
2.35227272727	11.36
2.35454545455	11.37
2.35681818182	11.38
2.35909090909	11.39
2.36136363636	11.4
2.36363636364	11.41
2.36590909091	11.42
2.36818181818	11.43
2.37045454545	11.44
2.37272727273	11.45
2.375	11.45
2.37727272727	11.46
2.37954545455	11.48
2.38181818182	11.48
2.38409090909	11.49
2.38636363636	11.5
2.38863636364	11.51
2.39090909091	11.52
2.39318181818	11.54
2.39545454545	11.55
2.39772727273	11.56
2.4	11.57
2.40227272727	11.58
2.40454545455	11.59
2.40681818182	11.6
2.40909090909	11.61
2.41136363636	11.62
2.41363636364	11.63
2.41590909091	11.64
2.41818181818	11.65
2.42045454545	11.66
2.42272727273	11.67
2.425	11.68
2.42727272727	11.69
2.42954545455	11.7
2.43181818182	11.71
2.43409090909	11.72
2.43636363636	11.73
2.43863636364	11.74
2.44090909091	11.76
2.44318181818	11.77
2.44545454545	11.78
2.44772727273	11.79
2.45	11.8
2.45227272727	11.81
2.45454545455	11.82
2.45681818182	11.83
2.45909090909	11.84
2.46136363636	11.85
2.46363636364	11.86
2.46590909091	11.87
2.46818181818	11.89
2.47045454545	11.9
2.47272727273	11.91
2.475	11.92
2.47727272727	11.93
2.47954545455	11.94
2.48181818182	11.95
2.48409090909	11.96
2.48636363636	11.97
2.48863636364	11.98
2.49090909091	11.99
2.49318181818	12
2.49545454545	12.01
2.49772727273	12.02
2.5	12.03
2.50227272727	12.04
2.50454545455	12.05
2.50681818182	12.06
2.50909090909	12.07
2.51136363636	12.09
2.51363636364	12.1
2.51590909091	12.11
2.51818181818	12.12
2.52045454545	12.13
2.52272727273	12.14
2.525	12.15
2.52727272727	12.16
2.52954545455	12.17
2.53181818182	12.18
2.53409090909	12.19
2.53636363636	12.2
2.53863636364	12.21
2.54090909091	12.22
2.54318181818	12.23
2.54545454545	12.24
2.54772727273	12.25
2.55	12.26
2.55227272727	12.27
2.55454545455	12.28
2.55681818182	12.29
2.55909090909	12.3
2.56136363636	12.31
2.56363636364	12.32
2.56590909091	12.33
2.56818181818	12.34
2.57045454545	12.35
2.57272727273	12.36
2.575	12.37
2.57727272727	12.38
2.57954545455	12.4
2.58181818182	12.4
2.58409090909	12.41
2.58636363636	12.42
2.58863636364	12.43
2.59090909091	12.44
2.59318181818	12.46
2.59545454545	12.47
2.59772727273	12.48
2.6	12.49
2.60227272727	12.5
2.60454545455	12.51
2.60681818182	12.52
2.60909090909	12.53
2.61136363636	12.54
2.61363636364	12.55
2.61590909091	12.56
2.61818181818	12.57
2.62045454545	12.58
2.62272727273	12.59
2.625	12.6
2.62727272727	12.61
2.62954545455	12.62
2.63181818182	12.64
2.63409090909	12.65
2.63636363636	12.66
2.63863636364	12.67
2.64090909091	12.68
2.64318181818	12.69
2.64545454545	12.7
2.64772727273	12.71
2.65	12.72
2.65227272727	12.73
2.65454545455	12.74
2.65681818182	12.75
2.65909090909	12.76
2.66136363636	12.77
2.66363636364	12.78
2.66590909091	12.79
2.66818181818	12.8
2.67045454545	12.81
2.67272727273	12.82
2.675	12.83
2.67727272727	12.84
2.67954545455	12.85
2.68181818182	12.86
2.68409090909	12.87
2.68636363636	12.88
2.68863636364	12.89
2.69090909091	12.9
2.69318181818	12.91
2.69545454545	12.92
2.69772727273	12.93
2.7	12.94
2.70227272727	12.96
2.70454545455	12.97
2.70681818182	12.98
2.70909090909	12.99
2.71136363636	13
2.71363636364	13.01
2.71590909091	13.02
2.71818181818	13.03
2.72045454545	13.04
2.72272727273	13.05
2.725	13.06
2.72727272727	13.07
2.72954545455	13.08
2.73181818182	13.09
2.73409090909	13.09
2.73636363636	13.1
2.73863636364	13.11
2.74090909091	13.12
2.74318181818	13.13
2.74545454545	13.14
2.74772727273	13.16
2.75	13.17
2.75227272727	13.18
2.75454545455	13.19
2.75681818182	13.2
2.75909090909	13.21
2.76136363636	13.22
2.76363636364	13.23
2.76590909091	13.24
2.76818181818	13.25
2.77045454545	13.26
2.77272727273	13.27
2.775	13.28
2.77727272727	13.29
2.77954545455	13.3
2.78181818182	13.31
2.78409090909	13.32
2.78636363636	13.33
2.78863636364	13.34
2.79090909091	13.35
2.79318181818	13.36
2.79545454545	13.37
2.79772727273	13.38
2.8	13.39
2.80227272727	13.41
2.80454545455	13.42
2.80681818182	13.43
2.80909090909	13.43
2.81136363636	13.45
2.81363636364	13.46
2.81590909091	13.46
2.81818181818	13.47
2.82045454545	13.48
2.82272727273	13.49
2.825	13.5
2.82727272727	13.51
2.82954545455	13.52
2.83181818182	13.53
2.83409090909	13.54
2.83636363636	13.55
2.83863636364	13.56
2.84090909091	13.57
2.84318181818	13.58
2.84545454545	13.6
2.84772727273	13.61
2.85	13.62
2.85227272727	13.63
2.85454545455	13.64
2.85681818182	13.65
2.85909090909	13.66
2.86136363636	13.67
2.86363636364	13.68
2.86590909091	13.69
2.86818181818	13.7
2.87045454545	13.71
2.87272727273	13.72
2.875	13.73
2.87727272727	13.74
2.87954545455	13.75
2.88181818182	13.76
2.88409090909	13.77
2.88636363636	13.78
2.88863636364	13.79
2.89090909091	13.8
2.89318181818	13.81
2.89545454545	13.82
2.89772727273	13.83
2.9	13.84
2.90227272727	13.85
2.90454545455	13.86
2.90681818182	13.88
2.90909090909	13.89
2.91136363636	13.9
2.91363636364	13.91
2.91590909091	13.92
2.91818181818	13.93
2.92045454545	13.94
2.92272727273	13.95
2.925	13.96
2.92727272727	13.97
2.92954545455	13.98
2.93181818182	13.99
2.93409090909	14
2.93636363636	14.01
2.93863636364	14.02
2.94090909091	14.03
2.94318181818	14.04
2.94545454545	14.05
2.94772727273	14.06
2.95	14.07
2.95227272727	14.09
2.95454545455	14.1
2.95681818182	14.11
2.95909090909	14.12
2.96136363636	14.13
2.96363636364	14.14
2.96590909091	14.15
2.96818181818	14.16
2.97045454545	14.17
2.97272727273	14.18
2.975	14.19
2.97727272727	14.2
2.97954545455	14.21
2.98181818182	14.22
2.98409090909	14.23
2.98636363636	14.24
2.98863636364	14.25
2.99090909091	14.26
2.99318181818	14.27
2.99545454545	14.28
2.99772727273	14.29
3	14.3
3.00227272727	14.31
3.00454545455	14.32
3.00681818182	14.33
3.00909090909	14.34
3.01136363636	14.35
3.01363636364	14.36
3.01590909091	14.37
3.01818181818	14.38
3.02045454545	14.39
3.02272727273	14.4
3.025	14.41
3.02727272727	14.42
3.02954545455	14.43
3.03181818182	14.44
3.03409090909	14.45
3.03636363636	14.46
3.03863636364	14.47
3.04090909091	14.48
3.04318181818	14.49
3.04545454545	14.5
3.04772727273	14.51
3.05	14.52
3.05227272727	14.53
3.05454545455	14.54
3.05681818182	14.55
3.05909090909	14.56
3.06136363636	14.57
3.06363636364	14.58
3.06590909091	14.59
3.06818181818	14.6
3.07045454545	14.61
3.07272727273	14.62
3.075	14.63
3.07727272727	14.64
3.07954545455	14.65
3.08181818182	14.66
3.08409090909	14.67
3.08636363636	14.69
3.08863636364	14.7
3.09090909091	14.71
3.09318181818	14.72
3.09545454545	14.73
3.09772727273	14.74
3.1	14.75
3.10227272727	14.76
3.10454545455	14.77
3.10681818182	14.78
3.10909090909	14.79
3.11136363636	14.8
3.11363636364	14.81
3.11590909091	14.82
3.11818181818	14.83
3.12045454545	14.84
3.12272727273	14.85
3.125	14.86
3.12727272727	14.87
3.12954545455	14.88
3.13181818182	14.89
3.13409090909	14.9
3.13636363636	14.91
3.13863636364	14.92
3.14090909091	14.93
3.14318181818	14.94
3.14545454545	14.95
3.14772727273	14.96
3.15	14.97
3.15227272727	14.98
3.15454545455	15
3.15681818182	15.01
3.15909090909	15.02
3.16136363636	15.03
3.16363636364	15.04
3.16590909091	15.05
3.16818181818	15.06
3.17045454545	15.07
3.17272727273	15.08
3.175	15.09
3.17727272727	15.09
3.17954545455	15.1
3.18181818182	15.11
3.18409090909	15.12
3.18636363636	15.13
3.18863636364	15.14
3.19090909091	15.15
3.19318181818	15.16
3.19545454545	15.17
3.19772727273	15.18
3.2	15.19
3.20227272727	15.2
3.20454545455	15.22
3.20681818182	15.23
3.20909090909	15.24
3.21136363636	15.25
3.21363636364	15.25
3.21590909091	15.26
3.21818181818	15.27
3.22045454545	15.28
3.22272727273	15.29
3.225	15.3
3.22727272727	15.31
3.22954545455	15.32
3.23181818182	15.33
3.23409090909	15.34
3.23636363636	15.35
3.23863636364	15.36
3.24090909091	15.37
3.24318181818	15.38
3.24545454545	15.39
3.24772727273	15.4
3.25	15.41
3.25227272727	15.43
3.25454545455	15.44
3.25681818182	15.45
3.25909090909	15.46
3.26136363636	15.47
3.26363636364	15.48
3.26590909091	15.49
3.26818181818	15.5
3.27045454545	15.51
3.27272727273	15.52
3.275	15.53
3.27727272727	15.53
3.27954545455	15.54
3.28181818182	15.55
3.28409090909	15.56
3.28636363636	15.57
3.28863636364	15.58
3.29090909091	15.59
3.29318181818	15.6
3.29545454545	15.61
3.29772727273	15.62
3.3	15.64
3.30227272727	15.65
3.30454545455	15.66
3.30681818182	15.66
3.30909090909	15.67
3.31136363636	15.68
3.31363636364	15.69
3.31590909091	15.7
3.31818181818	15.71
3.32045454545	15.72
3.32272727273	15.73
3.325	15.74
3.32727272727	15.75
3.32954545455	15.76
3.33181818182	15.77
3.33409090909	15.78
3.33636363636	15.79
3.33863636364	15.8
3.34090909091	15.81
3.34318181818	15.82
3.34545454545	15.83
3.34772727273	15.84
3.35	15.85
3.35227272727	15.87
3.35454545455	15.88
3.35681818182	15.89
3.35909090909	15.89
3.36136363636	15.9
3.36363636364	15.91
3.36590909091	15.92
3.36818181818	15.93
3.37045454545	15.94
3.37272727273	15.95
3.375	15.96
3.37727272727	15.97
3.37954545455	15.98
3.38181818182	15.99
3.38409090909	16
3.38636363636	16
3.38863636364	16.01
3.39090909091	16.02
3.39318181818	16.03
3.39545454545	16.04
3.39772727273	16.05
3.4	16.06
3.40227272727	16.08
3.40454545455	16.08
3.40681818182	16.1
3.40909090909	16.11
3.41136363636	16.12
3.41363636364	16.13
3.41590909091	16.14
3.41818181818	16.15
3.42045454545	16.16
3.42272727273	16.17
3.425	16.17
3.42727272727	16.18
3.42954545455	16.19
3.43181818182	16.2
3.43409090909	16.21
3.43636363636	16.22
3.43863636364	16.23
3.44090909091	16.24
3.44318181818	16.25
3.44545454545	16.28
3.44772727273	16.29
3.45	16.3
3.45227272727	16.32
3.45454545455	16.34
3.45681818182	16.35
3.45909090909	16.37
3.46136363636	16.38
3.46363636364	16.39
3.46590909091	16.4
3.46818181818	16.41
3.47045454545	16.42
3.47272727273	16.43
3.475	16.45
3.47727272727	16.46
3.47954545455	16.47
3.48181818182	16.48
3.48409090909	16.5
3.48636363636	16.51
3.48863636364	16.52
3.49090909091	16.53
3.49318181818	16.54
3.49545454545	16.55
3.49772727273	16.56
3.5	16.57
3.50227272727	16.59
3.50454545455	16.6
3.50681818182	16.61
3.50909090909	16.61
3.51136363636	16.64
3.51363636364	16.65
3.51590909091	16.66
3.51818181818	16.67
3.52045454545	16.68
3.52272727273	16.69
3.525	16.7
3.52727272727	16.71
3.52954545455	16.72
3.53181818182	16.74
3.53409090909	16.75
3.53636363636	16.76
3.53863636364	16.77
3.54090909091	16.78
3.54318181818	16.79
3.54545454545	16.8
3.54772727273	16.81
3.55	16.83
3.55227272727	16.84
3.55454545455	16.85
3.55681818182	16.86
3.55909090909	16.88
3.56136363636	16.89
3.56363636364	16.9
3.56590909091	16.91
3.56818181818	16.92
3.57045454545	16.93
3.57272727273	16.94
3.575	16.95
3.57727272727	16.96
3.57954545455	16.97
3.58181818182	16.98
3.58409090909	16.99
3.58636363636	17
3.58863636364	17.01
3.59090909091	17.02
3.59318181818	17.03
3.59545454545	17.04
3.59772727273	17.05
3.6	17.06
3.60227272727	17.07
3.60454545455	17.08
3.60681818182	17.09
3.60909090909	17.1
3.61136363636	17.11
3.61363636364	17.11
3.61590909091	17.14
3.61818181818	17.15
3.62045454545	17.16
3.62272727273	17.17
3.625	17.18
3.62727272727	17.19
3.62954545455	17.19
3.63181818182	17.2
3.63409090909	17.21
3.63636363636	17.22
3.63863636364	17.23
3.64090909091	17.24
3.64318181818	17.25
3.64545454545	17.26
3.64772727273	17.27
3.65	17.27
3.65227272727	17.28
3.65454545455	17.29
3.65681818182	17.3
3.65909090909	17.31
3.66136363636	17.32
3.66363636364	17.33
3.66590909091	17.34
3.66818181818	17.35
3.67045454545	17.36
3.67272727273	17.39
3.675	17.4
3.67727272727	17.41
3.67954545455	17.41
3.68181818182	17.42
3.68409090909	17.43
3.68636363636	17.44
3.68863636364	17.45
3.69090909091	17.46
3.69318181818	17.47
3.69545454545	17.48
3.69772727273	17.49
3.7	17.51
3.70227272727	17.52
3.70454545455	17.53
3.70681818182	17.54
3.70909090909	17.55
3.71136363636	17.56
3.71363636364	17.57
3.71590909091	17.58
3.71818181818	17.59
3.72045454545	17.59
3.72272727273	17.6
3.725	17.61
3.72727272727	17.62
3.72954545455	17.63
3.73181818182	17.64
3.73409090909	17.65
3.73636363636	17.66
3.73863636364	17.67
3.74090909091	17.68
3.74318181818	17.69
3.74545454545	17.7
3.74772727273	17.71
3.75	17.72
3.75227272727	17.74
3.75454545455	17.75
3.75681818182	17.76
3.75909090909	17.77
3.76136363636	17.78
3.76363636364	17.79
3.76590909091	17.8
3.76818181818	17.81
3.77045454545	17.82
3.77272727273	17.83
3.775	17.84
3.77727272727	17.85
3.77954545455	17.86
3.78181818182	17.87
3.78409090909	17.88
3.78636363636	17.89
3.78863636364	17.9
3.79090909091	17.91
3.79318181818	17.92
3.79545454545	17.93
3.79772727273	17.94
3.8	17.95
3.80227272727	17.96
3.80454545455	17.96
3.80681818182	17.99
3.80909090909	18
3.81136363636	18.01
3.81363636364	18.02
3.81590909091	18.03
3.81818181818	18.04
3.82045454545	18.05
3.82272727273	18.06
3.825	18.07
3.82727272727	18.08
3.82954545455	18.09
3.83181818182	18.1
3.83409090909	18.11
3.83636363636	18.12
3.83863636364	18.13
3.84090909091	18.14
3.84318181818	18.15
3.84545454545	18.16
3.84772727273	18.17
3.85	18.18
3.85227272727	18.2
3.85454545455	18.21
3.85681818182	18.22
3.85909090909	18.23
3.86136363636	18.24
3.86363636364	18.25
3.86590909091	18.26
3.86818181818	18.27
3.87045454545	18.28
3.87272727273	18.29
3.875	18.3
3.87727272727	18.31
3.87954545455	18.32
3.88181818182	18.33
3.88409090909	18.34
3.88636363636	18.35
3.88863636364	18.36
3.89090909091	18.37
3.89318181818	18.38
3.89545454545	18.39
3.89772727273	18.4
3.9	18.41
3.90227272727	18.42
3.90454545455	18.43
3.90681818182	18.44
3.90909090909	18.45
3.91136363636	18.46
3.91363636364	18.48
3.91590909091	18.49
3.91818181818	18.5
3.92045454545	18.51
3.92272727273	18.52
3.925	18.53
3.92727272727	18.54
3.92954545455	18.55
3.93181818182	18.56
3.93409090909	18.57
3.93636363636	18.58
3.93863636364	18.59
3.94090909091	18.6
3.94318181818	18.61
3.94545454545	18.62
3.94772727273	18.63
3.95	18.63
3.95227272727	18.66
3.95454545455	18.67
3.95681818182	18.68
3.95909090909	18.69
3.96136363636	18.7
3.96363636364	18.71
3.96590909091	18.72
3.96818181818	18.73
3.97045454545	18.74
3.97272727273	18.75
3.975	18.76
3.97727272727	18.77
3.97954545455	18.78
3.98181818182	18.79
3.98409090909	18.8
3.98636363636	18.81
3.98863636364	18.82
3.99090909091	18.83
3.99318181818	18.84
3.99545454545	18.85
3.99772727273	18.86
4	18.86
4.00227272727	18.89
4.00454545455	18.9
4.00681818182	18.91
4.00909090909	18.92
4.01136363636	18.92
4.01363636364	18.93
4.01590909091	18.94
4.01818181818	18.95
4.02045454545	18.96
4.02272727273	18.97
4.025	18.98
4.02727272727	18.98
4.02954545455	18.99
4.03181818182	19
4.03409090909	19.01
4.03636363636	19.04
4.03863636364	19.05
4.04090909091	19.06
4.04318181818	19.07
4.04545454545	19.08
4.04772727273	19.09
4.05	19.1
4.05227272727	19.11
4.05454545455	19.12
4.05681818182	19.13
4.05909090909	19.13
4.06136363636	19.14
4.06363636364	19.15
4.06590909091	19.16
4.06818181818	19.17
4.07045454545	19.2
4.07272727273	19.21
4.075	19.22
4.07727272727	19.23
4.07954545455	19.24
4.08181818182	19.25
4.08409090909	19.26
4.08636363636	19.27
4.08863636364	19.28
4.09090909091	19.29
4.09318181818	19.29
4.09545454545	19.31
4.09772727273	19.32
4.1	19.33
4.10227272727	19.34
4.10454545455	19.35
4.10681818182	19.36
4.10909090909	19.37
4.11136363636	19.37
4.11363636364	19.39
4.11590909091	19.4
4.11818181818	19.41
4.12045454545	19.42
4.12272727273	19.43
4.125	19.44
4.12727272727	19.45
4.12954545455	19.46
4.13181818182	19.47
4.13409090909	19.49
4.13636363636	19.49
4.13863636364	19.5
4.14090909091	19.51
4.14318181818	19.52
4.14545454545	19.53
4.14772727273	19.54
4.15	19.54
4.15227272727	19.57
4.15454545455	19.58
4.15681818182	19.59
4.15909090909	19.59
4.16136363636	19.59
4.16363636364	19.6
4.16590909091	19.61
4.16818181818	19.62
4.17045454545	19.63
4.17272727273	19.64
4.175	19.65
4.17727272727	19.67
4.17954545455	19.68
4.18181818182	19.69
4.18409090909	19.7
4.18636363636	19.71
4.18863636364	19.72
4.19090909091	19.73
4.19318181818	19.74
4.19545454545	19.75
4.19772727273	19.76
4.2	19.77
4.20227272727	19.78
4.20454545455	19.79
4.20681818182	19.8
4.20909090909	19.81
4.21136363636	19.82
4.21363636364	19.83
4.21590909091	19.84
4.21818181818	19.85
4.22045454545	19.85
4.22272727273	19.86
4.225	19.87
4.22727272727	19.88
4.22954545455	19.89
4.23181818182	19.9
4.23409090909	19.91
4.23636363636	19.92
4.23863636364	19.93
4.24090909091	19.94
4.24318181818	19.95
4.24545454545	19.98
4.24772727273	19.99
4.25	20
4.25227272727	20.01
4.25454545455	20.02
4.25681818182	20.03
4.25909090909	20.04
4.26136363636	20.05
4.26363636364	20.05
4.26590909091	20.05
4.26818181818	20.06
4.27045454545	20.07
4.27272727273	20.08
4.275	20.09
4.27727272727	20.11
4.27954545455	20.12
4.28181818182	20.13
4.28409090909	20.14
4.28636363636	20.15
4.28863636364	20.16
4.29090909091	20.16
4.29318181818	20.17
4.29545454545	20.18
4.29772727273	20.19
4.3	20.2
4.30227272727	20.23
4.30454545455	20.24
4.30681818182	20.25
4.30909090909	20.26
4.31136363636	20.27
4.31363636364	20.28
4.31590909091	20.29
4.31818181818	20.3
4.32045454545	20.3
4.32272727273	20.31
4.325	20.32
4.32727272727	20.33
4.32954545455	20.34
4.33181818182	20.35
4.33409090909	20.36
4.33636363636	20.37
4.33863636364	20.38
4.34090909091	20.39
4.34318181818	20.4
4.34545454545	20.41
4.34772727273	20.42
4.35	20.43
4.35227272727	20.44
4.35454545455	20.44
4.35681818182	20.45
4.35909090909	20.46
4.36136363636	20.47
4.36363636364	20.48
4.36590909091	20.49
4.36818181818	20.5
4.37045454545	20.51
4.37272727273	20.52
4.375	20.53
4.37727272727	20.54
4.37954545455	20.55
4.38181818182	20.56
4.38409090909	20.57
4.38636363636	20.58
4.38863636364	20.59
4.39090909091	20.6
4.39318181818	20.61
4.39545454545	20.62
4.39772727273	20.63
4.4	20.64
4.40227272727	20.67
4.40454545455	20.68
4.40681818182	20.69
4.40909090909	20.69
4.41136363636	20.7
4.41363636364	20.71
4.41590909091	20.72
4.41818181818	20.73
4.42045454545	20.74
4.42272727273	20.75
4.425	20.76
4.42727272727	20.77
4.42954545455	20.78
4.43181818182	20.79
4.43409090909	20.8
4.43636363636	20.81
4.43863636364	20.82
4.44090909091	20.83
4.44318181818	20.84
4.44545454545	20.85
4.44772727273	20.86
4.45	20.87
4.45227272727	20.89
4.45454545455	20.9
4.45681818182	20.91
4.45909090909	20.92
4.46136363636	20.92
4.46363636364	20.94
4.46590909091	20.95
4.46818181818	20.96
4.47045454545	20.97
4.47272727273	20.98
4.475	20.99
4.47727272727	21
4.47954545455	21
4.48181818182	21.01
4.48409090909	21.01
4.48636363636	21.02
4.48863636364	21.03
4.49090909091	21.04
4.49318181818	21.05
4.49545454545	21.06
4.49772727273	21.07
4.5	21.08
4.50227272727	21.11
4.50454545455	21.11
4.50681818182	21.12
4.50909090909	21.13
4.51136363636	21.14
4.51363636364	21.15
4.51590909091	21.16
4.51818181818	21.17
4.52045454545	21.18
4.52272727273	21.19
4.525	21.2
4.52727272727	21.21
4.52954545455	21.22
4.53181818182	21.23
4.53409090909	21.24
4.53636363636	21.25
4.53863636364	21.26
4.54090909091	21.27
4.54318181818	21.28
4.54545454545	21.29
4.54772727273	21.3
4.55	21.3
4.55227272727	21.31
4.55454545455	21.32
4.55681818182	21.33
4.55909090909	21.34
4.56136363636	21.35
4.56363636364	21.36
4.56590909091	21.37
4.56818181818	21.38
4.57045454545	21.39
4.57272727273	21.4
4.575	21.41
4.57727272727	21.42
4.57954545455	21.43
4.58181818182	21.44
4.58409090909	21.45
4.58636363636	21.46
4.58863636364	21.48
4.59090909091	21.49
4.59318181818	21.5
4.59545454545	21.51
4.59772727273	21.52
4.6	21.53
4.60227272727	21.54
4.60454545455	21.55
4.60681818182	21.55
4.60909090909	21.56
4.61136363636	21.56
4.61363636364	21.57
4.61590909091	21.58
4.61818181818	21.59
4.62045454545	21.6
4.62272727273	21.61
4.625	21.62
4.62727272727	21.63
4.62954545455	21.64
4.63181818182	21.65
4.63409090909	21.66
4.63636363636	21.67
4.63863636364	21.68
4.64090909091	21.69
4.64318181818	21.71
4.64545454545	21.72
4.64772727273	21.73
4.65	21.73
4.65227272727	21.74
4.65454545455	21.75
4.65681818182	21.77
4.65909090909	21.78
4.66136363636	21.79
4.66363636364	21.8
4.66590909091	21.8
4.66818181818	21.81
4.67045454545	21.82
4.67272727273	21.83
4.675	21.84
4.67727272727	21.84
4.67954545455	21.85
4.68181818182	21.86
4.68409090909	21.87
4.68636363636	21.88
4.68863636364	21.89
4.69090909091	21.9
4.69318181818	21.91
4.69545454545	21.92
4.69772727273	21.94
4.7	21.95
4.70227272727	21.95
4.70454545455	21.96
4.70681818182	21.97
4.70909090909	21.98
4.71136363636	21.99
4.71363636364	22
4.71590909091	22.02
4.71818181818	22.03
4.72045454545	22.04
4.72272727273	22.05
4.725	22.06
4.72727272727	22.07
4.72954545455	22.08
4.73181818182	22.09
4.73409090909	22.1
4.73636363636	22.11
4.73863636364	22.12
4.74090909091	22.12
4.74318181818	22.13
4.74545454545	22.14
4.74772727273	22.15
4.75	22.16
4.75227272727	22.18
4.75454545455	22.19
4.75681818182	22.2
4.75909090909	22.21
4.76136363636	22.21
4.76363636364	22.22
4.76590909091	22.23
4.76818181818	22.24
4.77045454545	22.25
4.77272727273	22.26
4.775	22.26
4.77727272727	22.27
4.77954545455	22.28
4.78181818182	22.29
4.78409090909	22.3
4.78636363636	22.31
4.78863636364	22.33
4.79090909091	22.34
4.79318181818	22.35
4.79545454545	22.36
4.79772727273	22.37
4.8	22.38
4.80227272727	22.39
4.80454545455	22.4
4.80681818182	22.41
4.80909090909	22.42
4.81136363636	22.43
4.81363636364	22.44
4.81590909091	22.45
4.81818181818	22.46
4.82045454545	22.47
4.82272727273	22.48
4.825	22.48
4.82727272727	22.5
4.82954545455	22.51
4.83181818182	22.52
4.83409090909	22.53
4.83636363636	22.54
4.83863636364	22.55
4.84090909091	22.55
4.84318181818	22.56
4.84545454545	22.57
4.84772727273	22.59
4.85	22.6
4.85227272727	22.61
4.85454545455	22.61
4.85681818182	22.62
4.85909090909	22.63
4.86136363636	22.64
4.86363636364	22.65
4.86590909091	22.66
4.86818181818	22.67
4.87045454545	22.68
4.87272727273	22.69
4.875	22.7
4.87727272727	22.71
4.87954545455	22.72
4.88181818182	22.73
4.88409090909	22.74
4.88636363636	22.75
4.88863636364	22.75
4.89090909091	22.76
4.89318181818	22.77
4.89545454545	22.78
4.89772727273	22.79
4.9	22.8
4.90227272727	22.82
4.90454545455	22.82
4.90681818182	22.83
4.90909090909	22.84
4.91136363636	22.85
4.91363636364	22.86
4.91590909091	22.87
4.91818181818	22.88
4.92045454545	22.89
4.92272727273	22.9
4.925	22.91
4.92727272727	22.92
4.92954545455	22.93
4.93181818182	22.93
4.93409090909	22.94
4.93636363636	22.95
4.93863636364	22.96
4.94090909091	22.97
4.94318181818	22.98
4.94545454545	22.99
4.94772727273	23.01
4.95	23.02
4.95227272727	23.03
4.95454545455	23.04
4.95681818182	23.05
4.95909090909	23.06
4.96136363636	23.07
4.96363636364	23.08
4.96590909091	23.09
4.96818181818	23.1
4.97045454545	23.11
4.97272727273	23.12
4.975	23.13
4.97727272727	23.14
4.97954545455	23.15
4.98181818182	23.16
4.98409090909	23.17
4.98636363636	23.18
4.98863636364	23.19
4.99090909091	23.2
4.99318181818	23.21
4.99545454545	23.22
4.99772727273	23.23
5	23.24
5.00227272727	23.25
5.00454545455	23.26
5.00681818182	23.27
5.00909090909	23.28
5.01136363636	23.29
5.01363636364	23.3
5.01590909091	23.31
5.01818181818	23.32
5.02045454545	23.33
5.02272727273	23.34
5.025	23.35
5.02727272727	23.36
5.02954545455	23.36
5.03181818182	23.37
5.03409090909	23.38
5.03636363636	23.39
5.03863636364	23.4
5.04090909091	23.41
5.04318181818	23.42
5.04545454545	23.43
5.04772727273	23.44
5.05	23.45
5.05227272727	23.46
5.05454545455	23.47
5.05681818182	23.48
5.05909090909	23.49
5.06136363636	23.5
5.06363636364	23.51
5.06590909091	23.52
5.06818181818	23.53
5.07045454545	23.54
5.07272727273	23.55
5.075	23.56
5.07727272727	23.57
5.07954545455	23.58
5.08181818182	23.59
5.08409090909	23.6
5.08636363636	23.61
5.08863636364	23.62
5.09090909091	23.63
5.09318181818	23.64
5.09545454545	23.66
5.09772727273	23.67
5.1	23.68
5.10227272727	23.68
5.10454545455	23.69
5.10681818182	23.7
5.10909090909	23.71
5.11136363636	23.72
5.11363636364	23.73
5.11590909091	23.74
5.11818181818	23.75
5.12045454545	23.76
5.12272727273	23.76
5.125	23.77
5.12727272727	23.79
5.12954545455	23.8
5.13181818182	23.81
5.13409090909	23.82
5.13636363636	23.83
5.13863636364	23.83
5.14090909091	23.84
5.14318181818	23.85
5.14545454545	23.86
5.14772727273	23.87
5.15	23.88
5.15227272727	23.9
5.15454545455	23.91
5.15681818182	23.92
5.15909090909	23.93
5.16136363636	23.94
5.16363636364	23.95
5.16590909091	23.96
5.16818181818	23.97
5.17045454545	23.98
5.17272727273	23.98
5.175	23.99
5.17727272727	24
5.17954545455	24.01
5.18181818182	24.02
5.18409090909	24.03
5.18636363636	24.04
5.18863636364	24.05
5.19090909091	24.06
5.19318181818	24.07
5.19545454545	24.08
5.19772727273	24.09
5.2	24.1
5.20227272727	24.12
5.20454545455	24.13
5.20681818182	24.14
5.20909090909	24.15
5.21136363636	24.16
5.21363636364	24.17
5.21590909091	24.17
5.21818181818	24.18
5.22045454545	24.19
5.22272727273	24.2
5.225	24.21
5.22727272727	24.22
5.22954545455	24.23
5.23181818182	24.24
5.23409090909	24.25
5.23636363636	24.26
5.23863636364	24.27
5.24090909091	24.28
5.24318181818	24.29
5.24545454545	24.3
5.24772727273	24.31
5.25	24.33
5.25227272727	24.34
5.25454545455	24.35
5.25681818182	24.36
5.25909090909	24.37
5.26136363636	24.38
5.26363636364	24.39
5.26590909091	24.4
5.26818181818	24.4
5.27045454545	24.41
5.27272727273	24.42
5.275	24.43
5.27727272727	24.44
5.27954545455	24.45
5.28181818182	24.47
5.28409090909	24.48
5.28636363636	24.49
5.28863636364	24.5
5.29090909091	24.51
5.29318181818	24.52
5.29545454545	24.53
5.29772727273	24.54
5.3	24.55
5.30227272727	24.56
5.30454545455	24.57
5.30681818182	24.58
5.30909090909	24.59
5.31136363636	24.6
5.31363636364	24.61
5.31590909091	24.62
5.31818181818	24.63
5.32045454545	24.64
5.32272727273	24.65
5.325	24.66
5.32727272727	24.67
5.32954545455	24.68
5.33181818182	24.69
5.33409090909	24.69
5.33636363636	24.7
5.33863636364	24.71
5.34090909091	24.72
5.34318181818	24.73
5.34545454545	24.74
5.34772727273	24.75
5.35	24.77
5.35227272727	24.78
5.35454545455	24.79
5.35681818182	24.8
5.35909090909	24.81
5.36136363636	24.82
5.36363636364	24.83
5.36590909091	24.84
5.36818181818	24.85
5.37045454545	24.86
5.37272727273	24.87
5.375	24.88
5.37727272727	24.89
5.37954545455	24.9
5.38181818182	24.91
5.38409090909	24.92
5.38636363636	24.93
5.38863636364	24.94
5.39090909091	24.94
5.39318181818	24.95
5.39545454545	24.96
5.39772727273	24.97
5.4	24.98
5.40227272727	25
5.40454545455	25
5.40681818182	25.02
5.40909090909	25.02
5.41136363636	25.03
5.41363636364	25.04
5.41590909091	25.05
5.41818181818	25.06
5.42045454545	25.07
5.42272727273	25.08
5.425	25.09
5.42727272727	25.1
5.42954545455	25.11
5.43181818182	25.12
5.43409090909	25.13
5.43636363636	25.14
5.43863636364	25.14
5.44090909091	25.15
5.44318181818	25.16
5.44545454545	25.17
5.44772727273	25.18
5.45	25.19
5.45227272727	25.21
5.45454545455	25.22
5.45681818182	25.23
5.45909090909	25.24
5.46136363636	25.25
5.46363636364	25.26
5.46590909091	25.27
5.46818181818	25.27
5.47045454545	25.28
5.47272727273	25.29
5.475	25.3
5.47727272727	25.31
5.47954545455	25.32
5.48181818182	25.33
5.48409090909	25.34
5.48636363636	25.35
5.48863636364	25.36
5.49090909091	25.37
5.49318181818	25.38
5.49545454545	25.39
5.49772727273	25.4
5.5	25.41
5.50227272727	25.42
5.50454545455	25.43
5.50681818182	25.44
5.50909090909	25.45
5.51136363636	25.46
5.51363636364	25.47
5.51590909091	25.48
5.51818181818	25.49
5.52045454545	25.5
5.52272727273	25.51
5.525	25.52
5.52727272727	25.53
5.52954545455	25.54
5.53181818182	25.55
5.53409090909	25.56
5.53636363636	25.57
5.53863636364	25.58
5.54090909091	25.58
5.54318181818	25.58
5.54545454545	25.6
5.54772727273	25.61
5.55	25.62
5.55227272727	25.63
5.55454545455	25.64
5.55681818182	25.65
5.55909090909	25.66
5.56136363636	25.67
5.56363636364	25.67
5.56590909091	25.68
5.56818181818	25.69
5.57045454545	25.7
5.57272727273	25.71
5.575	25.72
5.57727272727	25.73
5.57954545455	25.74
5.58181818182	25.75
5.58409090909	25.76
5.58636363636	25.77
5.58863636364	25.78
5.59090909091	25.79
5.59318181818	25.8
5.59545454545	25.81
5.59772727273	25.82
5.6	25.83
5.60227272727	25.84
5.60454545455	25.85
5.60681818182	25.86
5.60909090909	25.87
5.61136363636	25.88
5.61363636364	25.89
5.61590909091	25.9
5.61818181818	25.9
5.62045454545	25.92
5.62272727273	25.93
5.625	25.94
5.62727272727	25.95
5.62954545455	25.96
5.63181818182	25.97
5.63409090909	25.98
5.63636363636	25.99
5.63863636364	26
5.64090909091	26.01
5.64318181818	26.01
5.64545454545	26.02
5.64772727273	26.03
5.65	26.04
5.65227272727	26.06
5.65454545455	26.07
5.65681818182	26.08
5.65909090909	26.09
5.66136363636	26.1
5.66363636364	26.11
5.66590909091	26.12
5.66818181818	26.13
5.67045454545	26.14
5.67272727273	26.15
5.675	26.16
5.67727272727	26.16
5.67954545455	26.17
5.68181818182	26.18
5.68409090909	26.19
5.68636363636	26.2
5.68863636364	26.21
5.69090909091	26.22
5.69318181818	26.23
5.69545454545	26.24
5.69772727273	26.25
5.7	26.26
5.70227272727	26.27
5.70454545455	26.28
5.70681818182	26.28
5.70909090909	26.29
5.71136363636	26.31
5.71363636364	26.32
5.71590909091	26.33
5.71818181818	26.34
5.72045454545	26.35
5.72272727273	26.36
5.725	26.37
5.72727272727	26.38
5.72954545455	26.39
5.73181818182	26.4
5.73409090909	26.41
5.73636363636	26.42
5.73863636364	26.43
5.74090909091	26.44
5.74318181818	26.45
5.74545454545	26.46
5.74772727273	26.47
5.75	26.48
5.75227272727	26.49
5.75454545455	26.5
5.75681818182	26.51
5.75909090909	26.52
5.76136363636	26.53
5.76363636364	26.54
5.76590909091	26.55
5.76818181818	26.56
5.77045454545	26.57
5.77272727273	26.58
5.775	26.59
5.77727272727	26.6
5.77954545455	26.61
5.78181818182	26.62
5.78409090909	26.63
5.78636363636	26.64
5.78863636364	26.64
5.79090909091	26.66
5.79318181818	26.67
5.79545454545	26.67
5.79772727273	26.68
5.8	26.69
5.80227272727	26.71
5.80454545455	26.72
5.80681818182	26.73
5.80909090909	26.74
5.81136363636	26.75
5.81363636364	26.76
5.81590909091	26.77
5.81818181818	26.78
5.82045454545	26.79
5.82272727273	26.79
5.825	26.8
5.82727272727	26.81
5.82954545455	26.82
5.83181818182	26.83
5.83409090909	26.84
5.83636363636	26.85
5.83863636364	26.86
5.84090909091	26.87
5.84318181818	26.88
5.84545454545	26.89
5.84772727273	26.9
5.85	26.91
5.85227272727	26.93
5.85454545455	26.94
5.85681818182	26.94
5.85909090909	26.96
5.86136363636	26.97
5.86363636364	26.97
5.86590909091	26.98
5.86818181818	26.99
5.87045454545	27
5.87272727273	27.01
5.875	27.02
5.87727272727	27.03
5.87954545455	27.04
5.88181818182	27.05
5.88409090909	27.06
5.88636363636	27.07
5.88863636364	27.08
5.89090909091	27.09
5.89318181818	27.1
5.89545454545	27.11
5.89772727273	27.12
5.9	27.13
5.90238095238	27.14
5.90476190476	27.15
5.90714285714	27.16
5.90952380952	27.17
5.9119047619	27.18
5.91428571429	27.19
5.91666666667	27.2
5.91904761905	27.21
5.92142857143	27.22
5.92380952381	27.23
5.92619047619	27.24
5.92857142857	27.25
5.93095238095	27.26
5.93333333333	27.27
5.93571428571	27.28
5.9380952381	27.29
5.94047619048	27.3
5.94285714286	27.31
5.94523809524	27.32
5.94761904762	27.33
5.95	27.34
5.95238095238	27.35
5.95476190476	27.36
5.95714285714	27.37
5.95952380952	27.38
5.9619047619	27.39
5.96428571429	27.4
5.96666666667	27.41
5.96904761905	27.41
5.97142857143	27.42
5.97380952381	27.43
5.97619047619	27.44
5.97857142857	27.45
5.98095238095	27.46
5.98333333333	27.47
5.98571428571	27.48
5.9880952381	27.49
5.99047619048	27.5
5.99285714286	27.51
5.99523809524	27.52
5.99761904762	27.53
6	27.54
6.00238095238	27.55
6.00476190476	27.56
6.0065018315	27.57
6.00831425519	27.58
6.01029929066	27.59
6.01250488562	27.6
6.01484833027	27.61
6.01719177492	27.62
6.01953521957	27.63
6.02187866421	27.64
6.02422210886	27.65
6.02656555351	27.66
6.02890899816	27.67
6.03125244281	27.68
6.03359588746	27.69
6.03593933211	27.7
6.03828277676	27.71
6.0406262214	27.72
6.04296966605	27.73
6.0453131107	27.74
6.04765655535	27.75
6.05	27.76
6.05238095238	27.77
6.05476190476	27.78
6.05714285714	27.8
6.05952380952	27.8
6.0619047619	27.81
6.06428571429	27.82
6.06666666667	27.83
6.06904761905	27.85
6.07142857143	27.86
6.07380952381	27.87
6.07619047619	27.88
6.07857142857	27.89
6.08095238095	27.9
6.08333333333	27.91
6.08571428571	27.92
6.0880952381	27.93
6.09047619048	27.94
6.09285714286	27.95
6.09523809524	27.96
6.09761904762	27.97
6.1	27.98
6.10238095238	28
6.10476190476	28.01
6.10714285714	28.02
6.10952380952	28.03
6.1119047619	28.04
6.11428571429	28.05
6.11666666667	28.06
6.11904761905	28.07
6.12142857143	28.08
6.12380952381	28.09
6.12619047619	28.1
6.12857142857	28.11
6.13095238095	28.12
6.13333333333	28.13
6.13571428571	28.14
6.1380952381	28.15
6.14047619048	28.16
6.14285714286	28.17
6.14523809524	28.18
6.14761904762	28.19
6.15	28.2
6.15238095238	28.21
6.15476190476	28.22
6.15714285714	28.23
6.15952380952	28.24
6.1619047619	28.25
6.16428571429	28.26
6.16666666667	28.27
6.16904761905	28.28
6.17142857143	28.29
6.17380952381	28.3
6.17619047619	28.31
6.17857142857	28.32
6.18095238095	28.33
6.18333333333	28.34
6.18571428571	28.35
6.1880952381	28.36
6.19047619048	28.37
6.19285714286	28.38
6.19523809524	28.39
6.19761904762	28.4
6.2	28.41
6.20238095238	28.42
6.20476190476	28.43
6.20714285714	28.45
6.20952380952	28.46
6.2119047619	28.47
6.21428571429	28.47
6.21666666667	28.48
6.21904761905	28.49
6.22142857143	28.5
6.22380952381	28.52
6.22619047619	28.52
6.22857142857	28.53
6.23095238095	28.54
6.23333333333	28.55
6.23571428571	28.56
6.2380952381	28.58
6.24047619048	28.59
6.24285714286	28.6
6.24523809524	28.61
6.24761904762	28.62
6.25	28.63
6.25238095238	28.64
6.25476190476	28.65
6.25714285714	28.66
6.25952380952	28.67
6.2619047619	28.68
6.26428571429	28.69
6.26666666667	28.7
6.26904761905	28.71
6.27142857143	28.72
6.27380952381	28.73
6.27619047619	28.74
6.27857142857	28.75
6.28095238095	28.76
6.28333333333	28.77
6.28571428571	28.78
6.2880952381	28.79
6.29047619048	28.8
6.29285714286	28.81
6.29523809524	28.82
6.29761904762	28.83
6.3	28.84
6.30238095238	28.85
6.30476190476	28.86
6.30714285714	28.87
6.30952380952	28.88
6.3119047619	28.89
6.31428571429	28.9
6.31666666667	28.91
6.31904761905	28.92
6.32142857143	28.93
6.32380952381	28.94
6.32619047619	28.95
6.32857142857	28.96
6.33095238095	28.97
6.33333333333	28.98
6.33571428571	28.99
6.3380952381	29
6.34047619048	29.01
6.34285714286	29.02
6.34523809524	29.03
6.34761904762	29.04
6.35	29.05
6.35238095238	29.06
6.35476190476	29.07
6.35714285714	29.08
6.35952380952	29.09
6.3619047619	29.1
6.36428571429	29.11
6.36666666667	29.12
6.36904761905	29.13
6.37142857143	29.14
6.37380952381	29.15
6.37619047619	29.16
6.37857142857	29.17
6.38095238095	29.18
6.38333333333	29.19
6.38571428571	29.2
6.3880952381	29.21
6.39047619048	29.22
6.39285714286	29.24
6.39523809524	29.25
6.39761904762	29.26
6.4	29.27
6.40238095238	29.28
6.40476190476	29.29
6.40714285714	29.3
6.40952380952	29.31
6.4119047619	29.32
6.41428571429	29.33
6.41666666667	29.34
6.41904761905	29.35
6.42142857143	29.36
6.42380952381	29.37
6.42619047619	29.38
6.42857142857	29.39
6.43095238095	29.4
6.43333333333	29.41
6.43571428571	29.42
6.4380952381	29.43
6.44047619048	29.44
6.44285714286	29.45
6.44523809524	29.46
6.44761904762	29.47
6.45	29.48
6.45238095238	29.49
6.45476190476	29.5
6.45714285714	29.51
6.45952380952	29.52
6.4619047619	29.53
6.46428571429	29.54
6.46666666667	29.55
6.46904761905	29.56
6.47142857143	29.57
6.47380952381	29.58
6.47619047619	29.59
6.47857142857	29.6
6.48095238095	29.61
6.48333333333	29.62
6.48571428571	29.62
6.4880952381	29.63
6.49047619048	29.64
6.49285714286	29.65
6.49523809524	29.66
6.49761904762	29.67
6.5	29.68
6.50238095238	29.69
6.50476190476	29.7
6.50714285714	29.71
6.50952380952	29.72
6.5119047619	29.73
6.51428571429	29.74
6.51666666667	29.75
6.51904761905	29.76
6.52142857143	29.77
6.52380952381	29.78
6.52619047619	29.79
6.52857142857	29.8
6.53095238095	29.81
6.53333333333	29.82
6.53571428571	29.83
6.5380952381	29.84
6.54047619048	29.85
6.54285714286	29.86
6.54523809524	29.87
6.54761904762	29.88
6.55	29.88
6.55238095238	29.9
6.55476190476	29.91
6.55714285714	29.92
6.55952380952	29.92
6.5619047619	29.94
6.56428571429	29.95
6.56666666667	29.95
6.56904761905	29.96
6.57142857143	29.97
6.57380952381	29.98
6.57619047619	29.99
6.57857142857	30
6.58095238095	30.01
6.58333333333	30.02
6.58571428571	30.03
6.5880952381	30.04
6.59047619048	30.05
6.59285714286	30.06
6.59523809524	30.07
6.59761904762	30.08
6.6	30.09
6.60238095238	30.11
6.60476190476	30.12
6.60714285714	30.13
6.60952380952	30.14
6.6119047619	30.15
6.61428571429	30.16
6.61666666667	30.17
6.61904761905	30.18
6.62142857143	30.19
6.62380952381	30.2
6.62619047619	30.21
6.62857142857	30.22
6.63095238095	30.23
6.63333333333	30.24
6.63571428571	30.25
6.6380952381	30.26
6.64047619048	30.27
6.64285714286	30.28
6.64523809524	30.29
6.64761904762	30.29
6.65	30.31
6.65238095238	30.32
6.65476190476	30.33
6.65714285714	30.34
6.65952380952	30.35
6.6619047619	30.36
6.66428571429	30.37
6.66666666667	30.38
6.66904761905	30.39
6.67142857143	30.39
6.67380952381	30.4
6.67619047619	30.41
6.67857142857	30.41
6.68095238095	30.43
6.68333333333	30.44
6.68571428571	30.45
6.6880952381	30.46
6.69047619048	30.47
6.69285714286	30.48
6.69523809524	30.49
6.69761904762	30.5
6.7	30.52
6.70238095238	30.53
6.70476190476	30.54
6.70714285714	30.55
6.70952380952	30.56
6.7119047619	30.57
6.71428571429	30.58
6.71666666667	30.59
6.71904761905	30.6
6.72142857143	30.61
6.72380952381	30.62
6.72619047619	30.63
6.72857142857	30.63
6.73095238095	30.64
6.73333333333	30.65
6.73571428571	30.66
6.7380952381	30.67
6.74047619048	30.68
6.74285714286	30.69
6.74523809524	30.7
6.74761904762	30.71
6.75	30.72
6.75238095238	30.73
6.75476190476	30.74
6.75714285714	30.75
6.75952380952	30.76
6.7619047619	30.76
6.76428571429	30.77
6.76666666667	30.78
6.76904761905	30.79
6.77142857143	30.8
6.77380952381	30.81
6.77619047619	30.82
6.77857142857	30.83
6.78095238095	30.84
6.78333333333	30.86
6.78571428571	30.87
6.7880952381	30.88
6.79047619048	30.89
6.79285714286	30.9
6.79523809524	30.91
6.79761904762	30.92
6.8	30.93
6.80238095238	30.94
6.80476190476	30.95
6.80714285714	30.96
6.80952380952	30.97
6.8119047619	30.98
6.81428571429	30.99
6.81666666667	31
6.81904761905	31.01
6.82142857143	31.02
6.82380952381	31.02
6.82619047619	31.03
6.82857142857	31.04
6.83095238095	31.05
6.83333333333	31.06
6.83571428571	31.07
6.8380952381	31.08
6.84047619048	31.09
6.84285714286	31.1
6.84523809524	31.11
6.84761904762	31.12
6.85	31.13
6.85238095238	31.14
6.85476190476	31.15
6.85714285714	31.16
6.85952380952	31.17
6.8619047619	31.18
6.86428571429	31.19
6.86666666667	31.2
6.86904761905	31.21
6.87142857143	31.22
6.87380952381	31.23
6.87619047619	31.24
6.87857142857	31.25
6.88095238095	31.26
6.88333333333	31.27
6.88571428571	31.28
6.8880952381	31.29
6.89047619048	31.3
6.89285714286	31.31
6.89523809524	31.32
6.89761904762	31.33
6.9	31.34
6.90238095238	31.35
6.90476190476	31.36
6.90714285714	31.37
6.90952380952	31.38
6.9119047619	31.39
6.91428571429	31.4
6.91666666667	31.41
6.91904761905	31.42
6.92142857143	31.43
6.92380952381	31.44
6.92619047619	31.45
6.92857142857	31.46
6.93095238095	31.47
6.93333333333	31.48
6.93571428571	31.49
6.9380952381	31.5
6.94047619048	31.51
6.94285714286	31.51
6.94523809524	31.52
6.94761904762	31.53
6.95	31.54
6.95238095238	31.56
6.95476190476	31.56
6.95714285714	31.57
6.95952380952	31.58
6.9619047619	31.58
6.96428571429	31.6
6.96666666667	31.61
6.96904761905	31.62
6.97142857143	31.63
6.97380952381	31.64
6.97619047619	31.65
6.97857142857	31.66
6.98095238095	31.67
6.98333333333	31.68
6.98571428571	31.69
6.9880952381	31.7
6.99047619048	31.71
6.99285714286	31.72
6.99523809524	31.73
6.99761904762	31.74
7	31.75
7.00238095238	31.76
7.00476190476	31.77
7.00714285714	31.78
7.00952380952	31.79
7.0119047619	31.8
7.01428571429	31.81
7.01666666667	31.82
7.01904761905	31.83
7.02142857143	31.84
7.02380952381	31.85
7.02619047619	31.86
7.02857142857	31.87
7.03095238095	31.88
7.03333333333	31.89
7.03571428571	31.9
7.0380952381	31.91
7.04047619048	31.92
7.04285714286	31.93
7.04523809524	31.94
7.04761904762	31.95
7.05	31.96
7.05238095238	31.97
7.05476190476	31.98
7.05714285714	31.99
7.05952380952	32
7.0619047619	32.01
7.06428571429	32.01
7.06666666667	32.03
7.06904761905	32.03
7.07142857143	32.04
7.07380952381	32.05
7.07619047619	32.06
7.07857142857	32.07
7.08095238095	32.08
7.08333333333	32.09
7.08571428571	32.1
7.0880952381	32.11
7.09047619048	32.12
7.09285714286	32.13
7.09523809524	32.14
7.09761904762	32.15
7.1	32.16
7.10238095238	32.17
7.10476190476	32.18
7.10714285714	32.19
7.10952380952	32.19
7.1119047619	32.2
7.11428571429	32.21
7.11666666667	32.22
7.11904761905	32.23
7.12142857143	32.24
7.12380952381	32.25
7.12619047619	32.26
7.12857142857	32.27
7.13095238095	32.27
7.13333333333	32.29
7.13571428571	32.3
7.1380952381	32.31
7.14047619048	32.32
7.14285714286	32.33
7.14523809524	32.34
7.14761904762	32.35
7.15	32.36
7.15238095238	32.37
7.15476190476	32.38
7.15714285714	32.39
7.15952380952	32.4
7.1619047619	32.41
7.16428571429	32.42
7.16666666667	32.43
7.16904761905	32.44
7.17142857143	32.45
7.17380952381	32.46
7.17619047619	32.47
7.17857142857	32.48
7.18095238095	32.49
7.18333333333	32.5
7.18571428571	32.51
7.1880952381	32.52
7.19047619048	32.53
7.19285714286	32.54
7.19523809524	32.55
7.19761904762	32.56
7.2	32.57
7.20238095238	32.59
7.20476190476	32.6
7.20714285714	32.61
7.20952380952	32.62
7.2119047619	32.63
7.21428571429	32.64
7.21666666667	32.65
7.21904761905	32.66
7.22142857143	32.67
7.22380952381	32.68
7.22619047619	32.68
7.22857142857	32.69
7.23095238095	32.7
7.23333333333	32.71
7.23571428571	32.72
7.2380952381	32.73
7.24047619048	32.74
7.24285714286	32.75
7.24523809524	32.76
7.24761904762	32.77
7.25	32.78
7.25238095238	32.79
7.25476190476	32.8
7.25714285714	32.81
7.25952380952	32.82
7.2619047619	32.83
7.26428571429	32.84
7.26666666667	32.85
7.26904761905	32.86
7.27142857143	32.87
7.27380952381	32.88
7.27619047619	32.89
7.27857142857	32.9
7.28095238095	32.91
7.28333333333	32.92
7.28571428571	32.93
7.2880952381	32.94
7.29047619048	32.95
7.29285714286	32.96
7.29523809524	32.97
7.29761904762	32.98
7.3	32.99
7.30238095238	33
7.30476190476	33.01
7.30714285714	33.02
7.30952380952	33.03
7.3119047619	33.04
7.31428571429	33.05
7.31666666667	33.06
7.31904761905	33.07
7.32142857143	33.08
7.32380952381	33.09
7.32619047619	33.1
7.32857142857	33.11
7.33095238095	33.12
7.33333333333	33.13
7.33571428571	33.14
7.3380952381	33.14
7.34047619048	33.15
7.34285714286	33.16
7.34523809524	33.17
7.34761904762	33.18
7.35	33.19
7.35238095238	33.21
7.35476190476	33.21
7.35714285714	33.22
7.35952380952	33.23
7.3619047619	33.24
7.36428571429	33.25
7.36666666667	33.26
7.36904761905	33.27
7.37142857143	33.28
7.37380952381	33.29
7.37619047619	33.3
7.37857142857	33.31
7.38095238095	33.32
7.38333333333	33.33
7.38571428571	33.34
7.3880952381	33.35
7.39047619048	33.36
7.39285714286	33.37
7.39523809524	33.38
7.39761904762	33.38
7.4	33.4
7.40238095238	33.41
7.40476190476	33.42
7.40714285714	33.43
7.40952380952	33.43
7.4119047619	33.44
7.41428571429	33.45
7.41666666667	33.46
7.41904761905	33.47
7.42142857143	33.48
7.42380952381	33.49
7.42619047619	33.5
7.42857142857	33.51
7.43095238095	33.52
7.43333333333	33.53
7.43571428571	33.54
7.4380952381	33.55
7.44047619048	33.56
7.44285714286	33.57
7.44523809524	33.58
7.44761904762	33.59
7.45	33.6
7.45238095238	33.61
7.45476190476	33.62
7.45714285714	33.63
7.45952380952	33.64
7.4619047619	33.65
7.46428571429	33.66
7.46666666667	33.67
7.46904761905	33.68
7.47142857143	33.7
7.47380952381	33.71
7.47619047619	33.72
7.47857142857	33.73
7.48095238095	33.74
7.48333333333	33.75
7.48571428571	33.76
7.4880952381	33.77
7.49047619048	33.79
7.49285714286	33.8
7.49523809524	33.81
7.49761904762	33.82
7.5	33.83
7.50238095238	33.84
7.50476190476	33.85
7.50714285714	33.86
7.50952380952	33.87
7.5119047619	33.88
7.51428571429	33.89
7.51666666667	33.9
7.51904761905	33.91
7.52142857143	33.92
7.52380952381	33.93
7.52619047619	33.94
7.52857142857	33.95
7.53095238095	33.96
7.53333333333	33.97
7.53571428571	33.98
7.5380952381	33.99
7.54047619048	34
7.54285714286	34
7.54523809524	34.01
7.54761904762	34.02
7.55	34.03
7.55238095238	34.05
7.55476190476	34.06
7.55714285714	34.07
7.55952380952	34.08
7.5619047619	34.09
7.56428571429	34.1
7.56666666667	34.1
7.56904761905	34.11
7.57142857143	34.12
7.57380952381	34.13
7.57619047619	34.14
7.57857142857	34.16
7.58095238095	34.17
7.58333333333	34.18
7.58571428571	34.19
7.5880952381	34.2
7.59047619048	34.21
7.59285714286	34.22
7.59523809524	34.23
7.59761904762	34.25
7.6	34.26
7.60227272727	34.27
7.60454545455	34.29
7.60681818182	34.3
7.60909090909	34.31
7.61136363636	34.32
7.61363636364	34.33
7.61590909091	34.34
7.61818181818	34.35
7.62045454545	34.36
7.62272727273	34.37
7.625	34.37
7.62727272727	34.38
7.62954545455	34.39
7.63181818182	34.4
7.63409090909	34.41
7.63636363636	34.42
7.63863636364	34.43
7.64090909091	34.44
7.64318181818	34.45
7.64545454545	34.46
7.64772727273	34.47
7.65	34.48
7.65227272727	34.49
7.65454545455	34.5
7.65681818182	34.5
7.65909090909	34.51
7.66136363636	34.52
7.66363636364	34.53
7.66590909091	34.54
7.66818181818	34.55
7.67045454545	34.56
7.67272727273	34.57
7.675	34.58
7.67727272727	34.59
7.67954545455	34.6
7.68181818182	34.61
7.68409090909	34.62
7.68636363636	34.63
7.68863636364	34.64
7.69090909091	34.65
7.69318181818	34.66
7.69545454545	34.67
7.69772727273	34.68
7.7	34.69
7.70227272727	34.7
7.70454545455	34.71
7.70681818182	34.72
7.70909090909	34.73
7.71136363636	34.74
7.71363636364	34.75
7.71590909091	34.76
7.71818181818	34.77
7.72045454545	34.78
7.72272727273	34.79
7.725	34.8
7.72727272727	34.81
7.72954545455	34.82
7.73181818182	34.83
7.73409090909	34.84
7.73636363636	34.85
7.73863636364	34.86
7.74090909091	34.87
7.74318181818	34.88
7.74545454545	34.89
7.74772727273	34.9
7.75	34.91
7.75227272727	34.92
7.75454545455	34.93
7.75681818182	34.95
7.75909090909	34.96
7.76136363636	34.97
7.76363636364	34.98
7.76590909091	34.99
7.76818181818	35
7.77045454545	35.01
7.77272727273	35.02
7.775	35.04
7.77727272727	35.05
7.77954545455	35.06
7.78181818182	35.07
7.78409090909	35.08
7.78636363636	35.09
7.78863636364	35.1
7.79090909091	35.11
7.79318181818	35.11
7.79545454545	35.12
7.79772727273	35.13
7.8	35.14
7.80227272727	35.15
7.80454545455	35.15
7.80681818182	35.17
7.80909090909	35.18
7.81136363636	35.19
7.81363636364	35.2
7.81590909091	35.21
7.81818181818	35.22
7.82045454545	35.23
7.82272727273	35.24
7.825	35.25
7.82727272727	35.26
7.82954545455	35.27
7.83181818182	35.28
7.83409090909	35.29
7.83636363636	35.3
7.83863636364	35.31
7.84090909091	35.32
7.84318181818	35.33
7.84545454545	35.34
7.84772727273	35.35
7.85	35.36
7.85227272727	35.37
7.85454545455	35.38
7.85681818182	35.39
7.85909090909	35.4
7.86136363636	35.41
7.86363636364	35.42
7.86590909091	35.42
7.86818181818	35.44
7.87045454545	35.45
7.87272727273	35.46
7.875	35.47
7.87727272727	35.48
7.87954545455	35.49
7.88181818182	35.49
7.88409090909	35.5
7.88636363636	35.51
7.88863636364	35.52
7.89090909091	35.53
7.89318181818	35.54
7.89545454545	35.55
7.89772727273	35.56
7.9	35.57
7.90227272727	35.58
7.90454545455	35.59
7.90681818182	35.6
7.90909090909	35.61
7.91136363636	35.62
7.91363636364	35.63
7.91590909091	35.64
7.91818181818	35.65
7.92045454545	35.66
7.92272727273	35.67
7.925	35.68
7.92727272727	35.69
7.92954545455	35.7
7.93181818182	35.71
7.93409090909	35.72
7.93636363636	35.73
7.93863636364	35.74
7.94090909091	35.75
7.94318181818	35.75
7.94545454545	35.76
7.94772727273	35.77
7.95	35.79
7.95227272727	35.8
7.95454545455	35.81
7.95681818182	35.82
7.95909090909	35.83
7.96136363636	35.84
7.96363636364	35.84
7.96590909091	35.86
7.96818181818	35.86
7.97045454545	35.88
7.97272727273	35.89
7.975	35.9
7.97727272727	35.91
7.97954545455	35.92
7.98181818182	35.93
7.98409090909	35.94
7.98636363636	35.96
7.98863636364	35.97
7.99090909091	35.98
7.99318181818	35.99
7.99545454545	36
7.99772727273	36.01
8	36.02
8.00227272727	36.04
8.00454545455	36.05
8.00681818182	36.06
8.00909090909	36.07
8.01136363636	36.08
8.01363636364	36.08
8.01590909091	36.1
8.01818181818	36.11
8.02045454545	36.12
8.02272727273	36.13
8.025	36.14
8.02727272727	36.14
8.02954545455	36.15
8.03181818182	36.16
8.03409090909	36.17
8.03636363636	36.18
8.03863636364	36.19
8.04090909091	36.2
8.04318181818	36.21
8.04545454545	36.22
8.04772727273	36.23
8.05	36.24
8.05227272727	36.25
8.05454545455	36.26
8.05681818182	36.27
8.05909090909	36.27
8.06136363636	36.28
8.06363636364	36.3
8.06590909091	36.31
8.06818181818	36.32
8.07045454545	36.33
8.07272727273	36.34
8.075	36.35
8.07727272727	36.35
8.07954545455	36.36
8.08181818182	36.37
8.08409090909	36.38
8.08636363636	36.39
8.08863636364	36.4
8.09090909091	36.41
8.09318181818	36.42
8.09545454545	36.43
8.09772727273	36.44
8.1	36.45
8.10227272727	36.48
8.10454545455	36.49
8.10681818182	36.5
8.10909090909	36.51
8.11136363636	36.52
8.11363636364	36.53
8.11590909091	36.54
8.11818181818	36.55
8.12045454545	36.56
8.12272727273	36.57
8.125	36.58
8.12727272727	36.59
8.12954545455	36.6
8.13181818182	36.61
8.13409090909	36.62
8.13636363636	36.63
8.13863636364	36.64
8.14090909091	36.65
8.14318181818	36.65
8.14545454545	36.66
8.14772727273	36.67
8.15	36.68
8.15227272727	36.7
8.15454545455	36.7
8.15681818182	36.7
8.15909090909	36.71
8.16136363636	36.72
8.16363636364	36.73
8.16590909091	36.74
8.16818181818	36.75
8.17045454545	36.76
8.17272727273	36.77
8.175	36.78
8.17727272727	36.79
8.17954545455	36.8
8.18181818182	36.81
8.18409090909	36.82
8.18636363636	36.83
8.18863636364	36.85
8.19090909091	36.86
8.19318181818	36.87
8.19545454545	36.88
8.19772727273	36.89
8.2	36.9
8.20227272727	36.91
8.20454545455	36.92
8.20681818182	36.93
8.20909090909	36.94
8.21136363636	36.95
8.21363636364	36.96
8.21590909091	36.97
8.21818181818	36.98
8.22045454545	36.99
8.22272727273	37
8.225	37.01
8.22727272727	37.02
8.22954545455	37.03
8.23181818182	37.03
8.23409090909	37.04
8.23636363636	37.05
8.23863636364	37.08
8.24090909091	37.09
8.24318181818	37.1
8.24545454545	37.11
8.24772727273	37.12
8.25	37.13
8.25227272727	37.15
8.25454545455	37.16
8.25681818182	37.17
8.25909090909	37.18
8.26136363636	37.19
8.26363636364	37.2
8.26590909091	37.21
8.26818181818	37.22
8.27045454545	37.23
8.27272727273	37.24
8.275	37.25
8.27727272727	37.26
8.27954545455	37.27
8.28181818182	37.28
8.28409090909	37.29
8.28636363636	37.3
8.28863636364	37.31
8.29090909091	37.32
8.29318181818	37.33
8.29545454545	37.34
8.29772727273	37.35
8.3	37.36
8.30227272727	37.38
8.30454545455	37.39
8.30681818182	37.4
8.30909090909	37.41
8.31136363636	37.42
8.31363636364	37.43
8.31590909091	37.44
8.31818181818	37.45
8.32045454545	37.46
8.32272727273	37.47
8.325	37.48
8.32727272727	37.49
8.32954545455	37.49
8.33181818182	37.5
8.33409090909	37.51
8.33636363636	37.52
8.33863636364	37.53
8.34090909091	37.54
8.34318181818	37.55
8.34545454545	37.56
8.34772727273	37.57
8.35	37.6
8.35227272727	37.61
8.35454545455	37.62
8.35681818182	37.63
8.35909090909	37.65
8.36136363636	37.66
8.36363636364	37.67
8.36590909091	37.68
8.36818181818	37.69
8.37045454545	37.7
8.37272727273	37.71
8.375	37.73
8.37727272727	37.74
8.37954545455	37.75
8.38181818182	37.76
8.38409090909	37.77
8.38636363636	37.78
8.38863636364	37.79
8.39090909091	37.8
8.39318181818	37.81
8.39545454545	37.82
8.39772727273	37.83
8.4	37.84
8.40227272727	37.85
8.40454545455	37.86
8.40681818182	37.87
8.40909090909	37.88
8.41136363636	37.89
8.41363636364	37.9
8.41590909091	37.91
8.41818181818	37.92
8.42045454545	37.93
8.42272727273	37.94
8.425	37.95
8.42727272727	37.95
8.42954545455	37.96
8.43181818182	37.97
8.43409090909	37.98
8.43636363636	37.99
8.43863636364	38
8.44090909091	38.01
8.44318181818	38.04
8.44545454545	38.05
8.44772727273	38.06
8.45	38.07
8.45227272727	38.08
8.45454545455	38.09
8.45681818182	38.1
8.45909090909	38.11
8.46136363636	38.12
8.46363636364	38.13
8.46590909091	38.14
8.46818181818	38.15
8.47045454545	38.15
8.47272727273	38.16
8.475	38.17
8.47727272727	38.18
8.47954545455	38.19
8.48181818182	38.2
8.48409090909	38.22
8.48636363636	38.22
8.48863636364	38.23
8.49090909091	38.25
8.49318181818	38.26
8.49545454545	38.27
8.49772727273	38.28
8.5	38.29
8.50227272727	38.3
8.50454545455	38.31
8.50681818182	38.32
8.50909090909	38.33
8.51136363636	38.34
8.51363636364	38.35
8.51590909091	38.37
8.51818181818	38.38
8.52045454545	38.38
8.52272727273	38.41
8.525	38.42
8.52727272727	38.43
8.52954545455	38.44
8.53181818182	38.46
8.53409090909	38.47
8.53636363636	38.48
8.53863636364	38.49
8.54090909091	38.5
8.54318181818	38.52
8.54545454545	38.53
8.54772727273	38.54
8.55	38.55
8.55227272727	38.56
8.55454545455	38.57
8.55681818182	38.57
8.55909090909	38.58
8.56136363636	38.6
8.56363636364	38.61
8.56590909091	38.62
8.56818181818	38.63
8.57045454545	38.64
8.57272727273	38.65
8.575	38.66
8.57727272727	38.67
8.57954545455	38.68
8.58181818182	38.69
8.58409090909	38.7
8.58636363636	38.71
8.58863636364	38.72
8.59090909091	38.73
8.59318181818	38.74
8.59545454545	38.75
8.59772727273	38.76
8.6	38.77
8.60227272727	38.78
8.60454545455	38.79
8.60681818182	38.8
8.60909090909	38.82
8.61136363636	38.83
8.61363636364	38.84
8.61590909091	38.85
8.61818181818	38.86
8.62045454545	38.87
8.62272727273	38.88
8.625	38.89
8.62727272727	38.89
8.62954545455	38.9
8.63181818182	38.91
8.63409090909	38.92
8.63636363636	38.93
8.63863636364	38.96
8.64090909091	38.97
8.64318181818	38.98
8.64545454545	38.99
8.64772727273	39
8.65	39
8.65227272727	39.01
8.65454545455	39.02
8.65681818182	39.03
8.65909090909	39.06
8.66136363636	39.07
8.66363636364	39.08
8.66590909091	39.09
8.66818181818	39.1
8.67045454545	39.11
8.67272727273	39.12
8.675	39.12
8.67727272727	39.13
8.67954545455	39.16
8.68181818182	39.17
8.68409090909	39.18
8.68636363636	39.19
8.68863636364	39.2
8.69090909091	39.21
8.69318181818	39.22
8.69545454545	39.23
8.69772727273	39.24
8.7	39.26
8.70227272727	39.27
8.70454545455	39.28
8.70681818182	39.29
8.70909090909	39.3
8.71136363636	39.31
8.71363636364	39.33
8.71590909091	39.34
8.71818181818	39.35
8.72045454545	39.36
8.72272727273	39.37
8.725	39.38
8.72727272727	39.38
8.72954545455	39.41
8.73181818182	39.42
8.73409090909	39.43
8.73636363636	39.44
8.73863636364	39.45
8.74090909091	39.46
8.74318181818	39.47
8.74545454545	39.49
8.74772727273	39.5
8.75	39.51
8.75227272727	39.51
8.75454545455	39.52
8.75681818182	39.53
8.75909090909	39.54
8.76136363636	39.55
8.76363636364	39.56
8.76590909091	39.59
8.76818181818	39.6
8.77045454545	39.61
8.77272727273	39.62
8.775	39.63
8.77727272727	39.64
8.77954545455	39.65
8.78181818182	39.66
8.78409090909	39.67
8.78636363636	39.68
8.78863636364	39.69
8.79090909091	39.71
8.79318181818	39.72
8.79545454545	39.73
8.79772727273	39.73
8.8	39.74
8.80227272727	39.75
8.80454545455	39.76
8.80681818182	39.77
8.80909090909	39.8
8.81136363636	39.8
8.81363636364	39.81
8.81590909091	39.82
8.81818181818	39.83
8.82045454545	39.84
8.82272727273	39.86
8.825	39.87
8.82727272727	39.88
8.82954545455	39.89
8.83181818182	39.9
8.83409090909	39.91
8.83636363636	39.93
8.83863636364	39.94
8.84090909091	39.95
8.84318181818	39.96
8.84545454545	39.98
8.84772727273	39.99
8.85	40
8.85227272727	40.02
8.85454545455	40.03
8.85681818182	40.04
8.85909090909	40.05
8.86136363636	40.06
8.86363636364	40.08
8.86590909091	40.09
8.86818181818	40.1
8.87045454545	40.11
8.87272727273	40.11
8.875	40.12
8.87727272727	40.13
8.87954545455	40.14
8.88181818182	40.15
8.88409090909	40.18
8.88636363636	40.19
8.88863636364	40.2
8.89090909091	40.21
8.89318181818	40.22
8.89545454545	40.23
8.89772727273	40.24
8.9	40.25
8.90227272727	40.27
8.90454545455	40.28
8.90681818182	40.29
8.90909090909	40.3
8.91136363636	40.31
8.91363636364	40.32
8.91590909091	40.33
8.91818181818	40.34
8.92045454545	40.36
8.92272727273	40.36
8.925	40.37
8.92727272727	40.38
8.92954545455	40.41
8.93181818182	40.42
8.93409090909	40.43
8.93636363636	40.44
8.93863636364	40.45
8.94090909091	40.46
8.94318181818	40.48
8.94545454545	40.49
8.94772727273	40.5
8.95	40.51
8.95227272727	40.52
8.95454545455	40.53
8.95681818182	40.54
8.95909090909	40.55
8.96136363636	40.56
8.96363636364	40.57
8.96590909091	40.58
8.96818181818	40.59
8.97045454545	40.61
8.97272727273	40.62
8.975	40.63
8.97727272727	40.65
8.97954545455	40.65
8.98181818182	40.66
8.98409090909	40.67
8.98636363636	40.68
8.98863636364	40.71
8.99090909091	40.72
8.99318181818	40.73
8.99545454545	40.74
8.99772727273	40.75
9	40.76
9.00227272727	40.77
9.00454545455	40.77
9.00681818182	40.79
9.00909090909	40.8
9.01136363636	40.81
9.01363636364	40.82
9.01590909091	40.83
9.01818181818	40.85
9.02045454545	40.86
9.02272727273	40.87
9.025	40.88
9.02727272727	40.89
9.02954545455	40.9
9.03181818182	40.91
9.03409090909	40.92
9.03636363636	40.93
9.03863636364	40.94
9.04090909091	40.96
9.04318181818	40.97
9.04545454545	40.98
9.04772727273	40.99
9.05	41
9.05227272727	41.02
9.05454545455	41.04
9.05681818182	41.05
9.05909090909	41.06
9.06136363636	41.07
9.06363636364	41.07
9.06590909091	41.08
9.06818181818	41.11
9.07045454545	41.12
9.07272727273	41.13
9.075	41.14
9.07727272727	41.15
9.07954545455	41.16
9.08181818182	41.17
9.08409090909	41.19
9.08636363636	41.2
9.08863636364	41.21
9.09090909091	41.22
9.09318181818	41.23
9.09545454545	41.25
9.09772727273	41.26
9.1	41.27
9.10227272727	41.28
9.10454545455	41.29
9.10681818182	41.3
9.10909090909	41.31
9.11136363636	41.32
9.11363636364	41.34
9.11590909091	41.35
9.11818181818	41.36
9.12045454545	41.37
9.12272727273	41.38
9.125	41.39
9.12727272727	41.4
9.12954545455	41.41
9.13181818182	41.42
9.13409090909	41.43
9.13636363636	41.44
9.13863636364	41.46
9.14090909091	41.47
9.14318181818	41.48
9.14545454545	41.49
9.14772727273	41.5
9.15	41.52
9.15227272727	41.53
9.15454545455	41.54
9.15681818182	41.55
9.15909090909	41.56
9.16136363636	41.58
9.16363636364	41.59
9.16590909091	41.6
9.16818181818	41.61
9.17045454545	41.62
9.17272727273	41.63
9.175	41.64
9.17727272727	41.66
9.17954545455	41.67
9.18181818182	41.68
9.18409090909	41.69
9.18636363636	41.7
9.18863636364	41.71
9.19090909091	41.72
9.19318181818	41.73
9.19545454545	41.74
9.19772727273	41.76
9.2	41.77
9.20227272727	41.78
9.20454545455	41.79
9.20681818182	41.8
9.20909090909	41.8
9.21136363636	41.83
9.21363636364	41.84
9.21590909091	41.84
9.21818181818	41.85
9.22045454545	41.86
9.22272727273	41.88
9.225	41.89
9.22727272727	41.9
9.22954545455	41.91
9.23181818182	41.92
9.23409090909	41.93
9.23636363636	41.94
9.23863636364	41.96
9.24090909091	41.97
9.24318181818	41.98
9.24545454545	41.99
9.24772727273	42
9.25	42.02
9.25227272727	42.03
9.25454545455	42.04
9.25681818182	42.05
9.25909090909	42.06
9.26136363636	42.07
9.26363636364	42.08
9.26590909091	42.08
9.26818181818	42.09
9.27045454545	42.1
9.27272727273	42.11
9.275	42.12
9.27727272727	42.13
9.27954545455	42.14
9.28181818182	42.15
9.28409090909	42.18
9.28636363636	42.19
9.28863636364	42.2
9.29090909091	42.21
9.29318181818	42.22
9.29545454545	42.23
9.29772727273	42.24
9.3	42.25
9.30227272727	42.27
9.30454545455	42.28
9.30681818182	42.29
9.30909090909	42.3
9.31136363636	42.31
9.31363636364	42.32
9.31590909091	42.33
9.31818181818	42.34
9.32045454545	42.36
9.32272727273	42.37
9.325	42.38
9.32727272727	42.39
9.32954545455	42.4
9.33181818182	42.41
9.33409090909	42.42
9.33636363636	42.44
9.33863636364	42.45
9.34090909091	42.46
9.34318181818	42.47
9.34545454545	42.48
9.34772727273	42.5
9.35	42.51
9.35227272727	42.52
9.35454545455	42.53
9.35681818182	42.55
9.35909090909	42.56
9.36136363636	42.57
9.36363636364	42.58
9.36590909091	42.59
9.36818181818	42.6
9.37045454545	42.61
9.37272727273	42.63
9.375	42.64
9.37727272727	42.65
9.37954545455	42.66
9.38181818182	42.67
9.38409090909	42.68
9.38636363636	42.69
9.38863636364	42.71
9.39090909091	42.72
9.39318181818	42.73
9.39545454545	42.74
9.39772727273	42.75
9.4	42.76
9.40227272727	42.78
9.40454545455	42.78
9.40681818182	42.8
9.40909090909	42.81
9.41136363636	42.82
9.41363636364	42.83
9.41590909091	42.83
9.41818181818	42.84
9.42045454545	42.85
9.42272727273	42.86
9.425	42.87
9.42727272727	42.88
9.42954545455	42.89
9.43181818182	42.91
9.43409090909	42.92
9.43636363636	42.93
9.43863636364	42.94
9.44090909091	42.95
9.44318181818	42.96
9.44545454545	42.97
9.44772727273	42.98
9.45	43.01
9.45227272727	43.02
9.45454545455	43.03
9.45681818182	43.04
9.45909090909	43.05
9.46136363636	43.06
9.46363636364	43.07
9.46590909091	43.08
9.46818181818	43.09
9.47045454545	43.11
9.47272727273	43.12
9.475	43.13
9.47727272727	43.14
9.47954545455	43.15
9.48181818182	43.16
9.48409090909	43.17
9.48636363636	43.18
9.48863636364	43.19
9.49090909091	43.19
9.49318181818	43.22
9.49545454545	43.23
9.49772727273	43.24
9.5	43.25
9.50227272727	43.26
9.50454545455	43.27
9.50681818182	43.28
9.50909090909	43.28
9.51136363636	43.31
9.51363636364	43.32
9.51590909091	43.33
9.51818181818	43.34
9.52045454545	43.35
9.52272727273	43.35
9.525	43.36
9.52727272727	43.39
9.52954545455	43.4
9.53181818182	43.41
9.53409090909	43.42
9.53636363636	43.43
9.53863636364	43.44
9.54090909091	43.46
9.54318181818	43.47
9.54545454545	43.48
9.54772727273	43.49
9.55	43.5
9.55227272727	43.51
9.55454545455	43.53
9.55681818182	43.54
9.55909090909	43.55
9.56136363636	43.56
9.56363636364	43.57
9.56590909091	43.59
9.56818181818	43.6
9.57045454545	43.61
9.57272727273	43.62
9.575	43.63
9.57727272727	43.64
9.57954545455	43.65
9.58181818182	43.66
9.58409090909	43.67
9.58636363636	43.69
9.58863636364	43.7
9.59090909091	43.71
9.59318181818	43.72
9.59545454545	43.72
9.59772727273	43.73
9.6	43.76
9.60227272727	43.77
9.60454545455	43.78
9.60681818182	43.79
9.60909090909	43.8
9.61136363636	43.81
9.61363636364	43.82
9.61590909091	43.83
9.61818181818	43.85
9.62045454545	43.86
9.62272727273	43.87
9.625	43.88
9.62727272727	43.88
9.62954545455	43.89
9.63181818182	43.91
9.63409090909	43.92
9.63636363636	43.93
9.63863636364	43.94
9.64090909091	43.95
9.64318181818	43.96
9.64545454545	43.97
9.64772727273	43.99
9.65	44
9.65227272727	44.01
9.65454545455	44.02
9.65681818182	44.03
9.65909090909	44.04
9.66136363636	44.05
9.66363636364	44.06
9.66590909091	44.07
9.66818181818	44.08
9.67045454545	44.09
9.67272727273	44.11
9.675	44.12
9.67727272727	44.13
9.67954545455	44.14
9.68181818182	44.15
9.68409090909	44.15
9.68636363636	44.16
9.68863636364	44.17
9.69090909091	44.18
9.69318181818	44.21
9.69545454545	44.22
9.69772727273	44.23
9.7	44.24
9.70227272727	44.25
9.70454545455	44.26
9.70681818182	44.27
9.70909090909	44.29
9.71136363636	44.3
9.71363636364	44.31
9.71590909091	44.32
9.71818181818	44.33
9.72045454545	44.34
9.72272727273	44.36
9.725	44.37
9.72727272727	44.38
9.72954545455	44.39
9.73181818182	44.4
9.73409090909	44.41
9.73636363636	44.42
9.73863636364	44.43
9.74090909091	44.44
9.74318181818	44.45
9.74545454545	44.47
9.74772727273	44.48
9.75	44.48
9.75227272727	44.49
9.75454545455	44.5
9.75681818182	44.51
9.75909090909	44.52
9.76136363636	44.53
9.76363636364	44.54
9.76590909091	44.57
9.76818181818	44.58
9.77045454545	44.59
9.77272727273	44.6
9.775	44.61
9.77727272727	44.62
9.77954545455	44.63
9.78181818182	44.64
9.78409090909	44.65
9.78636363636	44.66
9.78863636364	44.67
9.79090909091	44.68
9.79318181818	44.69
9.79545454545	44.71
9.79772727273	44.71
9.8	44.72
9.80227272727	44.73
9.80454545455	44.74
9.80681818182	44.75
9.80909090909	44.76
9.81136363636	44.78
9.81363636364	44.79
9.81590909091	44.8
9.81818181818	44.81
9.82045454545	44.82
9.82272727273	44.83
9.825	44.84
9.82727272727	44.87
9.82954545455	44.87
9.83181818182	44.88
9.83409090909	44.89
9.83636363636	44.9
9.83863636364	44.91
9.84090909091	44.92
9.84318181818	44.93
9.84545454545	44.94
9.84772727273	44.96
9.85	44.97
9.85227272727	44.98
9.85454545455	44.99
9.85681818182	45
9.85909090909	45.01
9.86136363636	45.02
9.86363636364	45.03
9.86590909091	45.04
9.86818181818	45.06
9.87045454545	45.07
9.87272727273	45.08
9.875	45.09
9.87727272727	45.11
9.87954545455	45.12
9.88181818182	45.13
9.88409090909	45.14
9.88636363636	45.15
9.88863636364	45.17
9.89090909091	45.18
9.89318181818	45.19
9.89545454545	45.2
9.89772727273	45.22
9.9	45.23
9.90227272727	45.25
9.90454545455	45.26
9.90681818182	45.27
9.90909090909	45.28
9.91136363636	45.29
9.91363636364	45.31
9.91590909091	45.32
9.91818181818	45.33
9.92045454545	45.34
9.92272727273	45.35
9.925	45.37
9.92727272727	45.38
9.92954545455	45.39
9.93181818182	45.4
9.93409090909	45.41
9.93636363636	45.42
9.93863636364	45.44
9.94090909091	45.45
9.94318181818	45.46
9.94545454545	45.47
9.94772727273	45.49
9.95	45.5
9.95227272727	45.51
9.95454545455	45.52
9.95681818182	45.54
9.95909090909	45.55
9.96136363636	45.56
9.96363636364	45.57
9.96590909091	45.58
9.96818181818	45.6
9.97045454545	45.61
9.97272727273	45.62
9.975	45.63
9.97727272727	45.64
9.97954545455	45.65
9.98181818182	45.66
9.98409090909	45.67
9.98636363636	45.69
9.98863636364	45.7
9.99090909091	45.71
9.99318181818	45.71
9.99545454545	45.72
9.99772727273	45.74
10	45.75
