1.19999040008e-06	39
2.63996505619e-06	40
4.36788487769e-06	47
6.44135999858e-06	20
8.92946822732e-06	42
1.19150792242e-05	35
1.54976840347e-05	32
1.97966865561e-05	29
2.49551346223e-05	31
3.11447611847e-05	24
3.85717610716e-05	10
4.74838959697e-05	24
5.81780762532e-05	29
7.10099934998e-05	37
8.64059201129e-05	36
0.000104878752859	47
0.000127044510854	48
0.000153643420448	49
0.000185555300461	51
0.00022384465073	48
0.000269763613229	44
0.00032483585729	34
0.000390893256416	5
0.000470141030766	4
0.000565207938577	7
0.000679112989409	17
0.000815735945118	14
0.000979683491967	19
0.001175764758	20
0.0014104966582	32
0.00169136083937	23
0.00202683750021	8
0.00242661385437	44
0.00290234771583	38
0.00346978930961	15
0.00414414018918	38
0.00494862895779	50
0.0059071687672	52
0.00703775418343	30
0.00833964042029	33
0.00982751040528	42
0.0115013641384	56
0.0133346325128	14
0.0153715973732	48
0.0174085622336	21
0.019445527094	46
0.0214824919544	26
0.0235194568148	42
0.0255564216752	29
0.0275933865356	34
0.029630351396	40
0.0316673162564	37
0.0337042811168	38
0.0357412459772	28
0.0377782108376	39
0.039815175698	28
0.0418521405584	39
0.0438891054188	33
0.0459260702792	38
0.0479630351396	34
0.05	34
0.0520833333333	38
0.0541666666667	34
0.05625	34
0.0583333333333	32
0.0604166666667	29
0.0625	28
0.0645833333333	25
0.0666666666667	23
0.06875	17
0.0708333333333	31
0.0729166666667	21
0.075	16
0.0770833333333	19
0.0791666666667	13
0.08125	15
0.0833333333333	11
0.0854166666667	15
0.0875	12
0.0895833333333	14
0.0916666666667	15
0.09375	11
0.0958333333333	14
0.0979166666667	11
0.1	15
0.102083333333	12
0.104166666667	15
0.10625	11
0.108333333333	13
0.110416666667	11
0.1125	12
0.114583333333	13
0.116666666667	11
0.11875	15
0.120833333333	13
0.122916666667	12
0.125	10
0.127083333333	13
0.129166666667	11
0.13125	13
0.133333333333	11
0.135416666667	12
0.1375	11
0.139583333333	10
0.141666666667	12
0.14375	10
0.145833333333	11
0.147916666667	8
0.15	13
0.152083333333	11
0.154166666667	13
0.15625	11
0.158333333333	13
0.160416666667	11
0.1625	12
0.164583333333	10
0.166666666667	10
0.16875	13
0.170833333333	11
0.172916666667	12
0.175	11
0.177083333333	15
0.179166666667	10
0.18125	13
0.183333333333	11
0.185416666667	13
0.1875	12
0.189583333333	12
0.191666666667	14
0.19375	11
0.195833333333	17
0.197916666667	13
0.2	15
0.202083333333	13
0.204166666667	20
0.20625	14
0.208333333333	17
0.210416666667	17
0.2125	16
0.214583333333	20
0.216666666667	18
0.21875	23
0.220833333333	20
0.222916666667	20
0.225	33
0.227083333333	20
0.229166666667	34
0.23125	19
0.233333333333	27
0.235185185185	16
0.237037037037	16
0.238888888889	19
0.240740740741	16
0.242592592593	19
0.244444444444	18
0.246296296296	19
0.248148148148	32
0.25	20
0.251388888889	27
0.252469135802	19
0.253502415459	23
0.254414132803	19
0.255290784095	34
0.256134354207	30
0.256977924318	28
0.257821494429	17
0.258700213295	12
0.259638844811	10
0.260647873691	13
0.261740988311	13
0.262936582426	11
0.264260275911	11
0.265749431081	10
0.267380410554	11
0.269192609967	11
0.271118071844	11
0.273181066713	11
0.275244061581	11
0.277307056449	12
0.279370051317	12
0.281433046186	13
0.283496041054	13
0.285559035922	13
0.28762203079	13
0.289685025659	13
0.291748020527	13
0.293811015395	12
0.295874010263	12
0.297937005132	11
0.3	11
0.302083333333	11
0.304166666667	11
0.30625	12
0.308333333333	12
0.310416666667	12
0.3125	12
0.314583333333	12
0.316666666667	12
0.31875	11
0.320833333333	11
0.322916666667	11
0.325	12
0.327083333333	12
0.329166666667	12
0.33125	12
0.333333333333	12
0.335416666667	12
0.3375	12
0.339583333333	12
0.341666666667	12
0.34375	12
0.345833333333	12
0.347916666667	12
0.35	13
0.352083333333	12
0.354166666667	13
0.35625	12
0.358333333333	12
0.360416666667	12
0.3625	12
0.364583333333	13
0.366666666667	12
0.36875	12
0.370833333333	12
0.372916666667	12
0.375	12
0.377083333333	12
0.379166666667	12
0.38125	12
0.383333333333	11
0.385416666667	12
0.3875	12
0.389583333333	12
0.391666666667	11
0.39375	12
0.395833333333	12
0.397916666667	11
0.4	12
0.402083333333	12
0.404166666667	12
0.40625	12
0.408333333333	12
0.410416666667	13
0.4125	14
0.414583333333	11
0.416666666667	12
0.41875	11
0.420833333333	12
0.422916666667	13
0.425	11
0.427083333333	13
0.429166666667	11
0.43125	11
0.433333333333	11
0.435416666667	12
0.4375	11
0.439583333333	11
0.441666666667	11
0.44375	11
0.445833333333	11
0.447916666667	11
0.45	11
0.452083333333	11
0.454166666667	11
0.45625	10
0.458333333333	11
0.460416666667	7
0.4625	11
0.464583333333	10
0.466666666667	11
0.46875	11
0.470833333333	11
0.472916666667	10
0.475	11
0.477083333333	7
0.479166666667	11
0.48125	11
0.483333333333	7
0.485416666667	11
0.4875	12
0.489583333333	11
0.491666666667	7
0.49375	11
0.495833333333	8
0.497916666667	11
0.5	2
0.502083333333	10
0.504166666667	10
0.50625	7
0.508333333333	9
0.510416666667	11
0.5125	11
0.514583333333	7
0.516666666667	1
0.51875	1
0.520833333333	1
0.522916666667	10
0.525	7
0.527083333333	7
0.529166666667	10
0.53125	7
0.533333333333	7
0.535416666667	7
0.5375	7
0.539583333333	1
0.541666666667	7
0.54375	7
0.545833333333	7
0.547916666667	7
0.55	7
0.552083333333	7
0.554166666667	7
0.55625	7
0.558333333333	7
0.560416666667	7
0.5625	7
0.564583333333	7
0.566666666667	1
0.56875	7
0.570833333333	1
0.572916666667	7
0.575	7
0.577083333333	7
0.579166666667	7
0.58125	2
0.583333333333	7
0.585416666667	7
0.5875	7
0.589583333333	6
0.591666666667	7
0.59375	2
0.595833333333	7
0.597916666667	7
0.6	8
0.602083333333	7
0.604166666667	7
0.60625	7
0.608333333333	2
0.610416666667	7
0.6125	1
0.614583333333	7
0.616666666667	5
0.61875	7
0.620833333333	7
0.622916666667	1
0.625	7
0.627083333333	1
0.629166666667	1
0.63125	1
0.633333333333	1
0.635416666667	1
0.6375	1
0.639583333333	7
0.641666666667	1
0.64375	6
0.645833333333	6
0.647916666667	6
0.65	6
0.652173913043	2
0.654347826087	7
0.65652173913	7
0.658695652174	2
0.660869565217	7
0.663043478261	1
0.665217391304	2
0.667391304348	9
0.669565217391	7
0.671739130435	2
0.673913043478	7
0.676086956522	7
0.678260869565	8
0.680434782609	2
0.682608695652	3
0.684782608696	2
0.686956521739	2
0.689130434783	13
0.691304347826	3
0.69347826087	9
0.695652173913	3
0.697826086957	5
0.7	6
0.702173913043	2
0.704347826087	2
0.70652173913	15
0.708695652174	5
0.710869565217	10
0.713043478261	6
0.715217391304	1
0.717391304348	6
0.719565217391	1
0.721739130435	6
0.723913043478	6
0.726086956522	7
0.728260869565	7
0.730434782609	1
0.732608695652	1
0.734782608696	7
0.736956521739	7
0.739130434783	1
0.741304347826	6
0.74347826087	1
0.745652173913	7
0.747826086957	1
0.75	7
0.752173913043	1
0.754347826087	7
0.75652173913	1
0.758695652174	7
0.760869565217	1
0.763043478261	1
0.765217391304	6
0.767391304348	1
0.769565217391	1
0.771739130435	1
0.773913043478	6
0.776086956522	1
0.778260869565	6
0.780434782609	1
0.782608695652	1
0.784782608696	6
0.786956521739	8
0.789130434783	8
0.791304347826	8
0.79347826087	7
0.795652173913	11
0.797826086957	6
0.8	3
0.802173913043	3
0.804347826087	4
0.80652173913	1
0.808695652174	7
0.810869565217	1
0.813043478261	7
0.815217391304	2
0.817391304348	1
0.819565217391	1
0.821739130435	1
0.823913043478	1
0.826086956522	1
0.828260869565	1
0.830434782609	2
0.832608695652	4
0.834782608696	3
0.836956521739	4
0.839130434783	3
0.841304347826	13
0.84347826087	15
0.845652173913	4
0.847826086957	2
0.85	9
0.852173913043	3
0.854347826087	15
0.85652173913	10
0.858695652174	3
0.860869565217	8
0.863043478261	7
0.865217391304	6
0.867391304348	14
0.869565217391	8
0.871739130435	14
0.873913043478	13
0.876086956522	11
0.878260869565	6
0.880434782609	3
0.882608695652	14
0.884782608696	4
0.886956521739	3
0.889130434783	8
0.891304347826	4
0.89347826087	3
0.895652173913	10
0.897826086957	7
0.9	8
0.902173913043	8
0.904347826087	5
0.90652173913	11
0.908695652174	7
0.910869565217	5
0.913043478261	5
0.915217391304	6
0.917391304348	3
0.919565217391	3
0.921739130435	3
0.923913043478	4
0.926086956522	12
0.928260869565	7
0.930434782609	4
0.932608695652	7
0.934782608696	6
0.936956521739	5
0.939130434783	4
0.941304347826	5
0.94347826087	3
0.945652173913	2
0.947826086957	2
0.95	2
0.952173913043	2
0.954347826087	1
0.95652173913	1
0.958695652174	1
0.960869565217	1
0.963043478261	1
0.965217391304	2
0.967391304348	2
0.969565217391	2
0.971739130435	2
0.973913043478	2
0.976086956522	3
0.978260869565	1
0.980434782609	1
0.982608695652	1
0.984782608696	1
0.986956521739	1
0.989130434783	1
0.991304347826	1
0.99347826087	1
0.995652173913	2
0.997826086957	3
1	3
1.00217391304	9
1.00434782609	2
1.00652173913	2
1.00869565217	11
1.01086956522	11
1.01304347826	1
1.0152173913	1
1.01739130435	1
1.01956521739	16
1.02173913043	2
1.02391304348	13
1.02608695652	2
1.02826086957	6
1.03043478261	2
1.03260869565	5
1.0347826087	5
1.03695652174	2
1.03913043478	1
1.04130434783	5
1.04347826087	1
1.04565217391	5
1.04782608696	2
1.05	9
1.05217391304	4
1.05434782609	4
1.05652173913	5
1.05869565217	5
1.06086956522	2
1.06304347826	7
1.0652173913	2
1.06739130435	1
1.06956521739	2
1.07173913043	2
1.07391304348	1
1.07608695652	2
1.07826086957	5
1.08043478261	6
1.08260869565	5
1.0847826087	2
1.08695652174	2
1.08913043478	2
1.09130434783	3
1.09347826087	2
1.09565217391	2
1.09782608696	3
1.1	2
1.10227272727	6
1.10454545455	8
1.10681818182	2
1.10909090909	2
1.11136363636	5
1.11363636364	1
1.11590909091	5
1.11818181818	2
1.12045454545	8
1.12272727273	5
1.125	4
1.12727272727	1
1.12954545455	2
1.13181818182	2
1.13409090909	1
1.13636363636	1
1.13863636364	1
1.14090909091	1
1.14318181818	7
1.14545454545	2
1.14772727273	1
1.15	2
1.15227272727	1
1.15454545455	1
1.15681818182	1
1.15909090909	1
1.16136363636	1
1.16363636364	14
1.16590909091	3
1.16818181818	5
1.17045454545	2
1.17272727273	1
1.175	1
1.17727272727	7
1.17954545455	3
1.18181818182	1
1.18409090909	1
1.18636363636	2
1.18863636364	14
1.19090909091	2
1.19318181818	2
1.19545454545	1
1.19772727273	1
1.2	1
1.20227272727	2
1.20454545455	2
1.20681818182	2
1.20909090909	2
1.21136363636	6
1.21363636364	2
1.21590909091	2
1.21818181818	2
1.22045454545	1
1.22272727273	1
1.225	2
1.22727272727	2
1.22954545455	2
1.23181818182	2
1.23409090909	2
1.23636363636	1
1.23863636364	2
1.24090909091	1
1.24318181818	2
1.24545454545	2
1.24772727273	1
1.25	1
1.25227272727	1
1.25454545455	1
1.25681818182	1
1.25909090909	1
1.26136363636	1
1.26363636364	2
1.26590909091	1
1.26818181818	1
1.27045454545	2
1.27272727273	1
1.275	2
1.27727272727	1
1.27954545455	1
1.28181818182	1
1.28409090909	1
1.28636363636	1
1.28863636364	1
1.29090909091	1
1.29318181818	1
1.29545454545	1
1.29772727273	1
1.3	1
1.30227272727	2
1.30454545455	2
1.30681818182	2
1.30909090909	2
1.31136363636	2
1.31363636364	2
1.31590909091	1
1.31818181818	2
1.32045454545	1
1.32272727273	1
1.325	2
1.32727272727	2
1.32954545455	1
1.33181818182	1
1.33409090909	1
1.33636363636	1
1.33863636364	3
1.34090909091	1
1.34318181818	1
1.34545454545	1
1.34772727273	1
1.35	1
1.35227272727	1
1.35454545455	1
1.35681818182	2
1.35909090909	1
1.36136363636	2
1.36363636364	1
1.36590909091	1
1.36818181818	1
1.37045454545	1
1.37272727273	1
1.375	1
1.37727272727	1
1.37954545455	1
1.38181818182	1
1.38409090909	1
1.38636363636	1
1.38863636364	1
1.39090909091	1
1.39318181818	1
1.39545454545	1
1.39772727273	1
1.4	1
1.40227272727	1
1.40454545455	1
1.40681818182	1
1.40909090909	1
1.41136363636	1
1.41363636364	1
1.41590909091	1
1.41818181818	1
1.42045454545	1
1.42272727273	1
1.425	1
1.42727272727	1
1.42954545455	1
1.43181818182	1
1.43409090909	1
1.43636363636	1
1.43863636364	1
1.44090909091	1
1.44318181818	1
1.44545454545	1
1.44772727273	1
1.45	1
1.45227272727	1
1.45454545455	1
1.45681818182	1
1.45909090909	1
1.46136363636	1
1.46363636364	1
1.46590909091	1
1.46818181818	1
1.47045454545	1
1.47272727273	1
1.475	1
1.47727272727	1
1.47954545455	1
1.48181818182	1
1.48409090909	1
1.48636363636	1
1.48863636364	1
1.49090909091	1
1.49318181818	1
1.49545454545	1
1.49772727273	1
1.5	1
1.50227272727	1
1.50454545455	1
1.50681818182	3
1.50909090909	2
1.51136363636	1
1.51363636364	1
1.51590909091	1
1.51818181818	1
1.52045454545	1
1.52272727273	1
1.525	1
1.52727272727	1
1.52954545455	1
1.53181818182	1
1.53409090909	1
1.53636363636	1
1.53863636364	1
1.54090909091	1
1.54318181818	1
1.54545454545	1
1.54772727273	1
1.55	1
1.55238095238	1
1.55476190476	1
1.55714285714	1
1.55952380952	1
1.5619047619	1
1.56428571429	1
1.56666666667	1
1.56904761905	1
1.57142857143	1
1.57380952381	1
1.57619047619	1
1.57857142857	0
1.58095238095	0
1.58333333333	1
1.58571428571	1
1.5880952381	1
1.59047619048	1
1.59285714286	1
1.59523809524	1
1.59761904762	1
1.6	1
1.60238095238	1
1.60476190476	1
1.60714285714	1
1.60952380952	1
1.6119047619	1
1.61428571429	1
1.61666666667	1
1.61904761905	1
1.62142857143	1
1.62380952381	1
1.62619047619	1
1.62857142857	1
1.63095238095	1
1.63333333333	1
1.63571428571	1
1.6380952381	0
1.64047619048	0
1.64285714286	0
1.64523809524	1
1.64761904762	1
1.65	1
1.65238095238	1
1.65476190476	1
1.65714285714	1
1.65952380952	1
1.6619047619	1
1.66428571429	1
1.66666666667	1
1.66904761905	1
1.67142857143	1
1.67380952381	1
1.67619047619	1
1.67857142857	0
1.68095238095	0
1.68333333333	0
1.68571428571	0
1.6880952381	0
1.69047619048	1
1.69285714286	1
1.69523809524	1
1.69761904762	1
1.7	1
1.70238095238	1
1.70476190476	1
1.70714285714	1
1.70952380952	1
1.7119047619	1
1.71428571429	1
1.71666666667	1
1.71904761905	1
1.72142857143	1
1.72380952381	1
1.72619047619	1
1.72857142857	1
1.73095238095	1
1.73333333333	1
1.73571428571	1
1.7380952381	1
1.74047619048	1
1.74285714286	1
1.74523809524	1
1.74761904762	1
1.75	1
1.75238095238	3
1.75476190476	1
1.75714285714	2
1.75952380952	1
1.7619047619	1
1.76428571429	1
1.76666666667	1
1.76904761905	1
1.77142857143	1
1.77380952381	1
1.77619047619	1
1.77857142857	1
1.78095238095	1
1.78333333333	1
1.78571428571	1
1.7880952381	1
1.79047619048	1
1.79285714286	1
1.79523809524	1
1.79761904762	1
1.8	1
1.80238095238	1
1.80476190476	1
1.80714285714	1
1.80952380952	0
1.8119047619	0
1.81428571429	0
1.81666666667	1
1.81904761905	1
1.82142857143	1
1.82380952381	1
1.82619047619	0
1.82857142857	0
1.83095238095	1
1.83333333333	1
1.83571428571	0
1.8380952381	0
1.84047619048	0
1.84285714286	1
1.84523809524	0
1.84761904762	0
1.85	1
1.85238095238	1
1.85476190476	1
1.85714285714	0
1.85952380952	1
1.8619047619	1
1.86428571429	0
1.86666666667	0
1.86904761905	1
1.87142857143	2
1.87380952381	0
1.87619047619	2
1.87857142857	2
1.88095238095	0
1.88333333333	0
1.88571428571	1
1.8880952381	1
1.89047619048	2
1.89285714286	1
1.89523809524	2
1.89761904762	2
1.9	2
1.90238095238	1
1.90476190476	1
1.90714285714	0
1.90952380952	1
1.9119047619	1
1.91428571429	1
1.91666666667	1
1.91904761905	1
1.92142857143	1
1.92380952381	1
1.92619047619	1
1.92857142857	1
1.93095238095	1
1.93333333333	1
1.93571428571	0
1.9380952381	1
1.94047619048	0
1.94285714286	1
1.94523809524	1
1.94761904762	2
1.95	1
1.95238095238	1
1.95476190476	1
1.95702380952	1
1.95928571429	0
1.96154761905	0
1.96380952381	1
1.96607142857	0
1.96833333333	1
1.9705952381	0
1.97285714286	1
1.97511904762	1
1.97738095238	0
1.97964285714	1
1.9819047619	1
1.98416666667	1
1.98642857143	1
1.98869047619	1
1.99095238095	0
1.99321428571	1
1.99547619048	0
1.99773809524	1
2	1
2.00227272727	1
2.00454545455	1
2.00681818182	1
2.00909090909	1
2.01136363636	1
2.01363636364	1
2.01590909091	1
2.01818181818	1
2.02045454545	0
2.02272727273	1
2.025	1
2.02727272727	1
2.02954545455	1
2.03181818182	0
2.03409090909	0
2.03636363636	0
2.03863636364	1
2.04090909091	1
2.04318181818	0
2.04545454545	1
2.04772727273	1
2.05	1
2.05227272727	1
2.05454545455	0
2.05681818182	1
2.05909090909	1
2.06136363636	1
2.06363636364	0
2.06590909091	1
2.06818181818	1
2.07045454545	1
2.07272727273	1
2.075	0
2.07727272727	1
2.07954545455	1
2.08181818182	1
2.08409090909	1
2.08636363636	1
2.08863636364	0
2.09090909091	0
2.09318181818	1
2.09545454545	1
2.09772727273	1
2.1	1
2.10227272727	1
2.10454545455	1
2.10681818182	0
2.10909090909	1
2.11136363636	1
2.11363636364	1
2.11590909091	1
2.11818181818	1
2.12045454545	1
2.12272727273	1
2.125	1
2.12727272727	0
2.12954545455	1
2.13181818182	1
2.13409090909	1
2.13636363636	3
2.13863636364	4
2.14090909091	4
2.14318181818	1
2.14545454545	1
2.14772727273	9
2.15	9
2.15227272727	1
2.15454545455	9
2.15681818182	1
2.15909090909	9
2.16136363636	1
2.16363636364	6
2.16590909091	7
2.16818181818	4
2.17045454545	1
2.17272727273	1
2.175	1
2.17727272727	1
2.17954545455	1
2.18181818182	1
2.18409090909	1
2.18636363636	1
2.18863636364	1
2.19090909091	1
2.19318181818	1
2.19545454545	1
2.19772727273	11
2.2	1
2.20227272727	11
2.20454545455	11
2.20681818182	10
2.20909090909	9
2.21136363636	1
2.21363636364	3
2.21590909091	9
2.21818181818	9
2.22045454545	1
2.22272727273	1
2.225	1
2.22727272727	5
2.22954545455	1
2.23181818182	1
2.23409090909	3
2.23636363636	1
2.23863636364	10
2.24090909091	10
2.24318181818	1
2.24545454545	7
2.24772727273	5
2.25	3
2.25227272727	1
2.25454545455	7
2.25681818182	2
2.25909090909	6
2.26136363636	7
2.26363636364	6
2.26590909091	5
2.26818181818	3
2.27045454545	1
2.27272727273	3
2.275	1
2.27727272727	8
2.27954545455	4
2.28181818182	1
2.28409090909	1
2.28636363636	1
2.28863636364	3
2.29090909091	4
2.29318181818	1
2.29545454545	1
2.29772727273	8
2.3	2
2.30227272727	3
2.30454545455	3
2.30681818182	1
2.30909090909	1
2.31136363636	9
2.31363636364	3
2.31590909091	2
2.31818181818	11
2.32045454545	2
2.32272727273	1
2.325	3
2.32727272727	5
2.32954545455	1
2.33181818182	9
2.33409090909	5
2.33636363636	1
2.33863636364	1
2.34090909091	1
2.34318181818	11
2.34545454545	11
2.34772727273	11
2.35	6
2.35227272727	1
2.35454545455	1
2.35681818182	5
2.35909090909	1
2.36136363636	1
2.36363636364	2
2.36590909091	12
2.36818181818	11
2.37045454545	10
2.37272727273	1
2.375	9
2.37727272727	5
2.37954545455	1
2.38181818182	1
2.38409090909	1
2.38636363636	10
2.38863636364	6
2.39090909091	2
2.39318181818	12
2.39545454545	7
2.39772727273	7
2.4	2
2.40227272727	2
2.40454545455	1
2.40681818182	1
2.40909090909	1
2.41136363636	1
2.41363636364	1
2.41590909091	17
2.41818181818	18
2.42045454545	17
2.42272727273	2
2.425	10
2.42727272727	10
2.42954545455	1
2.43181818182	1
2.43409090909	1
2.43636363636	1
2.43863636364	1
2.44090909091	24
2.44318181818	1
2.44545454545	1
2.44772727273	1
2.45	20
2.45227272727	6
2.45454545455	1
2.45681818182	1
2.45909090909	1
2.46136363636	1
2.46363636364	7
2.46590909091	14
2.46818181818	14
2.47045454545	17
2.47272727273	4
2.475	8
2.47727272727	12
2.47954545455	2
2.48181818182	12
2.48409090909	7
2.48636363636	2
2.48863636364	1
2.49090909091	1
2.49318181818	1
2.49545454545	12
2.49772727273	13
2.5	1
2.50227272727	10
2.50454545455	10
2.50681818182	9
2.50909090909	1
2.51136363636	11
2.51363636364	2
2.51590909091	10
2.51818181818	9
2.52045454545	1
2.52272727273	1
2.525	1
2.52727272727	1
2.52954545455	1
2.53181818182	1
2.53409090909	1
2.53636363636	19
2.53863636364	1
2.54090909091	20
2.54318181818	3
2.54545454545	1
2.54772727273	1
2.55	1
2.55227272727	1
2.55454545455	1
2.55681818182	1
2.55909090909	20
2.56136363636	1
2.56363636364	19
2.56590909091	1
2.56818181818	17
2.57045454545	1
2.57272727273	5
2.575	12
2.57727272727	16
2.57954545455	8
2.58181818182	3
2.58409090909	2
2.58636363636	1
2.58863636364	1
2.59090909091	1
2.59318181818	19
2.59545454545	15
2.59772727273	10
2.6	3
2.60227272727	1
2.60454545455	1
2.60681818182	1
2.60909090909	1
2.61136363636	1
2.61363636364	1
2.61590909091	1
2.61818181818	1
2.62045454545	13
2.62272727273	6
2.625	1
2.62727272727	1
2.62954545455	13
2.63181818182	13
2.63409090909	12
2.63636363636	11
2.63863636364	12
2.64090909091	8
2.64318181818	3
2.64545454545	2
2.64772727273	1
2.65	4
2.65227272727	1
2.65454545455	1
2.65681818182	1
2.65909090909	4
2.66136363636	1
2.66363636364	1
2.66590909091	1
2.66818181818	1
2.67045454545	1
2.67272727273	1
2.675	1
2.67727272727	1
2.67954545455	1
2.68181818182	1
2.68409090909	1
2.68636363636	1
2.68863636364	1
2.69090909091	1
2.69318181818	1
2.69545454545	1
2.69772727273	12
2.7	1
2.70227272727	13
2.70454545455	1
2.70681818182	1
2.70909090909	10
2.71136363636	6
2.71363636364	1
2.71590909091	1
2.71818181818	2
2.72045454545	1
2.72272727273	1
2.725	1
2.72727272727	1
2.72954545455	1
2.73181818182	1
2.73409090909	1
2.73636363636	1
2.73863636364	1
2.74090909091	1
2.74318181818	15
2.74545454545	20
2.74772727273	20
2.75	14
2.75227272727	2
2.75454545455	1
2.75681818182	1
2.75909090909	4
2.76136363636	14
2.76363636364	1
2.76590909091	1
2.76818181818	1
2.77045454545	1
2.77272727273	1
2.775	1
2.77727272727	1
2.77954545455	1
2.78181818182	1
2.78409090909	1
2.78636363636	1
2.78863636364	1
2.79090909091	1
2.79318181818	0
2.79545454545	1
2.79772727273	0
2.8	0
2.80227272727	0
2.80454545455	0
2.80681818182	0
2.80909090909	1
2.81136363636	0
2.81363636364	1
2.81590909091	1
2.81818181818	1
2.82045454545	1
2.82272727273	2
2.825	1
2.82727272727	1
2.82954545455	1
2.83181818182	1
2.83409090909	1
2.83636363636	25
2.83863636364	1
2.84090909091	1
2.84318181818	15
2.84545454545	15
2.84772727273	6
2.85	1
2.85227272727	1
2.85454545455	1
2.85681818182	1
2.85909090909	1
2.86136363636	1
2.86363636364	1
2.86590909091	13
2.86818181818	15
2.87045454545	6
2.87272727273	2
2.875	2
2.87727272727	1
2.87954545455	1
2.88181818182	1
2.88409090909	6
2.88636363636	2
2.88863636364	1
2.89090909091	1
2.89318181818	1
2.89545454545	1
2.89772727273	1
2.9	18
2.90227272727	19
2.90454545455	16
2.90681818182	18
2.90909090909	4
2.91136363636	15
2.91363636364	1
2.91590909091	13
2.91818181818	10
2.92045454545	1
2.92272727273	1
2.925	1
2.92727272727	1
2.92954545455	1
2.93181818182	1
2.93409090909	1
2.93636363636	1
2.93863636364	2
2.94090909091	1
2.94318181818	1
2.94545454545	24
2.94772727273	16
2.95	7
2.95227272727	2
2.95454545455	2
2.95681818182	1
2.95909090909	1
2.96136363636	2
2.96363636364	1
2.96590909091	1
2.96818181818	1
2.97045454545	1
2.97272727273	1
2.975	1
2.97727272727	1
2.97954545455	1
2.98181818182	1
2.98409090909	1
2.98636363636	1
2.98863636364	1
2.99090909091	1
2.99318181818	1
2.99545454545	1
2.99772727273	1
3	1
3.00227272727	1
3.00454545455	1
3.00681818182	1
3.00909090909	1
3.01136363636	1
3.01363636364	1
3.01590909091	1
3.01818181818	1
3.02045454545	1
3.02272727273	1
3.025	1
3.02727272727	1
3.02954545455	1
3.03181818182	1
3.03409090909	1
3.03636363636	1
3.03863636364	1
3.04090909091	1
3.04318181818	1
3.04545454545	1
3.04772727273	1
3.05	3
3.05227272727	5
3.05454545455	4
3.05681818182	6
3.05909090909	2
3.06136363636	1
3.06363636364	1
3.06590909091	1
3.06818181818	13
3.07045454545	1
3.07272727273	1
3.075	8
3.07727272727	4
3.07954545455	3
3.08181818182	14
3.08409090909	10
3.08636363636	11
3.08863636364	9
3.09090909091	8
3.09318181818	6
3.09545454545	1
3.09772727273	3
3.1	2
3.10227272727	1
3.10454545455	4
3.10681818182	2
3.10909090909	1
3.11136363636	1
3.11363636364	1
3.11590909091	1
3.11818181818	1
3.12045454545	1
3.12272727273	1
3.125	1
3.12727272727	1
3.12954545455	1
3.13181818182	1
3.13409090909	1
3.13636363636	1
3.13863636364	2
3.14090909091	6
3.14318181818	1
3.14545454545	1
3.14772727273	6
3.15	2
3.15227272727	2
3.15454545455	2
3.15681818182	1
3.15909090909	1
3.16136363636	3
3.16363636364	1
3.16590909091	2
3.16818181818	1
3.17045454545	1
3.17272727273	1
3.175	1
3.17727272727	1
3.17954545455	1
3.18181818182	1
3.18409090909	1
3.18636363636	1
3.18863636364	1
3.19090909091	0
3.19318181818	0
3.19545454545	0
3.19772727273	0
3.2	1
3.20227272727	1
3.20454545455	1
3.20681818182	1
3.20909090909	1
3.21136363636	1
3.21363636364	1
3.21590909091	0
3.21818181818	1
3.22045454545	1
3.22272727273	1
3.225	1
3.22727272727	1
3.22954545455	1
3.23181818182	0
3.23409090909	1
3.23636363636	1
3.23863636364	1
3.24090909091	1
3.24318181818	1
3.24545454545	1
3.24772727273	0
3.25	1
3.25227272727	0
3.25454545455	1
3.25681818182	1
3.25909090909	1
3.26136363636	1
3.26363636364	1
3.26590909091	1
3.26818181818	1
3.27045454545	1
3.27272727273	1
3.275	1
3.27727272727	1
3.27954545455	1
3.28181818182	1
3.28409090909	1
3.28636363636	1
3.28863636364	1
3.29090909091	1
3.29318181818	1
3.29545454545	1
3.29772727273	1
3.3	1
3.30227272727	1
3.30454545455	0
3.30681818182	1
3.30909090909	1
3.31136363636	1
3.31363636364	1
3.31590909091	1
3.31818181818	1
3.32045454545	1
3.32272727273	1
3.325	1
3.32727272727	1
3.32954545455	1
3.33181818182	1
3.33409090909	1
3.33636363636	1
3.33863636364	1
3.34090909091	1
3.34318181818	1
3.34545454545	1
3.34772727273	1
3.35	1
3.35227272727	1
3.35454545455	1
3.35681818182	1
3.35909090909	0
3.36136363636	1
3.36363636364	1
3.36590909091	1
3.36818181818	1
3.37045454545	2
3.37272727273	3
3.375	2
3.37727272727	2
3.37954545455	2
3.38181818182	2
3.38409090909	1
3.38636363636	1
3.38863636364	1
3.39090909091	1
3.39318181818	1
3.39545454545	1
3.39772727273	1
3.4	1
3.40227272727	1
3.40454545455	1
3.40681818182	1
3.40909090909	1
3.41136363636	1
3.41363636364	1
3.41590909091	1
3.41818181818	1
3.42045454545	1
3.42272727273	0
3.425	1
3.42727272727	1
3.42954545455	1
3.43181818182	1
3.43409090909	0
3.43636363636	1
3.43863636364	1
3.44090909091	1
3.44318181818	1
3.44545454545	1
3.44772727273	0
3.45	0
3.45227272727	1
3.45454545455	1
3.45681818182	1
3.45909090909	0
3.46136363636	0
3.46363636364	1
3.46590909091	1
3.46818181818	1
3.47045454545	1
3.47272727273	1
3.475	1
3.47727272727	1
3.47954545455	1
3.48181818182	1
3.48409090909	1
3.48636363636	1
3.48863636364	1
3.49090909091	1
3.49318181818	1
3.49545454545	1
3.49772727273	1
3.5	1
3.50227272727	1
3.50454545455	1
3.50681818182	1
3.50909090909	1
3.51136363636	1
3.51363636364	1
3.51590909091	1
3.51818181818	1
3.52045454545	1
3.52272727273	1
3.525	1
3.52727272727	1
3.52954545455	1
3.53181818182	1
3.53409090909	1
3.53636363636	1
3.53863636364	1
3.54090909091	1
3.54318181818	1
3.54545454545	1
3.54772727273	1
3.55	1
3.55227272727	1
3.55454545455	1
3.55681818182	1
3.55909090909	1
3.56136363636	1
3.56363636364	1
3.56590909091	1
3.56818181818	1
3.57045454545	1
3.57272727273	1
3.575	1
3.57727272727	1
3.57954545455	1
3.58181818182	1
3.58409090909	1
3.58636363636	1
3.58863636364	1
3.59090909091	1
3.59318181818	1
3.59545454545	1
3.59772727273	1
3.6	1
3.60227272727	1
3.60454545455	1
3.60681818182	1
3.60909090909	1
3.61136363636	1
3.61363636364	1
3.61590909091	4
3.61818181818	2
3.62045454545	1
3.62272727273	1
3.625	1
3.62727272727	1
3.62954545455	1
3.63181818182	1
3.63409090909	1
3.63636363636	11
3.63863636364	12
3.64090909091	6
3.64318181818	3
3.64545454545	2
3.64772727273	13
3.65	1
3.65227272727	4
3.65454545455	8
3.65681818182	4
3.65909090909	1
3.66136363636	1
3.66363636364	1
3.66590909091	1
3.66818181818	1
3.67045454545	1
3.67272727273	2
3.675	2
3.67727272727	1
3.67954545455	2
3.68181818182	1
3.68409090909	1
3.68636363636	1
3.68863636364	2
3.69090909091	14
3.69318181818	17
3.69545454545	2
3.69772727273	1
3.7	1
3.70227272727	17
3.70454545455	3
3.70681818182	9
3.70909090909	6
3.71136363636	1
3.71363636364	1
3.71590909091	1
3.71818181818	1
3.72045454545	1
3.72272727273	1
3.725	1
3.72727272727	1
3.72954545455	1
3.73181818182	0
3.73409090909	1
3.73636363636	0
3.73863636364	0
3.74090909091	0
3.74318181818	0
3.74545454545	0
3.74772727273	0
3.75	1
3.75227272727	1
3.75454545455	1
3.75681818182	1
3.75909090909	1
3.76136363636	1
3.76363636364	0
3.76590909091	1
3.76818181818	0
3.77045454545	1
3.77272727273	1
3.775	0
3.77727272727	0
3.77954545455	0
3.78181818182	1
3.78409090909	1
3.78636363636	7
3.78863636364	2
3.79090909091	2
3.79318181818	1
3.79545454545	1
3.79772727273	1
3.8	2
3.80227272727	13
3.80454545455	2
3.80681818182	15
3.80909090909	3
3.81136363636	16
3.81363636364	12
3.81590909091	3
3.81818181818	1
3.82045454545	1
3.82272727273	23
3.825	18
3.82727272727	1
3.82954545455	18
3.83181818182	1
3.83409090909	1
3.83636363636	0
3.83863636364	1
3.84090909091	1
3.84318181818	0
3.84545454545	1
3.84772727273	0
3.85	11
3.85227272727	15
3.85454545455	16
3.85681818182	15
3.85909090909	15
3.86136363636	1
3.86363636364	6
3.86590909091	1
3.86818181818	1
3.87045454545	1
3.87272727273	12
3.875	16
3.87727272727	5
3.87954545455	1
3.88181818182	1
3.88409090909	16
3.88636363636	1
3.88863636364	1
3.89090909091	6
3.89318181818	2
3.89545454545	1
3.89772727273	7
3.9	13
3.90227272727	2
3.90454545455	1
3.90681818182	1
3.90909090909	1
3.91136363636	1
3.91363636364	16
3.91590909091	18
3.91818181818	14
3.92045454545	3
3.92272727273	1
3.925	1
3.92727272727	1
3.92954545455	1
3.93181818182	0
3.93409090909	1
3.93636363636	1
3.93863636364	1
3.94090909091	3
3.94318181818	1
3.94545454545	2
3.94772727273	6
3.95	1
3.95227272727	2
3.95454545455	1
3.95681818182	1
3.95909090909	1
3.96136363636	21
3.96363636364	10
3.96590909091	3
3.96818181818	2
3.97045454545	3
3.97272727273	1
3.975	1
3.97727272727	1
3.97954545455	1
3.98181818182	1
3.98409090909	1
3.98636363636	1
3.98863636364	0
3.99090909091	0
3.99318181818	22
3.99545454545	18
3.99772727273	4
4	19
4.00227272727	3
4.00454545455	1
4.00681818182	1
4.00909090909	1
4.01136363636	0
4.01363636364	1
4.01590909091	0
4.01818181818	1
4.02045454545	0
4.02272727273	1
4.025	1
4.02727272727	1
4.02954545455	1
4.03181818182	1
4.03409090909	1
4.03636363636	4
4.03863636364	15
4.04090909091	14
4.04318181818	1
4.04545454545	1
4.04772727273	22
4.05	1
4.05227272727	18
4.05454545455	1
4.05681818182	1
4.05909090909	1
4.06136363636	0
4.06363636364	1
4.06590909091	1
4.06818181818	1
4.07045454545	1
4.07272727273	1
4.075	1
4.07727272727	1
4.07954545455	1
4.08181818182	0
4.08409090909	1
4.08636363636	0
4.08863636364	1
4.09090909091	1
4.09318181818	0
4.09545454545	18
4.09772727273	1
4.1	22
4.10227272727	0
4.10454545455	16
4.10681818182	1
4.10909090909	19
4.11136363636	16
4.11363636364	1
4.11590909091	1
4.11818181818	1
4.12045454545	19
4.12272727273	17
4.125	16
4.12727272727	1
4.12954545455	7
4.13181818182	1
4.13409090909	4
4.13636363636	10
4.13863636364	1
4.14090909091	1
4.14318181818	1
4.14545454545	1
4.14772727273	1
4.15	1
4.15227272727	1
4.15454545455	1
4.15681818182	0
4.15909090909	1
4.16136363636	0
4.16363636364	0
4.16590909091	0
4.16818181818	0
4.17045454545	0
4.17272727273	1
4.175	0
4.17727272727	1
4.17954545455	1
4.18181818182	1
4.18409090909	0
4.18636363636	0
4.18863636364	1
4.19090909091	0
4.19318181818	1
4.19545454545	1
4.19772727273	1
4.2	2
4.20227272727	4
4.20454545455	4
4.20681818182	1
4.20909090909	1
4.21136363636	3
4.21363636364	2
4.21590909091	3
4.21818181818	1
4.22045454545	3
4.22272727273	1
4.225	1
4.22727272727	1
4.22954545455	15
4.23181818182	2
4.23409090909	1
4.23636363636	1
4.23863636364	1
4.24090909091	16
4.24318181818	18
4.24545454545	17
4.24772727273	14
4.25	11
4.25227272727	2
4.25454545455	0
4.25681818182	0
4.25909090909	1
4.26136363636	0
4.26363636364	1
4.26590909091	1
4.26818181818	1
4.27045454545	0
4.27272727273	1
4.275	1
4.27727272727	1
4.27954545455	3
4.28181818182	2
4.28409090909	2
4.28636363636	1
4.28863636364	1
4.29090909091	15
4.29318181818	17
4.29545454545	13
4.29772727273	3
4.3	1
4.30227272727	1
4.30454545455	1
4.30681818182	1
4.30909090909	0
4.31136363636	1
4.31363636364	0
4.31590909091	1
4.31818181818	1
4.32045454545	1
4.32272727273	1
4.325	1
4.32727272727	1
4.32954545455	0
4.33181818182	0
4.33409090909	1
4.33636363636	1
4.33863636364	1
4.34090909091	1
4.34318181818	0
4.34545454545	13
4.34772727273	8
4.35	1
4.35227272727	1
4.35454545455	1
4.35681818182	0
4.35909090909	1
4.36136363636	0
4.36363636364	1
4.36590909091	1
4.36818181818	1
4.37045454545	1
4.37272727273	1
4.375	1
4.37727272727	1
4.37954545455	1
4.38181818182	1
4.38409090909	1
4.38636363636	0
4.38863636364	0
4.39090909091	0
4.39318181818	0
4.39545454545	1
4.39772727273	1
4.4	1
4.40227272727	1
4.40454545455	1
4.40681818182	1
4.40909090909	1
4.41136363636	1
4.41363636364	1
4.41590909091	3
4.41818181818	1
4.42045454545	1
4.42272727273	3
4.425	1
4.42727272727	1
4.42954545455	3
4.43181818182	1
4.43409090909	1
4.43636363636	1
4.43863636364	1
4.44090909091	1
4.44318181818	1
4.44545454545	1
4.44772727273	3
4.45	1
4.45227272727	1
4.45454545455	1
4.45681818182	1
4.45909090909	1
4.46136363636	1
4.46363636364	5
4.46590909091	1
4.46818181818	3
4.47045454545	4
4.47272727273	2
4.475	2
4.47727272727	1
4.47954545455	1
4.48181818182	1
4.48409090909	1
4.48636363636	1
4.48863636364	1
4.49090909091	1
4.49318181818	1
4.49545454545	1
4.49772727273	1
4.5	1
4.50227272727	1
4.50454545455	1
4.50681818182	7
4.50909090909	4
4.51136363636	1
4.51363636364	1
4.51590909091	1
4.51818181818	1
4.52045454545	1
4.52272727273	1
4.525	1
4.52727272727	7
4.52954545455	10
4.53181818182	1
4.53409090909	12
4.53636363636	1
4.53863636364	1
4.54090909091	1
4.54318181818	1
4.54545454545	1
4.54772727273	1
4.55	1
4.55227272727	0
4.55454545455	1
4.55681818182	1
4.55909090909	0
4.56136363636	1
4.56363636364	1
4.56590909091	1
4.56818181818	7
4.57045454545	8
4.57272727273	1
4.575	4
4.57727272727	6
4.57954545455	7
4.58181818182	1
4.58409090909	5
4.58636363636	6
4.58863636364	5
4.59090909091	3
4.59318181818	1
4.59545454545	1
4.59772727273	6
4.6	1
4.60227272727	1
4.60454545455	1
4.60681818182	5
4.60909090909	7
4.61136363636	1
4.61363636364	3
4.61590909091	2
4.61818181818	1
4.62045454545	1
4.62272727273	1
4.625	1
4.62727272727	1
4.62954545455	1
4.63181818182	1
4.63409090909	1
4.63636363636	1
4.63863636364	1
4.64090909091	1
4.64318181818	1
4.64545454545	1
4.64772727273	1
4.65	1
4.65227272727	1
4.65454545455	1
4.65681818182	1
4.65909090909	1
4.66136363636	1
4.66363636364	1
4.66590909091	1
4.66818181818	1
4.67045454545	1
4.67272727273	1
4.675	1
4.67727272727	1
4.67954545455	1
4.68181818182	1
4.68409090909	1
4.68636363636	1
4.68863636364	1
4.69090909091	1
4.69318181818	1
4.69545454545	1
4.69772727273	0
4.7	0
4.70227272727	0
4.70454545455	1
4.70681818182	0
4.70909090909	0
4.71136363636	1
4.71363636364	1
4.71590909091	1
4.71818181818	1
4.72045454545	1
4.72272727273	1
4.725	1
4.72727272727	1
4.72954545455	1
4.73181818182	1
4.73409090909	1
4.73636363636	1
4.73863636364	1
4.74090909091	1
4.74318181818	1
4.74545454545	1
4.74772727273	1
4.75	1
4.75227272727	1
4.75454545455	1
4.75681818182	1
4.75909090909	1
4.76136363636	1
4.76363636364	1
4.76590909091	0
4.76818181818	0
4.77045454545	0
4.77272727273	0
4.775	0
4.77727272727	0
4.77954545455	0
4.78181818182	1
4.78409090909	0
4.78636363636	1
4.78863636364	1
4.79090909091	1
4.79318181818	1
4.79545454545	1
4.79772727273	1
4.8	1
4.80227272727	1
4.80454545455	1
4.80681818182	3
4.80909090909	1
4.81136363636	2
4.81363636364	1
4.81590909091	1
4.81818181818	1
4.82045454545	3
4.82272727273	2
4.825	1
4.82727272727	1
4.82954545455	3
4.83181818182	1
4.83409090909	0
4.83636363636	1
4.83863636364	1
4.84090909091	1
4.84318181818	1
4.84545454545	4
4.84772727273	1
4.85	1
4.85227272727	1
4.85454545455	1
4.85681818182	1
4.85909090909	1
4.86136363636	1
4.86363636364	1
4.86590909091	1
4.86818181818	1
4.87045454545	1
4.87272727273	1
4.875	0
4.87727272727	0
4.87954545455	1
4.88181818182	1
4.88409090909	1
4.88636363636	1
4.88863636364	0
4.89090909091	1
4.89318181818	1
4.89545454545	1
4.89772727273	1
4.9	1
4.90227272727	1
4.90454545455	1
4.90681818182	1
4.90909090909	1
4.91136363636	1
4.91363636364	4
4.91590909091	5
4.91818181818	3
4.92045454545	3
4.92272727273	3
4.925	5
4.92727272727	1
4.92954545455	1
4.93181818182	12
4.93409090909	18
4.93636363636	7
4.93863636364	1
4.94090909091	1
4.94318181818	1
4.94545454545	1
4.94772727273	1
4.95	1
4.95227272727	1
4.95454545455	1
4.95681818182	0
4.95909090909	0
4.96136363636	0
4.96363636364	0
4.96590909091	0
4.96818181818	1
4.97045454545	1
4.97272727273	1
4.975	1
4.97727272727	1
4.97954545455	1
4.98181818182	1
4.98409090909	0
4.98636363636	1
4.98863636364	1
4.99090909091	1
4.99318181818	1
4.99545454545	1
4.99772727273	1
5	1
5.00227272727	1
5.00454545455	1
5.00681818182	1
5.00909090909	1
5.01136363636	0
5.01363636364	1
5.01590909091	1
5.01818181818	0
5.02045454545	1
5.02272727273	1
5.025	0
5.02727272727	1
5.02954545455	0
5.03181818182	3
5.03409090909	3
5.03636363636	2
5.03863636364	1
5.04090909091	1
5.04318181818	1
5.04545454545	1
5.04772727273	1
5.05	1
5.05227272727	1
5.05454545455	1
5.05681818182	1
5.05909090909	1
5.06136363636	0
5.06363636364	0
5.06590909091	0
5.06818181818	1
5.07045454545	3
5.07272727273	4
5.075	3
5.07727272727	1
5.07954545455	1
5.08181818182	1
5.08409090909	1
5.08636363636	1
5.08863636364	1
5.09090909091	1
5.09318181818	17
5.09545454545	15
5.09772727273	1
5.1	1
5.10227272727	1
5.10454545455	0
5.10681818182	1
5.10909090909	0
5.11136363636	1
5.11363636364	1
5.11590909091	1
5.11818181818	1
5.12045454545	1
5.12272727273	1
5.125	1
5.12727272727	0
5.12954545455	0
5.13181818182	0
5.13409090909	0
5.13636363636	0
5.13863636364	0
5.14090909091	0
5.14318181818	0
5.14545454545	1
5.14772727273	1
5.15	1
5.15227272727	1
5.15454545455	1
5.15681818182	1
5.15909090909	1
5.16136363636	0
5.16363636364	1
5.16590909091	1
5.16818181818	1
5.17045454545	0
5.17272727273	2
5.175	3
5.17727272727	1
5.17954545455	3
5.18181818182	1
5.18409090909	1
5.18636363636	2
5.18863636364	3
5.19090909091	2
5.19318181818	1
5.19545454545	0
5.19772727273	1
5.2	1
5.20227272727	1
5.20454545455	3
5.20681818182	6
5.20909090909	5
5.21136363636	3
5.21363636364	0
5.21590909091	1
5.21818181818	4
5.22045454545	4
5.22272727273	0
5.225	3
5.22727272727	4
5.22954545455	0
5.23181818182	0
5.23409090909	3
5.23636363636	0
5.23863636364	1
5.24090909091	14
5.24318181818	15
5.24545454545	11
5.24772727273	1
5.25	8
5.25227272727	5
5.25454545455	1
5.25681818182	1
5.25909090909	1
5.26136363636	0
5.26363636364	0
5.26590909091	1
5.26818181818	1
5.27045454545	1
5.27272727273	0
5.275	1
5.27727272727	3
5.27954545455	3
5.28181818182	0
5.28409090909	3
5.28636363636	0
5.28863636364	1
5.29090909091	3
5.29318181818	1
5.29545454545	3
5.29772727273	1
5.3	1
5.30227272727	4
5.30454545455	2
5.30681818182	5
5.30909090909	4
5.31136363636	2
5.31363636364	1
5.31590909091	1
5.31818181818	3
5.32045454545	1
5.32272727273	4
5.325	2
5.32727272727	3
5.32954545455	4
5.33181818182	1
5.33409090909	1
5.33636363636	1
5.33863636364	3
5.34090909091	1
5.34318181818	1
5.34545454545	1
5.34772727273	1
5.35	1
5.35227272727	1
5.35454545455	1
5.35681818182	1
5.35909090909	1
5.36136363636	1
5.36363636364	1
5.36590909091	1
5.36818181818	1
5.37045454545	2
5.37272727273	1
5.375	1
5.37727272727	1
5.37954545455	1
5.38181818182	1
5.38409090909	1
5.38636363636	1
5.38863636364	1
5.39090909091	1
5.39318181818	1
5.39545454545	1
5.39772727273	1
5.4	1
5.40227272727	1
5.40454545455	1
5.40681818182	1
5.40909090909	0
5.41136363636	1
5.41363636364	1
5.41590909091	1
5.41818181818	1
5.42045454545	1
5.42272727273	1
5.425	1
5.42727272727	1
5.42954545455	1
5.43181818182	1
5.43409090909	1
5.43636363636	1
5.43863636364	1
5.44090909091	1
5.44318181818	1
5.44545454545	1
5.44772727273	1
5.45	1
5.45227272727	1
5.45454545455	1
5.45681818182	1
5.45909090909	1
5.46136363636	1
5.46363636364	1
5.46590909091	1
5.46818181818	0
5.47045454545	1
5.47272727273	0
5.475	0
5.47727272727	1
5.47954545455	0
5.48181818182	0
5.48409090909	1
5.48636363636	1
5.48863636364	1
5.49090909091	1
5.49318181818	1
5.49545454545	0
5.49772727273	0
5.5	1
5.50227272727	1
5.50454545455	1
5.50681818182	1
5.50909090909	1
5.51136363636	1
5.51363636364	0
5.51590909091	1
5.51818181818	0
5.52045454545	0
5.52272727273	0
5.525	1
5.52727272727	1
5.52954545455	1
5.53181818182	0
5.53409090909	0
5.53636363636	0
5.53863636364	0
5.54090909091	0
5.54318181818	0
5.54545454545	1
5.54772727273	1
5.55	1
5.55227272727	1
5.55454545455	0
5.55681818182	0
5.55909090909	1
5.56136363636	1
5.56363636364	0
5.56590909091	0
5.56818181818	1
5.57045454545	0
5.57272727273	0
5.575	0
5.57727272727	1
5.57954545455	1
5.58181818182	1
5.58409090909	1
5.58636363636	1
5.58863636364	1
5.59090909091	1
5.59318181818	1
5.59545454545	1
5.59772727273	1
5.6	1
5.60227272727	1
5.60454545455	1
5.60681818182	1
5.60909090909	1
5.61136363636	1
5.61363636364	1
5.61590909091	1
5.61818181818	1
5.62045454545	1
5.62272727273	1
5.625	3
5.62727272727	2
5.62954545455	1
5.63181818182	1
5.63409090909	1
5.63636363636	1
5.63863636364	1
5.64090909091	1
5.64318181818	1
5.64545454545	0
5.64772727273	0
5.65	1
5.65227272727	0
5.65454545455	1
5.65681818182	1
5.65909090909	1
5.66136363636	1
5.66363636364	1
5.66590909091	1
5.66818181818	1
5.67045454545	1
5.67272727273	1
5.675	1
5.67727272727	1
5.67954545455	1
5.68181818182	1
5.68409090909	1
5.68636363636	1
5.68863636364	1
5.69090909091	1
5.69318181818	1
5.69545454545	0
5.69772727273	1
5.7	4
5.70227272727	4
5.70454545455	3
5.70681818182	1
5.70909090909	3
5.71136363636	1
5.71363636364	1
5.71590909091	1
5.71818181818	2
5.72045454545	1
5.72272727273	3
5.725	2
5.72727272727	1
5.72954545455	1
5.73181818182	3
5.73409090909	1
5.73636363636	1
5.73863636364	1
5.74090909091	0
5.74318181818	1
5.74545454545	1
5.74772727273	3
5.75	1
5.75227272727	1
5.75454545455	1
5.75681818182	1
5.75909090909	0
5.76136363636	1
5.76363636364	4
5.76590909091	3
5.76818181818	1
5.77045454545	1
5.77272727273	1
5.775	5
5.77727272727	3
5.77954545455	3
5.78181818182	3
5.78409090909	1
5.78636363636	1
5.78863636364	1
5.79090909091	1
5.79318181818	1
5.79545454545	1
5.79772727273	0
5.8	0
5.80227272727	1
5.80454545455	0
5.80681818182	1
5.80909090909	1
5.81136363636	0
5.81363636364	1
5.81590909091	1
5.81818181818	1
5.82045454545	1
5.82272727273	1
5.825	1
5.82727272727	1
5.82954545455	1
5.83181818182	0
5.83409090909	0
5.83636363636	1
5.83863636364	1
5.84090909091	1
5.84318181818	0
5.84545454545	1
5.84772727273	1
5.85	1
5.85227272727	1
5.85454545455	0
5.85681818182	0
5.85909090909	1
5.86136363636	1
5.86363636364	1
5.86590909091	1
5.86818181818	0
5.87045454545	0
5.87272727273	0
5.875	1
5.87727272727	1
5.87954545455	0
5.88181818182	0
5.88409090909	0
5.88636363636	1
5.88863636364	1
5.89090909091	1
5.89318181818	1
5.89545454545	0
5.89772727273	1
5.9	1
5.90238095238	1
5.90476190476	1
5.90714285714	1
5.90952380952	1
5.9119047619	1
5.91428571429	1
5.91666666667	1
5.91904761905	1
5.92142857143	1
5.92380952381	1
5.92619047619	1
5.92857142857	1
5.93095238095	1
5.93333333333	3
5.93571428571	2
5.9380952381	0
5.94047619048	1
5.94285714286	1
5.94523809524	3
5.94761904762	1
5.95	1
5.95238095238	1
5.95476190476	1
5.95714285714	1
5.95952380952	1
5.9619047619	1
5.96428571429	5
5.96666666667	3
5.96904761905	1
5.97142857143	1
5.97380952381	3
5.97619047619	2
5.97857142857	7
5.98095238095	5
5.98333333333	4
5.98571428571	1
5.9880952381	1
5.99047619048	1
5.99285714286	1
5.99523809524	2
5.99761904762	3
6	2
6.00238095238	1
6.00476190476	2
6.0065018315	6
6.00831425519	1
6.01029929066	16
6.01250488562	14
6.01484833027	3
6.01719177492	2
6.01953521957	17
6.02187866421	2
6.02422210886	17
6.02656555351	2
6.02890899816	14
6.03125244281	4
6.03359588746	14
6.03593933211	15
6.03828277676	2
6.0406262214	16
6.04296966605	13
6.0453131107	3
6.04765655535	1
6.05	1
6.05238095238	1
6.05476190476	1
6.05714285714	9
6.05952380952	4
6.0619047619	15
6.06428571429	15
6.06666666667	3
6.06904761905	13
6.07142857143	3
6.07380952381	17
6.07619047619	6
6.07857142857	1
6.08095238095	17
6.08333333333	1
6.08571428571	17
6.0880952381	1
6.09047619048	8
6.09285714286	5
6.09523809524	1
6.09761904762	3
6.1	1
6.10238095238	6
6.10476190476	1
6.10714285714	1
6.10952380952	16
6.1119047619	8
6.11428571429	1
6.11666666667	1
6.11904761905	6
6.12142857143	1
6.12380952381	16
6.12619047619	1
6.12857142857	11
6.13095238095	1
6.13333333333	15
6.13571428571	18
6.1380952381	1
6.14047619048	15
6.14285714286	19
6.14523809524	1
6.14761904762	1
6.15	1
6.15238095238	3
6.15476190476	1
6.15714285714	1
6.15952380952	1
6.1619047619	1
6.16428571429	1
6.16666666667	1
6.16904761905	1
6.17142857143	1
6.17380952381	1
6.17619047619	1
6.17857142857	12
6.18095238095	15
6.18333333333	14
6.18571428571	12
6.1880952381	3
6.19047619048	10
6.19285714286	12
6.19523809524	3
6.19761904762	11
6.2	4
6.20238095238	1
6.20476190476	13
6.20714285714	3
6.20952380952	6
6.2119047619	1
6.21428571429	1
6.21666666667	1
6.21904761905	1
6.22142857143	12
6.22380952381	14
6.22619047619	1
6.22857142857	1
6.23095238095	2
6.23333333333	1
6.23571428571	10
6.2380952381	14
6.24047619048	14
6.24285714286	13
6.24523809524	9
6.24761904762	7
6.25	1
6.25238095238	3
6.25476190476	2
6.25714285714	6
6.25952380952	2
6.2619047619	3
6.26428571429	2
6.26666666667	3
6.26904761905	2
6.27142857143	1
6.27380952381	1
6.27619047619	3
6.27857142857	2
6.28095238095	1
6.28333333333	1
6.28571428571	1
6.2880952381	1
6.29047619048	1
6.29285714286	4
6.29523809524	4
6.29761904762	4
6.3	1
6.30238095238	3
6.30476190476	1
6.30714285714	6
6.30952380952	1
6.3119047619	1
6.31428571429	2
6.31666666667	4
6.31904761905	2
6.32142857143	4
6.32380952381	1
6.32619047619	0
6.32857142857	0
6.33095238095	1
6.33333333333	4
6.33571428571	2
6.3380952381	6
6.34047619048	4
6.34285714286	4
6.34523809524	1
6.34761904762	2
6.35	1
6.35238095238	1
6.35476190476	2
6.35714285714	1
6.35952380952	1
6.3619047619	1
6.36428571429	1
6.36666666667	1
6.36904761905	0
6.37142857143	1
6.37380952381	1
6.37619047619	1
6.37857142857	1
6.38095238095	1
6.38333333333	1
6.38571428571	1
6.3880952381	1
6.39047619048	1
6.39285714286	1
6.39523809524	1
6.39761904762	1
6.4	3
6.40238095238	3
6.40476190476	1
6.40714285714	1
6.40952380952	1
6.4119047619	1
6.41428571429	1
6.41666666667	1
6.41904761905	6
6.42142857143	3
6.42380952381	1
6.42619047619	1
6.42857142857	11
6.43095238095	2
6.43333333333	8
6.43571428571	12
6.4380952381	2
6.44047619048	1
6.44285714286	1
6.44523809524	1
6.44761904762	1
6.45	1
6.45238095238	0
6.45476190476	1
6.45714285714	1
6.45952380952	1
6.4619047619	1
6.46428571429	1
6.46666666667	1
6.46904761905	1
6.47142857143	1
6.47380952381	1
6.47619047619	1
6.47857142857	1
6.48095238095	1
6.48333333333	1
6.48571428571	1
6.4880952381	1
6.49047619048	3
6.49285714286	1
6.49523809524	1
6.49761904762	1
6.5	3
6.50238095238	3
6.50476190476	1
6.50714285714	3
6.50952380952	3
6.5119047619	2
6.51428571429	2
6.51666666667	3
6.51904761905	1
6.52142857143	1
6.52380952381	1
6.52619047619	4
6.52857142857	2
6.53095238095	1
6.53333333333	2
6.53571428571	1
6.5380952381	1
6.54047619048	1
6.54285714286	1
6.54523809524	1
6.54761904762	4
6.55	3
6.55238095238	5
6.55476190476	3
6.55714285714	2
6.55952380952	3
6.5619047619	1
6.56428571429	2
6.56666666667	3
6.56904761905	1
6.57142857143	1
6.57380952381	2
6.57619047619	1
6.57857142857	1
6.58095238095	6
6.58333333333	3
6.58571428571	12
6.5880952381	4
6.59047619048	12
6.59285714286	2
6.59523809524	14
6.59761904762	2
6.6	10
6.60238095238	3
6.60476190476	1
6.60714285714	3
6.60952380952	3
6.6119047619	1
6.61428571429	12
6.61666666667	4
6.61904761905	12
6.62142857143	6
6.62380952381	4
6.62619047619	1
6.62857142857	1
6.63095238095	1
6.63333333333	1
6.63571428571	1
6.6380952381	1
6.64047619048	1
6.64285714286	1
6.64523809524	1
6.64761904762	1
6.65	1
6.65238095238	1
6.65476190476	1
6.65714285714	1
6.65952380952	1
6.6619047619	1
6.66428571429	1
6.66666666667	1
6.66904761905	1
6.67142857143	1
6.67380952381	1
6.67619047619	1
6.67857142857	3
6.68095238095	1
6.68333333333	1
6.68571428571	0
6.6880952381	0
6.69047619048	1
6.69285714286	1
6.69523809524	1
6.69761904762	1
6.7	1
6.70238095238	1
6.70476190476	1
6.70714285714	4
6.70952380952	3
6.7119047619	1
6.71428571429	1
6.71666666667	3
6.71904761905	4
6.72142857143	3
6.72380952381	1
6.72619047619	3
6.72857142857	1
6.73095238095	1
6.73333333333	1
6.73571428571	1
6.7380952381	1
6.74047619048	3
6.74285714286	1
6.74523809524	1
6.74761904762	3
6.75	13
6.75238095238	8
6.75476190476	1
6.75714285714	1
6.75952380952	1
6.7619047619	0
6.76428571429	1
6.76666666667	3
6.76904761905	3
6.77142857143	1
6.77380952381	1
6.77619047619	1
6.77857142857	1
6.78095238095	1
6.78333333333	1
6.78571428571	1
6.7880952381	1
6.79047619048	1
6.79285714286	1
6.79523809524	1
6.79761904762	1
6.8	1
6.80238095238	1
6.80476190476	1
6.80714285714	0
6.80952380952	0
6.8119047619	1
6.81428571429	1
6.81666666667	1
6.81904761905	1
6.82142857143	1
6.82380952381	1
6.82619047619	1
6.82857142857	0
6.83095238095	1
6.83333333333	1
6.83571428571	2
6.8380952381	1
6.84047619048	4
6.84285714286	4
6.84523809524	1
6.84761904762	1
6.85	1
6.85238095238	1
6.85476190476	1
6.85714285714	2
6.85952380952	2
6.8619047619	1
6.86428571429	1
6.86666666667	1
6.86904761905	1
6.87142857143	1
6.87380952381	1
6.87619047619	1
6.87857142857	1
6.88095238095	1
6.88333333333	1
6.88571428571	1
6.8880952381	0
6.89047619048	1
6.89285714286	1
6.89523809524	0
6.89761904762	1
6.9	0
6.90238095238	1
6.90476190476	1
6.90714285714	1
6.90952380952	1
6.9119047619	1
6.91428571429	1
6.91666666667	1
6.91904761905	1
6.92142857143	1
6.92380952381	1
6.92619047619	1
6.92857142857	1
6.93095238095	1
6.93333333333	1
6.93571428571	0
6.9380952381	0
6.94047619048	1
6.94285714286	1
6.94523809524	1
6.94761904762	1
6.95	0
6.95238095238	1
6.95476190476	0
6.95714285714	0
6.95952380952	0
6.9619047619	0
6.96428571429	1
6.96666666667	1
6.96904761905	1
6.97142857143	0
6.97380952381	0
6.97619047619	0
6.97857142857	0
6.98095238095	1
6.98333333333	1
6.98571428571	1
6.9880952381	1
6.99047619048	0
6.99285714286	1
6.99523809524	1
6.99761904762	1
7	0
7.00238095238	0
7.00476190476	0
7.00714285714	0
7.00952380952	0
7.0119047619	1
7.01428571429	1
7.01666666667	0
7.01904761905	0
7.02142857143	0
7.02380952381	0
7.02619047619	0
7.02857142857	0
7.03095238095	0
7.03333333333	0
7.03571428571	1
7.0380952381	1
7.04047619048	0
7.04285714286	1
7.04523809524	1
7.04761904762	1
7.05	0
7.05238095238	1
7.05476190476	1
7.05714285714	1
7.05952380952	1
7.0619047619	1
7.06428571429	1
7.06666666667	1
7.06904761905	1
7.07142857143	0
7.07380952381	0
7.07619047619	0
7.07857142857	0
7.08095238095	0
7.08333333333	1
7.08571428571	0
7.0880952381	1
7.09047619048	0
7.09285714286	1
7.09523809524	1
7.09761904762	1
7.1	0
7.10238095238	1
7.10476190476	1
7.10714285714	0
7.10952380952	0
7.1119047619	0
7.11428571429	0
7.11666666667	0
7.11904761905	1
7.12142857143	1
7.12380952381	1
7.12619047619	1
7.12857142857	0
7.13095238095	1
7.13333333333	0
7.13571428571	1
7.1380952381	0
7.14047619048	1
7.14285714286	1
7.14523809524	0
7.14761904762	3
7.15	3
7.15238095238	1
7.15476190476	4
7.15714285714	3
7.15952380952	3
7.1619047619	2
7.16428571429	0
7.16666666667	0
7.16904761905	1
7.17142857143	1
7.17380952381	1
7.17619047619	0
7.17857142857	1
7.18095238095	0
7.18333333333	0
7.18571428571	1
7.1880952381	1
7.19047619048	0
7.19285714286	1
7.19523809524	0
7.19761904762	1
7.2	0
7.20238095238	1
7.20476190476	1
7.20714285714	1
7.20952380952	1
7.2119047619	0
7.21428571429	0
7.21666666667	1
7.21904761905	1
7.22142857143	0
7.22380952381	0
7.22619047619	1
7.22857142857	0
7.23095238095	1
7.23333333333	0
7.23571428571	0
7.2380952381	0
7.24047619048	1
7.24285714286	1
7.24523809524	1
7.24761904762	1
7.25	1
7.25238095238	0
7.25476190476	0
7.25714285714	0
7.25952380952	0
7.2619047619	0
7.26428571429	1
7.26666666667	1
7.26904761905	0
7.27142857143	0
7.27380952381	0
7.27619047619	1
7.27857142857	0
7.28095238095	0
7.28333333333	0
7.28571428571	0
7.2880952381	1
7.29047619048	1
7.29285714286	1
7.29523809524	1
7.29761904762	1
7.3	1
7.30238095238	1
7.30476190476	1
7.30714285714	1
7.30952380952	1
7.3119047619	1
7.31428571429	1
7.31666666667	1
7.31904761905	1
7.32142857143	1
7.32380952381	1
7.32619047619	1
7.32857142857	1
7.33095238095	1
7.33333333333	1
7.33571428571	1
7.3380952381	0
7.34047619048	1
7.34285714286	0
7.34523809524	1
7.34761904762	0
7.35	0
7.35238095238	1
7.35476190476	1
7.35714285714	1
7.35952380952	1
7.3619047619	1
7.36428571429	1
7.36666666667	1
7.36904761905	1
7.37142857143	0
7.37380952381	1
7.37619047619	1
7.37857142857	1
7.38095238095	1
7.38333333333	1
7.38571428571	1
7.3880952381	1
7.39047619048	0
7.39285714286	0
7.39523809524	1
7.39761904762	3
7.4	1
7.40238095238	1
7.40476190476	1
7.40714285714	1
7.40952380952	1
7.4119047619	0
7.41428571429	1
7.41666666667	0
7.41904761905	1
7.42142857143	1
7.42380952381	1
7.42619047619	0
7.42857142857	1
7.43095238095	0
7.43333333333	1
7.43571428571	1
7.4380952381	1
7.44047619048	0
7.44285714286	0
7.44523809524	0
7.44761904762	0
7.45	1
7.45238095238	1
7.45476190476	1
7.45714285714	1
7.45952380952	0
7.4619047619	0
7.46428571429	1
7.46666666667	0
7.46904761905	0
7.47142857143	0
7.47380952381	0
7.47619047619	0
7.47857142857	0
7.48095238095	0
7.48333333333	0
7.48571428571	0
7.4880952381	1
7.49047619048	1
7.49285714286	1
7.49523809524	0
7.49761904762	1
7.5	1
7.50238095238	1
7.50476190476	0
7.50714285714	0
7.50952380952	1
7.5119047619	1
7.51428571429	1
7.51666666667	1
7.51904761905	0
7.52142857143	0
7.52380952381	0
7.52619047619	0
7.52857142857	0
7.53095238095	1
7.53333333333	1
7.53571428571	0
7.5380952381	0
7.54047619048	1
7.54285714286	0
7.54523809524	1
7.54761904762	1
7.55	0
7.55238095238	1
7.55476190476	1
7.55714285714	1
7.55952380952	0
7.5619047619	1
7.56428571429	0
7.56666666667	1
7.56904761905	0
7.57142857143	0
7.57380952381	0
7.57619047619	0
7.57857142857	0
7.58095238095	1
7.58333333333	1
7.58571428571	1
7.5880952381	1
7.59047619048	1
7.59285714286	0
7.59523809524	0
7.59761904762	0
7.6	1
7.60227272727	0
7.60454545455	1
7.60681818182	1
7.60909090909	0
7.61136363636	0
7.61363636364	0
7.61590909091	0
7.61818181818	0
7.62045454545	0
7.62272727273	0
7.625	0
7.62727272727	0
7.62954545455	0
7.63181818182	0
7.63409090909	1
7.63636363636	1
7.63863636364	0
7.64090909091	0
7.64318181818	0
7.64545454545	1
7.64772727273	1
7.65	1
7.65227272727	1
7.65454545455	0
7.65681818182	0
7.65909090909	0
7.66136363636	1
7.66363636364	1
7.66590909091	1
7.66818181818	0
7.67045454545	0
7.67272727273	0
7.675	0
7.67727272727	0
7.67954545455	1
7.68181818182	1
7.68409090909	0
7.68636363636	0
7.68863636364	0
7.69090909091	1
7.69318181818	1
7.69545454545	1
7.69772727273	1
7.7	0
7.70227272727	0
7.70454545455	1
7.70681818182	0
7.70909090909	0
7.71136363636	0
7.71363636364	0
7.71590909091	0
7.71818181818	0
7.72045454545	0
7.72272727273	0
7.725	0
7.72727272727	0
7.72954545455	0
7.73181818182	0
7.73409090909	1
7.73636363636	1
7.73863636364	0
7.74090909091	1
7.74318181818	0
7.74545454545	0
7.74772727273	0
7.75	0
7.75227272727	1
7.75454545455	1
7.75681818182	0
7.75909090909	0
7.76136363636	0
7.76363636364	0
7.76590909091	1
7.76818181818	0
7.77045454545	1
7.77272727273	0
7.775	1
7.77727272727	0
7.77954545455	0
7.78181818182	0
7.78409090909	1
7.78636363636	0
7.78863636364	0
7.79090909091	1
7.79318181818	0
7.79545454545	0
7.79772727273	0
7.8	0
7.80227272727	1
7.80454545455	1
7.80681818182	1
7.80909090909	0
7.81136363636	0
7.81363636364	0
7.81590909091	0
7.81818181818	1
7.82045454545	0
7.82272727273	0
7.825	0
7.82727272727	0
7.82954545455	0
7.83181818182	0
7.83409090909	0
7.83636363636	0
7.83863636364	0
7.84090909091	0
7.84318181818	0
7.84545454545	0
7.84772727273	0
7.85	0
7.85227272727	0
7.85454545455	0
7.85681818182	0
7.85909090909	0
7.86136363636	1
7.86363636364	0
7.86590909091	0
7.86818181818	0
7.87045454545	0
7.87272727273	0
7.875	0
7.87727272727	0
7.87954545455	0
7.88181818182	0
7.88409090909	0
7.88636363636	0
7.88863636364	0
7.89090909091	0
7.89318181818	0
7.89545454545	0
7.89772727273	0
7.9	0
7.90227272727	0
7.90454545455	0
7.90681818182	0
7.90909090909	0
7.91136363636	0
7.91363636364	0
7.91590909091	0
7.91818181818	0
7.92045454545	0
7.92272727273	0
7.925	0
7.92727272727	0
7.92954545455	0
7.93181818182	0
7.93409090909	0
7.93636363636	0
7.93863636364	0
7.94090909091	0
7.94318181818	1
7.94545454545	1
7.94772727273	0
7.95	0
7.95227272727	0
7.95454545455	0
7.95681818182	0
7.95909090909	1
7.96136363636	0
7.96363636364	0
7.96590909091	0
7.96818181818	0
7.97045454545	0
7.97272727273	0
7.975	0
7.97727272727	0
7.97954545455	0
7.98181818182	0
7.98409090909	0
7.98636363636	0
7.98863636364	0
7.99090909091	0
7.99318181818	0
7.99545454545	0
7.99772727273	0
8	0
8.00227272727	0
8.00454545455	0
8.00681818182	0
8.00909090909	0
8.01136363636	0
8.01363636364	0
8.01590909091	1
8.01818181818	1
8.02045454545	0
8.02272727273	0
8.025	0
8.02727272727	1
8.02954545455	1
8.03181818182	1
8.03409090909	1
8.03636363636	1
8.03863636364	1
8.04090909091	0
8.04318181818	0
8.04545454545	0
8.04772727273	0
8.05	0
8.05227272727	0
8.05454545455	0
8.05681818182	0
8.05909090909	0
8.06136363636	0
8.06363636364	1
8.06590909091	1
8.06818181818	0
8.07045454545	1
8.07272727273	12
8.075	2
8.07727272727	4
8.07954545455	4
8.08181818182	1
8.08409090909	0
8.08636363636	1
8.08863636364	1
8.09090909091	1
8.09318181818	0
8.09545454545	0
8.09772727273	0
8.1	0
8.10227272727	0
8.10454545455	16
8.10681818182	13
8.10909090909	12
8.11136363636	2
8.11363636364	1
8.11590909091	11
8.11818181818	15
8.12045454545	0
8.12272727273	2
8.125	0
8.12727272727	1
8.12954545455	0
8.13181818182	0
8.13409090909	0
8.13636363636	0
8.13863636364	0
8.14090909091	0
8.14318181818	0
8.14545454545	0
8.14772727273	0
8.15	0
8.15227272727	0
8.15454545455	1
8.15681818182	1
8.15909090909	0
8.16136363636	0
8.16363636364	1
8.16590909091	0
8.16818181818	0
8.17045454545	0
8.17272727273	0
8.175	0
8.17727272727	0
8.17954545455	0
8.18181818182	0
8.18409090909	0
8.18636363636	1
8.18863636364	0
8.19090909091	0
8.19318181818	1
8.19545454545	0
8.19772727273	0
8.2	1
8.20227272727	1
8.20454545455	0
8.20681818182	1
8.20909090909	1
8.21136363636	1
8.21363636364	1
8.21590909091	1
8.21818181818	0
8.22045454545	0
8.22272727273	0
8.225	1
8.22727272727	30
8.22954545455	0
8.23181818182	11
8.23409090909	1
8.23636363636	2
8.23863636364	4
8.24090909091	1
8.24318181818	1
8.24545454545	1
8.24772727273	0
8.25	0
8.25227272727	0
8.25454545455	0
8.25681818182	0
8.25909090909	0
8.26136363636	1
8.26363636364	0
8.26590909091	0
8.26818181818	0
8.27045454545	0
8.27272727273	1
8.275	0
8.27727272727	0
8.27954545455	0
8.28181818182	1
8.28409090909	1
8.28636363636	32
8.28863636364	1
8.29090909091	1
8.29318181818	1
8.29545454545	1
8.29772727273	27
8.3	18
8.30227272727	17
8.30454545455	17
8.30681818182	3
8.30909090909	1
8.31136363636	23
8.31363636364	1
8.31590909091	1
8.31818181818	1
8.32045454545	18
8.32272727273	6
8.325	1
8.32727272727	2
8.32954545455	1
8.33181818182	3
8.33409090909	1
8.33636363636	1
8.33863636364	0
8.34090909091	1
8.34318181818	1
8.34545454545	1
8.34772727273	1
8.35	1
8.35227272727	1
8.35454545455	1
8.35681818182	1
8.35909090909	0
8.36136363636	0
8.36363636364	1
8.36590909091	0
8.36818181818	1
8.37045454545	0
8.37272727273	0
8.375	0
8.37727272727	0
8.37954545455	0
8.38181818182	1
8.38409090909	0
8.38636363636	0
8.38863636364	0
8.39090909091	1
8.39318181818	1
8.39545454545	0
8.39772727273	0
8.4	0
8.40227272727	1
8.40454545455	0
8.40681818182	0
8.40909090909	0
8.41136363636	1
8.41363636364	0
8.41590909091	1
8.41818181818	33
8.42045454545	1
8.42272727273	27
8.425	1
8.42727272727	17
8.42954545455	1
8.43181818182	11
8.43409090909	1
8.43636363636	16
8.43863636364	1
8.44090909091	1
8.44318181818	22
8.44545454545	1
8.44772727273	1
8.45	1
8.45227272727	22
8.45454545455	15
8.45681818182	0
8.45909090909	0
8.46136363636	0
8.46363636364	0
8.46590909091	0
8.46818181818	1
8.47045454545	1
8.47272727273	0
8.475	1
8.47727272727	1
8.47954545455	1
8.48181818182	1
8.48409090909	0
8.48636363636	1
8.48863636364	1
8.49090909091	11
8.49318181818	9
8.49545454545	3
8.49772727273	0
8.5	0
8.50227272727	0
8.50454545455	1
8.50681818182	0
8.50909090909	1
8.51136363636	0
8.51363636364	0
8.51590909091	0
8.51818181818	1
8.52045454545	0
8.52272727273	0
8.525	0
8.52727272727	1
8.52954545455	1
8.53181818182	0
8.53409090909	1
8.53636363636	0
8.53863636364	0
8.54090909091	0
8.54318181818	0
8.54545454545	0
8.54772727273	0
8.55	0
8.55227272727	0
8.55454545455	0
8.55681818182	0
8.55909090909	0
8.56136363636	0
8.56363636364	0
8.56590909091	0
8.56818181818	1
8.57045454545	1
8.57272727273	0
8.575	1
8.57727272727	0
8.57954545455	1
8.58181818182	0
8.58409090909	1
8.58636363636	1
8.58863636364	0
8.59090909091	1
8.59318181818	0
8.59545454545	1
8.59772727273	1
8.6	0
8.60227272727	0
8.60454545455	0
8.60681818182	0
8.60909090909	0
8.61136363636	0
8.61363636364	0
8.61590909091	0
8.61818181818	0
8.62045454545	0
8.62272727273	0
8.625	0
8.62727272727	0
8.62954545455	0
8.63181818182	0
8.63409090909	0
8.63636363636	0
8.63863636364	0
8.64090909091	0
8.64318181818	0
8.64545454545	0
8.64772727273	0
8.65	0
8.65227272727	1
8.65454545455	0
8.65681818182	0
8.65909090909	0
8.66136363636	0
8.66363636364	0
8.66590909091	0
8.66818181818	0
8.67045454545	0
8.67272727273	0
8.675	0
8.67727272727	1
8.67954545455	1
8.68181818182	0
8.68409090909	0
8.68636363636	0
8.68863636364	1
8.69090909091	1
8.69318181818	1
8.69545454545	0
8.69772727273	0
8.7	0
8.70227272727	0
8.70454545455	0
8.70681818182	1
8.70909090909	1
8.71136363636	1
8.71363636364	1
8.71590909091	1
8.71818181818	1
8.72045454545	1
8.72272727273	1
8.725	1
8.72727272727	19
8.72954545455	24
8.73181818182	4
8.73409090909	18
8.73636363636	11
8.73863636364	1
8.74090909091	1
8.74318181818	0
8.74545454545	1
8.74772727273	0
8.75	0
8.75227272727	0
8.75454545455	1
8.75681818182	0
8.75909090909	1
8.76136363636	3
8.76363636364	0
8.76590909091	0
8.76818181818	0
8.77045454545	1
8.77272727273	0
8.775	0
8.77727272727	0
8.77954545455	1
8.78181818182	1
8.78409090909	1
8.78636363636	1
8.78863636364	1
8.79090909091	24
8.79318181818	4
8.79545454545	3
8.79772727273	5
8.8	1
8.80227272727	0
8.80454545455	1
8.80681818182	1
8.80909090909	1
8.81136363636	1
8.81363636364	1
8.81590909091	1
8.81818181818	0
8.82045454545	1
8.82272727273	0
8.825	9
8.82727272727	3
8.82954545455	11
8.83181818182	9
8.83409090909	8
8.83636363636	0
8.83863636364	1
8.84090909091	1
8.84318181818	1
8.84545454545	1
8.84772727273	1
8.85	0
8.85227272727	1
8.85454545455	1
8.85681818182	1
8.85909090909	1
8.86136363636	1
8.86363636364	1
8.86590909091	1
8.86818181818	1
8.87045454545	1
8.87272727273	1
8.875	1
8.87727272727	1
8.87954545455	1
8.88181818182	1
8.88409090909	1
8.88636363636	1
8.88863636364	1
8.89090909091	1
8.89318181818	1
8.89545454545	1
8.89772727273	35
8.9	4
8.90227272727	1
8.90454545455	17
8.90681818182	1
8.90909090909	1
8.91136363636	1
8.91363636364	1
8.91590909091	1
8.91818181818	1
8.92045454545	32
8.92272727273	28
8.925	1
8.92727272727	23
8.92954545455	1
8.93181818182	23
8.93409090909	1
8.93636363636	20
8.93863636364	1
8.94090909091	1
8.94318181818	1
8.94545454545	1
8.94772727273	1
8.95	0
8.95227272727	1
8.95454545455	1
8.95681818182	1
8.95909090909	1
8.96136363636	1
8.96363636364	1
8.96590909091	1
8.96818181818	1
8.97045454545	32
8.97272727273	1
8.975	29
8.97727272727	1
8.97954545455	28
8.98181818182	1
8.98409090909	1
8.98636363636	1
8.98863636364	1
8.99090909091	1
8.99318181818	1
8.99545454545	3
8.99772727273	1
9	21
9.00227272727	1
9.00454545455	1
9.00681818182	10
9.00909090909	1
9.01136363636	20
9.01363636364	1
9.01590909091	1
9.01818181818	32
9.02045454545	1
9.02272727273	1
9.025	31
9.02727272727	1
9.02954545455	4
9.03181818182	1
9.03409090909	16
9.03636363636	1
9.03863636364	1
9.04090909091	28
9.04318181818	1
9.04545454545	1
9.04772727273	3
9.05	1
9.05227272727	1
9.05454545455	29
9.05681818182	1
9.05909090909	38
9.06136363636	26
9.06363636364	1
9.06590909091	1
9.06818181818	29
9.07045454545	1
9.07272727273	2
9.075	1
9.07727272727	1
9.07954545455	25
9.08181818182	1
9.08409090909	22
9.08636363636	1
9.08863636364	1
9.09090909091	27
9.09318181818	1
9.09545454545	3
9.09772727273	1
9.1	1
9.10227272727	1
9.10454545455	1
9.10681818182	1
9.10909090909	1
9.11136363636	1
9.11363636364	0
9.11590909091	1
9.11818181818	1
9.12045454545	1
9.12272727273	1
9.125	1
9.12727272727	1
9.12954545455	1
9.13181818182	1
9.13409090909	1
9.13636363636	1
9.13863636364	1
9.14090909091	1
9.14318181818	32
9.14545454545	29
9.14772727273	1
9.15	1
9.15227272727	1
9.15454545455	1
9.15681818182	1
9.15909090909	1
9.16136363636	35
9.16363636364	1
9.16590909091	30
9.16818181818	1
9.17045454545	1
9.17272727273	29
9.175	1
9.17727272727	13
9.17954545455	22
9.18181818182	1
9.18409090909	1
9.18636363636	2
9.18863636364	17
9.19090909091	1
9.19318181818	1
9.19545454545	7
9.19772727273	12
9.2	10
9.20227272727	1
9.20454545455	1
9.20681818182	1
9.20909090909	1
9.21136363636	1
9.21363636364	4
9.21590909091	1
9.21818181818	1
9.22045454545	1
9.22272727273	14
9.225	1
9.22727272727	19
9.22954545455	1
9.23181818182	1
9.23409090909	15
9.23636363636	1
9.23863636364	1
9.24090909091	17
9.24318181818	1
9.24545454545	13
9.24772727273	1
9.25	1
9.25227272727	1
9.25454545455	1
9.25681818182	1
9.25909090909	1
9.26136363636	1
9.26363636364	1
9.26590909091	1
9.26818181818	1
9.27045454545	1
9.27272727273	1
9.275	1
9.27727272727	1
9.27954545455	1
9.28181818182	1
9.28409090909	1
9.28636363636	1
9.28863636364	1
9.29090909091	1
9.29318181818	1
9.29545454545	1
9.29772727273	1
9.3	1
9.30227272727	24
9.30454545455	1
9.30681818182	3
9.30909090909	1
9.31136363636	10
9.31363636364	3
9.31590909091	1
9.31818181818	1
9.32045454545	1
9.32272727273	21
9.325	1
9.32727272727	1
9.32954545455	1
9.33181818182	18
9.33409090909	1
9.33636363636	1
9.33863636364	9
9.34090909091	3
9.34318181818	1
9.34545454545	1
9.34772727273	1
9.35	19
9.35227272727	22
9.35454545455	1
9.35681818182	1
9.35909090909	25
9.36136363636	1
9.36363636364	1
9.36590909091	26
9.36818181818	24
9.37045454545	1
9.37272727273	1
9.375	1
9.37727272727	1
9.37954545455	26
9.38181818182	18
9.38409090909	1
9.38636363636	1
9.38863636364	21
9.39090909091	5
9.39318181818	1
9.39545454545	25
9.39772727273	21
9.4	1
9.40227272727	1
9.40454545455	27
9.40681818182	25
9.40909090909	1
9.41136363636	1
9.41363636364	1
9.41590909091	1
9.41818181818	1
9.42045454545	1
9.42272727273	1
9.425	27
9.42727272727	30
9.42954545455	1
9.43181818182	23
9.43409090909	22
9.43636363636	1
9.43863636364	17
9.44090909091	1
9.44318181818	14
9.44545454545	3
9.44772727273	1
9.45	23
9.45227272727	1
9.45454545455	9
9.45681818182	2
9.45909090909	1
9.46136363636	1
9.46363636364	1
9.46590909091	1
9.46818181818	1
9.47045454545	1
9.47272727273	1
9.475	1
9.47727272727	1
9.47954545455	1
9.48181818182	1
9.48409090909	1
9.48636363636	1
9.48863636364	1
9.49090909091	1
9.49318181818	1
9.49545454545	1
9.49772727273	1
9.5	1
9.50227272727	1
9.50454545455	1
9.50681818182	1
9.50909090909	42
9.51136363636	1
9.51363636364	1
9.51590909091	1
9.51818181818	1
9.52045454545	1
9.52272727273	27
9.525	1
9.52727272727	26
9.52954545455	1
9.53181818182	1
9.53409090909	1
9.53636363636	25
9.53863636364	1
9.54090909091	10
9.54318181818	1
9.54545454545	1
9.54772727273	1
9.55	20
9.55227272727	1
9.55454545455	20
9.55681818182	1
9.55909090909	25
9.56136363636	1
9.56363636364	1
9.56590909091	16
9.56818181818	22
9.57045454545	1
9.57272727273	1
9.575	17
9.57727272727	5
9.57954545455	1
9.58181818182	22
9.58409090909	3
9.58636363636	21
9.58863636364	8
9.59090909091	18
9.59318181818	1
9.59545454545	17
9.59772727273	7
9.6	5
9.60227272727	1
9.60454545455	6
9.60681818182	4
9.60909090909	1
9.61136363636	1
9.61363636364	1
9.61590909091	0
9.61818181818	0
9.62045454545	0
9.62272727273	1
9.625	0
9.62727272727	1
9.62954545455	1
9.63181818182	0
9.63409090909	1
9.63636363636	19
9.63863636364	18
9.64090909091	4
9.64318181818	3
9.64545454545	1
9.64772727273	1
9.65	1
9.65227272727	1
9.65454545455	1
9.65681818182	1
9.65909090909	0
9.66136363636	0
9.66363636364	1
9.66590909091	0
9.66818181818	0
9.67045454545	1
9.67272727273	0
9.675	1
9.67727272727	6
9.67954545455	3
9.68181818182	1
9.68409090909	3
9.68636363636	1
9.68863636364	18
9.69090909091	2
9.69318181818	27
9.69545454545	2
9.69772727273	17
9.7	18
9.70227272727	3
9.70454545455	1
9.70681818182	5
9.70909090909	3
9.71136363636	1
9.71363636364	1
9.71590909091	23
9.71818181818	17
9.72045454545	15
9.72272727273	15
9.725	4
9.72727272727	1
9.72954545455	1
9.73181818182	1
9.73409090909	1
9.73636363636	1
9.73863636364	1
9.74090909091	1
9.74318181818	1
9.74545454545	1
9.74772727273	1
9.75	1
9.75227272727	1
9.75454545455	0
9.75681818182	1
9.75909090909	1
9.76136363636	1
9.76363636364	1
9.76590909091	24
9.76818181818	13
9.77045454545	19
9.77272727273	8
9.775	3
9.77727272727	1
9.77954545455	1
9.78181818182	1
9.78409090909	1
9.78636363636	1
9.78863636364	1
9.79090909091	1
9.79318181818	1
9.79545454545	22
9.79772727273	1
9.8	21
9.80227272727	1
9.80454545455	1
9.80681818182	25
9.80909090909	1
9.81136363636	1
9.81363636364	1
9.81590909091	0
9.81818181818	1
9.82045454545	0
9.82272727273	9
9.825	1
9.82727272727	1
9.82954545455	1
9.83181818182	1
9.83409090909	10
9.83636363636	17
9.83863636364	3
9.84090909091	1
9.84318181818	1
9.84545454545	1
9.84772727273	18
9.85	18
9.85227272727	14
9.85454545455	16
9.85681818182	2
9.85909090909	1
9.86136363636	17
9.86363636364	2
9.86590909091	1
9.86818181818	1
9.87045454545	18
9.87272727273	12
9.875	5
9.87727272727	1
9.87954545455	1
9.88181818182	1
9.88409090909	1
9.88636363636	5
9.88863636364	2
9.89090909091	3
9.89318181818	1
9.89545454545	1
9.89772727273	5
9.9	3
9.90227272727	1
9.90454545455	1
9.90681818182	1
9.90909090909	11
9.91136363636	4
9.91363636364	2
9.91590909091	4
9.91818181818	6
9.92045454545	3
9.92272727273	1
9.925	1
9.92727272727	3
9.92954545455	1
9.93181818182	1
9.93409090909	1
9.93636363636	3
9.93863636364	5
9.94090909091	3
9.94318181818	1
9.94545454545	1
9.94772727273	1
9.95	1
9.95227272727	1
9.95454545455	1
9.95681818182	1
9.95909090909	1
9.96136363636	1
9.96363636364	1
9.96590909091	3
9.96818181818	3
9.97045454545	3
9.97272727273	1
9.975	20
9.97727272727	16
9.97954545455	1
9.98181818182	1
9.98409090909	1
9.98636363636	0
9.98863636364	1
9.99090909091	1
9.99318181818	1
9.99545454545	1
9.99772727273	1
10	1
