# Residuals         
# Time              	Ux                  	Uy                  	Uz                  	p                   
0                   	N/A	N/A
1                   	9.996419059891e-01	9.999999999897e-01	1.000000000000e+00	9.999999999856e-01
2                   	5.431671986958e-01	5.929418032871e-01	4.728282652280e-01	1.191164717530e-02
3                   	8.425827913772e-02	2.591373993244e-01	6.923693085798e-02	1.339452941318e-02
4                   	7.566312483018e-03	1.842795080017e-01	1.979616481090e-02	1.735923681056e-01
5                   	2.417399672416e-03	3.552331844472e-02	1.477107662583e-02	6.650223127794e-02
6                   	1.349875732758e-03	1.205699880182e-01	3.866173903673e-02	2.670952210152e-02
7                   	1.148019838622e-03	4.077753516722e-01	5.182052102186e-02	5.342777528298e-02
8                   	1.001886115605e-03	1.133952666693e-01	3.473696422062e-02	2.409218821697e-01
9                   	9.319071534210e-04	4.962612305933e-02	1.717820808077e-02	1.425790060184e-01
10                  	8.662989794689e-04	3.175685106824e-02	7.294293802617e-03	8.004105676671e-02
11                  	8.558975568124e-04	6.111710978760e-02	7.976187775558e-03	7.837945963688e-02
12                  	9.303509621460e-04	9.659336999395e-02	9.203249346046e-03	1.184598325703e-01
13                  	9.816862884715e-04	8.354682628259e-02	7.455184645380e-03	2.236976791523e-01
14                  	9.709167827187e-04	4.686644910948e-02	4.399480279505e-03	3.015820345304e-01
15                  	9.385858180604e-04	2.167345449568e-02	2.247616265240e-03	2.055601781064e-01
16                  	9.010178817781e-04	1.930390119147e-02	2.221282361183e-03	1.590380618543e-01
17                  	8.647367225518e-04	2.156468492366e-02	2.648006244751e-03	1.828849417872e-01
18                  	8.376176174843e-04	1.786659032560e-02	2.232134658586e-03	1.682575653923e-01
19                  	8.236278005872e-04	1.176166988999e-02	1.447551081331e-03	1.200679454714e-01
20                  	8.203077622825e-04	6.741078314283e-03	8.878061706238e-04	8.436123080585e-02
21                  	8.220012187858e-04	5.866922627551e-03	7.914600918883e-04	6.246663035243e-02
22                  	8.242099352903e-04	6.472286933440e-03	8.928659943572e-04	5.268633288781e-02
23                  	8.212191009095e-04	5.813003172670e-03	8.271228037328e-04	5.173220614382e-02
24                  	8.128421352821e-04	4.244545820586e-03	6.234786615322e-04	5.317970123559e-02
25                  	8.014060767331e-04	2.847468472064e-03	4.497327234295e-04	4.965869368183e-02
26                  	7.890153781583e-04	2.295894431605e-03	3.783406503218e-04	4.283858061769e-02
27                  	7.773371596353e-04	2.351741379272e-03	3.814788516548e-04	3.586498032783e-02
28                  	7.669987437360e-04	2.252052557531e-03	3.770338413424e-04	3.032914499388e-02
29                  	7.584052201518e-04	1.823721249103e-03	3.543637781482e-04	2.670212948851e-02
30                  	7.510029883449e-04	1.432917622047e-03	3.258545017602e-04	2.370498167220e-02
31                  	7.441263308388e-04	1.225465819183e-03	3.159011914629e-04	2.067390194616e-02
32                  	7.371111426388e-04	1.202520849119e-03	3.128221976993e-04	1.776287317980e-02
33                  	7.298054702451e-04	1.186244548725e-03	3.080462958067e-04	1.573150939477e-02
34                  	7.222549862529e-04	1.109401077660e-03	2.988370147832e-04	1.410460490829e-02
35                  	7.144714119744e-04	1.018319234528e-03	2.868913735441e-04	1.316569071478e-02
36                  	7.066460675030e-04	9.473249887738e-04	2.764175462293e-04	1.206720639194e-02
37                  	6.989488218631e-04	9.102836920122e-04	2.691133910944e-04	1.068631180635e-02
38                  	6.914138703291e-04	8.928463103643e-04	2.638446972968e-04	9.552175614031e-03
39                  	6.841435896426e-04	8.690885780213e-04	2.598043854519e-04	8.471923775542e-03
40                  	6.771848765330e-04	8.348031614647e-04	2.565450058500e-04	7.727023786935e-03
41                  	6.703835926821e-04	8.065901205260e-04	2.537027590703e-04	7.087600163306e-03
42                  	6.637048027027e-04	7.792681177708e-04	2.505880751988e-04	6.428800399383e-03
43                  	6.571351830129e-04	7.597087828256e-04	2.472731717304e-04	5.780839656280e-03
44                  	6.506619333864e-04	7.445959187648e-04	2.436817891447e-04	5.252574322074e-03
45                  	6.442797240805e-04	7.289256238723e-04	2.398965461878e-04	4.777892343976e-03
46                  	6.379871215601e-04	7.140017844513e-04	2.359475112254e-04	4.400910114937e-03
47                  	6.317936113421e-04	6.993076741628e-04	2.320693079347e-04	4.053774381430e-03
48                  	6.257109103034e-04	6.847671247807e-04	2.283997408335e-04	3.712502371761e-03
49                  	6.197468591173e-04	6.715027073840e-04	2.249750227773e-04	3.382146682506e-03
50                  	6.139056056537e-04	6.589636534894e-04	2.217812773462e-04	3.079794919790e-03
51                  	6.081841346204e-04	6.469417441960e-04	2.187453984375e-04	2.830597572675e-03
52                  	6.025812406667e-04	6.340607467520e-04	2.157892785725e-04	2.604699675658e-03
53                  	5.970932322372e-04	6.222707947361e-04	2.129297147374e-04	2.400771116939e-03
54                  	5.917147353173e-04	6.107593633529e-04	2.101324514601e-04	2.209714375735e-03
55                  	5.864404646394e-04	5.994619224923e-04	2.073681239410e-04	2.032055904719e-03
56                  	5.812671322660e-04	5.889884789633e-04	2.046262438814e-04	1.878785436552e-03
57                  	5.761909088160e-04	5.789958786171e-04	2.019061009347e-04	1.742854614314e-03
58                  	5.712087555724e-04	5.694925899168e-04	1.991975170499e-04	1.617080817611e-03
59                  	5.663185812829e-04	5.601178187363e-04	1.965427037474e-04	1.502695305175e-03
60                  	5.615190150467e-04	5.509141242755e-04	1.939546517512e-04	1.394238199602e-03
61                  	5.568090097003e-04	5.419866414949e-04	1.914424486530e-04	1.292849183240e-03
62                  	5.521867010753e-04	5.333898249320e-04	1.890024669376e-04	1.201019373527e-03
63                  	5.476502142657e-04	5.250195989752e-04	1.866204086135e-04	1.118644859024e-03
64                  	5.431966345717e-04	5.168397138771e-04	1.842893071483e-04	1.043597950382e-03
65                  	5.388231894090e-04	5.088608668682e-04	1.820040181621e-04	9.747723504328e-04
66                  	5.345271576052e-04	5.010823817526e-04	1.797589230388e-04	9.121029501050e-04
67                  	5.303059290504e-04	4.935177075980e-04	1.775522020085e-04	8.546915624868e-04
68                  	5.261567896876e-04	4.861563479699e-04	1.753822661450e-04	8.023466793477e-04
69                  	5.220777503175e-04	4.789881690475e-04	1.732477683518e-04	7.546845851253e-04
70                  	5.180666106732e-04	4.720045544278e-04	1.711510635403e-04	7.109841412737e-04
71                  	5.141214821518e-04	4.651988114361e-04	1.690968774000e-04	6.705157895363e-04
72                  	5.102407652123e-04	4.585588393857e-04	1.670798142845e-04	6.331075389919e-04
73                  	5.064227428213e-04	4.520767156188e-04	1.651008898218e-04	5.987369851961e-04
74                  	5.026657995150e-04	4.457324313761e-04	1.631596528096e-04	5.673052834624e-04
75                  	4.989685639919e-04	4.395247853782e-04	1.612536012286e-04	5.385519696029e-04
76                  	4.953292448434e-04	4.334515195228e-04	1.593814886172e-04	5.121444213910e-04
77                  	4.917462570645e-04	4.275119991040e-04	1.575422771738e-04	4.879585044235e-04
78                  	4.882181194676e-04	4.216996401839e-04	1.557351936055e-04	4.656504604823e-04
79                  	4.847432748430e-04	4.160169027764e-04	1.539596526875e-04	4.451061966126e-04
80                  	4.813216910848e-04	4.104569293183e-04	1.522148061159e-04	4.260809586673e-04
81                  	4.779519602456e-04	4.050143478866e-04	1.505012145346e-04	4.086181301492e-04
82                  	4.746322286157e-04	3.996890157018e-04	1.488207690272e-04	3.922820381973e-04
83                  	4.713610445904e-04	3.944674354080e-04	1.471727645834e-04	3.770823390786e-04
84                  	4.681370052004e-04	3.893502708779e-04	1.455530513888e-04	3.629763417232e-04
85                  	4.649588414033e-04	3.843342369729e-04	1.439616870748e-04	3.499109169264e-04
86                  	4.618251721397e-04	3.794454133377e-04	1.423934317675e-04	3.371963897159e-04
87                  	4.587352888573e-04	3.745983710760e-04	1.408604450550e-04	3.259670687512e-04
88                  	4.556877172346e-04	3.699056346124e-04	1.393449517351e-04	3.151780833660e-04
89                  	4.526815892470e-04	3.652796496726e-04	1.378576900781e-04	3.049852574013e-04
90                  	4.497161576550e-04	3.606981651623e-04	1.363997892391e-04	2.959000173692e-04
91                  	4.467901584114e-04	3.562642634838e-04	1.349613150391e-04	2.875419135220e-04
92                  	4.439024768799e-04	3.519544408463e-04	1.335403604938e-04	2.792234676012e-04
93                  	4.410525963296e-04	3.476165493989e-04	1.321519654274e-04	2.712318337815e-04
94                  	4.382396199012e-04	3.434562935906e-04	1.307788113495e-04	2.637844420719e-04
95                  	4.354626242162e-04	3.392919957174e-04	1.294357581831e-04	2.567996678905e-04
96                  	4.327205267990e-04	3.352933741216e-04	1.281089352796e-04	2.501066110659e-04
97                  	4.300123552994e-04	3.313194275666e-04	1.268080806885e-04	2.434677608950e-04
98                  	4.273380159411e-04	3.273697680654e-04	1.255328425975e-04	2.378094364488e-04
99                  	4.246965128243e-04	3.236082066443e-04	1.242721467008e-04	2.322395857221e-04
100                 	4.220872531591e-04	3.198694024610e-04	1.230348506388e-04	2.267212534195e-04
101                 	4.195096080750e-04	3.161819120729e-04	1.218190054299e-04	2.215137731176e-04
102                 	4.169629110015e-04	3.125661156273e-04	1.206235844392e-04	2.166575488074e-04
103                 	4.144466086786e-04	3.090211967573e-04	1.194477129064e-04	2.119865734237e-04
104                 	4.119600595912e-04	3.055379039792e-04	1.182912972840e-04	2.074717650371e-04
105                 	4.095027358668e-04	3.021111151088e-04	1.171538714404e-04	2.030824143977e-04
106                 	4.070740387266e-04	2.987399151273e-04	1.160353300897e-04	1.988543511518e-04
107                 	4.046734297026e-04	2.954238777371e-04	1.149356922817e-04	1.947974225954e-04
108                 	4.023006605152e-04	2.921632994078e-04	1.138540492061e-04	1.909586134796e-04
109                 	3.999555197143e-04	2.889557278657e-04	1.127895790988e-04	1.872688246438e-04
110                 	3.976372145758e-04	2.858008315562e-04	1.117426219736e-04	1.837001545046e-04
111                 	3.953451354150e-04	2.826975505450e-04	1.107127533246e-04	1.802329588409e-04
112                 	3.930788686944e-04	2.796451798871e-04	1.096998103610e-04	1.768602881213e-04
113                 	3.908377733000e-04	2.766427804993e-04	1.087031309534e-04	1.735835478447e-04
114                 	3.886215378438e-04	2.736889892444e-04	1.077224097357e-04	1.703881857552e-04
115                 	3.864296053637e-04	2.707826860813e-04	1.067580860926e-04	1.672852179880e-04
116                 	3.842615146676e-04	2.679220794792e-04	1.058095801746e-04	1.642990504143e-04
117                 	3.821169416961e-04	2.651068851738e-04	1.048766869254e-04	1.614209902576e-04
118                 	3.799954225325e-04	2.623378855343e-04	1.039589875374e-04	1.586197894321e-04
119                 	3.778965530258e-04	2.596132956954e-04	1.030568363755e-04	1.558961107028e-04
120                 	3.758199870340e-04	2.569394721120e-04	1.021699731776e-04	1.532092775723e-04
121                 	3.737653591611e-04	2.543092016630e-04	1.012973676626e-04	1.506178078061e-04
122                 	3.717323094900e-04	2.517167275325e-04	1.004391585479e-04	1.480793489851e-04
123                 	3.697206525875e-04	2.491629903797e-04	9.959551270591e-05	1.456373159912e-04
124                 	3.677298901514e-04	2.466460710115e-04	9.876578354890e-05	1.432430068436e-04
125                 	3.657595943602e-04	2.441643069626e-04	9.794947315173e-05	1.408670442265e-04
126                 	3.638093349395e-04	2.417248371868e-04	9.714653307058e-05	1.386311432622e-04
127                 	3.618788633342e-04	2.393228078637e-04	9.635636751581e-05	1.364793718674e-04
128                 	3.599678738200e-04	2.369537000224e-04	9.557847665986e-05	1.343670364188e-04
129                 	3.580760254728e-04	2.346187063242e-04	9.481291963143e-05	1.323298474556e-04
130                 	3.562030087072e-04	2.323178438098e-04	9.405864048856e-05	1.303094821020e-04
131                 	3.543485207880e-04	2.300508825267e-04	9.331555198568e-05	1.283905348619e-04
132                 	3.525122920307e-04	2.278175638890e-04	9.258347122301e-05	1.264827476760e-04
133                 	3.506940678018e-04	2.256153998975e-04	9.186193408779e-05	1.246240431346e-04
134                 	3.488935276053e-04	2.234450145443e-04	9.115068484424e-05	1.227936264009e-04
135                 	3.471103932444e-04	2.213065505381e-04	9.044951249270e-05	1.210020006727e-04
136                 	3.453444259394e-04	2.191979799176e-04	8.975817344008e-05	1.192684717084e-04
137                 	3.435953053752e-04	2.171191300661e-04	8.907637273931e-05	1.175920646954e-04
138                 	3.418628379089e-04	2.150699416559e-04	8.840381883514e-05	1.159436647628e-04
139                 	3.401467637284e-04	2.130488664270e-04	8.774004899437e-05	1.143018463573e-04
140                 	3.384468398880e-04	2.110562368150e-04	8.708510111539e-05	1.126953830627e-04
141                 	3.367628189341e-04	2.090924650139e-04	8.643835997630e-05	1.111087625420e-04
142                 	3.350941763963e-04	2.071526415593e-04	8.579877258200e-05	1.096091750016e-04
143                 	3.334410846333e-04	2.052431333189e-04	8.516754410716e-05	1.081544586436e-04
144                 	3.318032603641e-04	2.033615429059e-04	8.454349163770e-05	1.066968956030e-04
145                 	3.301805076059e-04	2.015047025598e-04	8.392634395045e-05	1.052332192612e-04
146                 	3.285725768002e-04	1.996737068166e-04	8.331608194774e-05	1.037813204444e-04
147                 	3.269791886043e-04	1.978659227507e-04	8.271248371992e-05	1.023620684279e-04
148                 	3.254001868017e-04	1.960815250824e-04	8.211534214913e-05	1.009653207106e-04
149                 	3.238354031025e-04	1.943205871098e-04	8.152473984381e-05	9.958533800788e-05
150                 	3.222845572386e-04	1.925808832033e-04	8.094076759112e-05	9.825682362733e-05
151                 	3.207475016436e-04	1.908639621565e-04	8.036298853892e-05	9.696030790589e-05
152                 	3.192241798960e-04	1.891686100238e-04	7.979141176299e-05	9.570977708910e-05
153                 	3.177143238664e-04	1.874935608489e-04	7.922587425247e-05	9.448665124167e-05
154                 	3.162177563162e-04	1.858390097656e-04	7.866624003710e-05	9.330534163808e-05
155                 	3.147343062630e-04	1.842044155311e-04	7.811237706330e-05	9.218511233446e-05
156                 	3.132637496600e-04	1.825897262584e-04	7.756419181145e-05	9.110056128098e-05
157                 	3.118059015358e-04	1.809947909992e-04	7.702144553027e-05	9.002882759516e-05
158                 	3.103606490745e-04	1.794247185455e-04	7.648404885803e-05	8.905319543124e-05
159                 	3.089278013470e-04	1.778659669120e-04	7.595181886689e-05	8.805839915557e-05
160                 	3.075071944550e-04	1.763268764054e-04	7.542472025548e-05	8.715357672403e-05
161                 	3.060985184210e-04	1.748083207287e-04	7.490252080971e-05	8.631880897944e-05
162                 	3.047018191214e-04	1.733100496481e-04	7.438531266063e-05	8.545882906313e-05
163                 	3.033168814701e-04	1.718296406087e-04	7.387298864561e-05	8.460183611133e-05
164                 	3.019435617049e-04	1.703673167280e-04	7.336559404741e-05	8.374406502633e-05
165                 	3.005817544144e-04	1.689217805177e-04	7.286310705980e-05	8.289202454834e-05
166                 	2.992312329345e-04	1.674928124266e-04	7.236558497169e-05	8.204890549513e-05
167                 	2.978919451911e-04	1.660807143210e-04	7.187297806758e-05	8.120347010242e-05
168                 	2.965637068438e-04	1.646851406610e-04	7.138512702173e-05	8.035960767353e-05
169                 	2.952464876372e-04	1.633060413947e-04	7.090190822524e-05	7.951327996196e-05
170                 	2.939399437031e-04	1.619435787567e-04	7.042319774580e-05	7.865951380632e-05
171                 	2.926440424785e-04	1.605984162533e-04	6.994894902057e-05	7.778760706452e-05
172                 	2.913585402083e-04	1.592693833282e-04	6.947902126897e-05	7.697781406443e-05
173                 	2.900833936690e-04	1.579559714457e-04	6.901340221009e-05	7.617422475104e-05
174                 	2.888184327758e-04	1.566582552697e-04	6.855206467886e-05	7.537795641157e-05
175                 	2.875635616097e-04	1.553757119366e-04	6.809492907099e-05	7.463253881444e-05
176                 	2.863186906314e-04	1.541084318743e-04	6.764194887351e-05	7.389678875463e-05
177                 	2.850836462311e-04	1.528572693636e-04	6.719304793303e-05	7.315847457209e-05
178                 	2.838582738700e-04	1.516211746757e-04	6.674832046702e-05	7.242970029515e-05
179                 	2.826425036789e-04	1.503991028185e-04	6.630781242755e-05	7.172254067274e-05
180                 	2.814362096296e-04	1.491904272715e-04	6.587143176869e-05	7.104518019611e-05
181                 	2.802392827592e-04	1.479953486472e-04	6.543891095602e-05	7.038943419377e-05
182                 	2.790515742627e-04	1.468149555782e-04	6.501026856654e-05	6.971038571143e-05
183                 	2.778729424410e-04	1.456476278735e-04	6.458537360681e-05	6.909175233871e-05
184                 	2.767033152209e-04	1.444934327088e-04	6.416419032665e-05	6.847992843730e-05
185                 	2.755425697335e-04	1.433518525894e-04	6.374665912824e-05	6.788130538171e-05
186                 	2.743906420935e-04	1.422229306788e-04	6.333277707906e-05	6.730673859323e-05
187                 	2.732473458005e-04	1.411063672354e-04	6.292247785821e-05	1.833780514883e-04
188                 	2.720742064067e-04	1.373514600410e-04	6.268014089543e-05	1.417135603618e-04
189                 	2.709098746849e-04	1.344403104479e-04	6.239310235647e-05	8.452156489559e-05
190                 	2.697546508438e-04	1.330224553055e-04	6.205129950995e-05	8.061327411836e-05
191                 	2.686032067045e-04	1.322942495937e-04	6.167891015205e-05	8.088948877566e-05
192                 	2.674557409167e-04	1.316818781808e-04	6.129939954211e-05	7.411546398546e-05
193                 	2.663108364339e-04	1.309238734821e-04	6.092405798121e-05	6.702555878732e-05
194                 	2.651645638844e-04	1.300025333589e-04	6.055522040823e-05	6.282191983561e-05
195                 	2.640263804417e-04	1.289999439296e-04	6.019185911056e-05	6.106348266958e-05
196                 	2.628981769905e-04	1.279916226850e-04	5.983209344079e-05	6.056676973175e-05
197                 	2.617791072462e-04	1.270057860947e-04	5.947507858442e-05	6.036889078495e-05
198                 	2.606687766465e-04	1.260429695029e-04	5.912057070034e-05	5.998570504050e-05
199                 	2.595676117027e-04	1.250956156912e-04	5.876849920230e-05	5.940987928814e-05
200                 	2.584754243482e-04	1.241579753671e-04	5.841900471813e-05	5.877216183587e-05
201                 	2.573919257398e-04	1.232290153406e-04	5.807209541982e-05	5.816616746891e-05
202                 	2.563168499612e-04	1.223092328898e-04	5.772778947589e-05	5.764373153716e-05
203                 	2.552503386668e-04	1.213990631862e-04	5.738602797325e-05	5.716842885674e-05
204                 	2.541918952761e-04	1.204989082480e-04	5.704683639662e-05	5.673635508661e-05
205                 	2.531417857370e-04	1.196077224624e-04	5.671023604654e-05	5.631475092865e-05
206                 	2.520998617928e-04	1.187254703364e-04	5.637621206447e-05	5.585665418720e-05
207                 	2.510658333089e-04	1.178509255541e-04	5.604476723123e-05	5.538736141344e-05
208                 	2.500396242722e-04	1.169840289762e-04	5.571587946265e-05	5.492460704147e-05
209                 	2.490212694923e-04	1.161255662572e-04	5.538950852606e-05	5.446915487749e-05
210                 	2.480106348519e-04	1.152759812764e-04	5.506560514862e-05	5.401808990513e-05
211                 	2.470076125429e-04	1.144349698066e-04	5.474418619203e-05	5.356728659475e-05
212                 	2.460121320014e-04	1.136023896590e-04	5.442522003843e-05	5.312143513384e-05
213                 	2.450240731488e-04	1.127777261849e-04	5.410865962741e-05	5.273501710377e-05
214                 	2.440433695997e-04	1.119609018179e-04	5.379450622940e-05	5.234341148678e-05
215                 	2.430699315762e-04	1.111517859237e-04	5.348273309473e-05	5.194646113094e-05
216                 	2.421036119138e-04	1.103503846758e-04	5.317332404376e-05	5.154838443843e-05
217                 	2.411443830371e-04	1.095565564121e-04	5.286628006983e-05	5.114245360039e-05
218                 	2.401919877425e-04	1.087702548030e-04	5.256153384202e-05	5.076084874242e-05
219                 	2.392464223626e-04	1.079914432230e-04	5.225909018174e-05	5.039818170726e-05
220                 	2.383076594936e-04	1.072207429970e-04	5.195892265134e-05	5.002145403222e-05
221                 	2.373756582581e-04	1.064569371771e-04	5.166100477158e-05	4.963049892774e-05
222                 	2.364502353634e-04	1.056998555693e-04	5.136536430394e-05	4.924436108980e-05
223                 	2.355313538618e-04	1.049498191992e-04	5.107194732054e-05	4.885401291863e-05
224                 	2.346189520287e-04	1.042067359740e-04	5.078071975271e-05	4.847416750058e-05
225                 	2.337129567360e-04	1.034706103390e-04	5.049170736254e-05	4.809922208644e-05
226                 	2.328133431708e-04	1.027413911590e-04	5.020486269033e-05	4.771566319215e-05
227                 	2.319199638309e-04	1.020189720643e-04	4.992016563786e-05	4.731288598741e-05
228                 	2.310327597146e-04	1.013034704000e-04	4.963759359496e-05	4.691872592041e-05
229                 	2.301516811442e-04	1.005945608212e-04	4.935714992762e-05	4.653102000932e-05
230                 	2.292766235238e-04	9.989240467318e-05	4.907881459957e-05	4.615423358299e-05
231                 	2.284074857870e-04	9.919693026297e-05	4.880250100387e-05	4.577763274805e-05
232                 	2.275442020977e-04	9.850804874377e-05	4.852824762597e-05	4.541233594037e-05
233                 	2.266868481364e-04	9.782526774670e-05	4.825613791410e-05	4.504199891133e-05
234                 	2.258352689951e-04	9.714845850134e-05	4.798606114322e-05	4.466609340041e-05
235                 	2.249893957294e-04	9.647772404615e-05	4.771801375067e-05	4.429111000981e-05
236                 	2.241491797246e-04	9.581323144335e-05	4.745185410091e-05	4.392523078417e-05
237                 	2.233145228795e-04	9.515439364592e-05	4.718780799190e-05	4.355656810375e-05
238                 	2.224854060048e-04	9.450132448773e-05	4.692573524859e-05	4.314410014629e-05
239                 	2.216617538954e-04	9.385386490039e-05	4.666565725158e-05	4.277044650998e-05
240                 	2.208435237482e-04	9.321204645184e-05	4.640757797552e-05	4.246057781564e-05
241                 	2.200306466420e-04	9.257600137979e-05	4.615142858424e-05	4.214966548222e-05
242                 	2.192230529524e-04	9.194566125817e-05	4.589715713355e-05	4.183539200842e-05
243                 	2.184207116832e-04	9.132098901071e-05	4.564475698547e-05	4.152501721861e-05
244                 	2.176235757688e-04	9.071066534841e-05	4.539443769758e-05	4.119199825762e-05
245                 	2.168315598587e-04	9.008996340113e-05	4.514573789559e-05	4.081679059992e-05
246                 	2.160446310826e-04	8.947719351526e-05	4.489876149996e-05	4.051055035223e-05
247                 	2.152627289652e-04	8.887457148020e-05	4.465354845707e-05	4.022959176099e-05
248                 	2.144857840438e-04	8.827874930091e-05	4.441015387604e-05	3.995728855234e-05
249                 	2.137138008331e-04	8.768749943985e-05	4.416856372327e-05	3.969322130401e-05
250                 	2.129466878832e-04	8.710043622804e-05	4.392876757992e-05	3.942739888649e-05
251                 	2.121844006769e-04	8.651787458073e-05	4.369075275196e-05	3.915750292404e-05
252                 	2.114268815786e-04	8.594015101223e-05	4.345448079294e-05	3.885290759206e-05
253                 	2.106741266605e-04	8.536744241198e-05	4.321992711812e-05	3.852779515082e-05
254                 	2.099260352047e-04	8.480000164072e-05	4.298708593621e-05	3.821398936299e-05
255                 	2.091825838091e-04	8.423786148862e-05	4.275590988035e-05	3.791906227257e-05
256                 	2.084435791918e-04	8.368062017842e-05	4.252637644175e-05	3.764425835512e-05
257                 	2.077091153142e-04	8.312817185412e-05	4.229848454582e-05	3.737938578560e-05
258                 	2.069791612284e-04	8.258027678738e-05	4.207224031425e-05	3.711737177962e-05
259                 	2.062536323104e-04	8.203678625089e-05	4.184762796972e-05	3.687965165535e-05
260                 	2.055325274902e-04	8.149766701040e-05	4.162465064651e-05	3.664906997919e-05
261                 	2.048157739689e-04	8.096307028083e-05	4.140327733843e-05	3.641741753764e-05
262                 	2.041033371285e-04	8.043299198697e-05	4.118349925816e-05	3.617861367932e-05
263                 	2.033951778968e-04	7.990741528658e-05	4.096530246821e-05	3.593677795697e-05
264                 	2.026912247589e-04	7.938633639694e-05	4.074867602427e-05	3.568630457293e-05
265                 	2.019914797406e-04	7.886958435497e-05	4.053360002334e-05	3.543023783903e-05
266                 	2.012958771867e-04	7.835706474331e-05	4.032007595643e-05	3.517841609090e-05
267                 	2.006043798677e-04	7.784883357469e-05	4.010806808741e-05	3.494371385872e-05
268                 	1.999169481173e-04	7.734484772980e-05	3.989756942297e-05	3.471460025573e-05
269                 	1.992335252730e-04	7.684508563769e-05	3.968858210635e-05	3.447746197538e-05
270                 	1.985541030440e-04	7.634947407156e-05	3.948109075503e-05	3.423610655051e-05
271                 	1.978786583000e-04	7.585794655609e-05	3.927508796533e-05	3.393956688716e-05
272                 	1.972070970527e-04	7.537046951552e-05	3.907057330575e-05	3.365683687945e-05
273                 	1.965393982749e-04	7.488694479922e-05	3.886753304198e-05	3.338473738372e-05
274                 	1.958755238664e-04	7.440736995568e-05	3.866599007913e-05	3.312270331039e-05
275                 	1.952152886472e-04	7.393188459811e-05	3.846586345061e-05	3.286443354396e-05
276                 	1.945588237288e-04	7.346036025746e-05	3.826715558248e-05	3.260946452342e-05
277                 	1.939060744759e-04	7.299280176173e-05	3.806983864327e-05	3.236180137066e-05
278                 	1.932569386375e-04	7.252888672977e-05	3.787375150557e-05	3.211429598878e-05
279                 	1.926115121287e-04	7.207019969058e-05	3.767921524010e-05	3.189707068010e-05
280                 	1.919697171109e-04	7.161446648345e-05	3.748601054476e-05	3.168105749443e-05
281                 	1.913315256576e-04	7.116212960902e-05	3.729417071381e-05	3.146811832214e-05
282                 	1.906968980925e-04	7.071334235652e-05	3.710368834186e-05	3.124991195291e-05
283                 	1.900657785928e-04	7.026820391208e-05	3.691460196430e-05	3.103014016958e-05
284                 	1.894381034817e-04	6.982671851215e-05	3.672688670643e-05	3.081521193019e-05
285                 	1.888138660588e-04	6.938878026422e-05	3.654046719687e-05	3.059666312669e-05
286                 	1.881930520258e-04	6.895420534489e-05	3.635542158490e-05	3.040338899617e-05
287                 	1.875756203900e-04	6.852310096268e-05	3.617169616776e-05	3.021392058199e-05
288                 	1.869614846522e-04	6.809538094965e-05	3.598926460035e-05	3.001910638596e-05
289                 	1.863505368478e-04	6.767109804248e-05	3.580810108772e-05	2.982733979069e-05
290                 	1.857428966046e-04	6.725027922619e-05	3.562817445335e-05	2.963560962287e-05
291                 	1.851385060022e-04	6.683275294319e-05	3.544948103069e-05	2.944222287794e-05
292                 	1.845373671654e-04	6.641857949279e-05	3.527199680630e-05	2.924655645780e-05
293                 	1.839394458648e-04	6.600779608263e-05	3.509571319630e-05	2.904864726790e-05
294                 	1.833447099253e-04	6.560031425338e-05	3.492061735994e-05	2.884919167449e-05
295                 	1.827531096146e-04	6.519611548558e-05	3.474670653956e-05	2.864926508093e-05
296                 	1.821646497787e-04	6.479458322827e-05	3.457395142970e-05	2.842071722850e-05
297                 	1.815792801200e-04	6.439718569399e-05	3.440237237377e-05	2.820051928907e-05
298                 	1.809969782795e-04	6.400257042021e-05	3.423194562074e-05	2.800668679716e-05
299                 	1.804176785840e-04	6.361091663457e-05	3.406263722358e-05	1.467956346148e-04
300                 	1.798168582860e-04	6.101733631120e-05	3.406139063471e-05	7.755673271637e-05
301                 	1.792230683848e-04	6.114368666830e-05	3.401005198206e-05	5.574064018010e-05
302                 	1.786356557633e-04	6.192321662099e-05	3.390534735215e-05	4.991368891323e-05
303                 	1.780536374595e-04	6.227887057316e-05	3.376689254134e-05	4.185100334366e-05
304                 	1.774763792264e-04	6.221359895309e-05	3.361734886018e-05	3.418309655261e-05
305                 	1.769034026644e-04	6.187678340648e-05	3.346753608931e-05	2.947362402304e-05
306                 	1.763342796251e-04	6.145692942471e-05	3.332117658914e-05	2.729164714280e-05
307                 	1.757687784701e-04	6.103723276714e-05	3.317750669236e-05	2.634593152826e-05
308                 	1.752066747398e-04	6.065004374796e-05	3.303541769009e-05	2.592295885435e-05
309                 	1.746478667794e-04	6.028596910827e-05	3.289405995995e-05	2.558714178084e-05
310                 	1.740920981867e-04	5.992864319107e-05	3.275309345262e-05	2.521121145618e-05
311                 	1.735392583732e-04	5.956916046624e-05	3.261251872518e-05	2.481486965389e-05
312                 	1.729894408047e-04	5.920770615056e-05	3.247249085103e-05	2.446427992398e-05
313                 	1.724425804507e-04	5.884700178628e-05	3.233314790635e-05	2.418197812315e-05
314                 	1.718986085875e-04	5.848814015582e-05	3.219453282585e-05	2.394728851881e-05
315                 	1.713575184890e-04	5.813277086407e-05	3.205666467054e-05	2.374807765583e-05
316                 	1.708192408194e-04	5.778117663556e-05	3.191954844655e-05	2.357280794829e-05
317                 	1.702837052649e-04	5.743245868586e-05	3.178319865217e-05	2.341344647325e-05
318                 	1.697509498976e-04	5.708585962062e-05	3.164763118234e-05	2.325305814365e-05
319                 	1.692208940199e-04	5.674081818220e-05	3.151281612717e-05	2.308978043973e-05
320                 	1.686934364923e-04	5.639793175161e-05	3.137876658124e-05	2.293439953671e-05
321                 	1.681684693890e-04	5.605746825780e-05	3.124548614475e-05	2.278253475088e-05
322                 	1.676461434717e-04	5.571947461730e-05	3.111298097599e-05	2.264864995701e-05
323                 	1.671264110204e-04	5.538404908950e-05	3.098123710310e-05	2.250880984732e-05
324                 	1.666092638005e-04	5.505125081301e-05	3.085024878870e-05	2.236475891230e-05
325                 	1.660946849302e-04	5.472115975133e-05	3.072001046380e-05	2.221619708822e-05
326                 	1.655826487502e-04	5.439375678478e-05	3.059051725478e-05	2.206528646971e-05
327                 	1.650731114352e-04	5.406906007062e-05	3.046176537619e-05	2.191280023289e-05
328                 	1.645660514269e-04	5.374143636297e-05	3.033351730195e-05	2.173848866474e-05
329                 	1.640614742902e-04	5.342742596662e-05	3.020625022113e-05	2.165484275800e-05
330                 	1.635591681369e-04	5.311845559174e-05	3.007999627766e-05	2.158638209466e-05
331                 	1.630592023882e-04	5.279355511593e-05	2.995402755109e-05	2.133118627717e-05
332                 	1.625616215199e-04	5.248201036018e-05	2.982890696341e-05	2.122374507248e-05
333                 	1.620664373011e-04	5.217954844645e-05	2.970478336576e-05	2.117028111206e-05
334                 	1.615736039671e-04	5.186381722846e-05	2.958094155955e-05	2.091308503387e-05
335                 	1.610831392398e-04	5.156087512359e-05	2.945792745386e-05	2.081026655781e-05
336                 	1.605949950735e-04	5.126672103906e-05	2.933590740806e-05	2.075540195559e-05
337                 	1.601091312779e-04	5.095855440127e-05	2.921415054213e-05	2.049868982412e-05
338                 	1.596255440016e-04	5.066731534518e-05	2.909343379516e-05	2.046429114127e-05
339                 	1.591441363501e-04	5.036679637363e-05	2.897308610173e-05	2.022526016581e-05
340                 	1.586647873460e-04	5.008144531316e-05	2.885375882513e-05	2.019961758490e-05
341                 	1.581876662611e-04	4.978526576840e-05	2.873477918990e-05	1.994327172481e-05
342                 	1.577127388345e-04	4.950534030087e-05	2.861684418337e-05	1.991102416919e-05
343                 	1.572400149804e-04	4.921296102505e-05	2.849921964725e-05	1.964083224258e-05
344                 	1.567694585516e-04	4.893779112549e-05	2.838264283356e-05	1.962174748755e-05
345                 	1.563009795412e-04	4.864991608414e-05	2.826635258924e-05	1.935543404453e-05
346                 	1.558346501960e-04	4.837964035854e-05	2.815110566765e-05	1.934303499823e-05
347                 	1.553704504628e-04	4.809610644069e-05	2.803611749275e-05	1.907982533884e-05
348                 	1.549081724673e-04	4.782675800455e-05	2.792196928871e-05	1.901604546465e-05
349                 	1.544478714995e-04	4.756049197043e-05	2.780865985607e-05	1.892992634527e-05
350                 	1.539896327472e-04	4.728527252146e-05	2.769567994778e-05	1.874501161785e-05
351                 	1.535334540422e-04	4.701893580769e-05	2.758343250240e-05	1.860792468584e-05
352                 	1.530792872855e-04	4.675695549686e-05	2.747186702350e-05	1.852440127417e-05
353                 	1.526271616664e-04	4.649408425727e-05	2.736092124022e-05	1.838569830395e-05
354                 	1.521769998808e-04	4.623527505956e-05	2.725064125824e-05	1.830295088100e-05
355                 	1.517288369991e-04	4.597559776800e-05	2.714093885912e-05	1.815097379612e-05
356                 	1.512825961106e-04	4.572117861842e-05	2.703186403266e-05	1.806804348781e-05
357                 	1.508380406262e-04	4.546598609492e-05	2.692334377256e-05	1.791064821288e-05
358                 	1.503954653925e-04	4.521631838256e-05	2.681550722919e-05	1.782528283766e-05
359                 	1.499548236224e-04	4.496545219272e-05	2.670821183714e-05	1.768219821725e-05
360                 	1.495160588590e-04	4.471980479969e-05	2.660157246963e-05	1.761125777145e-05
361                 	1.490791934634e-04	4.447287724146e-05	2.649547959399e-05	1.746903498863e-05
362                 	1.486441949187e-04	4.423127168738e-05	2.639003476967e-05	1.739899401174e-05
363                 	1.482110860897e-04	4.398827553841e-05	2.628512320930e-05	1.725330475268e-05
364                 	1.477798016016e-04	4.375070684023e-05	2.618085563394e-05	1.718131026171e-05
365                 	1.473501279887e-04	4.351156477374e-05	2.607710276144e-05	1.703250273134e-05
366                 	1.469222460618e-04	4.327812684195e-05	2.597399260594e-05	1.696518998921e-05
367                 	1.464961607439e-04	4.304288657460e-05	2.587138663960e-05	1.681846167583e-05
368                 	1.460718677143e-04	4.281334942475e-05	2.576942529423e-05	1.675542073672e-05
369                 	1.456493567197e-04	4.258182757968e-05	2.566795990813e-05	1.661010728548e-05
370                 	1.452286237086e-04	4.235614270251e-05	2.556713020306e-05	1.655430892719e-05
371                 	1.448096196569e-04	4.212832041899e-05	2.546678762164e-05	1.641178001028e-05
372                 	1.443923660476e-04	4.190644309632e-05	2.536705418997e-05	1.635786145893e-05
373                 	1.439765878589e-04	4.168224859662e-05	2.526780808907e-05	1.621459814682e-05
374                 	1.435625242841e-04	4.146409179353e-05	2.516918106735e-05	1.616604447781e-05
375                 	1.431501388007e-04	4.124351044311e-05	2.507102108501e-05	1.602419027761e-05
376                 	1.427394761411e-04	4.102895370650e-05	2.497348402339e-05	1.597833406303e-05
377                 	1.423304844088e-04	4.081184098739e-05	2.487639980335e-05	1.583718497965e-05
378                 	1.419231613571e-04	4.060081313113e-05	2.477993019151e-05	1.579381192549e-05
379                 	1.415174693650e-04	4.038713146970e-05	2.468390709061e-05	1.565083042037e-05
380                 	1.411133035130e-04	4.017960801330e-05	2.458849212216e-05	1.560743554936e-05
381                 	1.407106581528e-04	3.996929055988e-05	2.449351951402e-05	1.546378177463e-05
382                 	1.403096096771e-04	3.976484772568e-05	2.439914266971e-05	1.542295873528e-05
383                 	1.399101767928e-04	3.955810274426e-05	2.430520343944e-05	1.527860653118e-05
384                 	1.395123520262e-04	3.935807815376e-05	2.421188793111e-05	1.524407951773e-05
385                 	1.391161037128e-04	3.915367307528e-05	2.411896920086e-05	1.509773917340e-05
386                 	1.387213929903e-04	3.895642936465e-05	2.402665980557e-05	1.506000832819e-05
387                 	1.383282002461e-04	3.875539661836e-05	2.393473978197e-05	1.491438337242e-05
388                 	1.379363559756e-04	3.856160637906e-05	2.384342283891e-05	1.487682545443e-05
389                 	1.375460463753e-04	3.836395264849e-05	2.375248831199e-05	1.473356742309e-05
390                 	1.371572859026e-04	3.817334620471e-05	2.366215542735e-05	1.469961031888e-05
391                 	1.367700412146e-04	3.797890494151e-05	2.357220136780e-05	1.456428803424e-05
392                 	1.363842959500e-04	3.779071496680e-05	2.348282239534e-05	1.453348721562e-05
393                 	1.360000790214e-04	3.760027904650e-05	2.339385716700e-05	1.439726825081e-05
394                 	1.356172901647e-04	3.741473376735e-05	2.330545397148e-05	1.436242614456e-05
395                 	1.352358007591e-04	3.722689436161e-05	2.321743601700e-05	1.422847621018e-05
396                 	1.348557869953e-04	3.704485599795e-05	2.312998362421e-05	1.419882281770e-05
397                 	1.344772294034e-04	3.685956853337e-05	2.304290586699e-05	1.406179656270e-05
398                 	1.341001207639e-04	3.668049407431e-05	2.295640444825e-05	1.403415000643e-05
399                 	1.337244818929e-04	3.649810808670e-05	2.287026645230e-05	1.389947123812e-05
400                 	1.333502494025e-04	3.632173630223e-05	2.278468956646e-05	1.387145619234e-05
401                 	1.329773640952e-04	3.614217217853e-05	2.269947409804e-05	1.373702440625e-05
402                 	1.326057458253e-04	3.596868558623e-05	2.261482231920e-05	1.370988939489e-05
403                 	1.322355491168e-04	3.579202231358e-05	2.253051916777e-05	1.357944564387e-05
404                 	1.318667290183e-04	3.562126854449e-05	2.244675916512e-05	1.355021239653e-05
405                 	1.314993172035e-04	3.544740382928e-05	2.236334087690e-05	1.342021345375e-05
406                 	1.311332828584e-04	3.527924411325e-05	2.228045733178e-05	1.339794759652e-05
407                 	1.307686434077e-04	3.510809119846e-05	2.219790164629e-05	1.328067165056e-05
408                 	1.304051366854e-04	3.494254177065e-05	2.211587693064e-05	1.325828522162e-05
409                 	1.300429519171e-04	3.477408261674e-05	2.203418502855e-05	1.313851799445e-05
410                 	1.296821490724e-04	3.461112921056e-05	2.195301800262e-05	1.311406745458e-05
411                 	1.293226871525e-04	3.444529368630e-05	2.187218439323e-05	1.299597452136e-05
412                 	1.289645361575e-04	3.428478662251e-05	2.179186944195e-05	1.297035408197e-05
413                 	1.286077270533e-04	3.412147100732e-05	2.171187500798e-05	1.285171887274e-05
414                 	1.282521199493e-04	3.396341969939e-05	2.163239313337e-05	5.432084171733e-05
415                 	1.278975994409e-04	3.621056316982e-05	2.154644851092e-05	2.166506772669e-05
416                 	1.275448686176e-04	3.524900615138e-05	2.146673958613e-05	2.642441639360e-05
417                 	1.271932488263e-04	3.402305292325e-05	2.139102057121e-05	4.163861436400e-05
418                 	1.268426677287e-04	3.569924819267e-05	2.130991038231e-05	2.331074910951e-05
419                 	1.264937561028e-04	3.457862023862e-05	2.123343840738e-05	2.565232192697e-05
420                 	1.261458468485e-04	3.340488253691e-05	2.115958617501e-05	4.241434970356e-05
421                 	1.257987801470e-04	3.512983437470e-05	2.107988539790e-05	2.198856903167e-05
422                 	1.254533956982e-04	3.409491496563e-05	2.100445176922e-05	2.470816004013e-05
423                 	1.251090480001e-04	3.294540268907e-05	2.093156319856e-05	4.193248434572e-05
424                 	1.247657315102e-04	3.466632232304e-05	2.085273031390e-05	2.182939199822e-05
425                 	1.244240625575e-04	3.363177614799e-05	2.077805128798e-05	3.414868602654e-05
426                 	1.240833484165e-04	3.489298896699e-05	2.069912590864e-05	2.836764902846e-05
427                 	1.237439830152e-04	3.348811018425e-05	2.062685599332e-05	2.975565390703e-05
428                 	1.234055135502e-04	3.456465346544e-05	2.055044309613e-05	2.918077463427e-05
429                 	1.230685685023e-04	3.312188375078e-05	2.047968527549e-05	2.976937228031e-05
430                 	1.227324800358e-04	3.420033170022e-05	2.040454222420e-05	2.833684544586e-05
431                 	1.223978854530e-04	3.279499295986e-05	2.033430117314e-05	2.986998537500e-05
432                 	1.220641906167e-04	3.388454169812e-05	2.025966523805e-05	3.103464152074e-05
433                 	1.217316901598e-04	3.491025103796e-05	2.018269533292e-05	3.939322557033e-05
434                 	1.214006081165e-04	3.288747714921e-05	2.011435157463e-05	2.188250466148e-05
435                 	1.210703128703e-04	3.357123924117e-05	2.004275443193e-05	2.610889795825e-05
436                 	1.207413404869e-04	3.440457750071e-05	1.996839362205e-05	3.956618320922e-05
437                 	1.204137378464e-04	3.237574963898e-05	1.990199342134e-05	2.215481314934e-05
438                 	1.200868625033e-04	3.307765309911e-05	1.983184660333e-05	2.643601785275e-05
439                 	1.197611140167e-04	3.393509056267e-05	1.975859218044e-05	3.852527614228e-05
440                 	1.194367358078e-04	3.195129752859e-05	1.969296815495e-05	2.190046440835e-05
441                 	1.191131252893e-04	3.265719309948e-05	1.962366597429e-05	2.605343022090e-05
442                 	1.187908279214e-04	3.350899086057e-05	1.955131481596e-05	2.038912277262e-05
443                 	1.184697835639e-04	3.394662583620e-05	1.947929484848e-05	4.598141129465e-05
444                 	1.181499185311e-04	3.159513541918e-05	1.941677197393e-05	1.866866089291e-05
445                 	1.178306210428e-04	3.206767289237e-05	1.934989559507e-05	2.435973645127e-05
446                 	1.175125853604e-04	3.287944726438e-05	1.928025897662e-05	1.995663675935e-05
447                 	1.171957809390e-04	3.331652211418e-05	1.920981639654e-05	1.414312122025e-05
448                 	1.168801510796e-04	3.340279250423e-05	1.914071383144e-05	1.061818586071e-05
449                 	1.165656470924e-04	3.329377874157e-05	1.907356115453e-05	9.908968118197e-06
450                 	1.162520330045e-04	3.310612646686e-05	1.900759532661e-05	9.919692884403e-06
451                 	1.159394779829e-04	3.291574759745e-05	1.894245410849e-05	1.002127592172e-05
452                 	1.156279752831e-04	3.274635500706e-05	1.887777728595e-05	1.013506030647e-05
453                 	1.153175168334e-04	3.259650407493e-05	1.881329124366e-05	1.014701859954e-05
454                 	1.150081031570e-04	3.245907845013e-05	1.874891275508e-05	1.006265252291e-05
455                 	1.146997057000e-04	3.232813785106e-05	1.868465866518e-05	9.942701740186e-06
456                 	1.143922339397e-04	3.220038113545e-05	1.862058728675e-05	9.834632840709e-06
457                 	1.140858358310e-04	3.207407517092e-05	1.855676528059e-05	9.756035504576e-06
458                 	1.137804998360e-04	3.194829798733e-05	1.849324436073e-05	1.195484338008e-04
459                 	1.134575141422e-04	2.999654869869e-05	1.860435294390e-05	4.237336268191e-05
460                 	1.131576098892e-04	2.994326043926e-05	1.848903252629e-05	7.900353607124e-05
461                 	1.128393249931e-04	2.892693292858e-05	1.855293597709e-05	6.624724687689e-05
462                 	1.125431208436e-04	2.964650588526e-05	1.840256473596e-05	6.414641269516e-05
463                 	1.122284885144e-04	2.896229697416e-05	1.845033857476e-05	6.508951772515e-05
464                 	1.119173516665e-04	2.778256098113e-05	1.847834724763e-05	4.635459254032e-05
465                 	1.116092508508e-04	2.704874306800e-05	1.847727684099e-05	2.793972765435e-05
466                 	1.113036145274e-04	2.681171641447e-05	1.845535824394e-05	2.012708701228e-05
467                 	1.110000981167e-04	2.681652680127e-05	1.841892042022e-05	1.803351496536e-05
468                 	1.106984118842e-04	2.686330906695e-05	1.837550400527e-05	1.552592482579e-05
469                 	1.103984046194e-04	2.686947637539e-05	1.832936272554e-05	1.319959075982e-05
470                 	1.100999546398e-04	2.682144618523e-05	1.828248648339e-05	1.172292531875e-05
471                 	1.098028911551e-04	2.672729705558e-05	1.823528145118e-05	1.070435177663e-05
472                 	1.095070745055e-04	2.661670984167e-05	1.818827653021e-05	1.011304788806e-05
473                 	1.092125517064e-04	2.649635836853e-05	1.814149714045e-05	9.780087024989e-06
474                 	1.089192762811e-04	2.636428336376e-05	1.809447571854e-05	9.532467108535e-06
475                 	1.086271864437e-04	2.622887332681e-05	1.804731341474e-05	9.328093875314e-06
476                 	1.083362804260e-04	2.609514679474e-05	1.800009931747e-05	9.142179556195e-06
477                 	1.080464440791e-04	2.596186002252e-05	1.795288160117e-05	8.959145826806e-06
478                 	1.077576892795e-04	2.582913293066e-05	1.790570438286e-05	8.797556909162e-06
479                 	1.074700623802e-04	2.569693046455e-05	1.785859959356e-05	8.663920890937e-06
480                 	1.071835596559e-04	2.555928584448e-05	1.781123742198e-05	8.480374527862e-06
481                 	1.068981476142e-04	2.543931155546e-05	1.776465208914e-05	8.505530003684e-06
482                 	1.066137812139e-04	2.530845094239e-05	1.771799910539e-05	8.431982985876e-06
483                 	1.063303521166e-04	2.517075636623e-05	1.767108002043e-05	8.273545889664e-06
484                 	1.060480229058e-04	2.505185567714e-05	1.762494848772e-05	8.313734076745e-06
485                 	1.057667217957e-04	2.491783327156e-05	1.757843385010e-05	8.183434808722e-06
486                 	1.054864537970e-04	2.479969944482e-05	1.753266247724e-05	8.228295792971e-06
487                 	1.052071780364e-04	2.466675320582e-05	1.748651125945e-05	8.095593459483e-06
488                 	1.049288227326e-04	2.455027580120e-05	1.744110543734e-05	8.137245172991e-06
489                 	1.046514455427e-04	2.441959213418e-05	1.739533034551e-05	8.007722508669e-06
490                 	1.043750891005e-04	2.430541549564e-05	1.735029674104e-05	8.047731363367e-06
491                 	1.040996792751e-04	2.417716349376e-05	1.730490342464e-05	7.919587533544e-06
492                 	1.038252815184e-04	2.406540950254e-05	1.726025130206e-05	7.955955850333e-06
493                 	1.035517215206e-04	2.393959584571e-05	1.721524841241e-05	7.827825931645e-06
494                 	1.032791079304e-04	2.383021957343e-05	1.717098451962e-05	7.861891525660e-06
495                 	1.030074256480e-04	2.370695120603e-05	1.712637774752e-05	7.732249990738e-06
496                 	1.027367072218e-04	2.359945865381e-05	1.708250420944e-05	7.764763152429e-06
497                 	1.024669130648e-04	2.347927736245e-05	1.703829633748e-05	7.635807258740e-06
498                 	1.021979335255e-04	2.337399339227e-05	1.699480501321e-05	7.667123361305e-06
499                 	1.019298890594e-04	2.325612323047e-05	1.695098674372e-05	7.539305810498e-06
500                 	1.016627538312e-04	2.315306860675e-05	1.690787933277e-05	7.570726144532e-06
501                 	1.013965209831e-04	2.303720907633e-05	1.686445635949e-05	7.441690654239e-06
502                 	1.011311842544e-04	2.293720721182e-05	1.682173293704e-05	7.472480601737e-06
503                 	1.008666366274e-04	2.282399171141e-05	1.677868335962e-05	7.345959607663e-06
504                 	1.006029913401e-04	2.272524175314e-05	1.673633083637e-05	7.377200438181e-06
505                 	1.003402296928e-04	2.261412856176e-05	1.669367150620e-05	7.252214736803e-06
506                 	1.000783447026e-04	2.251851166114e-05	1.665169815029e-05	7.283327342515e-06
507                 	9.981726867083e-05	2.240967140095e-05	1.660941164184e-05	7.158607884944e-06
