1	0
2	0
3	0
4	0
5	0
6	0
7	0
8	0
9	0
10	0
11	0
12	0
13	1
14	1
15	1
16	1
17	1
18	1
19	1
20	1
21	1
22	1
23	1
24	1
25	1
26	1
27	2
28	2
29	2
30	2
31	2
32	2
33	2
34	2
35	2
36	2
37	2
38	2
39	2
40	2
41	3
42	3
43	3
44	3
45	3
46	3
47	3
48	3
49	3
50	3
51	3
52	3
53	3
54	4
55	4
56	4
57	4
58	4
59	4
60	4
61	4
62	4
63	4
64	4
65	4
66	5
67	5
68	5
69	5
70	5
71	5
72	5
73	5
74	5
75	5
76	5
77	5
78	5
79	5
80	6
81	6
82	6
83	6
84	6
85	6
86	6
87	6
88	6
89	6
90	6
91	6
92	6
93	6
94	7
95	7
96	7
97	7
98	7
99	7
100	7
101	7
102	7
103	7
104	7
105	7
106	8
107	8
108	8
109	8
110	8
111	8
112	8
113	8
114	8
115	8
116	8
117	8
118	8
119	9
120	9
121	9
122	9
123	9
124	9
125	9
126	9
127	9
128	9
129	9
130	9
131	9
132	9
133	10
134	10
135	10
136	10
137	10
138	10
139	10
140	10
141	10
142	10
143	10
144	10
145	10
146	10
147	11
148	11
149	11
150	11
151	11
152	11
153	11
154	11
155	11
156	11
157	11
158	11
159	11
160	11
161	12
162	12
163	12
164	12
165	12
166	12
167	12
168	12
169	12
170	12
171	12
172	12
173	12
174	12
175	13
176	13
177	13
178	13
179	13
180	13
181	13
182	13
183	13
184	13
185	13
186	13
187	13
188	14
189	14
190	14
191	14
192	14
193	14
194	14
195	14
196	14
197	14
198	14
199	14
200	14
201	15
202	15
203	15
204	15
205	15
206	15
207	15
208	15
209	15
210	15
211	15
212	15
213	15
214	15
215	16
216	16
217	16
218	16
219	16
220	16
221	16
222	16
223	16
224	16
225	16
226	16
227	16
228	16
229	16
230	17
231	17
232	17
233	17
234	17
235	17
236	17
237	17
238	17
239	17
240	17
241	17
242	17
243	17
244	18
245	18
246	18
247	18
248	18
249	18
250	18
251	18
252	18
253	18
254	18
255	18
256	18
257	18
258	19
259	19
260	19
261	19
262	19
263	19
264	19
265	19
266	19
267	19
268	19
269	19
270	19
271	19
272	20
273	20
274	20
275	20
276	20
277	20
278	20
279	20
280	20
281	20
282	20
283	20
284	20
285	20
286	21
287	21
288	21
289	21
290	21
291	21
292	21
293	21
294	21
295	21
296	21
297	21
298	21
299	22
300	22
301	22
302	22
303	22
304	22
305	22
306	22
307	22
308	22
309	22
310	22
311	23
312	23
313	23
314	23
315	23
316	23
317	23
318	23
319	23
320	23
321	23
322	23
323	23
324	24
325	24
326	24
327	24
328	24
329	24
330	24
331	24
332	24
333	24
334	24
335	25
336	25
337	25
338	25
339	25
340	25
341	25
342	25
343	25
344	25
345	25
346	25
347	25
348	26
349	26
350	26
351	26
352	26
353	26
354	26
355	26
356	26
357	26
358	26
359	26
360	26
361	26
362	27
363	27
364	27
365	27
366	27
367	27
368	27
369	27
370	27
371	27
372	27
373	27
374	27
375	28
376	28
377	28
378	28
379	28
380	28
381	28
382	28
383	28
384	28
385	28
386	29
387	29
388	29
389	29
390	29
391	29
392	29
393	29
394	29
395	29
396	29
397	29
398	30
399	30
400	30
401	30
402	30
403	30
404	30
405	30
406	30
407	30
408	30
409	30
410	31
411	31
412	31
413	31
414	31
415	31
416	31
417	31
418	31
419	31
420	31
421	31
422	31
423	32
424	32
425	32
426	32
427	32
428	32
429	32
430	32
431	32
432	32
433	32
434	32
435	32
436	33
437	33
438	33
439	33
440	33
441	33
442	33
443	33
444	33
445	33
446	33
447	34
448	34
449	34
450	34
451	34
452	34
453	34
454	34
455	34
456	34
457	34
458	34
459	34
460	35
461	35
462	35
463	35
464	35
465	35
466	35
467	35
468	35
469	35
470	35
471	35
472	36
473	36
474	36
475	36
476	36
477	36
478	36
479	36
480	36
481	36
482	36
483	36
484	36
485	37
486	37
487	37
488	37
489	37
490	37
491	37
492	37
493	37
494	37
495	37
496	37
497	38
498	38
499	38
500	38
501	38
502	38
503	38
504	38
505	38
506	38
507	38
508	39
509	39
510	39
511	39
512	39
513	39
514	39
515	39
516	39
517	39
518	39
519	39
520	39
521	39
522	40
523	40
524	40
525	40
526	40
527	40
528	40
529	40
530	40
531	40
532	40
533	40
534	40
535	41
536	41
537	41
538	41
539	41
540	41
541	41
542	41
543	41
544	41
545	41
546	41
547	41
548	41
549	42
550	42
551	42
552	42
553	42
554	42
555	42
556	42
557	42
558	42
559	42
560	42
561	42
562	43
563	43
564	43
565	43
566	43
567	43
568	43
569	43
570	43
571	43
572	43
573	43
574	43
575	43
576	44
577	44
578	44
579	44
580	44
581	44
582	44
583	44
584	44
585	44
586	44
587	44
588	44
589	44
590	45
591	45
592	45
593	45
594	45
595	45
596	45
597	45
598	45
599	45
600	45
601	45
602	45
603	46
604	46
605	46
606	46
607	46
608	46
609	46
610	46
611	46
612	46
613	46
614	46
615	46
616	46
617	47
618	47
619	47
620	47
621	47
622	47
623	47
624	47
625	47
626	47
627	47
628	47
629	47
630	47
631	48
632	48
633	48
634	48
635	48
636	48
637	48
638	48
639	48
640	48
641	48
642	48
643	48
644	49
645	49
646	49
647	49
648	49
649	49
650	49
651	49
652	49
653	49
654	49
655	49
656	49
657	50
658	50
659	50
660	50
661	50
662	50
663	50
664	50
665	50
666	50
667	50
668	50
669	50
670	50
671	51
672	51
673	51
674	51
675	51
676	51
677	51
678	51
679	51
680	51
681	51
682	51
683	51
684	51
685	52
686	52
687	52
688	52
689	52
690	52
691	52
692	52
693	52
694	52
695	52
696	52
697	52
698	52
699	53
700	53
701	53
702	53
703	53
704	53
705	53
706	53
707	53
708	53
709	53
710	53
711	53
712	54
713	54
714	54
715	54
716	54
717	54
718	54
719	54
720	54
721	54
722	54
723	54
724	54
725	54
726	55
727	55
728	55
729	55
730	55
731	55
732	55
733	55
734	55
735	55
736	55
737	55
738	55
739	55
740	56
741	56
742	56
743	56
744	56
745	56
746	56
747	56
748	56
749	56
750	56
751	56
752	56
753	56
754	57
755	57
756	57
757	57
758	57
759	57
760	57
761	57
762	57
763	57
764	57
765	57
766	57
767	57
768	58
769	58
770	58
771	58
772	58
773	58
774	58
775	58
776	58
777	58
778	58
779	58
780	58
781	58
782	59
783	59
784	59
785	59
786	59
787	59
788	59
789	59
790	59
791	59
792	59
793	59
794	59
795	59
796	60
797	60
798	60
799	60
800	60
801	60
802	60
803	60
804	60
805	60
806	60
807	60
808	60
809	61
810	61
811	61
812	61
813	61
814	61
815	61
816	61
817	61
818	61
819	61
820	61
821	61
822	61
823	62
824	62
825	62
826	62
827	62
828	62
829	62
830	62
831	62
832	62
833	62
834	62
835	62
836	62
837	63
838	63
839	63
840	63
841	63
842	63
843	63
844	63
845	63
846	63
847	63
848	63
849	63
850	63
851	64
852	64
853	64
854	64
855	64
856	64
857	64
858	64
859	64
860	64
861	64
862	64
863	64
864	64
865	65
866	65
867	65
868	65
869	65
870	65
871	65
872	65
873	65
874	65
875	65
876	65
877	65
878	65
879	66
880	66
881	66
882	66
883	66
884	66
885	66
886	66
887	66
888	66
889	66
890	66
891	66
892	66
893	67
894	67
895	67
896	67
897	67
898	67
899	67
900	67
901	67
902	67
903	67
904	67
905	67
906	68
907	68
908	68
909	68
910	68
911	68
912	68
913	68
914	68
915	68
916	68
917	68
918	68
919	68
920	69
921	69
922	69
923	69
924	69
925	69
926	69
927	69
928	69
929	69
930	69
931	69
932	69
933	69
934	70
935	70
936	70
937	70
938	70
939	70
940	70
941	70
942	70
943	70
944	70
945	70
946	70
947	71
948	71
949	71
950	71
951	71
952	71
953	71
954	71
955	71
956	71
957	71
958	71
959	71
960	71
961	72
962	72
963	72
964	72
965	72
966	72
967	72
968	72
969	72
970	72
971	72
972	72
973	72
974	72
975	73
976	73
977	73
978	73
979	73
980	73
981	73
982	73
983	73
984	73
985	73
986	73
987	73
988	73
989	74
990	74
991	74
992	74
993	74
994	74
995	74
996	74
997	74
998	74
999	74
1000	74
1001	74
1002	75
1003	75
1004	75
1005	75
1006	75
1007	75
1008	75
1009	75
1010	75
1011	75
1012	75
1013	75
1014	75
1015	75
1016	76
1017	76
1018	76
1019	76
1020	76
1021	76
1022	76
1023	76
1024	76
1025	76
1026	76
1027	76
1028	76
1029	77
1030	77
1031	77
1032	77
1033	77
1034	77
1035	77
1036	77
1037	77
1038	77
1039	77
1040	77
1041	77
1042	77
1043	78
1044	78
1045	78
1046	78
1047	78
1048	78
1049	78
1050	78
1051	78
1052	78
1053	78
1054	78
1055	78
1056	78
1057	79
1058	79
1059	79
1060	79
1061	79
1062	79
1063	79
1064	79
1065	79
1066	79
1067	79
1068	79
1069	79
1070	79
1071	80
1072	80
1073	80
1074	80
1075	80
1076	80
1077	80
1078	80
1079	80
1080	80
1081	80
1082	80
1083	80
1084	80
1085	81
1086	81
1087	81
1088	81
1089	81
1090	81
1091	81
1092	81
1093	81
1094	81
1095	81
1096	81
1097	81
1098	81
1099	82
1100	82
1101	82
1102	82
1103	82
1104	82
1105	82
1106	82
1107	82
1108	82
1109	82
1110	82
1111	82
1112	83
1113	83
1114	83
1115	83
1116	83
1117	83
1118	83
1119	83
1120	83
1121	83
1122	83
1123	83
1124	83
1125	83
1126	83
1127	84
1128	84
1129	84
1130	84
1131	84
1132	84
1133	84
1134	84
1135	84
1136	84
1137	84
1138	84
1139	84
1140	84
1141	85
1142	85
1143	85
1144	85
1145	85
1146	85
1147	85
1148	85
1149	85
1150	85
1151	85
1152	85
1153	85
1154	85
1155	86
1156	86
1157	86
1158	86
1159	86
1160	86
1161	86
1162	86
1163	86
1164	86
1165	86
1166	86
1167	86
1168	86
1169	87
1170	87
1171	87
1172	87
1173	87
1174	87
1175	87
1176	87
1177	87
1178	87
1179	87
1180	87
1181	87
1182	87
1183	88
1184	88
1185	88
1186	88
1187	88
1188	88
1189	88
1190	88
1191	88
1192	88
1193	88
1194	88
1195	88
1196	88
1197	89
1198	89
1199	89
1200	89
1201	89
1202	89
1203	89
1204	89
1205	89
1206	89
1207	89
1208	89
1209	89
1210	89
1211	90
1212	90
1213	90
1214	90
1215	90
1216	90
1217	90
1218	90
1219	90
1220	90
1221	90
1222	90
1223	90
1224	91
1225	91
1226	91
1227	91
1228	91
1229	91
1230	91
1231	91
1232	91
1233	91
1234	91
1235	91
1236	91
1237	91
1238	91
1239	92
1240	92
1241	92
1242	92
1243	92
1244	92
1245	92
1246	92
1247	92
1248	92
1249	92
1250	92
1251	92
1252	92
1253	93
1254	93
1255	93
1256	93
1257	93
1258	93
1259	93
1260	93
1261	93
1262	93
1263	93
1264	93
1265	93
1266	93
1267	94
1268	94
1269	94
1270	94
1271	94
1272	94
1273	94
1274	94
1275	94
1276	94
1277	94
1278	94
1279	94
1280	94
1281	95
1282	95
1283	95
1284	95
1285	95
1286	95
1287	95
1288	95
1289	95
1290	95
1291	95
1292	95
1293	95
1294	95
1295	96
1296	96
1297	96
1298	96
1299	96
1300	96
1301	96
1302	96
1303	96
1304	96
1305	96
1306	96
1307	96
1308	97
1309	97
1310	97
1311	97
1312	97
1313	97
1314	97
1315	97
1316	97
1317	97
1318	97
1319	97
1320	97
1321	97
1322	97
1323	98
1324	98
1325	98
1326	98
1327	98
1328	98
1329	98
1330	98
1331	98
1332	98
1333	98
1334	98
1335	98
1336	98
1337	99
1338	99
1339	99
1340	99
1341	99
1342	99
1343	99
1344	99
1345	99
1346	99
1347	99
1348	99
1349	99
1350	100
1351	100
1352	100
1353	100
1354	100
1355	100
1356	100
1357	100
1358	100
1359	100
1360	100
1361	100
1362	100
1363	101
1364	101
1365	101
1366	101
1367	101
1368	101
1369	101
1370	101
1371	101
1372	101
1373	101
1374	101
1375	101
1376	101
1377	102
1378	102
1379	102
1380	102
1381	102
1382	102
1383	102
1384	102
1385	102
1386	102
1387	102
1388	102
1389	103
1390	103
1391	103
1392	103
1393	103
1394	103
1395	103
1396	103
1397	103
1398	103
1399	103
1400	103
1401	103
1402	104
1403	104
1404	104
1405	104
1406	104
1407	104
1408	104
1409	104
1410	104
1411	104
1412	104
1413	104
1414	104
1415	104
1416	105
1417	105
1418	105
1419	105
1420	105
1421	105
1422	105
1423	105
1424	105
1425	105
1426	105
1427	105
1428	105
1429	105
1430	106
1431	106
1432	106
1433	106
1434	106
1435	106
1436	106
1437	106
1438	106
1439	106
1440	106
1441	106
1442	106
1443	106
1444	107
1445	107
1446	107
1447	107
1448	107
1449	107
1450	107
1451	107
1452	107
1453	107
1454	107
1455	107
1456	107
1457	107
1458	108
1459	108
1460	108
1461	108
1462	108
1463	108
1464	108
1465	108
1466	108
1467	108
1468	108
1469	108
1470	108
1471	108
1472	109
1473	109
1474	109
1475	109
1476	109
1477	109
1478	109
1479	109
1480	109
1481	109
1482	109
1483	109
1484	109
1485	109
1486	110
1487	110
1488	110
1489	110
1490	110
1491	110
1492	110
1493	110
1494	110
1495	110
1496	110
1497	110
1498	110
1499	110
1500	111
1501	111
1502	111
1503	111
1504	111
1505	111
1506	111
1507	111
1508	111
1509	111
1510	111
1511	111
1512	111
1513	112
1514	112
1515	112
1516	112
1517	112
1518	112
1519	112
1520	112
1521	112
1522	112
1523	112
1524	112
1525	112
1526	113
1527	113
1528	113
1529	113
1530	113
1531	113
1532	113
1533	113
1534	113
1535	113
1536	113
1537	113
1538	113
1539	113
1540	114
1541	114
1542	114
1543	114
1544	114
1545	114
1546	114
1547	114
1548	114
1549	114
1550	114
1551	114
1552	114
1553	114
1554	114
1555	115
1556	115
1557	115
1558	115
1559	115
1560	115
1561	115
1562	115
1563	115
1564	115
1565	115
1566	115
1567	115
1568	115
1569	116
1570	116
1571	116
1572	116
1573	116
1574	116
1575	116
1576	116
1577	116
1578	116
1579	116
1580	116
1581	116
1582	116
1583	117
1584	117
1585	117
1586	117
1587	117
1588	117
1589	117
1590	117
1591	117
1592	117
1593	117
1594	117
1595	117
1596	117
1597	117
1598	118
1599	118
1600	118
1601	118
1602	118
1603	118
1604	118
1605	118
1606	118
1607	118
1608	118
1609	118
1610	118
1611	118
1612	119
1613	119
1614	119
1615	119
1616	119
1617	119
1618	119
1619	119
1620	119
1621	119
1622	119
1623	119
1624	119
1625	119
1626	119
1627	120
1628	120
1629	120
1630	120
1631	120
1632	120
1633	120
1634	120
1635	120
1636	120
1637	120
1638	120
1639	120
1640	120
1641	120
1642	121
1643	121
1644	121
1645	121
1646	121
1647	121
1648	121
1649	121
1650	121
1651	121
1652	121
1653	121
1654	121
1655	121
1656	121
1657	122
1658	122
1659	122
1660	122
1661	122
1662	122
1663	122
1664	122
1665	122
1666	122
1667	122
1668	122
1669	122
1670	122
1671	122
1672	123
1673	123
1674	123
1675	123
1676	123
1677	123
1678	123
1679	123
1680	123
1681	123
1682	123
1683	123
1684	123
1685	123
1686	123
1687	124
1688	124
1689	124
1690	124
1691	124
1692	124
1693	124
1694	124
1695	124
1696	124
1697	124
1698	124
1699	124
1700	124
1701	125
1702	125
1703	125
1704	125
1705	125
1706	125
1707	125
1708	125
1709	125
1710	125
1711	125
1712	125
1713	125
1714	125
1715	125
1716	126
1717	126
1718	126
1719	126
1720	126
1721	126
1722	126
1723	126
1724	126
1725	126
1726	126
1727	126
1728	126
1729	126
1730	126
1731	127
1732	127
1733	127
1734	127
1735	127
1736	127
1737	127
1738	127
1739	127
1740	127
1741	127
1742	127
1743	127
1744	127
1745	128
1746	128
1747	128
1748	128
1749	128
1750	128
1751	128
1752	128
1753	128
1754	128
1755	128
1756	128
1757	128
1758	128
1759	128
1760	129
1761	129
1762	129
1763	129
1764	129
1765	129
1766	129
1767	129
1768	129
1769	129
1770	129
1771	129
1772	129
1773	129
1774	130
1775	130
1776	130
1777	130
1778	130
1779	130
1780	130
1781	130
1782	130
1783	130
1784	130
1785	130
1786	130
1787	130
1788	130
1789	131
1790	131
1791	131
1792	131
1793	131
1794	131
1795	131
1796	131
1797	131
1798	131
1799	131
1800	131
1801	131
1802	131
1803	132
1804	132
1805	132
1806	132
1807	132
1808	132
1809	132
1810	132
1811	132
1812	132
1813	132
1814	132
1815	132
1816	132
1817	132
1818	133
1819	133
1820	133
1821	133
1822	133
1823	133
1824	133
1825	133
1826	133
1827	133
1828	133
1829	133
1830	133
1831	133
1832	133
1833	134
1834	134
1835	134
1836	134
1837	134
1838	134
1839	134
1840	134
1841	134
1842	134
1843	134
1844	134
1845	134
1846	134
1847	134
1848	135
1849	135
1850	135
1851	135
1852	135
1853	135
1854	135
1855	135
1856	135
1857	135
1858	135
1859	135
1860	135
1861	135
1862	135
1863	136
1864	136
1865	136
1866	136
1867	136
1868	136
1869	136
1870	136
1871	136
1872	136
1873	136
1874	136
1875	136
1876	136
1877	137
1878	137
1879	137
1880	137
1881	137
1882	137
1883	137
1884	137
1885	137
1886	137
1887	137
1888	137
1889	137
1890	138
1891	138
1892	138
1893	138
1894	138
1895	138
1896	138
1897	138
1898	138
1899	138
1900	138
1901	138
1902	138
1903	138
1904	139
1905	139
1906	139
1907	139
1908	139
1909	139
1910	139
1911	139
1912	139
1913	139
1914	139
1915	139
1916	139
1917	139
1918	139
1919	140
1920	140
1921	140
1922	140
1923	140
1924	140
1925	140
1926	140
1927	140
1928	140
1929	140
1930	140
1931	140
1932	140
1933	141
1934	141
1935	141
1936	141
1937	141
1938	141
1939	141
1940	141
1941	141
1942	141
1943	141
1944	141
1945	141
1946	142
1947	142
1948	142
1949	142
1950	142
1951	142
1952	142
1953	142
1954	142
1955	142
1956	142
1957	142
1958	142
1959	142
1960	143
1961	143
1962	143
1963	143
1964	143
1965	143
1966	143
1967	143
1968	143
1969	143
1970	143
1971	143
1972	143
1973	144
1974	144
1975	144
1976	144
1977	144
1978	144
1979	144
1980	144
1981	144
1982	144
1983	144
1984	144
1985	144
1986	144
1987	144
1988	145
1989	145
1990	145
1991	145
1992	145
1993	145
1994	145
1995	145
1996	145
1997	145
1998	145
1999	145
2000	145
2001	145
2002	145
2003	146
2004	146
2005	146
2006	146
2007	146
2008	146
2009	146
2010	146
2011	146
2012	146
2013	146
2014	146
2015	146
2016	146
2017	146
2018	147
2019	147
2020	147
2021	147
2022	147
2023	147
2024	147
2025	147
2026	147
2027	147
2028	147
2029	147
2030	147
2031	147
2032	147
2033	148
2034	148
2035	148
2036	148
2037	148
2038	148
2039	148
2040	148
2041	148
2042	148
2043	148
2044	148
2045	148
2046	148
2047	149
2048	149
2049	149
2050	149
2051	149
2052	149
2053	149
2054	149
