1	0.021927011152
2	160.477794763
3	115.847838116
4	246.294662464
5	74.0970919212
6	47.0712128065
7	95.1787040391
8	82.6475967004
9	42.2598434301
10	20.9403594511
11	17.0810452323
12	25.2067162287
13	19.3918579901
14	9.27833496241
15	8.56353500143
16	6.05875929067
17	8.94675780166
18	6.37731788178
19	5.31498695901
20	4.80887272829
21	4.1545748659
22	3.28477793515
23	2.11070685998
24	3.16743346142
25	3.65693929948
26	3.5758018431
27	3.61478797846
28	3.29901026785
29	2.16996850604
30	2.25804901849
31	2.0037710444
32	1.26610885447
33	0.701071496836
34	0.858054041836
35	0.482103705786
36	0.793095966272
37	0.665284919155
38	0.633566825739
39	0.590310236893
40	0.665881273515
41	0.708747855467
42	0.634297612224
43	0.484453468085
44	0.431749297388
45	0.31686768586
46	0.420952072106
47	0.246819363488
48	0.298376969947
49	0.156808443243
50	0.15028722227
51	0.315236369865
52	0.266386879624
53	0.207606154602
54	0.194977351289
55	0.240695147744
56	0.103836659553
57	0.137291404899
58	0.0838413327174
59	0.101998305516
60	0.0786592770607
61	0.0608366186119
62	0.0844364106844
63	0.0870816932158
64	0.0571647438924
65	0.0830723078414
66	0.061364523218
67	0.0576365254925
68	0.0513864964104
69	0.0323506014756
70	0.0306621959648
71	0.0325251767023
72	0.0401660644955
73	0.0306532231971
74	0.0513779914356
75	0.0318988108026
76	0.0291052072567
77	0.0302321335871
78	0.0292738401021
79	0.028014705311
80	0.0281214339668
81	0.0272449639507
82	0.0227170285335
83	0.0254047041055
84	0.0226074131777
85	0.0244645421441
86	0.0236623658457
87	0.0240614677079
88	0.0211907226017
89	0.0193286401079
90	0.00990564312041
91	0.0145659843403
92	0.0160967758012
93	0.0103421754339
94	0.00812705891245
95	0.0137296830024
96	0.00904300916193
97	0.00631642761939
98	0.00458559309228
99	0.00443936963745
100	0.00540802615866
101	0.0058359141585
102	0.00594826493396
103	0.00549716211663
104	0.00547204677338
105	0.00632332145231
106	0.00323365456165
107	0.00358484722134
108	0.00466520497462
109	0.00421425453939
110	0.00574802935212
111	0.00498253770085
112	0.00439347092107
113	0.00407176865842
114	0.00357831438582
115	0.00276522318394
116	0.0024746857358
117	0.00248960692423
118	0.00304974074322
119	0.00278103818273
120	0.00453635126922
121	0.00412892747574
122	0.00323126814345
123	0.00306786454344
124	0.00206954741152
125	0.00202512950943
126	0.0019573877486
127	0.00197160240401
128	0.00232205891872
129	0.00281040953555
130	0.00230505541275
131	0.00291616320656
132	0.0039166468114
133	0.00203273607958
134	0.00193995815745
135	0.00197782607753
136	0.00302460780227
137	0.00199467275094
138	0.0036400800384
139	0.00324115163222
140	0.00366823814126
141	0.00273064851669
142	0.00342051672445
143	0.00253451659274
144	0.00213004174638
145	0.00200624854042
146	0.00205544861063
147	0.00218776825416
148	0.00276967687004
149	0.00256603505359
150	0.0025166154156
151	0.0023620017165
152	0.00247535703586
153	0.00181359798321
154	0.00169692852474
155	0.00183399165793
156	0.00303859379504
157	0.00176953515055
158	0.00133373735061
159	0.0026455520901
160	0.00288143329853
161	0.00182475681501
162	0.00254500028617
163	0.00152946610872
164	0.00284542872947
165	0.00172430722214
166	0.0013741696092
167	0.00128458858821
168	0.00118815914533
169	0.00247508558636
170	0.00128669322356
171	0.00141321514033
172	0.00120952071927
173	0.00108383434674
174	0.00096516725281
175	0.000946411053069
176	0.00101523422871
177	0.00103737578926
178	0.00100049109629
179	0.00111304296609
180	0.00228503205058
181	0.00120649712069
182	0.00105095897851
183	0.00208212966049
184	0.00220049554737
185	0.00145643361318
186	0.00207159187596
187	0.00098892610156
188	0.00187651918679
189	0.000818900125473
190	0.000741266823786
191	0.00188304077166
192	0.000947532802897
193	0.000900780349398
194	0.00083151316299
195	0.000779526220499
196	0.00080470692055
197	0.000873426043711
198	0.000883349414065
199	0.000857036543765
200	0.000874962962191
201	0.000912002937542
202	0.000996649556469
203	0.000959093996712
204	0.00098060301006
205	0.000757867453776
206	0.00156890093841
207	0.000729093025295
208	0.00150580748153
209	0.000788381307576
210	0.00154464699067
211	0.000732460849092
212	0.000663507416833
213	0.000668710107811
214	0.000717836407335
215	0.000765525988195
216	0.000748671830018
217	0.000696485382689
218	0.000719173332758
219	0.000727293880794
220	0.000679392921451
221	0.000666565759342
222	0.000686894874889
223	0.000831029374897
224	0.000783879363845
225	0.000679594834971
226	0.000732415016631
227	0.000766812998568
228	0.000733134690738
229	0.000691756073309
230	0.000634224887199
231	0.000557914933175
232	0.000538650502081
233	0.000604256509635
234	0.000617904212217
235	0.000636847080121
236	0.000619644711431
237	0.000673390794079
238	0.000710381760568
239	0.00067253041325
240	0.000655053335471
241	0.000768862402193
242	0.00067978434573
243	0.000674853901914
244	0.000639499007627
245	0.000611952913249
246	0.000526042005559
247	0.000502125162926
248	0.000553392714848
249	0.000558791038206
250	0.000551423624275
251	0.000572974752639
252	0.000575725676134
253	0.000576464132119
254	0.000556913359907
255	0.000536481801624
256	0.000511263290242
257	0.000507562558359
258	0.000467136912862
259	0.000486410682424
260	0.000464508577326
261	0.000424486983411
262	0.000446865954714
263	0.000403934328438
264	0.000374385517835
265	0.000363059413927
266	0.000434645472341
267	0.00045357248965
268	0.000465336913911
269	0.000461458284649
270	0.000455358761559
271	0.000432750519603
272	0.000439439672991
273	0.000431871863076
274	0.000393322216104
275	0.000360922625272
276	0.000358599209869
277	0.000344508298222
278	0.000294423671948
279	0.000306832404253
280	0.000334931744762
281	0.000367784090192
282	0.000397913838496
283	0.000450445550935
284	0.000379184697691
285	0.000375871000509
286	0.000347367597746
287	0.000330362365906
288	0.000346122210373
289	0.000327733627398
290	0.000304104540968
291	0.000280414831033
292	0.00037064642133
293	0.000294890864741
294	0.000289757963416
295	0.000302441950122
296	0.000354730777644
297	0.000337651520591
298	0.000339128265152
299	0.00031784491274
300	0.000297210044775
301	0.000274248410902
302	0.000267521686194
303	0.000322223518558
304	0.00024893970055
305	0.000270629404834
306	0.000251178928405
307	0.000261528716126
308	0.000267707863895
309	0.000143501573901
310	0.000311798870151
311	0.000136662018864
312	0.000289241858569
313	0.000263645922388
314	0.000232204577731
315	0.000240893859151
316	0.000205575829721
317	0.00015317312569
318	0.000225883386221
319	0.000109379600074
320	0.000196145028864
321	0.000238463136452
322	0.000248175848176
323	0.000196352205889
324	0.000236285696785
325	0.00020217518161
326	0.000206260525274
327	0.000197848025928
328	0.000135635834228
329	0.000211130812371
330	0.000160414819459
331	0.000101375969938
332	0.000165130835702
333	0.000205870031951
334	0.000106729549748
335	9.72403144885e-05
336	0.00016972603115
337	0.000123133597558
338	0.000179705997103
339	0.000161132497141
340	0.000177865086614
341	9.86965222343e-05
342	8.44385325284e-05
343	0.0001578047986
344	0.000164709000744
345	0.000139912012395
346	0.000138524678963
347	0.000139663854959
348	0.000144525637541
349	0.000110822130772
350	8.09407689878e-05
351	9.36313337494e-05
352	0.000124749362002
353	9.54498332789e-05
354	0.000144507527118
355	0.000122843389329
356	0.000126031986691
357	6.72189605731e-05
358	0.000128439809782
359	0.000100567571007
360	7.91386805929e-05
361	8.53999834794e-05
362	7.40356676552e-05
363	8.74751109246e-05
364	6.52243163395e-05
365	0.000117423571929
366	5.14198978316e-05
367	6.05856974991e-05
368	9.32626237568e-05
369	8.854975546e-05
370	9.6933960991e-05
371	9.51773383433e-05
372	0.000100427662729
373	0.00010422614119
374	9.33450553623e-05
375	5.78271764898e-05
376	9.81013159415e-05
377	8.29783947665e-05
378	8.92958245833e-05
379	5.59196347403e-05
380	4.13645527271e-05
381	4.59473311153e-05
382	3.79989412468e-05
383	4.87527416872e-05
384	4.46087851684e-05
385	4.04835823036e-05
386	4.67485488507e-05
387	3.4318689612e-05
388	4.03581011547e-05
389	4.77095442871e-05
390	3.74950109893e-05
391	3.88043531304e-05
392	5.49114063553e-05
393	3.70541861791e-05
394	5.13627493093e-05
395	5.84371273794e-05
396	7.03567273521e-05
397	2.87314815667e-05
398	6.32803672391e-05
399	6.15391069439e-05
400	6.45003564598e-05
401	6.64494925231e-05
402	6.73467287438e-05
403	5.95276395205e-05
404	6.51061925384e-05
405	4.89366550362e-05
406	5.96620332851e-05
407	6.1054937541e-05
408	5.27272659241e-05
409	4.33373167009e-05
410	5.79958221464e-05
411	5.4258971937e-05
412	5.29669776719e-05
413	5.27225899857e-05
414	5.29678486359e-05
415	5.30676670305e-05
416	5.29528264007e-05
417	5.26379395949e-05
418	5.28273574476e-05
419	5.23593731026e-05
420	5.15193743125e-05
421	5.10929009138e-05
422	5.08231938722e-05
423	5.04849027927e-05
424	5.0171207518e-05
425	4.9834721979e-05
426	4.95219182918e-05
427	4.92328968754e-05
428	4.89663730544e-05
429	3.67099997269e-05
430	5.22597833184e-05
431	5.06040824683e-05
432	3.46937397151e-05
433	5.14468023205e-05
434	3.62536492214e-05
435	4.21135194199e-05
436	4.32501015513e-05
437	4.32811880456e-05
438	4.29996715925e-05
439	4.24528443019e-05
440	4.13632543374e-05
441	4.04264424426e-05
442	3.94184481467e-05
443	3.9183879561e-05
444	3.92137029074e-05
445	3.91547757696e-05
446	3.89412295567e-05
447	3.86494661752e-05
448	3.83443560752e-05
449	3.77369523192e-05
450	3.76002168365e-05
451	3.72557920212e-05
452	3.66950951628e-05
453	3.60139338703e-05
454	3.51862071627e-05
455	3.41793796654e-05
456	3.41011118038e-05
457	3.37280493832e-05
458	3.13617508354e-05
459	2.96451831152e-05
460	2.97960363139e-05
461	2.96109715169e-05
462	3.15197524664e-05
463	2.96998602808e-05
464	2.98344839214e-05
465	3.11464131594e-05
466	2.98756522555e-05
467	2.96950960688e-05
468	2.81371956199e-05
469	2.95309307007e-05
470	2.93786405692e-05
471	2.90941092536e-05
472	2.87950814366e-05
473	2.85137892942e-05
474	2.11758414589e-05
475	2.30703873083e-05
476	1.9167511382e-05
477	2.17334880122e-05
478	1.88394970889e-05
479	2.10967836125e-05
480	1.89101702085e-05
481	2.0558228889e-05
482	1.86633290497e-05
483	1.99868283256e-05
484	1.83615746606e-05
485	1.95126421878e-05
486	1.81470420927e-05
487	1.91615185588e-05
488	1.79743560146e-05
489	1.88332002386e-05
490	1.77887136034e-05
491	1.85166730634e-05
492	1.76161940511e-05
493	1.82335558521e-05
494	1.74508812395e-05
495	1.79746659205e-05
496	1.72892059427e-05
497	1.7726174852e-05
498	1.71062889144e-05
499	1.73540311495e-05
500	1.67997505223e-05
501	1.7135316935e-05
502	1.66383880944e-05
503	1.69142654085e-05
504	1.6467853207e-05
505	1.66978603759e-05
506	1.63010784509e-05
507	1.64994724375e-05
508	1.61333311356e-05
509	1.62907097682e-05
510	1.59664825009e-05
511	1.6096102113e-05
512	1.58035763636e-05
513	1.59121339424e-05
514	1.56470740368e-05
515	1.57368098456e-05
516	1.54919632744e-05
517	1.55642445878e-05
518	1.5342966444e-05
519	1.54012085096e-05
520	1.52126866538e-05
521	1.52477652585e-05
522	1.50655285224e-05
523	1.50930412916e-05
524	1.49214545159e-05
525	1.49452955069e-05
526	1.47831553802e-05
527	1.48047259675e-05
528	1.46490262846e-05
529	1.46623969097e-05
530	1.4509999264e-05
531	1.45066696575e-05
532	1.43648157216e-05
533	1.43665642287e-05
534	3.47850215914e-05
535	3.24790148279e-05
536	3.26775945941e-05
537	3.26244957371e-05
538	3.35791967023e-05
539	3.37132626894e-05
540	3.34054477945e-05
541	3.30878556571e-05
542	3.28164091351e-05
543	3.26360009658e-05
544	3.25403121931e-05
545	3.24718919952e-05
546	3.23993150395e-05
547	3.23101207157e-05
548	3.22049915384e-05
549	3.2102060548e-05
550	3.19954563745e-05
551	3.18938003558e-05
552	3.18278017586e-05
553	3.1682021954e-05
554	3.15801978325e-05
555	3.15241058972e-05
556	3.13872547702e-05
557	3.12314535057e-05
558	3.10729449816e-05
559	3.09400908911e-05
560	3.07559691896e-05
561	3.05899791775e-05
562	3.04295117377e-05
563	3.02788282297e-05
564	3.01336914077e-05
565	2.99892510007e-05
566	2.98069405256e-05
567	2.97273968974e-05
568	2.95824868404e-05
569	2.94315062398e-05
570	2.92760828532e-05
571	2.91302206347e-05
572	2.90028574925e-05
573	2.88933613164e-05
574	2.87940916826e-05
575	2.86762553061e-05
576	2.85777572416e-05
577	2.84867154475e-05
578	2.83468387863e-05
579	2.82780657307e-05
580	2.82010003029e-05
581	2.81361337526e-05
582	2.80760486853e-05
583	2.8020194502e-05
584	2.79668862646e-05
585	2.79132660724e-05
586	2.78583512269e-05
587	2.78484513865e-05
588	2.77766741196e-05
589	2.77179770809e-05
590	2.76615757323e-05
591	2.76149828833e-05
592	2.75669750086e-05
593	2.75165122635e-05
594	2.74614317865e-05
595	2.74006836366e-05
596	2.73339216351e-05
597	2.72644819313e-05
598	2.7187589979e-05
599	2.71003063088e-05
600	2.70052676877e-05
601	2.69030245359e-05
602	2.67936769715e-05
603	2.66802180224e-05
604	2.65666479784e-05
605	2.64462922921e-05
606	2.6326032256e-05
607	2.62030344259e-05
608	2.60749687185e-05
609	2.59425027337e-05
610	2.58063443149e-05
611	2.56660258225e-05
612	2.55245505964e-05
613	2.53853096538e-05
614	2.5247327355e-05
615	2.5159142893e-05
616	2.50599789252e-05
617	2.49566098285e-05
618	2.48569588738e-05
619	2.47642318815e-05
620	2.46784713916e-05
621	2.45996269528e-05
622	2.45273959878e-05
623	2.44618738034e-05
624	2.4402858749e-05
625	2.43502644522e-05
626	2.43040376448e-05
627	2.42633932361e-05
628	2.42262036272e-05
629	2.41907264342e-05
630	2.41560418253e-05
631	2.41216007724e-05
632	2.40865878619e-05
633	2.40506144124e-05
634	2.40130366607e-05
635	2.13910653451e-05
636	1.87093496436e-05
637	1.3738784501e-05
638	2.21653342937e-05
639	1.96836721153e-05
640	2.38276037061e-05
641	2.39329598012e-05
642	1.57267454718e-05
643	1.3333174344e-05
644	1.2270779115e-05
645	1.12675574339e-05
646	1.99832739897e-05
647	1.757145199e-05
648	1.33569659705e-05
649	1.29189468135e-05
650	2.17678121554e-05
651	2.02313248635e-05
652	2.2775242245e-05
653	1.49754464476e-05
654	1.27784495356e-05
655	1.13744061062e-05
656	2.29939555282e-05
657	2.20050365607e-05
658	1.94007562738e-05
659	1.75690816251e-05
660	1.13415528244e-05
661	1.82215367737e-05
662	2.12015463049e-05
663	1.84864060727e-05
664	1.27388252057e-05
665	2.39369777245e-05
666	1.15687243196e-05
667	2.28338754958e-05
668	2.11074891239e-05
669	1.7667059711e-05
670	1.2135068871e-05
671	2.17384197124e-05
672	1.10334516982e-05
673	2.09581518823e-05
674	2.00022839005e-05
675	1.48172607327e-05
676	1.16529181294e-05
677	2.0416869308e-05
678	1.08092340664e-05
679	2.046218036e-05
680	1.17769247546e-05
681	2.1468991616e-05
682	1.14482559336e-05
683	2.05523583117e-05
684	1.10530151605e-05
685	2.02035895249e-05
686	1.15499866384e-05
687	2.00954969409e-05
688	1.09911339238e-05
689	1.97815569158e-05
690	1.13439155903e-05
691	1.94128821299e-05
692	1.07352704689e-05
693	1.90484279108e-05
694	1.11185546152e-05
695	1.93737707405e-05
696	1.110814207e-05
697	1.90772133292e-05
698	1.09449772478e-05
699	1.85865157964e-05
700	1.07521604058e-05
701	1.82415338182e-05
702	1.06588868538e-05
703	1.79955910115e-05
704	2.15846443315e-05
705	1.04229508299e-05
706	1.82615976723e-05
707	2.03589351652e-05
708	1.0305954797e-05
709	1.72769443204e-05
710	1.97198998491e-05
711	2.11669384114e-05
712	1.04107971009e-05
713	1.68450328917e-05
714	1.89519395006e-05
715	2.0133598608e-05
716	2.10273453178e-05
717	2.04616312828e-05
718	1.99187357317e-05
719	1.9126551182e-05
720	1.89404281892e-05
721	1.86999479934e-05
722	1.87940462314e-05
723	1.8723972905e-05
724	1.87453589485e-05
725	1.86844989417e-05
726	1.85973581098e-05
727	1.84201086376e-05
728	1.82902998709e-05
729	1.8121798362e-05
730	1.80377355324e-05
731	1.79067768676e-05
732	1.78263286852e-05
733	1.7730236527e-05
734	1.76482833446e-05
735	1.7550292352e-05
736	1.74927853268e-05
737	1.74047425558e-05
738	1.73212755374e-05
739	1.72355046902e-05
740	1.71586553597e-05
741	1.70827491478e-05
742	1.7012876698e-05
743	1.69791998091e-05
744	1.72405669615e-05
745	1.73622252761e-05
746	1.70910236482e-05
747	1.69764821212e-05
748	1.68288437952e-05
749	1.68905025454e-05
750	1.69981777312e-05
751	1.73866127237e-05
752	1.74075717408e-05
753	1.73338927104e-05
754	1.71906328575e-05
755	1.70333848639e-05
756	1.69267769833e-05
757	1.68581554981e-05
758	1.68128276333e-05
759	1.67653954268e-05
760	1.67079738658e-05
761	1.66402691755e-05
762	1.65683375364e-05
763	1.64964170818e-05
764	1.64261375602e-05
765	1.63562850094e-05
766	1.62848070816e-05
767	1.62101807927e-05
768	1.61319465689e-05
769	1.6051470387e-05
770	1.59702738047e-05
771	1.58893794637e-05
772	1.58095579338e-05
773	1.57310667853e-05
774	1.5653901339e-05
775	1.55783314651e-05
776	1.55044517367e-05
777	1.54320169522e-05
778	1.5360470717e-05
779	1.52893254161e-05
780	1.5218304777e-05
781	1.51475320106e-05
782	1.50771707183e-05
783	1.50073976492e-05
784	1.49380527724e-05
785	1.48688018034e-05
786	1.48129364512e-05
787	1.47211805297e-05
788	1.46526600329e-05
789	1.45815746061e-05
790	1.45124743033e-05
791	1.44580193716e-05
792	1.43403574923e-05
793	1.42708650947e-05
794	1.42919409826e-05
795	1.42650922629e-05
796	1.42203085527e-05
797	1.40876118355e-05
798	1.41500148407e-05
799	1.40058272418e-05
800	1.3987380227e-05
801	1.39517003242e-05
802	1.39606088142e-05
803	1.39329495675e-05
804	1.38941867768e-05
805	1.38253416006e-05
806	1.3783520401e-05
807	1.37404714185e-05
808	1.38081764776e-05
809	1.37441813761e-05
810	1.37008409646e-05
811	1.36578476077e-05
812	1.36127268244e-05
813	1.356416211e-05
814	1.35123275187e-05
815	1.34578991672e-05
816	1.34013787436e-05
817	1.33434805517e-05
818	1.32849860283e-05
819	1.31503369285e-05
820	1.31068446586e-05
821	1.30486299517e-05
822	1.29907968943e-05
823	1.29331043114e-05
824	1.28744300334e-05
825	1.27991516672e-05
826	1.27379532128e-05
827	1.26762552052e-05
828	1.26157279382e-05
829	1.25565201472e-05
830	1.24986311984e-05
831	1.24410841112e-05
832	1.23837269626e-05
833	1.23264179732e-05
834	1.22691194044e-05
835	1.22119582154e-05
836	1.21552465124e-05
837	1.2099346197e-05
838	1.20382481853e-05
839	1.19859729708e-05
840	1.19348853333e-05
841	1.18866166693e-05
842	1.18411952395e-05
843	1.17984247641e-05
844	1.17388884574e-05
845	1.1702993375e-05
846	1.16672457007e-05
847	1.16513742083e-05
848	1.16155925631e-05
849	1.15815741408e-05
850	1.15485294807e-05
851	1.15163942356e-05
852	1.14847775608e-05
853	1.14535680675e-05
854	1.14285329041e-05
855	1.13972492653e-05
856	1.13662172378e-05
857	1.13326093695e-05
858	1.1296722311e-05
859	1.12589361322e-05
860	1.12198831813e-05
861	1.11800010503e-05
862	1.11392889701e-05
863	1.10988757911e-05
864	1.10593979299e-05
865	1.10212145207e-05
866	1.09841864846e-05
867	1.09478537962e-05
868	1.09115581594e-05
869	1.08747949606e-05
870	1.08372477662e-05
871	1.07979629014e-05
872	1.0758170084e-05
873	1.07185233271e-05
874	1.06795665193e-05
875	1.06416385299e-05
876	1.0604857888e-05
877	1.05690670668e-05
878	1.05340239025e-05
879	1.04994723757e-05
880	1.0465345923e-05
881	1.04319917223e-05
882	1.03992487495e-05
883	1.03672076263e-05
884	1.0336071423e-05
885	1.03057739882e-05
886	1.027714785e-05
887	1.02503696096e-05
888	1.02258116738e-05
889	1.02036428438e-05
890	1.01837901265e-05
891	1.01659838273e-05
892	1.0149842106e-05
893	1.01348344097e-05
894	1.01204603899e-05
895	1.01064960068e-05
896	1.00930326442e-05
897	1.00803363966e-05
898	1.00686549134e-05
899	1.00583519195e-05
900	1.00494611569e-05
901	1.00412277794e-05
902	1.00184377879e-05
903	1.00075602776e-05
904	9.9942189006e-06
905	9.97720533517e-06
906	9.95638967627e-06
907	9.93199808238e-06
908	9.90480921215e-06
909	9.88693126092e-06
910	9.87539291986e-06
911	9.85150162374e-06
912	9.81741115469e-06
913	9.77880511449e-06
914	9.73948105501e-06
915	9.70151074442e-06
916	9.66545837189e-06
917	9.63123319016e-06
918	9.59851942039e-06
919	9.56715567823e-06
920	9.5371195014e-06
921	9.50857197648e-06
922	9.48176890173e-06
923	9.45698187208e-06
924	9.43432418718e-06
925	9.41363571539e-06
926	9.39450166062e-06
927	9.37634323934e-06
928	9.35849545806e-06
929	9.34033564688e-06
930	9.32138210273e-06
931	9.32320456379e-06
932	9.30406532602e-06
933	9.28415888762e-06
934	9.26343297913e-06
935	9.24273596614e-06
936	9.22281509325e-06
937	9.20424673627e-06
938	9.18722680336e-06
939	9.17148263187e-06
940	9.15645301901e-06
941	9.10699776849e-06
942	9.10798248911e-06
943	9.09793949835e-06
944	9.04811639645e-06
945	9.01645385804e-06
946	9.02100165427e-06
947	8.97392022644e-06
948	1.85484948138e-05
949	2.14675167495e-05
950	2.25344292578e-05
951	2.0751042073e-05
952	2.20228510869e-05
953	1.407306574e-05
954	1.2236523e-05
955	1.17660923759e-05
956	7.48342364632e-06
957	6.15777025614e-06
958	1.16186088611e-05
959	8.92055502509e-06
960	6.4556401197e-06
961	4.97509761742e-06
962	9.05159339025e-06
963	5.44621634995e-06
964	9.29904814977e-06
965	5.01394630023e-06
966	8.52013627213e-06
967	9.09343338547e-06
968	8.98710508508e-06
969	8.99249958422e-06
970	7.95907677418e-06
971	7.43941926188e-06
972	7.37651215058e-06
973	7.52880228147e-06
974	7.7616941082e-06
975	7.96422029661e-06
976	8.14954979649e-06
977	8.30193461342e-06
978	8.4217096194e-06
979	8.50167652873e-06
980	8.5375903815e-06
981	8.52845524797e-06
982	8.47925903951e-06
983	8.40049482704e-06
984	8.29773844949e-06
985	8.18911558865e-06
986	8.08193010697e-06
987	7.98827531125e-06
988	7.90128004902e-06
989	7.82927586808e-06
990	7.7716324121e-06
991	7.72979539873e-06
992	7.7050600649e-06
993	7.69581057869e-06
994	7.6980685213e-06
995	7.71015910999e-06
996	7.72841042886e-06
997	7.75038364834e-06
998	7.7657624677e-06
999	7.78214508763e-06
1000	7.78915860018e-06
1001	6.10475270258e-06
1002	7.62804215162e-06
1003	8.33125071547e-06
1004	8.42398854241e-06
1005	8.43043037911e-06
1006	8.35460210605e-06
1007	8.25977418709e-06
1008	8.15518020349e-06
1009	8.05882076603e-06
1010	7.97970163216e-06
1011	7.92471968972e-06
1012	7.89584969902e-06
1013	7.88992291811e-06
1014	7.90005264e-06
1015	7.91807311155e-06
1016	7.93680058626e-06
1017	7.95115490747e-06
1018	7.95227944655e-06
1019	7.94988192651e-06
1020	1.00589459242e-05
1021	5.89453462373e-06
1022	6.35906895109e-06
1023	9.69065558251e-06
1024	5.86140765774e-06
1025	9.56681119672e-06
1026	5.679232323e-06
1027	9.46669126835e-06
1028	5.70081763997e-06
1029	9.34397465973e-06
1030	5.72602309456e-06
1031	9.28512228204e-06
1032	5.71154458903e-06
1033	9.19522584997e-06
1034	5.68454702028e-06
1035	9.08452203183e-06
1036	5.65667109189e-06
1037	8.9584766771e-06
1038	5.629245871e-06
1039	8.83984300072e-06
1040	5.60631602748e-06
1041	8.73390376816e-06
1042	5.574111605e-06
1043	8.64698718273e-06
1044	5.53767731795e-06
1045	8.55775588405e-06
1046	1.00557866391e-05
1047	4.76776176384e-06
1048	8.2500603616e-06
1049	9.54607569477e-06
1050	9.98446761422e-06
1051	9.81097608745e-06
1052	9.55040553103e-06
1053	9.33616714565e-06
1054	9.1813184881e-06
1055	9.1052056395e-06
1056	9.07157737372e-06
1057	9.06003522708e-06
1058	9.04859593923e-06
1059	9.02607282733e-06
1060	8.98718981165e-06
1061	8.9326675e-06
1062	8.86614435591e-06
1063	8.7927208403e-06
1064	8.71727715605e-06
1065	8.64373144904e-06
1066	8.57450659412e-06
1067	8.510682729e-06
1068	8.45214041742e-06
1069	8.39768811887e-06
1070	8.34572740448e-06
1071	8.29460950153e-06
1072	8.24281119555e-06
1073	8.18949658854e-06
1074	8.13444250744e-06
1075	8.07795732222e-06
1076	8.02049409177e-06
1077	7.96283729296e-06
1078	7.90580959464e-06
1079	7.84988170899e-06
1080	7.79548925359e-06
1081	7.74278871905e-06
1082	7.69156440717e-06
1083	7.64155332793e-06
1084	7.59242238463e-06
1085	7.54391769956e-06
1086	7.49584303153e-06
1087	7.44825674927e-06
1088	7.40114819731e-06
1089	7.35471148121e-06
1090	7.30912644583e-06
1091	7.26466524907e-06
1092	7.22152144908e-06
1093	7.17982543524e-06
1094	7.13981577697e-06
1095	7.10128847467e-06
1096	7.06762161592e-06
1097	7.03082681456e-06
1098	6.99362899274e-06
1099	6.95231694112e-06
1100	6.18333324201e-06
1101	7.07963380348e-06
1102	7.2441888972e-06
1103	7.16421355029e-06
1104	7.03084282658e-06
1105	6.87731753127e-06
1106	6.08440201714e-06
1107	6.78694665788e-06
1108	6.84829034576e-06
1109	6.04396368326e-06
1110	6.86699243729e-06
1111	6.96991362149e-06
1112	6.82771549739e-06
1113	6.00323341132e-06
1114	6.65494830227e-06
1115	5.97895729337e-06
1116	6.6522154836e-06
1117	6.66529435389e-06
1118	5.83324701908e-06
1119	6.50002976036e-06
1120	5.79839569698e-06
1121	6.48769834252e-06
1122	6.46581201424e-06
1123	5.69075058978e-06
1124	5.61402630403e-06
1125	6.32356971265e-06
1126	5.63657689921e-06
1127	6.26751209671e-06
1128	5.57545720446e-06
1129	5.48652362964e-06
1130	6.24926741551e-06
1131	5.50295758999e-06
1132	6.12070292204e-06
1133	5.43633142025e-06
1134	5.35672297853e-06
1135	5.34669928382e-06
1136	5.33639466176e-06
1137	6.10430373192e-06
1138	5.35108314641e-06
1139	5.27358483716e-06
1140	5.26736784022e-06
1141	5.25884795676e-06
1142	6.00592913757e-06
1143	5.27216540251e-06
1144	5.20227130417e-06
1145	5.19319675481e-06
1146	5.18180069866e-06
1147	5.17137742979e-06
1148	5.16062176307e-06
1149	5.15017593401e-06
1150	5.14000128671e-06
1151	5.13021342059e-06
1152	5.12079342619e-06
1153	5.11169907689e-06
1154	5.10279948636e-06
1155	5.09398984181e-06
1156	5.08513822402e-06
1157	5.07612463235e-06
1158	5.06682702873e-06
1159	5.05708479129e-06
1160	5.046714617e-06
1161	5.03556543996e-06
1162	5.02351167279e-06
1163	5.00956932583e-06
1164	4.99227414876e-06
1165	4.98273275297e-06
1166	4.96655249961e-06
1167	4.95020818245e-06
1168	4.93387170982e-06
1169	4.91790198011e-06
1170	4.90251714967e-06
1171	4.88788480596e-06
1172	4.87410440717e-06
1173	4.86121252011e-06
1174	4.84919704709e-06
1175	4.8379972453e-06
1176	4.82752638016e-06
1177	4.81770266576e-06
1178	4.80844126672e-06
1179	4.79964017801e-06
1180	4.79122793697e-06
1181	4.783123698e-06
1182	4.77528665111e-06
1183	4.76774626273e-06
1184	4.7605052962e-06
1185	4.75360720791e-06
1186	4.74710543634e-06
1187	4.74109106912e-06
1188	4.73566510074e-06
1189	4.73086426632e-06
1190	4.72666717261e-06
1191	4.72304051364e-06
1192	4.71995753982e-06
1193	4.71726601938e-06
1194	4.72063811193e-06
1195	4.71883750281e-06
1196	4.71662417493e-06
1197	4.71417486389e-06
1198	4.71123776163e-06
1199	4.70767057663e-06
1200	4.70335319518e-06
1201	4.69823897165e-06
1202	4.69656398815e-06
1203	4.69087975031e-06
1204	4.68436082458e-06
1205	4.6767994846e-06
1206	4.66912309725e-06
1207	4.66130038687e-06
1208	4.65764184751e-06
1209	1.44095979816e-05
1210	1.00881248758e-05
1211	1.28428402205e-05
1212	1.10878948854e-05
1213	1.71121245645e-05
1214	1.36280829103e-05
1215	1.13224399684e-05
1216	1.0492152131e-05
1217	9.1516487793e-06
1218	8.67629323972e-06
1219	9.7945079164e-06
1220	7.60295851409e-06
1221	8.39657125071e-06
1222	7.51476093509e-06
1223	6.06098006751e-06
1224	4.29596222868e-06
1225	4.58570447457e-06
1226	8.85640749704e-06
1227	8.22551303752e-06
1228	7.22900895301e-06
1229	4.29229825346e-06
1230	4.2106510127e-06
1231	4.90647815906e-06
1232	9.6614281966e-06
1233	8.95918456223e-06
1234	8.79937105007e-06
1235	8.86071745627e-06
1236	8.97489011375e-06
1237	9.04857404111e-06
1238	9.08962327717e-06
1239	9.08588915722e-06
1240	8.99935061798e-06
1241	8.89568759079e-06
1242	9.75162384219e-06
1243	9.51507187337e-06
1244	8.57157678282e-06
1245	9.44127841868e-06
1246	8.4301509918e-06
1247	8.45726444678e-06
1248	9.41376830069e-06
1249	8.29892797477e-06
1250	9.31219143999e-06
1251	8.24145446988e-06
1252	8.32788833162e-06
1253	9.24427739995e-06
1254	8.25370645862e-06
1255	8.31160398314e-06
1256	8.35593256381e-06
1257	9.32796527167e-06
1258	8.25930003566e-06
1259	8.34945294653e-06
1260	9.22986022915e-06
1261	8.21713285791e-06
1262	8.28875063668e-06
1263	8.27196708832e-06
1264	9.15724667037e-06
1265	8.13403036363e-06
1266	8.21092905039e-06
1267	9.10245496685e-06
1268	8.07622863162e-06
1269	8.97503576723e-06
1270	8.05366707392e-06
1271	8.1428674527e-06
1272	8.14990336764e-06
1273	8.16819061298e-06
1274	9.21411964731e-06
1275	8.9328888141e-06
1276	8.07467879974e-06
1277	8.14417933427e-06
1278	8.14640896308e-06
1279	9.02376324001e-06
1280	8.04653880712e-06
1281	8.11055903985e-06
1282	8.95215360229e-06
1283	7.95594135061e-06
1284	8.03718843258e-06
1285	8.84957152759e-06
1286	7.87535494436e-06
1287	7.95774064264e-06
1288	8.7699006831e-06
1289	7.80268491626e-06
1290	7.89112479808e-06
1291	8.72528755256e-06
1292	7.74058406101e-06
1293	7.8359488259e-06
1294	8.69798986086e-06
1295	7.71064741612e-06
1296	8.56979869788e-06
1297	7.649958034e-06
1298	7.74011253852e-06
1299	8.48685876764e-06
1300	7.63576970103e-06
1301	7.70414464773e-06
1302	8.48181805925e-06
1303	7.60996265486e-06
1304	7.69233540936e-06
1305	8.53290266124e-06
1306	7.60750339238e-06
1307	8.45638141408e-06
1308	7.62309313909e-06
1309	7.71802548924e-06
1310	8.51837010866e-06
1311	7.67637084216e-06
1312	7.81056605713e-06
1313	8.5946669894e-06
1314	7.73652437074e-06
1315	8.53941052988e-06
1316	7.77771341682e-06
1317	7.90150805649e-06
1318	8.58202297123e-06
1319	7.84416981625e-06
1320	7.96752157115e-06
1321	8.67853637058e-06
1322	7.93946817249e-06
1323	8.65025551694e-06
1324	7.99251319136e-06
1325	8.08601194841e-06
1326	8.73422585318e-06
1327	8.07331191378e-06
1328	8.16374057669e-06
1329	8.84680724038e-06
1330	8.13275720979e-06
1331	8.7936096397e-06
1332	8.16262411656e-06
1333	8.26822131635e-06
1334	8.83119093032e-06
1335	8.19043056674e-06
1336	8.28382565814e-06
1337	8.87274178866e-06
1338	8.18439726298e-06
1339	8.80091454139e-06
1340	8.17971240417e-06
1341	8.26750661534e-06
1342	8.81034765356e-06
1343	8.18065035927e-06
1344	8.26455908241e-06
1345	8.84764008016e-06
1346	8.15598760673e-06
1347	8.744009445e-06
1348	8.12774367233e-06
1349	8.19890313353e-06
1350	8.71731658051e-06
1351	8.07714056302e-06
1352	8.14621359156e-06
1353	8.70935816185e-06
1354	8.01111298811e-06
1355	8.58583241375e-06
1356	7.97274583755e-06
1357	8.0439319421e-06
1358	8.54836910013e-06
1359	7.92572442732e-06
1360	7.99564558836e-06
1361	8.53966161458e-06
1362	7.86066540328e-06
1363	8.41378640297e-06
1364	7.81087305992e-06
1365	7.871207718e-06
1366	8.35802325699e-06
1367	7.73400961524e-06
1368	7.79247016326e-06
1369	8.32857052346e-06
1370	7.64287599728e-06
1371	8.19473453153e-06
1372	7.58156009183e-06
1373	7.63638278201e-06
1374	8.13227747996e-06
1375	7.4918235041e-06
1376	7.54258543648e-06
1377	8.08934850817e-06
1378	7.38091456488e-06
1379	7.94087063838e-06
1380	7.3036240454e-06
1381	7.34993554894e-06
1382	7.85758783368e-06
1383	7.20515327651e-06
1384	7.26050441896e-06
1385	7.8234272916e-06
1386	7.13150466412e-06
1387	7.71276929012e-06
1388	7.10698193432e-06
1389	7.18440188257e-06
1390	7.71297342043e-06
1391	7.11624456886e-06
1392	7.19531215434e-06
1393	7.76266728712e-06
1394	7.12163352041e-06
1395	7.2042623419e-06
1396	7.81133247247e-06
1397	7.11035906657e-06
1398	7.71297594801e-06
1399	7.09844077663e-06
1400	7.16915297871e-06
1401	7.17087959916e-06
1402	7.78453708915e-06
1403	7.03736290248e-06
1404	7.66005939578e-06
1405	6.97777106045e-06
1406	7.02917290404e-06
1407	7.55451660298e-06
1408	6.86666290142e-06
1409	6.90721247996e-06
1410	7.43910678716e-06
1411	6.72399263847e-06
1412	6.7582716689e-06
1413	7.31678187612e-06
1414	6.56922342854e-06
1415	7.1386078873e-06
1416	6.48935562395e-06
1417	6.53588754885e-06
1418	7.02756131248e-06
1419	1.58178700178e-05
1420	9.68682805181e-06
1421	9.77854161224e-06
1422	1.17423470545e-05
1423	8.68286270054e-06
1424	1.09987474578e-05
1425	1.4690869344e-05
1426	1.29123002176e-05
1427	8.35548626014e-06
1428	9.13149800666e-06
1429	9.22949089683e-06
1430	9.84861925582e-06
1431	6.14755278248e-06
1432	7.83602341051e-06
1433	8.26165108173e-06
1434	8.63207911669e-06
1435	7.76524471608e-06
1436	6.39672031627e-06
1437	6.61635579401e-06
1438	7.21069457576e-06
1439	7.45617260039e-06
1440	7.82883884945e-06
1441	6.41428215782e-06
1442	7.18271694009e-06
1443	6.85318545043e-06
1444	6.57309377951e-06
1445	9.81444314723e-06
1446	7.78452148681e-06
1447	8.29673134447e-06
1448	7.11366705924e-06
1449	8.37093067206e-06
1450	6.49468642048e-06
1451	8.54909492061e-06
1452	6.20331118518e-06
1453	8.51926561191e-06
1454	5.8975138445e-06
1455	8.39508950561e-06
1456	5.8758951414e-06
1457	8.18081918246e-06
1458	9.81277884416e-06
1459	6.47086892606e-06
1460	7.96426456026e-06
1461	6.66440495082e-06
1462	7.95908546916e-06
1463	6.99072201122e-06
1464	8.05892413273e-06
1465	7.15728336105e-06
1466	8.10271594022e-06
1467	7.16565364657e-06
1468	8.13861997336e-06
1469	7.03784742818e-06
1470	8.02332521947e-06
1471	6.73821967942e-06
1472	8.01695148535e-06
1473	9.89829853637e-06
1474	6.59401380136e-06
1475	7.94964901165e-06
1476	9.57669083438e-06
1477	9.874184263e-06
1478	9.86830240009e-06
1479	9.79380887407e-06
1480	9.75511734563e-06
1481	9.72882901364e-06
1482	6.16234319762e-06
1483	7.48175912661e-06
1484	9.00937755114e-06
1485	9.55167140004e-06
1486	9.67063052034e-06
1487	9.7100819537e-06
1488	9.75693541326e-06
1489	9.76273476871e-06
1490	6.52431652278e-06
1491	7.54298185015e-06
1492	9.21981707624e-06
1493	9.81010888647e-06
1494	7.17472950585e-06
1495	7.52916633011e-06
1496	9.28721222947e-06
1497	9.79007076607e-06
1498	9.72121231532e-06
1499	9.56191556263e-06
1500	9.39425972946e-06
1501	9.25062819625e-06
1502	9.11462270966e-06
1503	9.03209116332e-06
1504	8.96107011033e-06
1505	8.93751424217e-06
1506	8.95194218828e-06
1507	8.98810918851e-06
1508	9.7112723423e-06
1509	8.83726021277e-06
1510	9.02002506859e-06
1511	9.13072393876e-06
1512	9.21794478528e-06
1513	9.27769686141e-06
1514	9.36043934257e-06
1515	9.44613412152e-06
1516	6.67004861147e-06
1517	7.1413426771e-06
1518	8.30844911858e-06
1519	8.66613521916e-06
1520	8.62397175924e-06
1521	8.50404092858e-06
1522	8.43723867086e-06
1523	8.41931329006e-06
1524	8.40641173201e-06
1525	8.44096126959e-06
1526	8.47735804024e-06
1527	8.52728562864e-06
1528	8.58961801345e-06
1529	8.725242111e-06
1530	8.94986258047e-06
1531	9.1768457957e-06
1532	9.25809856144e-06
1533	9.16524275068e-06
1534	9.02886821856e-06
1535	8.86544486912e-06
1536	8.64793596838e-06
1537	8.38626379279e-06
1538	8.10446243416e-06
1539	7.83541165028e-06
1540	7.62522805527e-06
1541	7.72965157249e-06
1542	8.15794294111e-06
1543	8.52498255828e-06
1544	8.68091529461e-06
1545	8.59781518152e-06
1546	8.32560340083e-06
1547	7.93233384097e-06
1548	7.52741000414e-06
1549	8.39939999692e-06
1550	8.6593743083e-06
1551	8.05732691135e-06
1552	9.23479563041e-06
1553	8.07760662999e-06
1554	9.27350162958e-06
1555	9.22533834401e-06
1556	9.07615442794e-06
1557	9.60388216338e-06
1558	9.76948870552e-06
1559	8.9287439229e-06
1560	9.05141337353e-06
1561	6.75150424645e-06
1562	9.29351263449e-06
1563	7.47957290495e-06
1564	8.53928160644e-06
1565	9.03081260932e-06
1566	9.59045840158e-06
1567	5.49573044938e-06
1568	7.02116697857e-06
1569	9.47658675501e-06
1570	8.88953775823e-06
1571	8.71846357743e-06
1572	7.51814695737e-06
1573	8.29932549713e-06
1574	8.48654931446e-06
1575	7.8310856622e-06
1576	9.79250287544e-06
1577	9.01984069963e-06
1578	7.74390638752e-06
1579	9.64776656621e-06
1580	8.97275211253e-06
1581	7.65495443392e-06
1582	9.6218866243e-06
1583	8.84271206267e-06
1584	7.50588840855e-06
1585	9.44131150313e-06
1586	8.47390287583e-06
1587	7.43491222556e-06
1588	9.27944860893e-06
1589	7.91769841797e-06
1590	7.453276344e-06
1591	9.20613404724e-06
1592	6.91907667184e-06
1593	7.55327263255e-06
1594	9.15043268248e-06
1595	6.71422663888e-06
1596	7.47797726782e-06
1597	9.10894944389e-06
1598	9.8606712088e-06
1599	8.23667771412e-06
1600	7.68605165576e-06
1601	8.71797804815e-06
1602	9.57120630167e-06
1603	9.87064326858e-06
1604	6.57571561088e-06
1605	7.54490850162e-06
1606	8.84175564197e-06
1607	9.49196176458e-06
1608	9.68258723364e-06
1609	7.30986452076e-06
1610	7.09847334113e-06
1611	8.47780260583e-06
1612	9.25822990442e-06
1613	9.48322736922e-06
1614	9.55553823423e-06
1615	9.59188633384e-06
1616	9.6121014491e-06
1617	9.61290555833e-06
1618	9.59246484073e-06
1619	9.44319576035e-06
1620	9.48449491825e-06
1621	6.90701092066e-06
1622	6.88523620018e-06
1623	8.04284904437e-06
1624	8.73036958098e-06
1625	8.92843080789e-06
1626	8.99039968605e-06
1627	9.02801396368e-06
1628	9.06220321535e-06
1629	9.09162489769e-06
1630	9.10332457459e-06
1631	8.97848157951e-06
1632	8.93357644449e-06
1633	8.99968115453e-06
1634	8.97218464255e-06
1635	8.83181081796e-06
1636	8.88615778825e-06
1637	8.86506989272e-06
1638	9.7878050336e-06
1639	8.60389027258e-06
1640	8.69103954508e-06
1641	8.71867016202e-06
1642	8.71741887643e-06
1643	8.58507304375e-06
1644	9.53019002928e-06
1645	8.40931046949e-06
1646	8.51759711015e-06
1647	8.54137526644e-06
1648	8.42164864151e-06
1649	8.50129469169e-06
1650	8.37215659945e-06
1651	8.4405475584e-06
1652	8.42416027504e-06
1653	8.29860688655e-06
1654	8.36517488713e-06
1655	8.35487512094e-06
1656	8.23229541362e-06
1657	8.30369795057e-06
1658	8.18653392568e-06
1659	8.25766910916e-06
1660	8.24869692353e-06
1661	8.12858405982e-06
1662	8.25256001739e-06
1663	8.07097536469e-06
1664	8.20452594889e-06
1665	8.09025091569e-06
1666	8.13996251524e-06
1667	8.0278142094e-06
1668	8.08654022155e-06
1669	7.97940006889e-06
1670	8.03757205735e-06
1671	8.02734551987e-06
1672	7.90855214978e-06
1673	7.9800414261e-06
1674	7.85771614426e-06
1675	7.9310794749e-06
1676	7.81293438818e-06
1677	7.87487920444e-06
1678	7.86850719321e-06
1679	7.7590182523e-06
1680	7.8254727344e-06
1681	7.71314445096e-06
1682	7.68333256633e-06
1683	7.75897255965e-06
1684	7.64608558271e-06
1685	7.6202654145e-06
1686	7.5980062581e-06
1687	7.67744477066e-06
1688	7.56686215821e-06
1689	7.54211162525e-06
1690	7.51279844672e-06
1691	7.49270301979e-06
1692	7.47046329823e-06
1693	7.44778338234e-06
1694	7.43287737465e-06
1695	7.41376143986e-06
1696	7.39467594781e-06
1697	7.35979782018e-06
1698	7.347718758e-06
1699	7.33067100671e-06
1700	7.31134846101e-06
1701	7.29380697234e-06
1702	7.27920666154e-06
1703	7.26569658372e-06
1704	7.25143685309e-06
1705	7.23596038833e-06
1706	7.21930367527e-06
1707	7.20163115527e-06
1708	7.18317577431e-06
1709	7.16422514108e-06
1710	7.14508442205e-06
1711	7.12609578373e-06
1712	7.10746276923e-06
1713	7.08930072097e-06
1714	7.07165490786e-06
1715	7.05446038671e-06
1716	7.03766241623e-06
1717	7.02125380045e-06
1718	7.00520838694e-06
1719	6.9895011979e-06
1720	6.97409335304e-06
1721	6.95895621551e-06
1722	6.96831177627e-06
1723	6.94987567404e-06
1724	6.92886130788e-06
1725	6.91127080677e-06
1726	6.89371657759e-06
1727	6.87712020248e-06
1728	6.93062727988e-06
1729	6.86391527787e-06
1730	6.83867170585e-06
1731	6.8184030417e-06
1732	6.80136036467e-06
1733	6.78487800272e-06
1734	6.83959969472e-06
1735	6.76992563404e-06
1736	6.74606498821e-06
1737	6.72792276592e-06
1738	6.71329173613e-06
1739	6.69893165083e-06
1740	6.68433576391e-06
1741	9.88333812848e-06
1742	8.28936089764e-06
1743	6.90104611082e-06
1744	6.56429294624e-06
1745	9.55621949362e-06
1746	7.8711444249e-06
1747	6.78046045623e-06
1748	9.82962046146e-06
1749	7.86343239242e-06
1750	6.74286369183e-06
1751	9.72614970825e-06
1752	7.73238135642e-06
1753	6.69479954446e-06
1754	9.6573623854e-06
1755	7.70227452257e-06
1756	6.62772404176e-06
1757	9.56956855046e-06
1758	7.60220444095e-06
1759	6.57396978973e-06
1760	9.50665378685e-06
1761	7.55416436783e-06
1762	6.52048743701e-06
1763	9.43847841749e-06
1764	7.49004173417e-06
1765	6.48138578759e-06
1766	9.39372340836e-06
1767	7.45252507266e-06
1768	6.44597595208e-06
1769	9.35316897229e-06
1770	7.39945625382e-06
1771	6.40298572989e-06
1772	9.31805591137e-06
1773	7.35574480297e-06
1774	9.86517352346e-06
1775	7.53489821355e-06
1776	6.39054578249e-06
1777	9.2667438024e-06
1778	7.25534754915e-06
1779	9.73568105696e-06
1780	7.41931398987e-06
1781	9.83820168315e-06
1782	7.42310086713e-06
1783	9.76714378378e-06
1784	7.34704749456e-06
1785	9.68706916262e-06
1786	7.28922604562e-06
1787	9.63148450387e-06
1788	7.23427148001e-06
1789	9.59148460475e-06
1790	7.35047157512e-06
1791	9.5724327175e-06
1792	7.19170209222e-06
1793	9.4978386694e-06
1794	7.13860317771e-06
1795	9.46209434449e-06
1796	7.2700285032e-06
1797	9.43092619335e-06
1798	7.14921820705e-06
1799	9.37263311192e-06
1800	7.22446358962e-06
1801	9.35324783815e-06
1802	7.0794708287e-06
1803	9.32204814813e-06
1804	7.16745120439e-06
1805	9.30368124659e-06
1806	7.16549392349e-06
1807	9.28239120398e-06
1808	7.00148418942e-06
1809	9.25329262429e-06
1810	7.09627145555e-06
1811	9.22700949151e-06
1812	6.93982815285e-06
1813	9.19569039245e-06
1814	7.02597479576e-06
1815	9.17735165048e-06
1816	6.87415236817e-06
1817	9.13602500728e-06
1818	6.95499177809e-06
1819	9.12524180387e-06
1820	6.81436549563e-06
1821	9.07462336722e-06
1822	6.75559946108e-06
1823	9.05105522557e-06
1824	6.86008415402e-06
1825	9.04971876276e-06
1826	6.69551151222e-06
1827	9.00164970739e-06
1828	6.64718241864e-06
1829	8.9727360021e-06
1830	6.78055504161e-06
1831	8.96641788155e-06
1832	6.62553145815e-06
1833	8.91309665692e-06
1834	6.57966781982e-06
1835	8.89101836939e-06
1836	6.55163812297e-06
1837	8.86220743243e-06
1838	6.67563351554e-06
1839	8.86275419293e-06
1840	6.57499557214e-06
1841	8.79755671509e-06
1842	6.52144192404e-06
1843	8.77250122923e-06
1844	6.62620916413e-06
1845	8.75691290209e-06
1846	6.49188715453e-06
1847	8.70770482862e-06
1848	6.58147112917e-06
1849	8.68970881615e-06
1850	6.45061484126e-06
1851	8.65302877654e-06
1852	6.96404032646e-06
1853	8.54999020162e-06
1854	6.30970767696e-06
1855	8.63960880505e-06
1856	6.50675766956e-06
1857	8.65418010216e-06
1858	6.34237405121e-06
1859	8.57395368892e-06
1860	6.29701042099e-06
1861	8.54240340014e-06
1862	6.27005680783e-06
1863	8.51155081785e-06
1864	6.23606685265e-06
1865	8.4916645823e-06
1866	9.86387243546e-06
1867	7.2378406735e-06
1868	8.83857542004e-06
1869	9.86933461501e-06
1870	7.06601235071e-06
1871	8.73366749922e-06
1872	9.73850991613e-06
1873	7.00217330124e-06
1874	8.65133972254e-06
1875	9.63734371009e-06
1876	6.91633879257e-06
1877	8.59464376391e-06
1878	9.5709798337e-06
1879	7.35032426089e-06
1880	8.47616969115e-06
1881	9.48963522389e-06
1882	6.67185789358e-06
1883	8.49654576434e-06
1884	9.51532440033e-06
1885	6.75397943738e-06
1886	8.44484132215e-06
1887	9.39747765113e-06
1888	6.68999320538e-06
1889	8.3848321863e-06
1890	9.35183037421e-06
1891	6.6897546255e-06
1892	8.3459968764e-06
1893	9.30508497914e-06
1894	7.21601131666e-06
1895	8.25034304399e-06
1896	9.24936196269e-06
1897	6.50772234816e-06
1898	8.30606814249e-06
1899	9.31223480849e-06
1900	6.6108296903e-06
1901	8.27425875778e-06
1902	9.19816394846e-06
1903	6.5402593998e-06
1904	8.21817549841e-06
1905	9.14756131305e-06
1906	6.52489729756e-06
1907	8.17291795665e-06
1908	9.09040154021e-06
1909	6.94554384546e-06
1910	8.07012241156e-06
1911	9.03337510912e-06
1912	6.34030418314e-06
1913	8.11684821489e-06
1914	9.07444626773e-06
1915	6.42573887742e-06
1916	8.08390022005e-06
1917	8.97234004918e-06
1918	6.36145364139e-06
1919	8.02967627681e-06
1920	8.92454794122e-06
1921	6.3511627863e-06
1922	7.987157549e-06
1923	8.87258451513e-06
1924	9.84261954703e-06
1925	7.38987484867e-06
1926	8.05090290176e-06
1927	8.75871694741e-06
1928	9.60258887758e-06
1929	6.67999170613e-06
1930	8.05676571392e-06
1931	8.76567051073e-06
1932	9.63828553651e-06
1933	6.71880889524e-06
1934	7.97148630903e-06
1935	8.61810025448e-06
1936	9.47196268032e-06
1937	7.18339453072e-06
1938	7.86540973877e-06
1939	8.54540748587e-06
1940	9.37324585445e-06
1941	6.48559666519e-06
1942	7.87722832592e-06
1943	8.5616951781e-06
1944	9.41552810659e-06
1945	6.5121434308e-06
1946	7.80692137528e-06
1947	8.44601428175e-06
1948	9.28766751589e-06
1949	6.96412169503e-06
1950	7.7763445175e-06
1951	8.36100403119e-06
1952	9.17548625506e-06
1953	9.8654135798e-06
1954	6.61857129099e-06
1955	7.84411154111e-06
1956	8.35642379164e-06
1957	9.10688029085e-06
1958	9.74841198832e-06
1959	6.65001425449e-06
1960	7.72938866689e-06
1961	8.21242817541e-06
1962	8.95890510491e-06
1963	9.60839069729e-06
1964	7.24849941527e-06
1965	7.6507247349e-06
1966	8.14463574627e-06
1967	8.84697495492e-06
1968	9.52402897421e-06
1969	6.90246277701e-06
1970	7.54593271639e-06
1971	8.07643867219e-06
1972	8.81230370932e-06
1973	9.48929080476e-06
1974	9.85827397357e-06
1975	6.51971393194e-06
1976	7.59588860115e-06
1977	7.98733719462e-06
1978	8.65967095272e-06
1979	9.29806230454e-06
1980	9.6592632372e-06
1981	9.74172803639e-06
1982	9.69348300241e-06
1983	9.61024114917e-06
1984	9.52144097816e-06
1985	9.43720636872e-06
1986	9.36285278216e-06
1987	9.30750604582e-06
1988	9.27344797238e-06
1989	9.21891478957e-06
1990	9.17884171857e-06
1991	9.17902791709e-06
1992	9.1505527511e-06
1993	9.1271675848e-06
1994	9.11034416781e-06
1995	9.10494879891e-06
1996	9.70038878784e-06
1997	8.66331172886e-06
1998	8.97505673474e-06
1999	8.80713674368e-06
2000	9.70685666607e-06
2001	8.76332533509e-06
2002	8.99377474227e-06
2003	8.90278481832e-06
2004	9.13708421832e-06
2005	9.05662759612e-06
2006	8.98678216127e-06
2007	8.93944430165e-06
2008	8.90395675336e-06
2009	8.87775933811e-06
2010	8.85771039158e-06
2011	8.83344264621e-06
2012	8.83642630052e-06
2013	8.84040604518e-06
2014	8.83759940077e-06
2015	8.82605887394e-06
2016	8.80790516461e-06
2017	8.78598893925e-06
2018	8.76224287693e-06
2019	8.73817212851e-06
2020	8.71518380264e-06
2021	8.6941435183e-06
2022	8.67604643828e-06
2023	8.66047882561e-06
2024	8.64589437334e-06
2025	8.63154996215e-06
2026	8.61706425661e-06
2027	8.61934797155e-06
2028	8.59483176616e-06
2029	8.57461182418e-06
2030	8.55769280173e-06
2031	8.54396372632e-06
2032	8.39738337943e-06
2033	8.66300499922e-06
2034	8.60497278454e-06
2035	8.38224660532e-06
2036	8.66609249257e-06
2037	8.58976687335e-06
2038	8.30874102056e-06
2039	9.25262154411e-06
2040	8.32795538355e-06
2041	1.30686057711e-05
2042	7.4810922766e-06
2043	7.67743211803e-06
2044	9.38184984206e-06
2045	8.39604540554e-06
2046	1.36562684825e-05
2047	8.06515327507e-06
2048	7.49736048232e-06
2049	9.77751029813e-06
2050	1.22410130685e-05
2051	8.19634211982e-06
2052	7.73774222401e-06
2053	1.04007881248e-05
2054	7.32875584363e-06
