1	-0.000279621401634
2	1.33496946156
3	2.31133706154
4	4.09922570048
5	3.92764072885
6	3.39503639864
7	-2.2726319754
8	-7.18179302709
9	-11.0927126312
10	-10.7308619081
11	-10.6356949803
12	-10.4673721806
13	-10.4572544323
14	-10.366944746
15	-10.4335040144
16	-10.4696746804
17	-10.5252748408
18	-10.5511711844
19	-10.5439603507
20	-10.5229332098
21	-10.528295107
22	-10.5110778721
23	-10.5117889731
24	-10.4934071545
25	-10.491249148
26	-10.5151621481
27	-10.5390881779
28	-10.5654910719
29	-10.5714693474
30	-10.5657242553
31	-10.5579673675
32	-10.5539382008
33	-10.5531390786
34	-10.5494977762
35	-10.5446787458
36	-10.5390577842
37	-10.5378169015
38	-10.5378055899
39	-10.5395033724
40	-10.5442644025
41	-10.5495563441
42	-10.5554298301
43	-10.5587217964
44	-10.558455507
45	-10.5550857707
46	-10.5527038899
47	-10.5501276532
48	-10.5484526885
49	-10.5464474022
50	-10.544655147
51	-10.5447739213
52	-10.5437984919
53	-10.543450027
54	-10.5431854851
55	-10.5427621605
56	-10.5422214365
57	-10.5413354048
58	-10.540613661
59	-10.5394900298
60	-10.5386126511
61	-10.5378851752
62	-10.5375601965
63	-10.5372777144
64	-10.536965414
65	-10.5365585563
66	-10.5362747593
67	-10.536040296
68	-10.5358596945
69	-10.5357051845
70	-10.5351224486
71	-10.5344489245
72	-10.5341869378
73	-10.5340361313
74	-10.5336841968
75	-10.5335134844
76	-10.5333663271
77	-10.5332453396
78	-10.5331065722
79	-10.5329888278
80	-10.5328220518
81	-10.5326603381
82	-10.5325000492
83	-10.5323539915
84	-10.5322260494
85	-10.5320172471
86	-10.5318523576
87	-10.5317700792
88	-10.531696444
89	-10.5316166183
90	-10.531625551
91	-10.531641787
92	-10.5315327318
93	-10.5314804587
94	-10.5314423857
95	-10.5313473735
96	-10.5313446046
97	-10.5313500854
98	-10.53131531
99	-10.5312785794
100	-10.5312794046
101	-10.5312461394
102	-10.5311994758
103	-10.5311671171
104	-10.5311403689
105	-10.5311375469
106	-10.5311057476
107	-10.5310649372
108	-10.5310413724
109	-10.5310036643
110	-10.5309804211
111	-10.530945363
112	-10.5309071996
113	-10.530885556
114	-10.5308738655
115	-10.5308555404
116	-10.5308562471
117	-10.5308615011
118	-10.5308597237
119	-10.5308456356
120	-10.5307975106
121	-10.5307893328
122	-10.5307740295
123	-10.5307573336
124	-10.5307647526
125	-10.5307740619
126	-10.5307795921
127	-10.530781179
128	-10.5307819061
129	-10.5307805766
130	-10.530766269
131	-10.5307605266
132	-10.5307417634
133	-10.5307378552
134	-10.5307338727
135	-10.5307255337
136	-10.5307018548
137	-10.530689827
138	-10.5306649874
139	-10.5306431219
140	-10.5306226795
141	-10.5306075185
142	-10.5305748366
143	-10.5305594761
144	-10.5305559732
145	-10.5305523823
146	-10.5305480057
147	-10.5305369424
148	-10.5305214637
149	-10.530507504
150	-10.5304935077
151	-10.530484413
152	-10.530480868
153	-10.5304796482
154	-10.5304775128
155	-10.5304710319
156	-10.5304375233
157	-10.530430642
158	-10.5304234761
159	-10.5304007774
160	-10.5303703265
161	-10.5303758632
162	-10.5303505176
163	-10.5303448463
164	-10.5303184813
165	-10.5303077893
166	-10.5303040988
167	-10.5303003823
168	-10.5303014422
169	-10.5302819171
170	-10.5302687978
171	-10.5302622258
172	-10.5302627511
173	-10.5302621675
174	-10.5302623672
175	-10.5302620809
176	-10.5302616594
177	-10.5302603987
178	-10.5302584421
179	-10.5302558511
180	-10.530236133
181	-10.5302336336
182	-10.5302391214
183	-10.5302218579
184	-10.5301992648
185	-10.5302036293
186	-10.5301868469
187	-10.5301860447
188	-10.5301741266
189	-10.5301720914
190	-10.5301687085
191	-10.5301561814
192	-10.5301508955
193	-10.5301503739
194	-10.5301486101
195	-10.5301451416
196	-10.5301415299
197	-10.5301395436
198	-10.5301372518
199	-10.530133603
200	-10.5301318575
201	-10.5301302905
202	-10.5301273095
203	-10.530125563
204	-10.530128574
205	-10.5301315659
206	-10.5301179923
207	-10.5301139528
208	-10.5301024503
209	-10.5300990265
210	-10.5300873841
211	-10.5300828256
212	-10.5300779226
213	-10.5300728619
214	-10.5300688772
215	-10.5300642264
216	-10.5300606659
217	-10.5300569569
218	-10.5300539972
219	-10.5300516055
220	-10.530051164
221	-10.5300519188
222	-10.5300526278
223	-10.5300491903
224	-10.530047652
225	-10.5300510196
226	-10.5300460638
227	-10.530041768
228	-10.5300389198
229	-10.530035629
230	-10.5300327572
231	-10.5300300184
232	-10.5300284047
233	-10.5300273116
234	-10.5300279075
235	-10.5300309517
236	-10.5300358215
237	-10.5300360863
238	-10.5300341808
239	-10.5300363878
240	-10.5300392195
241	-10.5300351488
242	-10.5300332007
243	-10.5300314356
244	-10.5300309514
245	-10.530028918
246	-10.5300292184
247	-10.5300274828
248	-10.5300249393
249	-10.5300231067
250	-10.5300218919
251	-10.5300248919
252	-10.5300267557
253	-10.5300290837
254	-10.5300319683
255	-10.5300349323
256	-10.5300371199
257	-10.5300394478
258	-10.5300414998
259	-10.5300442444
260	-10.5300472699
261	-10.5300477157
262	-10.5300453138
263	-10.5300438885
264	-10.5300425081
265	-10.530044277
266	-10.5300443515
267	-10.5300463072
268	-10.5300476086
269	-10.5300488583
270	-10.5300497224
271	-10.5300512276
272	-10.5300532581
273	-10.5300552998
274	-10.5300567158
275	-10.5300583861
276	-10.5300600135
277	-10.53005698
278	-10.5300554162
279	-10.5300539146
280	-10.5300519119
281	-10.5300506634
282	-10.5300504014
283	-10.530051681
284	-10.5300521031
285	-10.5300524375
286	-10.5300519659
287	-10.5300529486
288	-10.5300540847
289	-10.5300524467
290	-10.5300514938
291	-10.5300521643
292	-10.5300503665
293	-10.5300476612
294	-10.5300455417
295	-10.5300445707
296	-10.5300469295
297	-10.5300483548
298	-10.5300492406
299	-10.530049401
300	-10.5300492196
301	-10.5300497688
302	-10.5300503614
303	-10.5300476391
304	-10.5300460071
305	-10.5300436473
306	-10.5300403234
307	-10.5300380627
308	-10.5300389099
309	-10.5300375887
310	-10.5300389279
311	-10.5300380413
312	-10.5300388858
313	-10.530039092
314	-10.5300391299
315	-10.5300396742
316	-10.5300378473
317	-10.5300363563
318	-10.5300339899
319	-10.530033342
320	-10.5300343048
321	-10.5300358532
322	-10.5300345983
323	-10.530032766
324	-10.5300312467
325	-10.5300307649
326	-10.5300310034
327	-10.5300310974
328	-10.530029564
329	-10.5300278814
330	-10.5300275212
331	-10.5300266353
332	-10.5300242664
333	-10.5300238738
334	-10.5300228177
335	-10.5300221192
336	-10.5300225115
337	-10.5300209581
338	-10.530019497
339	-10.5300167218
340	-10.5300170046
341	-10.5300160962
342	-10.5300153986
343	-10.5300146321
344	-10.5300137873
345	-10.5300126091
346	-10.5300121934
347	-10.5300115156
348	-10.5300112425
349	-10.5300114632
350	-10.5300105719
351	-10.5300102547
352	-10.5300094923
353	-10.5300090936
354	-10.5300068586
355	-10.5300060149
356	-10.5300052446
357	-10.5300046447
358	-10.5300034775
359	-10.5300028385
360	-10.5300019069
361	-10.5300021349
362	-10.5300024829
363	-10.5300025355
364	-10.530001888
365	-10.5300011928
366	-10.5300003925
367	-10.5299999233
368	-10.5299998608
369	-10.5299999748
370	-10.5300002346
371	-10.5300004793
372	-10.5299988863
373	-10.529998651
374	-10.5299972323
375	-10.5299969969
376	-10.5299971332
377	-10.5299972906
378	-10.5299971538
379	-10.5299959991
380	-10.5299955935
381	-10.5299953157
382	-10.5299948992
383	-10.5299944074
384	-10.5299938724
385	-10.5299935281
386	-10.5299931836
387	-10.5299928285
388	-10.5299925947
389	-10.5299922889
390	-10.5299919768
391	-10.5299916652
392	-10.5299913493
393	-10.5299910962
394	-10.5299911313
395	-10.5299909817
396	-10.5299905655
397	-10.5299903201
398	-10.5299899051
399	-10.5299896618
400	-10.5299891144
401	-10.5299889263
402	-10.5299882888
403	-10.5299878604
404	-10.5299872172
405	-10.5299867778
406	-10.5299867561
407	-10.5299861279
408	-10.5299857454
409	-10.5299856695
410	-10.5299855834
411	-10.5299854869
412	-10.5299853737
413	-10.529985271
414	-10.5299851769
415	-10.5299850906
416	-10.5299850041
417	-10.5299849128
418	-10.5299847759
419	-10.5299846422
420	-10.5299845339
421	-10.5299844345
422	-10.5299843294
423	-10.5299842222
424	-10.5299841126
425	-10.5299840011
426	-10.5299838872
427	-10.5299837711
428	-10.5299836531
429	-10.5299833984
430	-10.5299831685
431	-10.5299830717
432	-10.5299828494
433	-10.5299826223
434	-10.5299823551
435	-10.5299821045
436	-10.5299818822
437	-10.5299816876
438	-10.5299815083
439	-10.5299813308
440	-10.529981135
441	-10.5299809348
442	-10.5299807232
443	-10.5299805078
444	-10.5299802973
445	-10.5299800972
446	-10.5299799088
447	-10.5299797308
448	-10.5299795609
449	-10.5299793903
450	-10.529979229
451	-10.5299790745
452	-10.5299789273
453	-10.529978787
454	-10.5299786535
455	-10.5299785259
456	-10.5299784053
457	-10.5299782916
458	-10.529978169
459	-10.5299780362
460	-10.5299779061
461	-10.529977777
462	-10.5299776595
463	-10.529977534
464	-10.5299774073
465	-10.5299772895
466	-10.5299771693
467	-10.5299770458
468	-10.5299769139
469	-10.5299767895
470	-10.5299766703
471	-10.5299765525
472	-10.5299764355
473	-10.5299763187
474	-10.5299761357
475	-10.5299759791
476	-10.5299758236
477	-10.5299756859
478	-10.5299755269
479	-10.5299753771
480	-10.5299752176
481	-10.5299750652
482	-10.5299749091
483	-10.529974761
484	-10.5299746084
485	-10.5299744617
486	-10.5299743112
487	-10.5299741657
488	-10.529974017
489	-10.5299738729
490	-10.5299737261
491	-10.5299735833
492	-10.5299734389
493	-10.5299732979
494	-10.529973155
495	-10.5299730152
496	-10.5299728738
497	-10.5299727352
498	-10.5299725951
499	-10.5299724587
500	-10.5299723205
501	-10.5299721847
502	-10.5299720476
503	-10.5299719127
504	-10.5299717767
505	-10.5299716427
506	-10.5299715077
507	-10.5299713745
508	-10.5299712412
509	-10.5299711088
510	-10.5299709752
511	-10.5299708424
512	-10.5299707086
513	-10.5299705759
514	-10.5299704426
515	-10.5299703104
516	-10.5299701781
517	-10.5299700469
518	-10.5299699161
519	-10.5299697864
520	-10.5299696565
521	-10.5299695278
522	-10.5299693989
523	-10.5299692711
524	-10.529969143
525	-10.5299690159
526	-10.5299688885
527	-10.5299687619
528	-10.5299686352
529	-10.5299685092
530	-10.5299683831
531	-10.529968257
532	-10.5299681308
533	-10.5299680051
534	-10.5299680284
535	-10.5299682439
536	-10.5299683938
537	-10.529968557
538	-10.5299687331
539	-10.5299689366
540	-10.5299691457
541	-10.5299693556
542	-10.5299695618
543	-10.5299697645
544	-10.5299699657
545	-10.5299701667
546	-10.5299703679
547	-10.5299705693
548	-10.5299707705
549	-10.5299709714
550	-10.5299711717
551	-10.5299713717
552	-10.5299715726
553	-10.5299717716
554	-10.5299719711
555	-10.5299721699
556	-10.5299723689
557	-10.5299725682
558	-10.5299727681
559	-10.5299729697
560	-10.5299731707
561	-10.5299733715
562	-10.529973572
563	-10.5299737722
564	-10.5299739719
565	-10.5299741711
566	-10.5299743681
567	-10.529974566
568	-10.5299747646
569	-10.5299749647
570	-10.5299751664
571	-10.5299753704
572	-10.529975577
573	-10.5299757863
574	-10.5299759982
575	-10.5299762042
576	-10.5299764104
577	-10.5299766162
578	-10.5299768168
579	-10.5299770178
580	-10.5299772185
581	-10.529977419
582	-10.5299776191
583	-10.5299778188
584	-10.529978018
585	-10.5299782168
586	-10.5299784151
587	-10.529978616
588	-10.5299788156
589	-10.5299790141
590	-10.5299792117
591	-10.5299794092
592	-10.5299796065
593	-10.5299798033
594	-10.5299799996
595	-10.5299801953
596	-10.5299803905
597	-10.5299805853
598	-10.5299807796
599	-10.5299809738
600	-10.5299811676
601	-10.5299813613
602	-10.5299815547
603	-10.5299817478
604	-10.5299819406
605	-10.5299821332
606	-10.5299823255
607	-10.5299825174
608	-10.5299827089
609	-10.5299829002
610	-10.5299830912
611	-10.5299832819
612	-10.5299834721
613	-10.5299836619
614	-10.5299838511
615	-10.5299840346
616	-10.5299842168
617	-10.5299843974
618	-10.5299845765
619	-10.5299847538
620	-10.5299849294
621	-10.5299851031
622	-10.5299852749
623	-10.5299854449
624	-10.5299856129
625	-10.5299857788
626	-10.5299859425
627	-10.5299861039
628	-10.5299862627
629	-10.5299864188
630	-10.5299865723
631	-10.5299867229
632	-10.5299868707
633	-10.5299870155
634	-10.5299871574
635	-10.5299869809
636	-10.5299868914
637	-10.5299865858
638	-10.5299860533
639	-10.529985478
640	-10.5299856546
641	-10.5299857868
642	-10.5299854301
643	-10.5299850824
644	-10.5299848264
645	-10.5299846621
646	-10.5299841942
647	-10.5299840182
648	-10.5299836677
649	-10.5299833834
650	-10.529982835
651	-10.5299822261
652	-10.5299823894
653	-10.5299820413
654	-10.5299817838
655	-10.5299816523
656	-10.5299814398
657	-10.5299809284
658	-10.5299803299
659	-10.5299802801
660	-10.5299801206
661	-10.5299797245
662	-10.5299791753
663	-10.5299790535
664	-10.5299787694
665	-10.529978507
666	-10.5299782958
667	-10.5299780185
668	-10.5299774749
669	-10.529977326
670	-10.5299771025
671	-10.5299768354
672	-10.5299767005
673	-10.5299764301
674	-10.529975894
675	-10.5299756604
676	-10.529975516
677	-10.5299752533
678	-10.5299751522
679	-10.5299749432
680	-10.5299747502
681	-10.5299744522
682	-10.5299742766
683	-10.5299739999
684	-10.5299738845
685	-10.5299736775
686	-10.5299735297
687	-10.5299732471
688	-10.5299731368
689	-10.5299729291
690	-10.5299728072
691	-10.5299725355
692	-10.5299724519
693	-10.5299722376
694	-10.5299721389
695	-10.5299719442
696	-10.5299718451
697	-10.5299716469
698	-10.5299715656
699	-10.5299713588
700	-10.529971284
701	-10.5299710747
702	-10.5299710067
703	-10.5299707982
704	-10.5299705162
705	-10.5299703805
706	-10.5299701766
707	-10.5299698858
708	-10.5299698047
709	-10.5299695869
710	-10.5299692991
711	-10.5299690328
712	-10.5299689355
713	-10.5299687153
714	-10.5299684314
715	-10.5299681551
716	-10.529967891
717	-10.5299676261
718	-10.5299673561
719	-10.5299670836
720	-10.5299668098
721	-10.5299665354
722	-10.5299662602
723	-10.5299659849
724	-10.52996571
725	-10.5299654311
726	-10.5299651542
727	-10.52996488
728	-10.5299646093
729	-10.529964345
730	-10.5299640811
731	-10.5299638193
732	-10.5299635583
733	-10.5299632981
734	-10.5299630391
735	-10.5299627814
736	-10.5299625236
737	-10.5299622669
738	-10.5299620112
739	-10.5299617566
740	-10.5299615028
741	-10.5299612499
742	-10.5299609976
743	-10.5299607433
744	-10.5299605586
745	-10.5299602791
746	-10.5299600091
747	-10.5299597542
748	-10.5299595687
749	-10.5299593043
750	-10.5299591267
751	-10.529958962
752	-10.5299588033
753	-10.5299586451
754	-10.529958486
755	-10.5299583246
756	-10.5299581611
757	-10.529957996
758	-10.52995783
759	-10.5299576637
760	-10.5299574972
761	-10.5299573304
762	-10.5299571632
763	-10.5299569954
764	-10.529956827
765	-10.5299566579
766	-10.5299564882
767	-10.5299563179
768	-10.5299561471
769	-10.5299559758
770	-10.529955804
771	-10.5299556318
772	-10.5299554591
773	-10.5299552859
774	-10.529955112
775	-10.5299549375
776	-10.5299547623
777	-10.5299545864
778	-10.5299544098
779	-10.5299542326
780	-10.5299540547
781	-10.5299538763
782	-10.5299536972
783	-10.5299535176
784	-10.5299533374
785	-10.5299531565
786	-10.5299529737
787	-10.5299527901
788	-10.5299526057
789	-10.5299524206
790	-10.5299522346
791	-10.5299520389
792	-10.529951853
793	-10.5299516722
794	-10.5299514869
795	-10.5299512979
796	-10.5299511113
797	-10.5299509264
798	-10.5299507275
799	-10.529950535
800	-10.5299503416
801	-10.5299501533
802	-10.5299499586
803	-10.5299497639
804	-10.5299495691
805	-10.5299493796
806	-10.5299491891
807	-10.5299489977
808	-10.529948803
809	-10.5299486088
810	-10.5299484147
811	-10.5299482203
812	-10.5299480254
813	-10.5299478298
814	-10.5299476337
815	-10.5299474372
816	-10.5299472404
817	-10.5299470435
818	-10.5299468465
819	-10.5299466473
820	-10.5299464472
821	-10.5299462469
822	-10.5299460463
823	-10.5299458458
824	-10.5299456455
825	-10.5299454452
826	-10.5299452451
827	-10.529945045
828	-10.5299448451
829	-10.5299446453
830	-10.5299444457
831	-10.5299442461
832	-10.5299440466
833	-10.5299438471
834	-10.5299436477
835	-10.5299434484
836	-10.5299432492
837	-10.5299430501
838	-10.529942851
839	-10.5299426519
840	-10.5299424528
841	-10.5299422537
842	-10.5299420545
843	-10.5299418553
844	-10.5299416591
845	-10.5299414625
846	-10.5299412655
847	-10.5299410653
848	-10.5299408652
849	-10.529940665
850	-10.5299404648
851	-10.5299402646
852	-10.5299400642
853	-10.5299398638
854	-10.5299396635
855	-10.5299394632
856	-10.5299392629
857	-10.5299390627
858	-10.5299388624
859	-10.5299386622
860	-10.529938462
861	-10.5299382619
862	-10.529938062
863	-10.5299378622
864	-10.5299376626
865	-10.5299374631
866	-10.5299372637
867	-10.5299370644
868	-10.5299368652
869	-10.5299366661
870	-10.5299364671
871	-10.5299362682
872	-10.5299360696
873	-10.5299358711
874	-10.5299356728
875	-10.5299354747
876	-10.5299352768
877	-10.529935079
878	-10.5299348814
879	-10.5299346839
880	-10.5299344865
881	-10.5299342892
882	-10.5299340921
883	-10.5299338951
884	-10.5299336983
885	-10.5299335016
886	-10.5299333051
887	-10.5299331088
888	-10.5299329126
889	-10.5299327165
890	-10.5299325205
891	-10.5299323246
892	-10.5299321288
893	-10.5299319331
894	-10.5299317374
895	-10.5299315419
896	-10.5299313465
897	-10.5299311512
898	-10.5299309561
899	-10.529930761
900	-10.529930566
901	-10.5299303711
902	-10.5299301765
903	-10.5299299819
904	-10.5299297872
905	-10.5299295925
906	-10.5299293981
907	-10.529929204
908	-10.5299290101
909	-10.5299288164
910	-10.5299286226
911	-10.529928429
912	-10.5299282359
913	-10.5299280433
914	-10.5299278512
915	-10.5299276597
916	-10.5299274686
917	-10.5299272779
918	-10.5299270877
919	-10.5299268979
920	-10.5299267086
921	-10.5299265197
922	-10.5299263313
923	-10.5299261432
924	-10.5299259556
925	-10.5299257684
926	-10.5299255816
927	-10.5299253951
928	-10.5299252089
929	-10.5299250232
930	-10.5299248378
931	-10.5299246536
932	-10.52992447
933	-10.5299242867
934	-10.529924104
935	-10.5299239217
936	-10.5299237398
937	-10.5299235584
938	-10.5299233774
939	-10.5299231967
940	-10.5299230165
941	-10.5299228331
942	-10.5299226541
943	-10.5299224755
944	-10.5299222934
945	-10.5299221121
946	-10.5299219352
947	-10.5299217547
948	-10.5299216001
949	-10.5299214617
950	-10.5299212601
951	-10.5299210841
952	-10.529920906
953	-10.5299206591
954	-10.5299204338
955	-10.5299202584
956	-10.5299200791
957	-10.5299199524
958	-10.5299197935
959	-10.529919696
960	-10.5299195897
961	-10.5299194781
962	-10.5299193697
963	-10.5299192454
964	-10.5299191364
965	-10.5299190221
966	-10.5299189197
967	-10.5299188135
968	-10.5299186993
969	-10.5299185288
970	-10.5299183627
971	-10.5299182035
972	-10.5299180498
973	-10.5299178994
974	-10.5299177495
975	-10.5299175988
976	-10.5299174463
977	-10.529917292
978	-10.529917136
979	-10.5299169791
980	-10.5299168218
981	-10.5299166649
982	-10.5299165087
983	-10.5299163537
984	-10.5299161995
985	-10.5299160465
986	-10.5299158945
987	-10.529915744
988	-10.5299155944
989	-10.5299154458
990	-10.529915298
991	-10.5299151509
992	-10.5299150043
993	-10.5299148584
994	-10.5299147132
995	-10.5299145684
996	-10.529914424
997	-10.5299142801
998	-10.5299141362
999	-10.5299139928
1000	-10.5299138498
1001	-10.5299137532
1002	-10.5299136623
1003	-10.5299135724
1004	-10.5299134813
1005	-10.5299133894
1006	-10.5299132967
1007	-10.529913204
1008	-10.5299131116
1009	-10.5299130197
1010	-10.5299129287
1011	-10.5299128384
1012	-10.5299127488
1013	-10.5299126599
1014	-10.5299125716
1015	-10.529912484
1016	-10.529912397
1017	-10.5299123106
1018	-10.5299122245
1019	-10.529912139
1020	-10.5299120307
1021	-10.5299119421
1022	-10.5299118588
1023	-10.52991176
1024	-10.5299116765
1025	-10.5299115807
1026	-10.5299114967
1027	-10.5299114005
1028	-10.5299113171
1029	-10.5299112187
1030	-10.5299111358
1031	-10.5299110375
1032	-10.5299109561
1033	-10.5299108581
1034	-10.5299107776
1035	-10.5299106801
1036	-10.5299106006
1037	-10.5299105034
1038	-10.5299104248
1039	-10.529910328
1040	-10.5299102518
1041	-10.5299101553
1042	-10.5299100798
1043	-10.5299099838
1044	-10.529909909
1045	-10.5299098137
1046	-10.5299097406
1047	-10.5299096657
1048	-10.5299095741
1049	-10.5299094999
1050	-10.5299094369
1051	-10.5299093759
1052	-10.5299093135
1053	-10.5299092492
1054	-10.529909183
1055	-10.5299091155
1056	-10.5299090474
1057	-10.5299089792
1058	-10.5299089111
1059	-10.5299088434
1060	-10.5299087759
1061	-10.5299087086
1062	-10.5299086414
1063	-10.529908574
1064	-10.5299085066
1065	-10.529908439
1066	-10.5299083712
1067	-10.5299083034
1068	-10.5299082357
1069	-10.5299081679
1070	-10.5299081003
1071	-10.5299080327
1072	-10.5299079653
1073	-10.529907898
1074	-10.5299078307
1075	-10.5299077636
1076	-10.5299076965
1077	-10.5299076294
1078	-10.5299075625
1079	-10.5299074955
1080	-10.5299074287
1081	-10.529907362
1082	-10.5299072954
1083	-10.5299072289
1084	-10.5299071626
1085	-10.5299070963
1086	-10.5299070302
1087	-10.5299069642
1088	-10.5299068982
1089	-10.5299068324
1090	-10.5299067666
1091	-10.5299067009
1092	-10.5299066353
1093	-10.5299065697
1094	-10.5299065043
1095	-10.5299064389
1096	-10.5299063743
1097	-10.5299063096
1098	-10.5299062448
1099	-10.5299061795
1100	-10.5299060948
1101	-10.5299060269
1102	-10.5299059624
1103	-10.5299058992
1104	-10.5299058364
1105	-10.5299057735
1106	-10.529905692
1107	-10.5299056252
1108	-10.5299055605
1109	-10.5299054776
1110	-10.5299054111
1111	-10.5299053477
1112	-10.5299052853
1113	-10.529905204
1114	-10.529905139
1115	-10.5299050576
1116	-10.5299049904
1117	-10.5299049258
1118	-10.5299048442
1119	-10.529904778
1120	-10.5299046958
1121	-10.5299046297
1122	-10.5299045661
1123	-10.5299044869
1124	-10.5299044051
1125	-10.5299043389
1126	-10.5299042578
1127	-10.5299041924
1128	-10.5299041123
1129	-10.52990403
1130	-10.5299039644
1131	-10.5299038839
1132	-10.5299038195
1133	-10.5299037399
1134	-10.5299036587
1135	-10.5299035772
1136	-10.5299034944
1137	-10.5299034291
1138	-10.5299033499
1139	-10.5299032696
1140	-10.5299031886
1141	-10.5299031069
1142	-10.5299030427
1143	-10.5299029645
1144	-10.529902886
1145	-10.5299028074
1146	-10.5299027289
1147	-10.5299026503
1148	-10.5299025719
1149	-10.5299024936
1150	-10.5299024154
1151	-10.5299023373
1152	-10.5299022594
1153	-10.5299021817
1154	-10.5299021042
1155	-10.5299020272
1156	-10.5299019507
1157	-10.5299018748
1158	-10.5299017999
1159	-10.5299017259
1160	-10.5299016532
1161	-10.5299015819
1162	-10.5299015096
1163	-10.5299014389
1164	-10.5299013677
1165	-10.5299012984
1166	-10.5299012309
1167	-10.5299011652
1168	-10.5299011014
1169	-10.5299010395
1170	-10.5299009794
1171	-10.529900921
1172	-10.5299008641
1173	-10.5299008085
1174	-10.529900754
1175	-10.5299007006
1176	-10.529900648
1177	-10.5299005961
1178	-10.5299005449
1179	-10.5299004942
1180	-10.5299004442
1181	-10.5299003948
1182	-10.529900346
1183	-10.5299002978
1184	-10.5299002504
1185	-10.5299002037
1186	-10.529900158
1187	-10.5299001131
1188	-10.5299000693
1189	-10.5299000265
1190	-10.5298999849
1191	-10.5298999446
1192	-10.5298999054
1193	-10.5298998676
1194	-10.5298998328
1195	-10.5298997995
1196	-10.5298997676
1197	-10.5298997372
1198	-10.529899708
1199	-10.5298996801
1200	-10.5298996534
1201	-10.5298996278
1202	-10.5298996057
1203	-10.5298995871
1204	-10.5298995698
1205	-10.5298995537
1206	-10.5298995384
1207	-10.5298995238
1208	-10.5298995104
1209	-10.5298994457
1210	-10.5298994906
1211	-10.5298994949
1212	-10.529899472
1213	-10.5298994283
1214	-10.5298994323
1215	-10.529899379
1216	-10.5298993211
1217	-10.5298992695
1218	-10.5298991784
1219	-10.5298990535
1220	-10.5298989631
1221	-10.5298988675
1222	-10.5298988072
1223	-10.529898799
1224	-10.5298988059
1225	-10.529898813
1226	-10.52989885
1227	-10.5298988719
1228	-10.5298988702
1229	-10.5298988751
1230	-10.5298988751
1231	-10.5298988613
1232	-10.5298988542
1233	-10.5298988427
1234	-10.5298988266
1235	-10.5298988068
1236	-10.5298987829
1237	-10.529898759
1238	-10.5298987379
1239	-10.5298987222
1240	-10.5298987143
1241	-10.5298987175
1242	-10.5298986846
1243	-10.5298986524
1244	-10.529898659
1245	-10.5298986288
1246	-10.5298986371
1247	-10.5298986519
1248	-10.5298986256
1249	-10.5298986395
1250	-10.5298986123
1251	-10.529898622
1252	-10.5298986347
1253	-10.5298986056
1254	-10.5298986121
1255	-10.5298986213
1256	-10.5298986348
1257	-10.5298986054
1258	-10.529898613
1259	-10.5298986243
1260	-10.5298985938
1261	-10.5298985984
1262	-10.5298986059
1263	-10.5298986177
1264	-10.5298985889
1265	-10.5298985965
1266	-10.5298986085
1267	-10.5298985802
1268	-10.5298985882
1269	-10.5298985583
1270	-10.5298985612
1271	-10.5298985676
1272	-10.5298985791
1273	-10.5298985973
1274	-10.5298985719
1275	-10.5298985419
1276	-10.5298985461
1277	-10.5298985542
1278	-10.529898566
1279	-10.5298985363
1280	-10.529898542
1281	-10.5298985531
1282	-10.5298985232
1283	-10.5298985298
1284	-10.5298985405
1285	-10.529898511
1286	-10.5298985176
1287	-10.5298985284
1288	-10.5298984992
1289	-10.5298985063
1290	-10.5298985179
1291	-10.529898489
1292	-10.5298984972
1293	-10.5298985101
1294	-10.5298984815
1295	-10.5298984896
1296	-10.5298984596
1297	-10.5298984639
1298	-10.529898472
1299	-10.5298984418
1300	-10.529898445
1301	-10.529898454
1302	-10.5298984242
1303	-10.5298984293
1304	-10.5298984409
1305	-10.5298984113
1306	-10.5298984207
1307	-10.5298983901
1308	-10.5298983953
1309	-10.5298984042
1310	-10.5298983729
1311	-10.5298983785
1312	-10.5298983887
1313	-10.529898357
1314	-10.5298983641
1315	-10.5298983313
1316	-10.5298983339
1317	-10.5298983403
1318	-10.5298983068
1319	-10.5298983101
1320	-10.5298983181
1321	-10.5298982845
1322	-10.5298982885
1323	-10.5298982538
1324	-10.5298982539
1325	-10.5298982598
1326	-10.5298982245
1327	-10.5298982262
1328	-10.5298982345
1329	-10.5298981991
1330	-10.5298982036
1331	-10.5298981676
1332	-10.529898168
1333	-10.5298981723
1334	-10.5298981358
1335	-10.5298981371
1336	-10.5298981432
1337	-10.5298981066
1338	-10.5298981103
1339	-10.5298980718
1340	-10.5298980713
1341	-10.5298980747
1342	-10.5298980358
1343	-10.5298980365
1344	-10.529898042
1345	-10.5298980032
1346	-10.5298980067
1347	-10.5298979681
1348	-10.5298979678
1349	-10.5298979716
1350	-10.5298979331
1351	-10.5298979344
1352	-10.5298979405
1353	-10.5298979023
1354	-10.5298979063
1355	-10.5298978683
1356	-10.5298978684
1357	-10.5298978725
1358	-10.5298978346
1359	-10.5298978361
1360	-10.5298978423
1361	-10.5298978049
1362	-10.529897809
1363	-10.5298977719
1364	-10.5298977723
1365	-10.5298977769
1366	-10.5298977402
1367	-10.5298977424
1368	-10.5298977495
1369	-10.5298977134
1370	-10.5298977185
1371	-10.5298976829
1372	-10.5298976845
1373	-10.5298976903
1374	-10.5298976552
1375	-10.5298976586
1376	-10.529897667
1377	-10.5298976327
1378	-10.529897639
1379	-10.5298976051
1380	-10.5298976078
1381	-10.5298976146
1382	-10.5298975814
1383	-10.5298975855
1384	-10.5298975942
1385	-10.5298975619
1386	-10.5298975682
1387	-10.5298975358
1388	-10.5298975384
1389	-10.5298975448
1390	-10.5298975128
1391	-10.5298975184
1392	-10.5298975265
1393	-10.5298974948
1394	-10.5298975025
1395	-10.5298975131
1396	-10.529897482
1397	-10.5298974918
1398	-10.5298974604
1399	-10.5298974656
1400	-10.5298974725
1401	-10.5298974847
1402	-10.529897455
1403	-10.5298974666
1404	-10.5298974365
1405	-10.5298974435
1406	-10.5298974524
1407	-10.5298974229
1408	-10.5298974299
1409	-10.5298974392
1410	-10.5298974107
1411	-10.5298974185
1412	-10.529897429
1413	-10.5298974017
1414	-10.5298974105
1415	-10.5298973826
1416	-10.5298973867
1417	-10.5298973927
1418	-10.5298973651
1419	-10.5298973075
1420	-10.529897367
1421	-10.5298973933
1422	-10.5298973669
1423	-10.5298973862
1424	-10.5298973505
1425	-10.5298972946
1426	-10.5298973163
1427	-10.5298972961
1428	-10.5298972639
1429	-10.5298972277
1430	-10.5298971734
1431	-10.5298971122
1432	-10.5298970172
1433	-10.5298969372
1434	-10.5298968713
1435	-10.5298968224
1436	-10.5298968037
1437	-10.529896774
1438	-10.5298967475
1439	-10.5298967175
1440	-10.5298966876
1441	-10.529896693
1442	-10.5298966761
1443	-10.5298966615
1444	-10.5298966466
1445	-10.529896691
1446	-10.5298966567
1447	-10.5298966833
1448	-10.5298966515
1449	-10.5298966563
1450	-10.5298966298
1451	-10.5298966182
1452	-10.529896591
1453	-10.5298965696
1454	-10.5298965602
1455	-10.5298965394
1456	-10.5298965344
1457	-10.52989652
1458	-10.5298965172
1459	-10.529896485
1460	-10.5298964761
1461	-10.5298964446
1462	-10.5298964396
1463	-10.5298964077
1464	-10.5298964063
1465	-10.5298963739
1466	-10.5298963731
1467	-10.5298963407
1468	-10.529896339
1469	-10.5298963075
1470	-10.5298963021
1471	-10.5298962735
1472	-10.5298962651
1473	-10.5298962684
1474	-10.5298962386
1475	-10.5298962282
1476	-10.5298962282
1477	-10.5298962336
1478	-10.5298962528
1479	-10.5298962782
1480	-10.529896311
1481	-10.5298963531
1482	-10.5298963535
1483	-10.5298963589
1484	-10.5298963733
1485	-10.5298964025
1486	-10.5298964357
1487	-10.5298964731
1488	-10.529896516
1489	-10.5298965644
1490	-10.5298965683
1491	-10.5298965731
1492	-10.529896585
1493	-10.5298966045
1494	-10.529896573
1495	-10.5298965614
1496	-10.5298965518
1497	-10.5298965479
1498	-10.5298965442
1499	-10.5298965406
1500	-10.529896538
1501	-10.5298965367
1502	-10.5298965373
1503	-10.5298965398
1504	-10.529896545
1505	-10.5298965533
1506	-10.5298965652
1507	-10.5298965815
1508	-10.529896564
1509	-10.5298965731
1510	-10.5298965858
1511	-10.5298966015
1512	-10.5298966314
1513	-10.5298966667
1514	-10.5298967073
1515	-10.5298967532
1516	-10.5298967547
1517	-10.529896757
1518	-10.5298967582
1519	-10.5298967548
1520	-10.5298967418
1521	-10.5298967215
1522	-10.5298966941
1523	-10.5298966605
1524	-10.5298966216
1525	-10.5298965737
1526	-10.5298965208
1527	-10.529896464
1528	-10.5298964036
1529	-10.5298963403
1530	-10.5298962747
1531	-10.5298962085
1532	-10.5298961412
1533	-10.529896073
1534	-10.5298960038
1535	-10.5298959334
1536	-10.5298958617
1537	-10.5298957886
1538	-10.5298957137
1539	-10.5298956365
1540	-10.5298955579
1541	-10.529895474
1542	-10.5298953885
1543	-10.5298953014
1544	-10.5298952128
1545	-10.5298951229
1546	-10.5298950319
1547	-10.5298949397
1548	-10.5298948451
1549	-10.5298947754
1550	-10.5298947137
1551	-10.5298946353
1552	-10.5298945891
1553	-10.5298945195
1554	-10.5298944783
1555	-10.5298944393
1556	-10.5298943755
1557	-10.5298943158
1558	-10.5298942206
1559	-10.5298941915
1560	-10.5298940999
1561	-10.5298940494
1562	-10.5298939638
1563	-10.5298939299
1564	-10.5298938473
1565	-10.5298937693
1566	-10.5298936787
1567	-10.5298936289
1568	-10.5298935377
1569	-10.5298934545
1570	-10.5298933982
1571	-10.5298933218
1572	-10.5298932464
1573	-10.5298931649
1574	-10.5298931137
1575	-10.529893035
1576	-10.5298929541
1577	-10.5298929027
1578	-10.5298928239
1579	-10.5298927441
1580	-10.5298926923
1581	-10.5298926173
1582	-10.5298925461
1583	-10.5298925018
1584	-10.5298924309
1585	-10.5298923624
1586	-10.5298923171
1587	-10.5298922488
1588	-10.529892177
1589	-10.5298921274
1590	-10.5298920614
1591	-10.5298919941
1592	-10.5298919274
1593	-10.5298918577
1594	-10.5298917858
1595	-10.529891714
1596	-10.5298916385
1597	-10.5298915574
1598	-10.529891474
1599	-10.5298914188
1600	-10.5298913561
1601	-10.5298912815
1602	-10.5298912043
1603	-10.5298911238
1604	-10.5298910416
1605	-10.5298909577
1606	-10.5298908722
1607	-10.5298907839
1608	-10.529890692
1609	-10.5298906257
1610	-10.5298905416
1611	-10.5298904608
1612	-10.5298903794
1613	-10.5298902965
1614	-10.5298902114
1615	-10.5298901239
1616	-10.5298900339
1617	-10.5298899417
1618	-10.5298898474
1619	-10.5298897509
1620	-10.5298896553
1621	-10.5298895883
1622	-10.5298895046
1623	-10.5298894255
1624	-10.5298893473
1625	-10.5298892685
1626	-10.5298891883
1627	-10.529889106
1628	-10.5298890215
1629	-10.5298889348
1630	-10.5298888461
1631	-10.5298887559
1632	-10.5298886665
1633	-10.5298885781
1634	-10.5298884887
1635	-10.529888398
1636	-10.5298883082
1637	-10.5298882171
1638	-10.5298881446
1639	-10.5298880553
1640	-10.5298879669
1641	-10.529887877
1642	-10.5298877852
1643	-10.5298876921
1644	-10.529887625
1645	-10.5298875363
1646	-10.5298874485
1647	-10.5298873602
1648	-10.529887272
1649	-10.5298871847
1650	-10.5298870976
1651	-10.5298870119
1652	-10.5298869258
1653	-10.5298868398
1654	-10.5298867549
1655	-10.5298866694
1656	-10.5298865836
1657	-10.5298864984
1658	-10.5298864128
1659	-10.5298863277
1660	-10.5298862411
1661	-10.5298861538
1662	-10.5298860648
1663	-10.5298859764
1664	-10.5298858862
1665	-10.5298857944
1666	-10.5298857025
1667	-10.5298856097
1668	-10.5298855165
1669	-10.529885423
1670	-10.5298853292
1671	-10.5298852342
1672	-10.5298851394
1673	-10.5298850444
1674	-10.5298849505
1675	-10.5298848566
1676	-10.5298847643
1677	-10.5298846725
1678	-10.5298845806
1679	-10.5298844902
1680	-10.5298844001
1681	-10.5298843115
1682	-10.5298842252
1683	-10.5298841393
1684	-10.5298840549
1685	-10.5298839724
1686	-10.5298838921
1687	-10.5298838121
1688	-10.5298837333
1689	-10.5298836561
1690	-10.5298835809
1691	-10.5298835076
1692	-10.5298834361
1693	-10.5298833663
1694	-10.5298832982
1695	-10.5298832317
1696	-10.5298831667
1697	-10.5298831027
1698	-10.5298830403
1699	-10.5298829794
1700	-10.5298829199
1701	-10.5298828619
1702	-10.5298828053
1703	-10.5298827502
1704	-10.5298826965
1705	-10.5298826442
1706	-10.5298825931
1707	-10.5298825434
1708	-10.5298824949
1709	-10.5298824475
1710	-10.5298824012
1711	-10.5298823559
1712	-10.5298823115
1713	-10.529882268
1714	-10.5298822252
1715	-10.5298821832
1716	-10.5298821419
1717	-10.5298821012
1718	-10.5298820611
1719	-10.5298820214
1720	-10.5298819822
1721	-10.5298819435
1722	-10.5298819054
1723	-10.5298818677
1724	-10.5298818303
1725	-10.529881793
1726	-10.5298817558
1727	-10.5298817186
1728	-10.5298816809
1729	-10.5298816429
1730	-10.5298816047
1731	-10.5298815664
1732	-10.5298815281
1733	-10.5298814898
1734	-10.529881451
1735	-10.5298814121
1736	-10.5298813733
1737	-10.5298813346
1738	-10.5298812961
1739	-10.529881258
1740	-10.5298812201
1741	-10.5298811746
1742	-10.529881137
1743	-10.5298810981
1744	-10.5298810599
1745	-10.5298810131
1746	-10.5298809747
1747	-10.5298809363
1748	-10.5298808899
1749	-10.5298808522
1750	-10.529880815
1751	-10.5298807696
1752	-10.5298807332
1753	-10.5298806973
1754	-10.5298806533
1755	-10.5298806185
1756	-10.5298805844
1757	-10.5298805422
1758	-10.5298805091
1759	-10.5298804766
1760	-10.5298804367
1761	-10.5298804055
1762	-10.5298803751
1763	-10.5298803373
1764	-10.5298803084
1765	-10.5298802804
1766	-10.5298802451
1767	-10.5298802189
1768	-10.5298801939
1769	-10.5298801617
1770	-10.5298801389
1771	-10.5298801173
1772	-10.529880089
1773	-10.52988007
1774	-10.5298800437
1775	-10.5298800264
1776	-10.5298800106
1777	-10.5298799882
1778	-10.5298799756
1779	-10.5298799557
1780	-10.5298799452
1781	-10.5298799273
1782	-10.5298799186
1783	-10.529879903
1784	-10.5298798966
1785	-10.5298798833
1786	-10.5298798792
1787	-10.5298798683
1788	-10.5298798666
1789	-10.5298798582
1790	-10.5298798595
1791	-10.5298798511
1792	-10.5298798523
1793	-10.5298798459
1794	-10.5298798489
1795	-10.5298798449
1796	-10.5298798539
1797	-10.5298798512
1798	-10.52987987
1799	-10.5298798724
1800	-10.5298798963
1801	-10.5298799018
1802	-10.5298799268
1803	-10.5298799353
1804	-10.529879963
1805	-10.5298799719
1806	-10.5298800002
1807	-10.5298800083
1808	-10.529880034
1809	-10.5298800415
1810	-10.5298800671
1811	-10.5298800725
1812	-10.5298800945
1813	-10.5298800985
1814	-10.5298801196
1815	-10.529880121
1816	-10.5298801383
1817	-10.5298801382
1818	-10.5298801479
1819	-10.5298801436
1820	-10.5298801555
1821	-10.5298801506
1822	-10.5298801599
1823	-10.5298801549
1824	-10.5298801603
1825	-10.5298801527
1826	-10.5298801523
1827	-10.5298801431
1828	-10.5298801417
1829	-10.5298801321
1830	-10.5298801321
1831	-10.5298801215
1832	-10.5298801202
1833	-10.5298801108
1834	-10.5298801105
1835	-10.5298801031
1836	-10.5298801045
1837	-10.5298800995
1838	-10.5298801042
1839	-10.5298800999
1840	-10.5298801142
1841	-10.5298801145
1842	-10.5298801327
1843	-10.5298801376
1844	-10.5298801613
1845	-10.5298801688
1846	-10.5298801942
1847	-10.5298802045
1848	-10.5298802339
1849	-10.5298802456
1850	-10.5298802759
1851	-10.5298802896
1852	-10.5298802866
1853	-10.5298802817
1854	-10.5298802959
1855	-10.5298802916
1856	-10.5298802997
1857	-10.5298802917
1858	-10.5298803002
1859	-10.529880292
1860	-10.5298802976
1861	-10.5298802895
1862	-10.5298802944
1863	-10.5298802867
1864	-10.5298802915
1865	-10.5298802844
1866	-10.5298802758
1867	-10.5298802784
1868	-10.5298802672
1869	-10.5298802546
1870	-10.5298802597
1871	-10.5298802496
1872	-10.5298802394
1873	-10.529880248
1874	-10.5298802427
1875	-10.5298802381
1876	-10.5298802544
1877	-10.5298802564
1878	-10.5298802597
1879	-10.5298802504
1880	-10.5298802386
1881	-10.5298802326
1882	-10.5298802432
1883	-10.5298802394
1884	-10.5298802356
1885	-10.5298802504
1886	-10.5298802507
1887	-10.5298802509
1888	-10.5298802693
1889	-10.5298802733
1890	-10.529880277
1891	-10.5298803001
1892	-10.5298803078
1893	-10.5298803154
1894	-10.5298803083
1895	-10.5298802988
1896	-10.5298802929
1897	-10.5298803038
1898	-10.5298802984
1899	-10.5298802923
1900	-10.5298803048
1901	-10.529880302
1902	-10.5298802987
1903	-10.5298803133
1904	-10.5298803136
1905	-10.5298803137
1906	-10.5298803323
1907	-10.5298803364
1908	-10.5298803405
1909	-10.5298803323
1910	-10.5298803206
1911	-10.529880313
1912	-10.5298803219
1913	-10.5298803154
1914	-10.5298803083
1915	-10.52988032
1916	-10.5298803168
1917	-10.5298803135
1918	-10.5298803287
1919	-10.5298803297
1920	-10.5298803309
1921	-10.5298803517
1922	-10.5298803581
1923	-10.5298803649
1924	-10.5298803719
1925	-10.5298803642
1926	-10.5298803546
1927	-10.5298803496
1928	-10.5298803425
1929	-10.5298803589
1930	-10.5298803571
1931	-10.5298803561
1932	-10.5298803556
1933	-10.5298803848
1934	-10.5298803929
1935	-10.529880402
1936	-10.5298804118
1937	-10.5298804042
1938	-10.5298803967
1939	-10.5298803935
1940	-10.5298803881
1941	-10.529880404
1942	-10.5298804023
1943	-10.5298804007
1944	-10.5298803988
1945	-10.5298804176
1946	-10.5298804206
1947	-10.5298804241
1948	-10.5298804276
1949	-10.5298804187
1950	-10.5298804144
1951	-10.5298804093
1952	-10.5298804026
1953	-10.5298803946
1954	-10.5298804061
1955	-10.5298804026
1956	-10.5298803999
1957	-10.5298803975
1958	-10.5298803951
1959	-10.5298804241
1960	-10.5298804313
1961	-10.5298804401
1962	-10.5298804503
1963	-10.5298804614
1964	-10.529880454
1965	-10.5298804482
1966	-10.5298804474
1967	-10.5298804455
1968	-10.5298804429
1969	-10.5298804323
1970	-10.5298804158
1971	-10.5298804046
1972	-10.5298803922
1973	-10.5298803785
1974	-10.5298803639
1975	-10.5298803711
1976	-10.5298803627
1977	-10.5298803556
1978	-10.5298803493
1979	-10.5298803434
1980	-10.5298803379
1981	-10.5298803327
1982	-10.5298803282
1983	-10.529880325
1984	-10.5298803234
1985	-10.5298803242
1986	-10.5298803278
1987	-10.529880335
1988	-10.5298803467
1989	-10.5298803645
1990	-10.5298803873
1991	-10.5298804277
1992	-10.5298804762
1993	-10.5298805345
1994	-10.5298806027
1995	-10.5298806802
1996	-10.5298807159
1997	-10.5298807765
1998	-10.5298808503
1999	-10.5298809092
2000	-10.5298809414
2001	-10.5298809882
2002	-10.5298810415
2003	-10.529881078
2004	-10.5298811251
2005	-10.5298811698
2006	-10.529881214
2007	-10.5298812579
2008	-10.5298813015
2009	-10.5298813449
2010	-10.529881388
2011	-10.5298814219
2012	-10.5298814542
2013	-10.529881484
2014	-10.529881511
2015	-10.5298815354
2016	-10.5298815577
2017	-10.5298815783
2018	-10.5298815977
2019	-10.5298816164
2020	-10.5298816349
2021	-10.5298816537
2022	-10.5298816735
2023	-10.5298816946
2024	-10.5298817175
2025	-10.5298817427
2026	-10.5298817704
2027	-10.5298818115
2028	-10.5298818573
2029	-10.5298819091
2030	-10.529881967
2031	-10.5298820308
2032	-10.5298820823
2033	-10.529882154
2034	-10.5298822279
2035	-10.5298822875
2036	-10.5298823658
2037	-10.529882445
2038	-10.5298825084
2039	-10.5298825432
2040	-10.5298826083
2041	-10.5298825493
2042	-10.5298825969
2043	-10.5298826146
2044	-10.5298826364
2045	-10.5298826571
2046	-10.5298826157
2047	-10.5298826283
2048	-10.5298826466
2049	-10.5298826747
2050	-10.529882632
2051	-10.5298826408
2052	-10.5298826701
2053	-10.5298826254
2054	-10.5298826351
