1	-0.000279621401634
2	1.33524908296
3	0.976367599988
4	1.78788863893
5	-0.171584971622
6	-0.532604330211
7	-5.66766837404
8	-4.90916105169
9	-3.91091960416
10	0.361850723158
11	0.0951669278327
12	0.168322799677
13	0.0101177482787
14	0.0903096863068
15	-0.0665592684082
16	-0.0361706659993
17	-0.0556001603831
18	-0.0258963436647
19	0.00721083372393
20	0.0210271408974
21	-0.00536189716916
22	0.0172172348505
23	-0.000711100972388
24	0.0183818185664
25	0.00215800650857
26	-0.0239130000937
27	-0.0239260297933
28	-0.0264028939675
29	-0.00597827552884
30	0.00574509216045
31	0.00775688776595
32	0.00402916673019
33	0.000799122147248
34	0.00364130238486
35	0.00481903043464
36	0.00562096157443
37	0.00124088270431
38	1.13116591429e-05
39	-0.00169778255018
40	-0.0047610300806
41	-0.00529194158126
42	-0.0058734859946
43	-0.00329196628949
44	0.000266289333462
45	0.00336973635982
46	0.00238188072328
47	0.00257623679128
48	0.00167496469504
49	0.00200528622971
50	0.00179225526951
51	-0.00011877431894
52	0.000975429338885
53	0.000348464934691
54	0.000264541892543
55	0.000423324568806
56	0.000540724007064
57	0.000886031766068
58	0.000721743774453
59	0.00112363116083
60	0.000877378737153
61	0.000727475928564
62	0.000324978647988
63	0.000282482079742
64	0.000312300464177
65	0.000406857637808
66	0.000283797076685
67	0.000234463262889
68	0.000180601496002
69	0.000154509975868
70	0.000582735969836
71	0.000673524023135
72	0.000261986707553
73	0.000150806569551
74	0.000351934443267
75	0.000170712384447
76	0.000147157354073
77	0.000120987486603
78	0.000138767374502
79	0.000117744376383
80	0.000166776031989
81	0.000161713751322
82	0.000160288809097
83	0.000146057750706
84	0.000127942126433
85	0.000208802283188
86	0.000164889529728
87	8.22783646343e-05
88	7.3635184637e-05
89	7.98257536288e-05
90	-8.93271597687e-06
91	-1.62360620341e-05
92	0.000109055205798
93	5.22731137702e-05
94	3.80729773343e-05
95	9.5012229524e-05
96	2.76889632325e-06
97	-5.48076905043e-06
98	3.47753703739e-05
99	3.67306385026e-05
100	-8.25229977705e-07
101	3.32651872425e-05
102	4.66635678887e-05
103	3.23587884972e-05
104	2.67481664285e-05
105	2.8219860802e-06
106	3.1799258225e-05
107	4.08104346164e-05
108	2.35648429262e-05
109	3.77080424148e-05
110	2.32431959441e-05
111	3.50581464866e-05
112	3.81633359886e-05
113	2.16435955595e-05
114	1.16905926751e-05
115	1.83250439306e-05
116	-7.06643567772e-07
117	-5.25405629193e-06
118	1.77742878042e-06
119	1.40881062619e-05
120	4.81249825801e-05
121	8.17780907482e-06
122	1.530323593e-05
123	1.66959341394e-05
124	-7.41897304681e-06
125	-9.30929568799e-06
126	-5.53018553339e-06
127	-1.58690144516e-06
128	-7.27169303477e-07
129	1.32956156294e-06
130	1.43075674062e-05
131	5.74242615741e-06
132	1.87631601904e-05
133	3.90825915579e-06
134	3.98251554645e-06
135	8.33892999707e-06
136	2.36789294512e-05
137	1.20277784058e-05
138	2.48396457904e-05
139	2.18654596196e-05
140	2.04424081258e-05
141	1.51610341856e-05
142	3.26818372149e-05
143	1.5360503734e-05
144	3.50295377932e-06
145	3.59090779201e-06
146	4.37652717348e-06
147	1.10633174843e-05
148	1.54786985269e-05
149	1.39597104256e-05
150	1.39963570052e-05
151	9.0946152144e-06
152	3.54508030763e-06
153	1.21980274808e-06
154	2.13531803048e-06
155	6.48091983395e-06
156	3.35086019344e-05
157	6.88127282491e-06
158	7.16593160267e-06
159	2.26987032148e-05
160	3.04508706723e-05
161	-5.53667821729e-06
162	2.53456313564e-05
163	5.67130120083e-06
164	2.63649612931e-05
165	1.06920178843e-05
166	3.69047037969e-06
167	3.71656867391e-06
168	-1.05993207871e-06
169	1.95251236234e-05
170	1.31192217583e-05
171	6.57200860871e-06
172	-5.25291765142e-07
173	5.83625594144e-07
174	-1.99670725089e-07
175	2.86270501981e-07
176	4.21470219951e-07
177	1.26076316313e-06
178	1.95660171281e-06
179	2.59095012619e-06
180	1.97180911789e-05
181	2.49944263474e-06
182	-5.48780880011e-06
183	1.72634798184e-05
184	2.25930825037e-05
185	-4.36447839248e-06
186	1.67824021349e-05
187	8.02234691773e-07
188	1.1918053161e-05
189	2.03522075571e-06
190	3.38290992775e-06
191	1.25270978395e-05
192	5.28590099573e-06
193	5.21585546674e-07
194	1.76380116835e-06
195	3.46850267204e-06
196	3.61170293011e-06
197	1.98627819266e-06
198	2.2917756738e-06
199	3.64887254667e-06
200	1.74548808593e-06
201	1.56702728898e-06
202	2.98091421003e-06
203	1.74655135322e-06
204	-3.0110276442e-06
205	-2.99192366322e-06
206	1.35736889198e-05
207	4.03949347922e-06
208	1.15024588737e-05
209	3.42382332115e-06
210	1.16424113123e-05
211	4.55845695644e-06
212	4.90300832814e-06
213	5.06071998976e-06
214	3.98465036817e-06
215	4.6507945473e-06
216	3.5605807935e-06
217	3.70892307288e-06
218	2.95977845064e-06
219	2.39161879187e-06
220	4.4153743902e-07
221	-7.54846072796e-07
222	-7.08989580525e-07
223	3.43753406218e-06
224	1.5382984071e-06
225	-3.36759247462e-06
226	4.95575159385e-06
227	4.29580402559e-06
228	2.84822842819e-06
229	3.29084075178e-06
230	2.87174852299e-06
231	2.73882342125e-06
232	1.61373194996e-06
233	1.09303298509e-06
234	-5.95888450381e-07
235	-3.04419730322e-06
236	-4.86976461904e-06
237	-2.64791848711e-07
238	1.90545520026e-06
239	-2.20702196072e-06
240	-2.83166785794e-06
241	4.07068563823e-06
242	1.94813840607e-06
243	1.76505478945e-06
244	4.84229935293e-07
245	2.03338727033e-06
246	-3.00358896273e-07
247	1.73553211636e-06
248	2.54356449687e-06
249	1.83262620649e-06
250	1.21474459943e-06
251	-3.00000338199e-06
252	-1.86379769223e-06
253	-2.32794646638e-06
254	-2.88461822508e-06
255	-2.96400572312e-06
256	-2.18761593745e-06
257	-2.32787135082e-06
258	-2.05200758842e-06
259	-2.74464658152e-06
260	-3.02544523129e-06
261	-4.4579683736e-07
262	2.40184505698e-06
263	1.42530170443e-06
264	1.38041946878e-06
265	-1.76892319128e-06
266	-7.44543910582e-08
267	-1.95567817136e-06
268	-1.30141552327e-06
269	-1.24970406141e-06
270	-8.64086358046e-07
271	-1.50524907407e-06
272	-2.0304683692e-06
273	-2.04172333697e-06
274	-1.41599695817e-06
275	-1.67030220052e-06
276	-1.62736135047e-06
277	3.033449427e-06
278	1.56383911449e-06
279	1.50154478805e-06
280	2.00271934855e-06
281	1.24852034455e-06
282	2.61967444781e-07
283	-1.27955692068e-06
284	-4.22148725124e-07
285	-3.34379382232e-07
286	4.71583564211e-07
287	-9.8265085295e-07
288	-1.1360827034e-06
289	1.63795699236e-06
290	9.52877875235e-07
291	-6.70483821447e-07
292	1.79782735574e-06
293	2.70530202798e-06
294	2.11946556642e-06
295	9.70996562753e-07
296	-2.35879535374e-06
297	-1.42527290953e-06
298	-8.85798875296e-07
299	-1.60409304553e-07
300	1.81383042031e-07
301	-5.49228641315e-07
302	-5.92525135271e-07
303	2.72228463466e-06
304	1.63200599002e-06
305	2.3598101419e-06
306	3.32382958205e-06
307	2.2607635019e-06
308	-8.472701681e-07
309	1.32121151667e-06
310	-1.33914324544e-06
311	8.86581478758e-07
312	-8.44493967052e-07
313	-2.06244121435e-07
314	-3.788262988e-08
315	-5.4433918878e-07
316	1.82694201729e-06
317	1.49098714131e-06
318	2.36639299591e-06
319	6.47890709405e-07
320	-9.62753588625e-07
321	-1.54837165854e-06
322	1.2548395395e-06
323	1.83228945824e-06
324	1.51935033075e-06
325	4.81769090899e-07
326	-2.38454243935e-07
327	-9.40877265478e-08
328	1.53343368501e-06
329	1.68264583957e-06
330	3.6019127242e-07
331	8.85879402066e-07
332	2.36888343552e-06
333	3.92618843375e-07
334	1.05605811159e-06
335	6.98517522058e-07
336	-3.92257392085e-07
337	1.55342772997e-06
338	1.46102940475e-06
339	2.77523046098e-06
340	-2.8277851396e-07
341	9.08391966164e-07
342	6.97562808083e-07
343	7.66534675799e-07
344	8.44763709119e-07
345	1.17818091646e-06
346	4.15688280229e-07
347	6.77838724681e-07
348	2.7308554482e-07
349	-2.20663458963e-07
350	8.91266241149e-07
351	3.17241013975e-07
352	7.62351776171e-07
353	3.98723401795e-07
354	2.23501295612e-06
355	8.4367435653e-07
356	7.70344706536e-07
357	5.9988961717e-07
358	1.1672087538e-06
359	6.38931831618e-07
360	9.31605921245e-07
361	-2.27952812392e-07
362	-3.47968038783e-07
363	-5.26129027273e-08
364	6.47448957666e-07
365	6.9517865007e-07
366	8.00293279941e-07
367	4.69243297052e-07
368	6.25280004058e-08
369	-1.14068502104e-07
370	-2.59760654185e-07
371	-2.44648294921e-07
372	1.59300400283e-06
373	2.35276756177e-07
374	1.41866127334e-06
375	2.35407822506e-07
376	-1.36291625642e-07
377	-1.57419820361e-07
378	1.36856564221e-07
379	1.1546286566e-06
380	4.05674415838e-07
381	2.77707434538e-07
382	4.16503913438e-07
383	4.91816672453e-07
384	5.35020550133e-07
385	3.44321745707e-07
386	3.44465705281e-07
387	3.55120208997e-07
388	2.33815453665e-07
389	3.0580730961e-07
390	3.12040962713e-07
391	3.11625041756e-07
392	3.15870466591e-07
393	2.53142212419e-07
394	-3.512522572e-08
395	1.49597386334e-07
396	4.16260900545e-07
397	2.45364595384e-07
398	4.15006642568e-07
399	2.43247438439e-07
400	5.47452756316e-07
401	1.88108019314e-07
402	6.37528147031e-07
403	4.28371097753e-07
404	6.4314241242e-07
405	4.39409168422e-07
406	2.17739937499e-08
407	6.28160043028e-07
408	3.82500645194e-07
409	7.5924971474e-08
410	8.60318970288e-08
411	9.65670439838e-08
412	1.13191348383e-07
413	1.02665667117e-07
414	9.40876462735e-08
415	8.63006221168e-08
416	8.65110991881e-08
417	9.13038810968e-08
418	1.36873438294e-07
419	1.33716667897e-07
420	1.08322345718e-07
421	9.9387335213e-08
422	1.05110750875e-07
423	1.07222204574e-07
424	1.09579294763e-07
425	1.11487930789e-07
426	1.13934275799e-07
427	1.1609390315e-07
428	1.17969462354e-07
429	2.54728885469e-07
430	2.29909192338e-07
431	9.68007538917e-08
432	2.22247705188e-07
433	2.27167393403e-07
434	2.67120539337e-07
435	2.50658754384e-07
436	2.22290716044e-07
437	1.94567476016e-07
438	1.79330355374e-07
439	1.77534318247e-07
440	1.95802431129e-07
441	2.00141360258e-07
442	2.11624039923e-07
443	2.15427485342e-07
444	2.10461505336e-07
445	2.00146065364e-07
446	1.88373867923e-07
447	1.78020226227e-07
448	1.69848336452e-07
449	1.70577847705e-07
450	1.61351166797e-07
451	1.54536336725e-07
452	1.47181749219e-07
453	1.40227511426e-07
454	1.33559015395e-07
455	1.27612246178e-07
456	1.20525364474e-07
457	1.13717381536e-07
458	1.22617535783e-07
459	1.32815644092e-07
460	1.30089704551e-07
461	1.29075713243e-07
462	1.17536300684e-07
463	1.25529397266e-07
464	1.26702904199e-07
465	1.177558614e-07
466	1.20221882678e-07
467	1.23452130764e-07
468	1.31977859793e-07
469	1.24336507647e-07
470	1.19207580704e-07
471	1.1784745976e-07
472	1.16920102881e-07
473	1.16803254695e-07
474	1.83078827804e-07
475	1.56577302078e-07
476	1.55454479845e-07
477	1.3771043469e-07
478	1.5906433837e-07
479	1.49746107616e-07
480	1.59481526596e-07
481	1.52455567907e-07
482	1.56103859297e-07
483	1.48030341473e-07
484	1.52600753804e-07
485	1.46752878106e-07
486	1.50466443038e-07
487	1.45521330141e-07
488	1.48705863565e-07
489	1.44127220895e-07
490	1.46753820625e-07
491	1.4277574461e-07
492	1.44447019133e-07
493	1.41031183402e-07
494	1.4281953516e-07
495	1.39866482656e-07
496	1.41345054466e-07
497	1.38662030294e-07
498	1.40043581235e-07
499	1.3639130491e-07
500	1.38204109957e-07
501	1.3581496838e-07
502	1.37157665845e-07
503	1.3489474221e-07
504	1.35994345832e-07
505	1.3399696795e-07
506	1.34974810359e-07
507	1.33229747855e-07
508	1.33246485434e-07
509	1.32371288905e-07
510	1.33639180654e-07
511	1.32811126437e-07
512	1.33752770526e-07
513	1.32753661488e-07
514	1.33325638773e-07
515	1.32122525208e-07
516	1.32386094106e-07
517	1.31110030385e-07
518	1.30842948644e-07
519	1.29742562116e-07
520	1.29821141539e-07
521	1.28769661745e-07
522	1.28828198645e-07
523	1.27882640334e-07
524	1.28006195548e-07
525	1.2719703591e-07
526	1.2737005133e-07
527	1.26609396513e-07
528	1.2671118948e-07
529	1.25964297283e-07
530	1.26095119713e-07
531	1.26071713065e-07
532	1.26225240171e-07
533	1.2574899859e-07
534	-2.33601035472e-08
535	-2.1548562641e-07
536	-1.49860296903e-07
537	-1.63214452379e-07
538	-1.76130355281e-07
539	-2.03498169463e-07
540	-2.09077516006e-07
541	-2.09874111202e-07
542	-2.06246235062e-07
543	-2.02711810954e-07
544	-2.01204376192e-07
545	-2.00966473919e-07
546	-2.0123483458e-07
547	-2.01388680794e-07
548	-2.01162475591e-07
549	-2.00882311272e-07
550	-2.003969018e-07
551	-1.99918132005e-07
552	-2.00938915605e-07
553	-1.99040389424e-07
554	-1.994073216e-07
555	-1.98863144652e-07
556	-1.98944442053e-07
557	-1.9935604761e-07
558	-1.99862303913e-07
559	-2.01612812973e-07
560	-2.01045720898e-07
561	-2.00740413384e-07
562	-2.00515863008e-07
563	-2.00183726711e-07
564	-1.99727288336e-07
565	-1.99160846179e-07
566	-1.97050923805e-07
567	-1.97869704994e-07
568	-1.98644140228e-07
569	-2.00039760971e-07
570	-2.01711941932e-07
571	-2.03980340875e-07
572	-2.06588409171e-07
573	-2.09388047446e-07
574	-2.11813766729e-07
575	-2.06076991076e-07
576	-2.0617692772e-07
577	-2.05815050237e-07
578	-2.00607239585e-07
579	-2.00951601975e-07
580	-2.00736333379e-07
581	-2.00482483789e-07
582	-2.0009194549e-07
583	-1.99663310424e-07
584	-1.99229852283e-07
585	-1.98779056934e-07
586	-1.98330273065e-07
587	-2.00858538581e-07
588	-1.99629024745e-07
589	-1.98531428912e-07
590	-1.97593789709e-07
591	-1.97496116132e-07
592	-1.97284662402e-07
593	-1.96823723216e-07
594	-1.96258913406e-07
595	-1.95711994307e-07
596	-1.95225345002e-07
597	-1.94767635814e-07
598	-1.94363522855e-07
599	-1.94118081004e-07
600	-1.93892131559e-07
601	-1.93639145522e-07
602	-1.93366624284e-07
603	-1.93103896452e-07
604	-1.92858863108e-07
605	-1.92606097863e-07
606	-1.92257228212e-07
607	-1.91894332524e-07
608	-1.9157322295e-07
609	-1.91276229444e-07
610	-1.90996431639e-07
611	-1.90653564568e-07
612	-1.90245195487e-07
613	-1.89770693434e-07
614	-1.8919332188e-07
615	-1.83512842562e-07
616	-1.82153595014e-07
617	-1.80673237607e-07
618	-1.79056231641e-07
619	-1.7732834753e-07
620	-1.75541758665e-07
621	-1.7371531055e-07
622	-1.71880906392e-07
623	-1.69987119995e-07
624	-1.68003450649e-07
625	-1.65912547748e-07
626	-1.63696325867e-07
627	-1.61322698734e-07
628	-1.58805930359e-07
629	-1.56169919367e-07
630	-1.53443858309e-07
631	-1.50640166964e-07
632	-1.47759320599e-07
633	-1.44826252157e-07
634	-1.41849180383e-07
635	1.76435972269e-07
636	8.95229928167e-08
637	3.05645016207e-07
638	5.32449222224e-07
639	5.75283185746e-07
640	-1.76608938973e-07
641	-1.32151832048e-07
642	3.56653902545e-07
643	3.47731424559e-07
644	2.55986884771e-07
645	1.64344018244e-07
646	4.67843783063e-07
647	1.76075754417e-07
648	3.50501019573e-07
649	2.84281078525e-07
650	5.4838606242e-07
651	6.08882881045e-07
652	-1.63340006022e-07
653	3.48188227502e-07
654	2.57417562944e-07
655	1.31526802605e-07
656	2.12519503091e-07
657	5.11354646068e-07
658	5.98495333561e-07
659	4.98876407487e-08
660	1.5949888826e-07
661	3.96004104768e-07
662	5.49246532512e-07
663	1.21809942808e-07
664	2.8409273577e-07
665	2.62376743036e-07
666	2.11190847134e-07
667	2.77358423093e-07
668	5.43608371937e-07
669	1.48885915909e-07
670	2.23504972861e-07
671	2.67121595794e-07
672	1.34847825476e-07
673	2.70364933984e-07
674	5.36179174087e-07
675	2.33549908167e-07
676	1.44367104548e-07
677	2.62697533969e-07
678	1.01136874014e-07
679	2.09021714792e-07
680	1.93021753894e-07
681	2.98005686581e-07
682	1.75556771039e-07
683	2.76717893705e-07
684	1.15417709501e-07
685	2.06917349643e-07
686	1.47871293038e-07
687	2.82608759984e-07
688	1.10313192539e-07
689	2.07627704516e-07
690	1.21881263652e-07
691	2.71788550838e-07
692	8.36061254548e-08
693	2.14204483425e-07
694	9.87704063289e-08
695	1.94713882215e-07
696	9.90560946251e-08
697	1.98253053735e-07
698	8.12677103652e-08
699	2.06763072049e-07
700	7.48434634081e-08
701	2.09256594063e-07
702	6.80575694207e-08
703	2.08494721398e-07
704	2.82002134904e-07
705	1.35626925786e-07
706	2.03932134573e-07
707	2.90844072948e-07
708	8.10492429469e-08
709	2.17824669957e-07
710	2.87781352717e-07
711	2.66340457936e-07
712	9.72953206157e-08
713	2.20132770909e-07
714	2.83911472196e-07
715	2.76320558987e-07
716	2.6408207524e-07
717	2.64904737407e-07
718	2.70026760934e-07
719	2.7254307369e-07
720	2.737924022e-07
721	2.74315044542e-07
722	2.75293696372e-07
723	2.75233947252e-07
724	2.74891845815e-07
725	2.78966941655e-07
726	2.76848945167e-07
727	2.74170097104e-07
728	2.70747559589e-07
729	2.64282891586e-07
730	2.63888303494e-07
731	2.6179301302e-07
732	2.61026985734e-07
733	2.60155662466e-07
734	2.59022774556e-07
735	2.57741324507e-07
736	2.57824118704e-07
737	2.56674570888e-07
738	2.55634061766e-07
739	2.5464351224e-07
740	2.53761689689e-07
741	2.52974744252e-07
742	2.52261650203e-07
743	2.54349763917e-07
744	1.84626616227e-07
745	2.79523819844e-07
746	2.70049307315e-07
747	2.54895115944e-07
748	1.85457388114e-07
749	2.64436467998e-07
750	1.77592378294e-07
751	1.64664050493e-07
752	1.58758733838e-07
753	1.58132481375e-07
754	1.59110990338e-07
755	1.61436543778e-07
756	1.63502732346e-07
757	1.65086481552e-07
758	1.65939202225e-07
759	1.66336536272e-07
760	1.66529836018e-07
761	1.66780294582e-07
762	1.67190394104e-07
763	1.67761260142e-07
764	1.68419901412e-07
765	1.69094830007e-07
766	1.69735126299e-07
767	1.70315538618e-07
768	1.70824959775e-07
769	1.7128893713e-07
770	1.71740673186e-07
771	1.72205108411e-07
772	1.72702952871e-07
773	1.73252960316e-07
774	1.73862810472e-07
775	1.74526497728e-07
776	1.75217554954e-07
777	1.75907812696e-07
778	1.76578573604e-07
779	1.77222783237e-07
780	1.77842733373e-07
781	1.78445610352e-07
782	1.79040140306e-07
783	1.79632846137e-07
784	1.80227694881e-07
785	1.80823854822e-07
786	1.82804223076e-07
787	1.83664271336e-07
788	1.84340793279e-07
789	1.85093030757e-07
790	1.8604550034e-07
791	1.95729352616e-07
792	1.8586027377e-07
793	1.80766807503e-07
794	1.85302168726e-07
795	1.88984660314e-07
796	1.86631652647e-07
797	1.84953870807e-07
798	1.98895056061e-07
799	1.92501636846e-07
800	1.93361744942e-07
801	1.88257483485e-07
802	1.94782390571e-07
803	1.9463502462e-07
804	1.94806176978e-07
805	1.89561959889e-07
806	1.90490486898e-07
807	1.91329798067e-07
808	1.94754296627e-07
809	1.94204122361e-07
810	1.94095238355e-07
811	1.94348716445e-07
812	1.94930058627e-07
813	1.95575830661e-07
814	1.96127281132e-07
815	1.96517720936e-07
816	1.96760569388e-07
817	1.96901765201e-07
818	1.96994312851e-07
819	1.99267492639e-07
820	2.00026060289e-07
821	2.00384760803e-07
822	2.00536640745e-07
823	2.00496760672e-07
824	2.00360771658e-07
825	2.00253173817e-07
826	2.00141332982e-07
827	2.0002495283e-07
828	1.99906895678e-07
829	1.99783085273e-07
830	1.99677199526e-07
831	1.99593478238e-07
832	1.99526786054e-07
833	1.99462910079e-07
834	1.99389553252e-07
835	1.9929987579e-07
836	1.991956031e-07
837	1.99085796897e-07
838	1.99148723015e-07
839	1.99111030148e-07
840	1.99077902753e-07
841	1.99090314819e-07
842	1.99143688055e-07
843	1.99248761008e-07
844	1.96189830943e-07
845	1.9661117102e-07
846	1.96956670909e-07
847	2.00193442457e-07
848	2.00182941151e-07
849	2.00169063559e-07
850	2.00185412496e-07
851	2.00244206105e-07
852	2.00338942545e-07
853	2.00455393748e-07
854	2.00317413003e-07
855	2.00272062344e-07
856	2.00261974237e-07
857	2.00242070708e-07
858	2.00242153648e-07
859	2.00228144677e-07
860	2.00182811029e-07
861	2.00092215313e-07
862	1.99952975523e-07
863	1.99791910519e-07
864	1.99633028429e-07
865	1.9949361404e-07
866	1.993802447e-07
867	1.99287321223e-07
868	1.99202086855e-07
869	1.99109647074e-07
870	1.98997387343e-07
871	1.98844144976e-07
872	1.98665666436e-07
873	1.984746563e-07
874	1.98283198724e-07
875	1.98100739434e-07
876	1.9793319792e-07
877	1.97781135794e-07
878	1.97641211506e-07
879	1.9750597191e-07
880	1.97373187445e-07
881	1.97251526413e-07
882	1.97123514208e-07
883	1.9698095179e-07
884	1.96826085637e-07
885	1.96657080086e-07
886	1.96492166857e-07
887	1.96337890032e-07
888	1.96201220759e-07
889	1.96085830888e-07
890	1.95989509118e-07
891	1.95905666808e-07
892	1.95824859323e-07
893	1.95738174608e-07
894	1.9563918339e-07
895	1.95526478379e-07
896	1.95403928222e-07
897	1.95278181778e-07
898	1.95158469823e-07
899	1.950533105e-07
900	1.94967389822e-07
901	1.9489837631e-07
902	1.94606524189e-07
903	1.94673472802e-07
904	1.94695261492e-07
905	1.94615048571e-07
906	1.94431881291e-07
907	1.94163383177e-07
908	1.93841273916e-07
909	1.93737656541e-07
910	1.93781000949e-07
911	1.93562668572e-07
912	1.93129114929e-07
913	1.92600744107e-07
914	1.92062699208e-07
915	1.91557420029e-07
916	1.91090247126e-07
917	1.90648496121e-07
918	1.9021503107e-07
919	1.89778325569e-07
920	1.89335251558e-07
921	1.88889979799e-07
922	1.88450523772e-07
923	1.88024237649e-07
924	1.87616135101e-07
925	1.87226952882e-07
926	1.86853557951e-07
927	1.86489470935e-07
928	1.86126470894e-07
929	1.85757142854e-07
930	1.8537602296e-07
931	1.8415875824e-07
932	1.83692107564e-07
933	1.83220172347e-07
934	1.8275745033e-07
935	1.8230554181e-07
936	1.81864562695e-07
937	1.81435550781e-07
938	1.81017838039e-07
939	1.80608025916e-07
940	1.80200175537e-07
941	1.83447917279e-07
942	1.78971034735e-07
943	1.78616401607e-07
944	1.82064819915e-07
945	1.8137152976e-07
946	1.76861714833e-07
947	1.80506909017e-07
948	1.54593271705e-07
949	1.38416424317e-07
950	2.01635734341e-07
951	1.75913553468e-07
952	1.78185173156e-07
953	2.46875727455e-07
954	2.25297366319e-07
955	1.75398531475e-07
956	1.79288513336e-07
957	1.26656488261e-07
958	1.58942232345e-07
959	9.75161262108e-08
960	1.06258593266e-07
961	1.11651632726e-07
962	1.08370427093e-07
963	1.24292315037e-07
964	1.09017567419e-07
965	1.14318902351e-07
966	1.02355744978e-07
967	1.06231739713e-07
968	1.1422758916e-07
969	1.70499489551e-07
970	1.66105715269e-07
971	1.59118750434e-07
972	1.53718105229e-07
973	1.50453411515e-07
974	1.49886955945e-07
975	1.50695784168e-07
976	1.52451162509e-07
977	1.54367970847e-07
978	1.55951110815e-07
979	1.56933641731e-07
980	1.57239301612e-07
981	1.56930522011e-07
982	1.56159233979e-07
983	1.55088601805e-07
984	1.54120906107e-07
985	1.53044901926e-07
986	1.51966238803e-07
987	1.50563150445e-07
988	1.49545511035e-07
989	1.48633885545e-07
990	1.47815694879e-07
991	1.47089080448e-07
992	1.46595031069e-07
993	1.45855257644e-07
994	1.45244624333e-07
995	1.44762085375e-07
996	1.44375666487e-07
997	1.43923436763e-07
998	1.43909802023e-07
999	1.43460500028e-07
1000	1.42930543493e-07
1001	9.66518818235e-08
1002	9.08648977574e-08
1003	8.99258562517e-08
1004	9.10428339273e-08
1005	9.19589871852e-08
1006	9.26385231497e-08
1007	9.27419975706e-08
1008	9.24380809725e-08
1009	9.18177940614e-08
1010	9.10674060595e-08
1011	9.03091880666e-08
1012	8.95912969456e-08
1013	8.89122269089e-08
1014	8.82569078646e-08
1015	8.76166591144e-08
1016	8.69965331422e-08
1017	8.64111739628e-08
1018	8.60331281169e-08
1019	8.55507413682e-08
1020	1.08305509505e-07
1021	8.85654421597e-08
1022	8.33577293854e-08
1023	9.87195845811e-08
1024	8.35486922118e-08
1025	9.58333295199e-08
1026	8.39259600245e-08
1027	9.62823965792e-08
1028	8.33672456418e-08
1029	9.84189551644e-08
1030	8.28560774571e-08
1031	9.83584831024e-08
1032	8.13881282926e-08
1033	9.80160332339e-08
1034	8.04441954038e-08
1035	9.75427870969e-08
1036	7.9462922289e-08
1037	9.7189639539e-08
1038	7.85643022071e-08
1039	9.68393673918e-08
1040	7.62153745451e-08
1041	9.65154258122e-08
1042	7.54641973846e-08
1043	9.59831500334e-08
1044	7.48099559804e-08
1045	9.53633097293e-08
1046	7.31025100235e-08
1047	7.48690756915e-08
1048	9.15584703007e-08
1049	7.42008690912e-08
1050	6.30291134033e-08
1051	6.10250167042e-08
1052	6.23701945163e-08
1053	6.43011003638e-08
1054	6.62018643473e-08
1055	6.7461145389e-08
1056	6.81244630382e-08
1057	6.82526319731e-08
1058	6.80634969148e-08
1059	6.77481175317e-08
1060	6.74620840769e-08
1061	6.72880326115e-08
1062	6.72493284483e-08
1063	6.73220200061e-08
1064	6.74589823423e-08
1065	6.76080860466e-08
1066	6.77273159531e-08
1067	6.77914676887e-08
1068	6.77932578915e-08
1069	6.77400845599e-08
1070	6.76483389564e-08
1071	6.75374925804e-08
1072	6.74248229791e-08
1073	6.73225422426e-08
1074	6.72361005543e-08
1075	6.7164504221e-08
1076	6.7102756618e-08
1077	6.70431793149e-08
1078	6.697849181e-08
1079	6.69032389204e-08
1080	6.68144210217e-08
1081	6.67126120693e-08
1082	6.66006300981e-08
1083	6.64826554497e-08
1084	6.63635398668e-08
1085	6.6247830129e-08
1086	6.61381391127e-08
1087	6.60366724026e-08
1088	6.59435546322e-08
1089	6.58575216437e-08
1090	6.57764155979e-08
1091	6.56979512039e-08
1092	6.56200880684e-08
1093	6.55410748593e-08
1094	6.54572299775e-08
1095	6.53690275418e-08
1096	6.46086211084e-08
1097	6.46955266839e-08
1098	6.47394943729e-08
1099	6.53481814809e-08
1100	8.47397439554e-08
1101	6.78931588886e-08
1102	6.44905973493e-08
1103	6.31965962573e-08
1104	6.2772374895e-08
1105	6.29344286826e-08
1106	8.15187338963e-08
1107	6.67360160914e-08
1108	6.47635894195e-08
1109	8.2901636642e-08
1110	6.64768984302e-08
1111	6.33911898707e-08
1112	6.23980132626e-08
1113	8.13333002945e-08
1114	6.49699964149e-08
1115	8.14247601325e-08
1116	6.71666193401e-08
1117	6.4593066145e-08
1118	8.16440273925e-08
1119	6.61421914471e-08
1120	8.21642519507e-08
1121	6.61527777654e-08
1122	6.35633999376e-08
1123	7.92292336228e-08
1124	8.1786728065e-08
1125	6.62155187973e-08
1126	8.11286153538e-08
1127	6.54024802395e-08
1128	8.00788599969e-08
1129	8.23095326149e-08
1130	6.5609364238e-08
1131	8.04249513189e-08
1132	6.44677944973e-08
1133	7.95580982307e-08
1134	8.11862391016e-08
1135	8.15054314035e-08
1136	8.28174191687e-08
1137	6.53307339046e-08
1138	7.92214010613e-08
1139	8.02209125331e-08
1140	8.10075335089e-08
1141	8.1774858056e-08
1142	6.41105969977e-08
1143	7.82711640214e-08
1144	7.8511143858e-08
1145	7.8543773225e-08
1146	7.85570924016e-08
1147	7.85148658242e-08
1148	7.84332429698e-08
1149	7.8326897023e-08
1150	7.82089663868e-08
1151	7.80786328433e-08
1152	7.79225991359e-08
1153	7.77175828737e-08
1154	7.74347633224e-08
1155	7.70439363763e-08
1156	7.65172840485e-08
1157	7.58323869257e-08
1158	7.49741625702e-08
1159	7.39358332998e-08
1160	7.27190335564e-08
1161	7.13335074357e-08
1162	7.22474311804e-08
1163	7.06844260263e-08
1164	7.12240634443e-08
1165	6.92635783338e-08
1166	6.75329774505e-08
1167	6.56879318214e-08
1168	6.37874098578e-08
1169	6.19022932938e-08
1170	6.00986059308e-08
1171	5.84274438497e-08
1172	5.69213334094e-08
1173	5.55945561807e-08
1174	5.44454734196e-08
1175	5.34599158682e-08
1176	5.26144969458e-08
1177	5.18802392995e-08
1178	5.1225653538e-08
1179	5.061942112e-08
1180	5.00323793066e-08
1181	4.94389748188e-08
1182	4.88178891214e-08
1183	4.8152203505e-08
1184	4.74292526357e-08
1185	4.66400473703e-08
1186	4.57788676074e-08
1187	4.48428578732e-08
1188	4.38318095151e-08
1189	4.27478543342e-08
1190	4.15954051689e-08
1191	4.03810265359e-08
1192	3.91129039086e-08
1193	3.78006433144e-08
1194	3.48731536835e-08
1195	3.33193573359e-08
1196	3.18299501732e-08
1197	3.04382405084e-08
1198	2.91397675125e-08
1199	2.79118243401e-08
1200	2.67328281389e-08
1201	2.55918413936e-08
1202	2.21232400727e-08
1203	1.86173895998e-08
1204	1.72644385703e-08
1205	1.61534973596e-08
1206	1.52714040329e-08
1207	1.45634214684e-08
1208	1.34538207548e-08
1209	6.46347106254e-08
1210	-4.4898090146e-08
1211	-4.23233056207e-09
1212	2.2879782111e-08
1213	4.37288427266e-08
1214	-4.08138877527e-09
1215	5.33512815236e-08
1216	5.79068343477e-08
1217	5.1615960814e-08
1218	9.10829034202e-08
1219	1.24877977076e-07
1220	9.03606542591e-08
1221	9.56461048392e-08
1222	6.0305979026e-08
1223	8.214941176e-09
1224	-6.90467145981e-09
1225	-7.07922356317e-09
1226	-3.70029475221e-08
1227	-2.19858919905e-08
1228	1.75163035484e-09
1229	-4.9592453164e-09
1230	4.49925175288e-11
1231	1.38404721838e-08
1232	7.07074709452e-09
1233	1.15109368656e-08
1234	1.6101070857e-08
1235	1.97322319542e-08
1236	2.39196601543e-08
1237	2.39004839465e-08
1238	2.1141761585e-08
1239	1.56703076879e-08
1240	7.87763659718e-09
1241	-3.15864877792e-09
1242	3.28674133324e-08
1243	3.22062398172e-08
1244	-6.60616845008e-09
1245	3.02768139535e-08
1246	-8.3871131595e-09
1247	-1.47819995175e-08
1248	2.63529164709e-08
1249	-1.3882126e-08
1250	2.71369976302e-08
1251	-9.68233170867e-09
1252	-1.2666601424e-08
1253	2.90649713182e-08
1254	-6.46141543157e-09
1255	-9.20339527127e-09
1256	-1.35646108472e-08
1257	2.94515119194e-08
1258	-7.66701790978e-09
1259	-1.12317446595e-08
1260	3.04313207155e-08
1261	-4.51905904495e-09
1262	-7.57189755409e-09
1263	-1.17908900486e-08
1264	2.88099234067e-08
1265	-7.55615923754e-09
1266	-1.20465860886e-08
1267	2.83566237215e-08
1268	-8.04115235896e-09
1269	2.99379945536e-08
1270	-2.92253128952e-09
1271	-6.45841594748e-09
1272	-1.14379467074e-08
1273	-1.81749560552e-08
1274	2.53432760787e-08
1275	3.00195539976e-08
1276	-4.22557126761e-09
1277	-8.05948268155e-09
1278	-1.18678487767e-08
1279	2.97595517109e-08
1280	-5.75770650703e-09
1281	-1.10654772477e-08
1282	2.98945583698e-08
1283	-6.56017313602e-09
1284	-1.06782861995e-08
1285	2.94709769174e-08
1286	-6.58194357931e-09
1287	-1.08040238896e-08
1288	2.91448462535e-08
1289	-7.09700106705e-09
1290	-1.15617860841e-08
1291	2.88963154782e-08
1292	-8.18553643289e-09
1293	-1.28849934628e-08
1294	2.85906136212e-08
1295	-8.10496331441e-09
1296	3.00202070261e-08
1297	-4.37687811573e-09
1298	-8.07196341802e-09
1299	3.01675507271e-08
1300	-3.21159177881e-09
1301	-8.99918453647e-09
1302	2.98737695557e-08
1303	-5.1394697429e-09
1304	-1.15763223626e-08
1305	2.95439179882e-08
1306	-9.3450755308e-09
1307	3.05727047294e-08
1308	-5.13530135531e-09
1309	-8.90407898677e-09
1310	3.12806713339e-08
1311	-5.63105184055e-09
1312	-1.0160047265e-08
1313	3.16808988414e-08
1314	-7.11293017765e-09
1315	3.28201364328e-08
1316	-2.57812733452e-09
1317	-6.4007113908e-09
1318	3.34757438845e-08
1319	-3.34157092685e-09
1320	-7.99858009382e-09
1321	3.36360966186e-08
1322	-4.00702896416e-09
1323	3.47023852426e-08
1324	-1.3610389986e-10
1325	-5.83130476437e-09
1326	3.52817126381e-08
1327	-1.70488648188e-09
1328	-8.30766126977e-09
1329	3.53894885314e-08
1330	-4.47259288929e-09
1331	3.59620578579e-08
1332	-4.07824926341e-10
1333	-4.32057960346e-09
1334	3.65744098806e-08
1335	-1.38163236938e-09
1336	-6.0690282511e-09
1337	3.65764865963e-08
1338	-3.65288974092e-09
1339	3.85339426449e-08
1340	4.55929668391e-10
1341	-3.41114417559e-09
1342	3.88914512029e-08
1343	-7.13883798721e-10
1344	-5.50532236843e-09
1345	3.88118927983e-08
1346	-3.44003731408e-09
1347	3.85789889152e-08
1348	2.90359626791e-10
1349	-3.79230354639e-09
1350	3.85392043808e-08
1351	-1.31143778398e-09
1352	-6.17640707017e-09
1353	3.82122745942e-08
1354	-3.98221698323e-09
1355	3.79756135428e-08
1356	-7.52435751144e-11
1357	-4.0565114079e-09
1358	3.78344783485e-08
1359	-1.43243965169e-09
1360	-6.23308173075e-09
1361	3.74103851823e-08
1362	-4.09863727755e-09
1363	3.70996878252e-08
1364	-4.63224506736e-10
1365	-4.55082065323e-09
1366	3.66848909822e-08
1367	-2.18064949619e-09
1368	-7.07788756761e-09
1369	3.60297197908e-08
1370	-5.09461859095e-09
1371	3.56719301316e-08
1372	-1.62235919578e-09
1373	-5.77525321125e-09
1374	3.50794635322e-08
1375	-3.42937394252e-09
1376	-8.33912862849e-09
1377	3.42278641713e-08
1378	-6.28348522074e-09
1379	3.39094431834e-08
1380	-2.70634559074e-09
1381	-6.75067492859e-09
1382	3.31616948183e-08
1383	-4.08720983727e-09
1384	-8.74011206849e-09
1385	3.23302202502e-08
1386	-6.33678240742e-09
1387	3.24059170595e-08
1388	-2.56520074026e-09
1389	-6.43234792227e-09
1390	3.20422994696e-08
1391	-5.63048745897e-09
1392	-8.06113831352e-09
1393	3.1700461139e-08
1394	-7.7573552103e-09
1395	-1.06038702345e-08
1396	3.11489894915e-08
1397	-9.85879046397e-09
1398	3.14066507976e-08
1399	-5.18978809129e-09
1400	-6.89103104691e-09
1401	-1.22180090593e-08
1402	2.9774992393e-08
1403	-1.16600005324e-08
1404	3.00885086124e-08
1405	-6.93146329452e-09
1406	-8.92493287518e-09
1407	2.94492670272e-08
1408	-6.92443979051e-09
1409	-9.30773157774e-09
1410	2.84353841975e-08
1411	-7.77624148939e-09
1412	-1.05401646097e-08
1413	2.73932692483e-08
1414	-8.83487532975e-09
1415	2.79288873353e-08
1416	-4.09976389121e-09
1417	-6.07369205726e-09
1418	2.7683123626e-08
1419	5.75882395444e-08
1420	-5.95758200731e-08
1421	-2.62818941195e-08
1422	2.64358886998e-08
1423	-1.92902267601e-08
1424	3.56575765763e-08
1425	5.58711199536e-08
1426	-2.16923118285e-08
1427	2.02737896635e-08
1428	3.2137679503e-08
1429	3.61794336671e-08
1430	5.43393481093e-08
1431	6.12301162347e-08
1432	9.49597135362e-08
1433	8.00542081343e-08
1434	6.58525092395e-08
1435	4.89576459915e-08
1436	1.8663409562e-08
1437	2.96879212639e-08
1438	2.65326886822e-08
1439	2.99380602927e-08
1440	2.99676008184e-08
1441	-5.42156672902e-09
1442	1.68887095294e-08
1443	1.4638497412e-08
1444	1.48161019507e-08
1445	-4.43424340272e-08
1446	3.43294658634e-08
1447	-2.66160669776e-08
1448	3.17683663914e-08
1449	-4.81697479468e-09
1450	2.64727283506e-08
1451	1.16364852679e-08
1452	2.71870809238e-08
1453	2.14041412428e-08
1454	9.42857948474e-09
1455	2.07901966291e-08
1456	4.95976934379e-09
1457	1.44358465964e-08
1458	2.83130033208e-09
1459	3.21899009954e-08
1460	8.92954554111e-09
1461	3.1487181219e-08
1462	4.92242334835e-09
1463	3.19636627337e-08
1464	1.41790646054e-09
1465	3.23791174854e-08
1466	7.85543086997e-10
1467	3.24066281786e-08
1468	1.68388851107e-09
1469	3.14625265061e-08
1470	5.49080888184e-09
1471	2.85205526219e-08
1472	8.39262454697e-09
1473	-3.21048758681e-09
1474	2.97272682893e-08
1475	1.04076499749e-08
1476	-1.12949474601e-11
1477	-5.4150703499e-09
1478	-1.91611861635e-08
1479	-2.53586338692e-08
1480	-3.28759817131e-08
1481	-4.20145595159e-08
1482	-4.33903689665e-10
1483	-5.3945344768e-09
1484	-1.44368477164e-08
1485	-2.919424333e-08
1486	-3.31751377254e-08
1487	-3.7379109708e-08
1488	-4.29066023585e-08
1489	-4.84302228826e-08
1490	-3.86811689017e-09
1491	-4.81605991853e-09
1492	-1.18619705769e-08
1493	-1.95205904427e-08
1494	3.15074312019e-08
1495	1.15670560823e-08
1496	9.59788029036e-09
1497	3.85250384732e-09
1498	3.7380113438e-09
1499	3.58429455376e-09
1500	2.60162417228e-09
1501	1.27300502357e-09
1502	-5.13728992637e-10
1503	-2.55798780539e-09
1504	-5.17222055605e-09
1505	-8.28275969579e-09
1506	-1.19625095885e-08
1507	-1.62361493423e-08
1508	1.74318298522e-08
1509	-9.10111514782e-09
1510	-1.26197077359e-08
1511	-1.57858787194e-08
1512	-2.98881460558e-08
1513	-3.52436250756e-08
1514	-4.06118221663e-08
1515	-4.58831861345e-08
1516	-1.50110330438e-09
1517	-2.35005139795e-09
1518	-1.21241778655e-09
1519	3.44796182088e-09
1520	1.29798370806e-08
1521	2.03336130035e-08
1522	2.73367520389e-08
1523	3.36430823914e-08
1524	3.88608174315e-08
1525	4.79268611477e-08
1526	5.28715674626e-08
1527	5.68775819642e-08
1528	6.03686896127e-08
1529	6.33271606825e-08
1530	6.55858239545e-08
1531	6.61510870676e-08
1532	6.73643093345e-08
1533	6.8151514301e-08
1534	6.9244542903e-08
1535	7.03915364071e-08
1536	7.1666386444e-08
1537	7.31225809556e-08
1538	7.48937956274e-08
1539	7.72190608137e-08
1540	7.85769022795e-08
1541	8.38817532258e-08
1542	8.55651744491e-08
1543	8.70355256358e-08
1544	8.859751335e-08
1545	8.98927238363e-08
1546	9.10025053301e-08
1547	9.22397839504e-08
1548	9.4629250718e-08
1549	6.96691433974e-08
1550	6.17212280201e-08
1551	7.83760470683e-08
1552	4.6170604132e-08
1553	6.96140061456e-08
1554	4.1187495607e-08
1555	3.90233664108e-08
1556	6.37794177449e-08
1557	5.97305990425e-08
1558	9.52259858318e-08
1559	2.90490646525e-08
1560	9.16063489487e-08
1561	5.04691360838e-08
1562	8.56568566471e-08
1563	3.38454803227e-08
1564	8.26718264297e-08
1565	7.79427702202e-08
1566	9.06431151253e-08
1567	4.97975916778e-08
1568	9.12189946753e-08
1569	8.31843555217e-08
1570	5.62828756673e-08
1571	7.63636947249e-08
1572	7.54455260618e-08
1573	8.14373700786e-08
1574	5.12355974859e-08
1575	7.86928887716e-08
1576	8.08765572161e-08
1577	5.14424130129e-08
1578	7.87515931889e-08
1579	7.98603098252e-08
1580	5.18038151942e-08
1581	7.49780800841e-08
1582	7.11815866349e-08
1583	4.42695260126e-08
1584	7.09724262338e-08
1585	6.84676133258e-08
1586	4.53370379926e-08
1587	6.82859920508e-08
1588	7.17969930585e-08
1589	4.95535373124e-08
1590	6.60437526145e-08
1591	6.73098570403e-08
1592	6.67237139246e-08
1593	6.9679189424e-08
1594	7.19013613437e-08
1595	7.17354204903e-08
1596	7.55060692408e-08
1597	8.11366698265e-08
1598	8.34335481253e-08
1599	5.51470270609e-08
1600	6.26743774901e-08
1601	7.46552492677e-08
1602	7.71940247398e-08
1603	8.04615274443e-08
1604	8.22396586291e-08
1605	8.38679792352e-08
1606	8.55636804579e-08
1607	8.82644762905e-08
1608	9.18655320584e-08
1609	6.63274417136e-08
1610	8.40725050132e-08
1611	8.08648626198e-08
1612	8.13194556364e-08
1613	8.29562869293e-08
1614	8.51200072061e-08
1615	8.7517990416e-08
1616	8.99221262636e-08
1617	9.22636637136e-08
1618	9.43153553649e-08
1619	9.64407589043e-08
1620	9.56331091007e-08
1621	6.69864092395e-08
1622	8.37346353705e-08
1623	7.90105858741e-08
1624	7.8248837267e-08
1625	7.88001621424e-08
1626	8.02181109081e-08
1627	8.22372671235e-08
1628	8.45045900754e-08
1629	8.67278112294e-08
1630	8.87295139361e-08
1631	9.01563507916e-08
1632	8.94258365037e-08
1633	8.84220956783e-08
1634	8.94228518238e-08
1635	9.06929185007e-08
1636	8.97628038402e-08
1637	9.11297591172e-08
1638	7.24254744325e-08
1639	8.93210322136e-08
1640	8.84351616583e-08
1641	8.98745125529e-08
1642	9.17808624129e-08
1643	9.31783383868e-08
1644	6.70800193977e-08
1645	8.86854010979e-08
1646	8.78281573971e-08
1647	8.8225665645e-08
1648	8.82665427807e-08
1649	8.7232236754e-08
1650	8.70947618294e-08
1651	8.57584824896e-08
1652	8.60431460286e-08
1653	8.60668541812e-08
1654	8.48796906124e-08
1655	8.54823750296e-08
1656	8.58546808634e-08
1657	8.51500152217e-08
1658	8.55688414182e-08
1659	8.51840914349e-08
1660	8.65220786679e-08
1661	8.72932681647e-08
1662	8.899880784e-08
1663	8.84786816684e-08
1664	9.01929055237e-08
1665	9.17275760299e-08
1666	9.19473778678e-08
1667	9.28396514749e-08
1668	9.31953655232e-08
1669	9.35027271611e-08
1670	9.3766891846e-08
1671	9.50194318609e-08
1672	9.47350200223e-08
1673	9.50063292324e-08
1674	9.39504094028e-08
1675	9.38418639415e-08
1676	9.23681260247e-08
1677	9.17514733137e-08
1678	9.19411839457e-08
1679	9.03798800036e-08
1680	9.01018242947e-08
1681	8.85518697486e-08
1682	8.63658351932e-08
1683	8.58694189246e-08
1684	8.44214813639e-08
1685	8.24342393883e-08
1686	8.03735527507e-08
1687	7.99406476447e-08
1688	7.88453233751e-08
1689	7.72335916236e-08
1690	7.51492935022e-08
1691	7.3321129542e-08
1692	7.15144495571e-08
1693	6.97522355582e-08
1694	6.8094635413e-08
1695	6.65083149929e-08
1696	6.49844354258e-08
1697	6.39848923814e-08
1698	6.24476378067e-08
1699	6.09473178468e-08
1700	5.94709854486e-08
1701	5.80074006915e-08
1702	5.65547868323e-08
1703	5.51188052481e-08
1704	5.3708787036e-08
1705	5.23351687174e-08
1706	5.10080285439e-08
1707	4.9736275798e-08
1708	4.85270910908e-08
1709	4.73855377443e-08
1710	4.6314455603e-08
1711	4.5314662297e-08
1712	4.43852745299e-08
1713	4.35241966622e-08
1714	4.27287072553e-08
1715	4.19958442881e-08
1716	4.13227431245e-08
1717	4.07068687489e-08
1718	4.01462045477e-08
1719	3.96391844062e-08
1720	3.91845999569e-08
1721	3.87814537152e-08
1722	3.802407391e-08
1723	3.77150709497e-08
1724	3.74629764609e-08
1725	3.7284037661e-08
1726	3.71836397858e-08
1727	3.71545432676e-08
1728	3.77043529296e-08
1729	3.80513167078e-08
1730	3.81995742007e-08
1731	3.82826942148e-08
1732	3.83089545553e-08
1733	3.82853449438e-08
1734	3.87629869074e-08
1735	3.89224261906e-08
1736	3.88481021491e-08
1737	3.86795755388e-08
1738	3.84462399621e-08
1739	3.81720098541e-08
1740	3.78772739808e-08
1741	4.54836620248e-08
1742	3.75768139065e-08
1743	3.89147670685e-08
1744	3.81929819672e-08
1745	4.67839009892e-08
1746	3.83949565977e-08
1747	3.84347793785e-08
1748	4.64179074477e-08
1749	3.77081174365e-08
1750	3.71540618067e-08
1751	4.54105578338e-08
1752	3.64102190958e-08
1753	3.59058828605e-08
1754	4.3951251926e-08
1755	3.48147043786e-08
1756	3.41683314386e-08
1757	4.21598306085e-08
1758	3.31413287325e-08
1759	3.24879045883e-08
1760	3.99238407962e-08
1761	3.11787771109e-08
1762	3.03972874384e-08
1763	3.77753360821e-08
1764	2.89265434e-08
1765	2.80106744361e-08
1766	3.52635107165e-08
1767	2.6175304712e-08
1768	2.50530590582e-08
1769	3.21271631275e-08
1770	2.28932623954e-08
1771	2.15578090923e-08
1772	2.82642478125e-08
1773	1.90539803565e-08
1774	2.63187992453e-08
1775	1.72951189875e-08
1776	1.57163219343e-08
1777	2.2433020784e-08
1778	1.25854468219e-08
1779	1.98806563486e-08
1780	1.05151727906e-08
1781	1.79147730391e-08
1782	8.72750444914e-09
1783	1.55772391767e-08
1784	6.40870718905e-09
1785	1.33432423589e-08
1786	4.02475634444e-09
1787	1.09366725625e-08
1788	1.65014377249e-09
1789	8.48589992423e-09
1790	-1.29858518219e-09
1791	8.34745822577e-09
1792	-1.2309713896e-09
1793	6.43188014991e-09
1794	-3.0322947425e-09
1795	4.08409244195e-09
1796	-9.08308953723e-09
1797	2.77456662144e-09
1798	-1.88795715327e-08
1799	-2.31563930745e-09
1800	-2.39399369118e-08
1801	-5.52055155351e-09
1802	-2.498358817e-08
1803	-8.44813718194e-09
1804	-2.77869514209e-08
1805	-8.86609308392e-09
1806	-2.82856563308e-08
1807	-8.07515028471e-09
1808	-2.57133856537e-08
1809	-7.53789261763e-09
1810	-2.55539833312e-08
1811	-5.40462604106e-09
1812	-2.19820135076e-08
1813	-4.01141719616e-09
1814	-2.11743543833e-08
1815	-1.38619235641e-09
1816	-1.72269951486e-08
1817	3.23264048645e-11
1818	-9.7143660601e-09
1819	4.38512539098e-09
1820	-1.1967194259e-08
1821	4.8872140182e-09
1822	-9.28341336829e-09
1823	4.99897513771e-09
1824	-5.38379228656e-09
1825	7.62406141869e-09
1826	3.98683894216e-10
1827	9.18937343915e-09
1828	1.37679040121e-09
1829	9.59202531769e-09
1830	2.89652658866e-12
1831	1.06644683314e-08
1832	1.2710145852e-09
1833	9.43098976751e-09
1834	2.94165230049e-10
1835	7.37809417657e-09
1836	-1.37794164223e-09
1837	5.0104758992e-09
1838	-4.71607572982e-09
1839	4.29156279852e-09
1840	-1.42766157307e-08
1841	-3.68722791231e-10
1842	-1.8173878132e-08
1843	-4.94261595023e-09
1844	-2.36380278459e-08
1845	-7.53114836195e-09
1846	-2.53643712587e-08
1847	-1.03256054705e-08
1848	-2.93629655239e-08
1849	-1.17636214729e-08
1850	-3.02618026675e-08
1851	-1.36821398817e-08
1852	2.94783125047e-09
1853	4.9664645692e-09
1854	-1.42956145067e-08
1855	4.30121515593e-09
1856	-8.06451727866e-09
1857	8.02010773666e-09
1858	-8.52517603768e-09
1859	8.20101782139e-09
1860	-5.53905297093e-09
1861	8.07218798541e-09
1862	-4.8833291871e-09
1863	7.67172141146e-09
1864	-4.79855739603e-09
1865	7.10168383733e-09
1866	8.58784565753e-09
1867	-2.55583644189e-09
1868	1.11825553831e-08
1869	1.26262777772e-08
1870	-5.10541045273e-09
1871	1.00880907435e-08
1872	1.01673960426e-08
1873	-8.62133514814e-09
1874	5.35467611498e-09
1875	4.55538102636e-09
1876	-1.63371619264e-08
1877	-1.99075047561e-09
1878	-3.24346453505e-09
1879	9.29571041266e-09
1880	1.18241511561e-08
1881	6.00732344057e-09
1882	-1.06660083353e-08
1883	3.81308996067e-09
1884	3.84320547598e-09
1885	-1.4831446757e-08
1886	-3.3980345688e-10
1887	-1.82784754494e-10
1888	-1.83841335763e-08
1889	-3.996235348e-09
1890	-3.73901102712e-09
1891	-2.30180214012e-08
1892	-7.7593484992e-09
1893	-7.57906536316e-09
1894	7.05561347887e-09
1895	9.55764633336e-09
1896	5.87435363321e-09
1897	-1.08478452361e-08
1898	5.32576021091e-09
1899	6.16398913381e-09
1900	-1.25661680725e-08
1901	2.82309794181e-09
1902	3.2844749692e-09
1903	-1.46072151477e-08
1904	-2.90780328679e-10
1905	-6.70436674222e-11
1906	-1.85659238708e-08
1907	-4.11146228377e-09
1908	-4.09419773602e-09
1909	8.18693241253e-09
1910	1.16677552738e-08
1911	7.58252562895e-09
1912	-8.84865475822e-09
1913	6.5072199445e-09
1914	7.09091808267e-09
1915	-1.17200077976e-08
1916	3.15783278508e-09
1917	3.33505386675e-09
1918	-1.51489070003e-08
1919	-1.07419653029e-09
1920	-1.21355596403e-09
1921	-2.07844972238e-08
1922	-6.38082786423e-09
1923	-6.82556460537e-09
1924	-6.9546387725e-09
1925	7.69031579913e-09
1926	9.54879279901e-09
1927	5.07592216889e-09
1928	7.04913679042e-09
1929	-1.6404356874e-08
1930	1.81550246782e-09
1931	9.82365879451e-10
1932	5.46558244201e-10
1933	-2.9260539509e-08
1934	-8.08088254245e-09
1935	-9.11980062188e-09
1936	-9.76419985614e-09
1937	7.59801285979e-09
1938	7.55341573828e-09
1939	3.10479428698e-09
1940	5.46997077402e-09
1941	-1.59150818761e-08
1942	1.7041268564e-09
1943	1.59979681719e-09
1944	1.91217902729e-09
1945	-1.87909306715e-08
1946	-3.0743285227e-09
1947	-3.43754447273e-09
1948	-3.48942906214e-09
1949	8.837156971e-09
1950	4.34666842264e-09
1951	5.13075206482e-09
1952	6.66049832065e-09
1953	7.96259079392e-09
1954	-1.14789593899e-08
1955	3.46805012073e-09
1956	2.75613141449e-09
1957	2.41197934392e-09
1958	2.33482587255e-09
1959	-2.89569559773e-08
1960	-7.1668057366e-09
1961	-8.84023923361e-09
1962	-1.02012239103e-08
1963	-1.10966495196e-08
1964	7.37647526958e-09
1965	5.78449703617e-09
1966	8.72269762215e-10
1967	1.88926058196e-09
1968	2.62392176196e-09
1969	1.05094680469e-08
1970	1.65954999015e-08
1971	1.11741072846e-08
1972	1.23960690807e-08
1973	1.36599087662e-08
1974	1.46373245213e-08
1975	-7.1783483992e-09
1976	8.38046585743e-09
1977	7.09436124772e-09
1978	6.28391078644e-09
1979	5.85405597347e-09
1980	5.58902461335e-09
1981	5.18307544036e-09
1982	4.4459643981e-09
1983	3.25540868165e-09
1984	1.53993685618e-09
1985	-7.50405675396e-10
1986	-3.64477557703e-09
1987	-7.19219119395e-09
1988	-1.17169133997e-08
1989	-1.77858819464e-08
1990	-2.27939950076e-08
1991	-4.03321528704e-08
1992	-4.85539496599e-08
1993	-5.82951511903e-08
1994	-6.82431142048e-08
1995	-7.74654231291e-08
1996	-3.57171071277e-08
1997	-6.05706845815e-08
1998	-7.37875419136e-08
1999	-5.89250250742e-08
2000	-3.21508608863e-08
2001	-4.68038589035e-08
2002	-5.32910252981e-08
2003	-3.65873275716e-08
2004	-4.70354872933e-08
2005	-4.47482541717e-08
2006	-4.41922387027e-08
2007	-4.38827873159e-08
2008	-4.35970486221e-08
2009	-4.33870882262e-08
2010	-4.31229414936e-08
2011	-3.38802740762e-08
2012	-3.23270525569e-08
2013	-2.97478211264e-08
2014	-2.70062940348e-08
2015	-2.4469541836e-08
2016	-2.23029272922e-08
2017	-2.05867050157e-08
2018	-1.93653626296e-08
2019	-1.866567393e-08
2020	-1.85004484446e-08
2021	-1.88681113535e-08
2022	-1.97522191225e-08
2023	-2.11243144074e-08
2024	-2.29434158712e-08
2025	-2.51513617604e-08
2026	-2.76786992225e-08
2027	-4.10913422428e-08
2028	-4.58275869905e-08
2029	-5.17769878675e-08
2030	-5.79542769052e-08
2031	-6.37632865872e-08
2032	-5.14991091578e-08
2033	-7.16740954598e-08
2034	-7.39799578736e-08
2035	-5.95745090401e-08
2036	-7.83196791675e-08
2037	-7.92065139986e-08
2038	-6.33490051339e-08
2039	-3.48148694431e-08
2040	-6.50680305689e-08
2041	5.89973658742e-08
2042	-4.76238981216e-08
2043	-1.77254866385e-08
2044	-2.17219558038e-08
2045	-2.07781327924e-08
2046	4.14337680569e-08
2047	-1.25909559188e-08
2048	-1.82923176342e-08
2049	-2.81154721106e-08
2050	4.26991458494e-08
2051	-8.84860433345e-09
2052	-2.92514672269e-08
2053	4.47053629019e-08
2054	-9.70693447416e-09
