1	0.0422122108575
2	0.000193529914922
3	0.000741479470528
4	0.018301414604
5	0.00124956921378
6	0.00109169602751
7	0.00375206825895
8	0.0128093023413
9	0.00987127372259
10	0.00323923797423
11	0.000924099836443
12	0.0026992018149
13	0.0104502361909
14	0.0021441882697
15	0.00196492515893
16	0.00178735158113
17	0.00597846906088
18	0.00573874949721
19	0.00322709168909
20	0.00289896513428
21	0.00269928998072
22	0.00303520000964
23	0.00300590874853
24	0.00660779994469
25	0.00845504745647
26	0.0090767181395
27	0.00914864867586
28	0.00764943404774
29	0.00457742329561
30	0.00420253350569
31	0.00360211740063
32	0.00231146947653
33	0.00140285170663
34	0.002160578557
35	0.00137763772443
36	0.00249839380346
37	0.00222927388216
38	0.00222539745424
39	0.00208480381727
40	0.0022985653651
41	0.00246064240238
42	0.00221842008102
43	0.00171896257371
44	0.00156342473107
45	0.00117374424249
46	0.00162949075648
47	0.00101183971181
48	0.00128441534526
49	0.000720020377757
50	0.000710589387288
51	0.00152307063993
52	0.00130826655473
53	0.00103042226389
54	0.00098330095244
55	0.00123476244039
56	0.000542841429143
57	0.000732853731645
58	0.000457883509858
59	0.000567880696497
60	0.00045027036926
61	0.000354820075143
62	0.000500688427873
63	0.000527700088291
64	0.000351284279262
65	0.000518403200892
66	0.000392277357303
67	0.000375432546125
68	0.000340439403694
69	0.000217710841842
70	0.000209540260615
71	0.000224713107908
72	0.000280868824295
73	0.000218003744797
74	0.000369894230021
75	0.000234444561943
76	0.000217275580983
77	0.00022912802532
78	0.000225226736872
79	0.000218126610872
80	0.00022198090498
81	0.000218652536414
82	0.00018474420823
83	0.000209756819045
84	0.000189170263516
85	0.000207748855028
86	0.000202796904
87	0.000209330654401
88	0.000187269517657
89	0.000173031892911
90	8.96218626649e-05
91	0.000133530225645
92	0.000149252514138
93	9.66505291464e-05
94	7.71886319544e-05
95	0.000132379690226
96	8.81600009378e-05
97	6.25172924435e-05
98	4.59696632225e-05
99	4.50118049341e-05
100	5.54523416727e-05
101	6.05594838872e-05
102	6.24734908809e-05
103	5.84880954696e-05
104	5.89916283152e-05
105	6.90608585349e-05
106	3.57817758526e-05
107	4.01588457264e-05
108	5.28800350817e-05
109	4.83290725637e-05
110	6.67091707587e-05
111	5.85215021237e-05
112	5.2242991532e-05
113	4.90272861346e-05
114	4.36278002953e-05
115	3.41321489675e-05
116	3.09098077678e-05
117	3.14732915971e-05
118	3.89941926297e-05
119	3.59475122396e-05
120	5.92830605197e-05
121	5.45110623218e-05
122	4.32002686147e-05
123	4.15016610736e-05
124	2.83156776009e-05
125	2.80171360129e-05
126	2.73720981398e-05
127	2.78651291574e-05
128	3.3172950657e-05
129	4.05889450494e-05
130	3.36499876303e-05
131	4.30574882975e-05
132	5.84507776862e-05
133	3.06751070853e-05
134	2.960175325e-05
135	3.05240516004e-05
136	4.72133219845e-05
137	3.14866512726e-05
138	5.81104853373e-05
139	5.23318196479e-05
140	5.99015137358e-05
141	4.5099546026e-05
142	5.71679982855e-05
143	4.27957436931e-05
144	3.64345335888e-05
145	3.46810981303e-05
146	3.59062750111e-05
147	3.86306969398e-05
148	4.94346220367e-05
149	4.62967031168e-05
150	4.58985516895e-05
151	4.35434245739e-05
152	4.61288563532e-05
153	3.4159454201e-05
154	3.22977115281e-05
155	3.52618031336e-05
156	5.90123723627e-05
157	3.46595426063e-05
158	2.64277224991e-05
159	5.29615945891e-05
160	5.81587100472e-05
161	3.71594292253e-05
162	5.24216820355e-05
163	3.17586694206e-05
164	5.9726361119e-05
165	3.65012341027e-05
166	2.94129277036e-05
167	2.77761965373e-05
168	2.59360150859e-05
169	5.45525396546e-05
170	2.85838378255e-05
171	3.17436213112e-05
172	2.74587518322e-05
173	2.48630561712e-05
174	2.23573343145e-05
175	2.21275101937e-05
176	2.39566652133e-05
177	2.47094151085e-05
178	2.40593142688e-05
179	2.70227945847e-05
180	5.60069934249e-05
181	2.98075214453e-05
182	2.62406531931e-05
183	5.24975454874e-05
184	5.58775769327e-05
185	3.72862071395e-05
186	5.3627978205e-05
187	2.57986993978e-05
188	4.94324857039e-05
189	2.1723032985e-05
190	1.98372033039e-05
191	5.0793331659e-05
192	2.57292864204e-05
193	2.46813213389e-05
194	2.29962562568e-05
195	2.17492789428e-05
196	2.26376420791e-05
197	2.47747389625e-05
198	2.52674022421e-05
199	2.47190062735e-05
200	2.5451232877e-05
201	2.67531516494e-05
202	2.94811044842e-05
203	2.86066325096e-05
204	2.949312587e-05
205	2.29920418661e-05
206	4.7981632109e-05
207	2.24415098638e-05
208	4.67617620442e-05
209	2.46399756284e-05
210	4.86902416874e-05
211	2.32317051982e-05
212	2.12118076663e-05
213	2.15282149744e-05
214	2.32659047615e-05
215	2.4984802326e-05
216	2.46125964153e-05
217	2.30730206571e-05
218	2.40148377793e-05
219	2.44788692294e-05
220	2.30473217477e-05
221	2.27907547964e-05
222	2.36656004646e-05
223	2.88401740764e-05
224	2.7383105866e-05
225	2.39146529882e-05
226	2.59665074808e-05
227	2.73565935933e-05
228	2.63250042971e-05
229	2.50037745355e-05
230	2.30683763429e-05
231	2.04176554985e-05
232	1.98323580167e-05
233	2.23870479765e-05
234	2.3043632321e-05
235	2.39184806781e-05
236	2.34346799532e-05
237	2.56473007068e-05
238	2.72374465828e-05
239	2.5962030753e-05
240	2.54574978662e-05
241	3.00792608407e-05
242	2.67537975437e-05
243	2.67314023557e-05
244	2.54928197446e-05
245	2.454588765e-05
246	2.12203424301e-05
247	2.03725595351e-05
248	2.25689915016e-05
249	2.29055221435e-05
250	2.27234607894e-05
251	2.37499256862e-05
252	2.40118651522e-05
253	2.4191691878e-05
254	2.3516274617e-05
255	2.27921221358e-05
256	2.18499018011e-05
257	2.18181712827e-05
258	2.01955664261e-05
259	2.11493472673e-05
260	2.03082755362e-05
261	1.86564003525e-05
262	1.9740161308e-05
263	1.79237959374e-05
264	1.66900810064e-05
265	1.62602206752e-05
266	1.95625400602e-05
267	2.05152351329e-05
268	2.1157598979e-05
269	2.10950181455e-05
270	2.0930179231e-05
271	1.99998744185e-05
272	2.04175578487e-05
273	2.01677234181e-05
274	1.84583619628e-05
275	1.7020757463e-05
276	1.69917951605e-05
277	1.63978786682e-05
278	1.40697056273e-05
279	1.4726872307e-05
280	1.61350434281e-05
281	1.77869473595e-05
282	1.93262855564e-05
283	2.19814650238e-05
284	1.85950063183e-05
285	1.85215514951e-05
286	1.7198735498e-05
287	1.64331095697e-05
288	1.72945946937e-05
289	1.64464753479e-05
290	1.53215825285e-05
291	1.41880841903e-05
292	1.8829447287e-05
293	1.50312757802e-05
294	1.48152505515e-05
295	1.55163046975e-05
296	1.82679941599e-05
297	1.74624796595e-05
298	1.76127215089e-05
299	1.65774414486e-05
300	1.55662474175e-05
301	1.44226491776e-05
302	1.41257099056e-05
303	1.70800989086e-05
304	1.32391719248e-05
305	1.44435730124e-05
306	1.34484804188e-05
307	1.4043407826e-05
308	1.44194021967e-05
309	7.75654755542e-06
310	1.69147757159e-05
311	7.43952202392e-06
312	1.58058484665e-05
313	1.44587940253e-05
314	1.27806150334e-05
315	1.33064005689e-05
316	1.13934727382e-05
317	8.51577087477e-06
318	1.25934203452e-05
319	6.1145357944e-06
320	1.09967524677e-05
321	1.34110188505e-05
322	1.39984259557e-05
323	1.11141850028e-05
324	1.34187932028e-05
325	1.15161482249e-05
326	1.17870800789e-05
327	1.13416431894e-05
328	7.7981515204e-06
329	1.21700871891e-05
330	9.26865191303e-06
331	5.87461227145e-06
332	9.59865714361e-06
333	1.20032955434e-05
334	6.23844657428e-06
335	5.70111326285e-06
336	9.98039556263e-06
337	7.25985016643e-06
338	1.0623513105e-05
339	9.5481841403e-06
340	1.05651127309e-05
341	5.87947758589e-06
342	5.04539068472e-06
343	9.45549500393e-06
344	9.89293060345e-06
345	8.42347225506e-06
346	8.36060031657e-06
347	8.45067045007e-06
348	8.76604942829e-06
349	6.73865709015e-06
350	4.9354433288e-06
351	5.72441753684e-06
352	7.6460906755e-06
353	5.86369509758e-06
354	8.89725007997e-06
355	7.57867744168e-06
356	7.79430284464e-06
357	4.16723571275e-06
358	7.98369594944e-06
359	6.26538105103e-06
360	4.94367586583e-06
361	5.34658981355e-06
362	4.6447974512e-06
363	5.4986252771e-06
364	4.10857616884e-06
365	7.41397653236e-06
366	3.2540149307e-06
367	3.84404006033e-06
368	5.93067927766e-06
369	5.64275557645e-06
370	6.18962034836e-06
371	6.08964203043e-06
372	6.43944130502e-06
373	6.6967917847e-06
374	6.0119035567e-06
375	3.73203313525e-06
376	6.34611812146e-06
377	5.37889270375e-06
378	5.79964555303e-06
379	3.6391779855e-06
380	2.69755955523e-06
381	3.00269328826e-06
382	2.48847590986e-06
383	3.19919734235e-06
384	2.93312751197e-06
385	2.66705526405e-06
386	3.08625001984e-06
387	2.27029526442e-06
388	2.67510035641e-06
389	3.16856051112e-06
390	2.4949816584e-06
391	2.58713610236e-06
392	3.66831579547e-06
393	2.48024221439e-06
394	3.44448360105e-06
395	3.92641382107e-06
396	4.73642982642e-06
397	1.93769630781e-06
398	4.27647766583e-06
399	4.16658511084e-06
400	4.37535106212e-06
401	4.51538779287e-06
402	4.58533370443e-06
403	4.06001575139e-06
404	4.44909226646e-06
405	3.35001842973e-06
406	4.09211163186e-06
407	4.19550576103e-06
408	3.62921040857e-06
409	2.98838336548e-06
410	4.00642552375e-06
411	3.75501227871e-06
412	3.67206547213e-06
413	3.66148417878e-06
414	3.68488583384e-06
415	3.69821056028e-06
416	3.69657448685e-06
417	3.6809109786e-06
418	3.70047683202e-06
419	3.67393229586e-06
420	3.62110247085e-06
421	3.59716404361e-06
422	3.58416333137e-06
423	3.56623406617e-06
424	3.54994728416e-06
425	3.53195358517e-06
426	3.5155450144e-06
427	3.50073692798e-06
428	3.48744636211e-06
429	2.61876306156e-06
430	3.73394285962e-06
431	3.62147159327e-06
432	2.48688367305e-06
433	3.69354542377e-06
434	2.6069111312e-06
435	3.03301333799e-06
436	3.11975704582e-06
437	3.1268821142e-06
438	3.11137457039e-06
439	3.07655150988e-06
440	3.00218710779e-06
441	2.93866678025e-06
442	2.86974651089e-06
443	2.85698964353e-06
444	2.86348234267e-06
445	2.86348223753e-06
446	2.85212961915e-06
447	2.8349754291e-06
448	2.81675925911e-06
449	2.77622221656e-06
450	2.77021661821e-06
451	2.74884685593e-06
452	2.71141221795e-06
453	2.66493229739e-06
454	2.60743346889e-06
455	2.53645549562e-06
456	2.53425890359e-06
457	2.51008883413e-06
458	2.33728242734e-06
459	2.21247168767e-06
460	2.22685132302e-06
461	2.21610093305e-06
462	2.36222610272e-06
463	2.22890069962e-06
464	2.24209393137e-06
465	2.34389672477e-06
466	2.25132490252e-06
467	2.2407614475e-06
468	2.12607228544e-06
469	2.23438878393e-06
470	2.22583114488e-06
471	2.20720834415e-06
472	2.18742043699e-06
473	2.16891251808e-06
474	1.61286532045e-06
475	1.75945812789e-06
476	1.46371657708e-06
477	1.66181320526e-06
478	1.44238924234e-06
479	1.61727881243e-06
480	1.45150849565e-06
481	1.58001536187e-06
482	1.43620102276e-06
483	1.53998554727e-06
484	1.41653716391e-06
485	1.50721723822e-06
486	1.40347849502e-06
487	1.483769841e-06
488	1.39355735139e-06
489	1.4619328162e-06
490	1.3825404128e-06
491	1.44086488858e-06
492	1.37245316218e-06
493	1.42226030786e-06
494	1.36284168722e-06
495	1.40542081454e-06
496	1.353431135e-06
497	1.38927757696e-06
498	1.34227273431e-06
499	1.36330724055e-06
500	1.32130358269e-06
501	1.34926020307e-06
502	1.3116455439e-06
503	1.33492701049e-06
504	1.30118315869e-06
505	1.32086042334e-06
506	1.29093715501e-06
507	1.30812452396e-06
508	1.28053457693e-06
509	1.29447338111e-06
510	1.2701242314e-06
511	1.2818560729e-06
512	1.25995065955e-06
513	1.27000058416e-06
514	1.25021282229e-06
515	1.25875293638e-06
516	1.24051254845e-06
517	1.24764613805e-06
518	1.23123051552e-06
519	1.23722679972e-06
520	1.22338429318e-06
521	1.22750552975e-06
522	1.2141152199e-06
523	1.21761061927e-06
524	1.20502770984e-06
525	1.20821025506e-06
526	1.19634211322e-06
527	1.19932480043e-06
528	1.18793144187e-06
529	1.19023191007e-06
530	1.17906024575e-06
531	1.17998436562e-06
532	1.16962493383e-06
533	1.1709422195e-06
534	2.83797707696e-06
535	2.65247212952e-06
536	2.67123129734e-06
537	2.66952837967e-06
538	2.75039780026e-06
539	2.76412599179e-06
540	2.74157818731e-06
541	2.71814780836e-06
542	2.69844161126e-06
543	2.68617515849e-06
544	2.68085428567e-06
545	2.6777619313e-06
546	2.67430917154e-06
547	2.66946384827e-06
548	2.66327744511e-06
549	2.65724736487e-06
550	2.65088771665e-06
551	2.64491351193e-06
552	2.64187513657e-06
553	2.63219006047e-06
554	2.62613007334e-06
555	2.62385263875e-06
556	2.6148295317e-06
557	2.60419684537e-06
558	2.59330615656e-06
559	2.58452623604e-06
560	2.57143174266e-06
561	2.55981922994e-06
562	2.54863657073e-06
563	2.53824246176e-06
564	2.52828369305e-06
565	2.51835439227e-06
566	2.50521338645e-06
567	2.50068298794e-06
568	2.49063075793e-06
569	2.48003816071e-06
570	2.46904057597e-06
571	2.45881944979e-06
572	2.45013248667e-06
573	2.44293050908e-06
574	2.43657081354e-06
575	2.42861714761e-06
576	2.42227859037e-06
577	2.41655180714e-06
578	2.40665944504e-06
579	2.40278237989e-06
580	2.39818373649e-06
581	2.39460563827e-06
582	2.39141874894e-06
583	2.38857701787e-06
584	2.38593702969e-06
585	2.38325572508e-06
586	2.38044926086e-06
587	2.38147780769e-06
588	2.37720235514e-06
589	2.37403086685e-06
590	2.3710417279e-06
591	2.36887973339e-06
592	2.36658363542e-06
593	2.36406365703e-06
594	2.36113369297e-06
595	2.35770236491e-06
596	2.35373876856e-06
597	2.34952866999e-06
598	2.34465958584e-06
599	2.33887690285e-06
600	2.33240649825e-06
601	2.32529481165e-06
602	2.31754900796e-06
603	2.30942721118e-06
604	2.30127534579e-06
605	2.29251487984e-06
606	2.2837414788e-06
607	2.27470945551e-06
608	2.26521602226e-06
609	2.25531834022e-06
610	2.24507690248e-06
611	2.23444963337e-06
612	2.22369761233e-06
613	2.21311673262e-06
614	2.20262260814e-06
615	2.1964534706e-06
616	2.18930801057e-06
617	2.18177804606e-06
618	2.17455535048e-06
619	2.16792134206e-06
620	2.16188111697e-06
621	2.15643171501e-06
622	2.15154796811e-06
623	2.14723910804e-06
624	2.1434882859e-06
625	2.14028884672e-06
626	2.13763727149e-06
627	2.13546600293e-06
628	2.13358879123e-06
629	2.13185286742e-06
630	2.13017755457e-06
631	2.1285144173e-06
632	2.1267916925e-06
633	2.12497493553e-06
634	2.12300738203e-06
635	1.89239784751e-06
636	1.65621640332e-06
637	1.21698360553e-06
638	1.96463718637e-06
639	1.74567779739e-06
640	2.11448688889e-06
641	2.12521239601e-06
642	1.39738338362e-06
643	1.18543844751e-06
644	1.09165662501e-06
645	1.00301739102e-06
646	1.77993782856e-06
647	1.5659719733e-06
648	1.19110939496e-06
649	1.15275294449e-06
650	1.94350676167e-06
651	1.80732045158e-06
652	2.03576965958e-06
653	1.33940326275e-06
654	1.14358566343e-06
655	1.0185394742e-06
656	2.06022193709e-06
657	1.9726563976e-06
658	1.74013414021e-06
659	1.57675547181e-06
660	1.01849745822e-06
661	1.63728016028e-06
662	1.9060244512e-06
663	1.66281467436e-06
664	1.14650939955e-06
665	2.15560055452e-06
666	1.04234523765e-06
667	2.05850745957e-06
668	1.90385374985e-06
669	1.59436459906e-06
670	1.09576439598e-06
671	1.96403009168e-06
672	9.97357042321e-07
673	1.89553641218e-06
674	1.80998555702e-06
675	1.3414789136e-06
676	1.05559213409e-06
677	1.85050343031e-06
678	9.80183958099e-07
679	1.85651527638e-06
680	1.06901837418e-06
681	1.94984479355e-06
682	1.04025769874e-06
683	1.8685187304e-06
684	1.00537142998e-06
685	1.83867563549e-06
686	1.05162486946e-06
687	1.83066276943e-06
688	1.001748542e-06
689	1.80386691312e-06
690	1.03491892342e-06
691	1.77198458572e-06
692	9.80358426923e-07
693	1.74042208299e-06
694	1.01633852331e-06
695	1.77185113043e-06
696	1.01636488415e-06
697	1.74640488533e-06
698	1.00239315887e-06
699	1.70310405662e-06
700	9.85665514278e-07
701	1.6730667347e-06
702	9.78030074186e-07
703	1.65204793016e-06
704	1.98238441486e-06
705	9.57705299671e-07
706	1.67879425229e-06
707	1.8724033911e-06
708	9.4825971915e-07
709	1.59044818343e-06
710	1.81609174689e-06
711	1.95021616676e-06
712	9.59630369432e-07
713	1.55347182874e-06
714	1.7484871704e-06
715	1.85830854165e-06
716	1.94165362548e-06
717	1.89025060474e-06
718	1.84090674171e-06
719	1.76846160608e-06
720	1.75200622255e-06
721	1.73049999463e-06
722	1.73994652034e-06
723	1.73419341833e-06
724	1.73690798758e-06
725	1.73199851697e-06
726	1.72464445132e-06
727	1.70892039614e-06
728	1.6975822168e-06
729	1.68263769806e-06
730	1.67552071351e-06
731	1.66403672212e-06
732	1.65723580022e-06
733	1.6489710451e-06
734	1.64201189516e-06
735	1.6335513076e-06
736	1.62885079784e-06
737	1.62129913869e-06
738	1.6141647452e-06
739	1.60680640874e-06
740	1.6002708462e-06
741	1.59381462198e-06
742	1.58791355982e-06
743	1.58538465732e-06
744	1.61041047633e-06
745	1.62238959391e-06
746	1.59766246916e-06
747	1.58756434866e-06
748	1.57435777746e-06
749	1.58071471811e-06
750	1.59139249372e-06
751	1.6283634895e-06
752	1.63093326607e-06
753	1.62463336716e-06
754	1.61180197063e-06
755	1.5976453498e-06
756	1.58822614522e-06
757	1.58236211133e-06
758	1.5786782518e-06
759	1.57479164311e-06
760	1.56996140192e-06
761	1.56415872944e-06
762	1.55795174225e-06
763	1.55173848631e-06
764	1.54567217714e-06
765	1.53963879824e-06
766	1.53344549388e-06
767	1.5269487483e-06
768	1.52010494605e-06
769	1.51304245855e-06
770	1.50590472355e-06
771	1.49878833364e-06
772	1.49176607562e-06
773	1.484862344e-06
774	1.47807663728e-06
775	1.47143441806e-06
776	1.46494468592e-06
777	1.4585844578e-06
778	1.45230165445e-06
779	1.44605044427e-06
780	1.43980451585e-06
781	1.43357572767e-06
782	1.42737964727e-06
783	1.42123321579e-06
784	1.41512135058e-06
785	1.40901239086e-06
786	1.40416614596e-06
787	1.39591115885e-06
788	1.38985242324e-06
789	1.38354403331e-06
790	1.37741798187e-06
791	1.37267659412e-06
792	1.36192736044e-06
793	1.35574530048e-06
794	1.35816414004e-06
795	1.35602748131e-06
796	1.3521821692e-06
797	1.33997027892e-06
798	1.34631174823e-06
799	1.33299317036e-06
800	1.33163474811e-06
801	1.32863221459e-06
802	1.32987344072e-06
803	1.32762930319e-06
804	1.32432382453e-06
805	1.31814641983e-06
806	1.31454084524e-06
807	1.31081433211e-06
808	1.31765281091e-06
809	1.31192218961e-06
810	1.30815839623e-06
811	1.30442334558e-06
812	1.30048084371e-06
813	1.2962051941e-06
814	1.2916129011e-06
815	1.28676839936e-06
816	1.28171947817e-06
817	1.27653435722e-06
818	1.2712877657e-06
819	1.25874730745e-06
820	1.25492621018e-06
821	1.24969136394e-06
822	1.24448821921e-06
823	1.23929385283e-06
824	1.23400100367e-06
825	1.22711182172e-06
826	1.2215676767e-06
827	1.21597114961e-06
828	1.21048241858e-06
829	1.20511608496e-06
830	1.19987215509e-06
831	1.19465704293e-06
832	1.18945583288e-06
833	1.1842548979e-06
834	1.17905051727e-06
835	1.1738552253e-06
836	1.16869898554e-06
837	1.16361679878e-06
838	1.15803064576e-06
839	1.15328920316e-06
840	1.14865849572e-06
841	1.14429564506e-06
842	1.14020360972e-06
843	1.13636337467e-06
844	1.13090458059e-06
845	1.12771962659e-06
846	1.1245459237e-06
847	1.12328557867e-06
848	1.12010336556e-06
849	1.1170883234e-06
850	1.11416454955e-06
851	1.11132596151e-06
852	1.10853492817e-06
853	1.10578077126e-06
854	1.10362026252e-06
855	1.10085382908e-06
856	1.09810899995e-06
857	1.09511258349e-06
858	1.09189330647e-06
859	1.088487641e-06
860	1.0849566852e-06
861	1.08134281625e-06
862	1.0776459133e-06
863	1.07397526664e-06
864	1.07039249726e-06
865	1.06693232701e-06
866	1.06358129468e-06
867	1.06029481533e-06
868	1.05700920516e-06
869	1.0536757324e-06
870	1.05026362477e-06
871	1.04668054122e-06
872	1.04304556008e-06
873	1.03942219494e-06
874	1.03586325866e-06
875	1.03240169598e-06
876	1.02904903222e-06
877	1.02578994027e-06
878	1.02260092294e-06
879	1.01945715758e-06
880	1.01635225819e-06
881	1.01332004022e-06
882	1.01034484445e-06
883	1.0074355325e-06
884	1.0046121308e-06
885	1.00186817918e-06
886	9.99284787538e-07
887	9.96879243663e-07
888	9.94687821432e-07
889	9.92727035119e-07
890	9.90989768416e-07
891	9.89449889021e-07
892	9.88070478454e-07
893	9.86799944222e-07
894	9.85589669302e-07
895	9.8441781853e-07
896	9.83293496525e-07
897	9.82242633081e-07
898	9.81289554259e-07
899	9.80469630137e-07
900	9.79786283077e-07
901	9.79165804261e-07
902	9.77124211479e-07
903	9.76242876071e-07
904	9.75119852571e-07
905	9.73637195588e-07
906	9.71781970349e-07
907	9.69576102976e-07
908	9.67095480955e-07
909	9.65522474397e-07
910	9.64567399462e-07
911	9.62404370619e-07
912	9.59243293855e-07
913	9.55638961384e-07
914	9.51962271288e-07
915	9.48415712854e-07
916	9.45054574376e-07
917	9.41870155618e-07
918	9.38831577717e-07
919	9.35923253296e-07
920	9.33142975326e-07
921	9.30506769973e-07
922	9.28039820098e-07
923	9.25768672755e-07
924	9.2370461472e-07
925	9.2183191627e-07
926	9.20110008064e-07
927	9.18482200441e-07
928	9.16883451641e-07
929	9.15252828434e-07
930	9.13543136829e-07
931	9.13868600556e-07
932	9.12138485688e-07
933	9.10331934737e-07
934	9.08443828925e-07
935	9.06557365807e-07
936	9.04745800351e-07
937	9.03065736261e-07
938	9.01536285284e-07
939	9.00130737367e-07
940	8.98794078478e-07
941	8.9407658252e-07
942	8.94309547397e-07
943	8.93459106872e-07
944	8.88700578324e-07
945	8.8572372574e-07
946	8.86303072542e-07
947	8.81808942719e-07
948	1.82290012112e-06
949	2.11016633487e-06
950	2.21535761519e-06
951	2.04034432035e-06
952	2.16573109724e-06
953	1.38415145913e-06
954	1.20368685319e-06
955	1.15758089799e-06
956	7.36346846868e-07
957	6.05988060079e-07
958	1.1435411758e-06
959	8.78096119272e-07
960	6.3554346128e-07
961	4.89849765164e-07
962	8.91336524949e-07
963	5.36373057789e-07
964	9.15938169019e-07
965	4.9392766821e-07
966	8.39433462925e-07
967	8.96032131446e-07
968	8.85667856854e-07
969	8.86312289891e-07
970	7.84553395489e-07
971	7.33423996413e-07
972	7.27316954002e-07
973	7.42427614306e-07
974	7.65489400878e-07
975	7.85560337064e-07
976	8.03938783821e-07
977	8.19070769567e-07
978	8.30988318288e-07
979	8.38980068817e-07
980	8.42625531485e-07
981	8.41824951487e-07
982	8.37068924467e-07
983	8.29392062301e-07
984	8.19343868404e-07
985	8.08713600389e-07
986	7.9822233579e-07
987	7.89064666955e-07
988	7.80562273955e-07
989	7.73538552055e-07
990	7.67931890876e-07
991	7.63885698594e-07
992	7.61528433545e-07
993	7.60701013376e-07
994	7.61010604527e-07
995	7.62291987603e-07
996	7.64182376968e-07
997	7.66440733372e-07
998	7.680468951e-07
999	7.69752243078e-07
1000	7.70530714152e-07
1001	6.03969521703e-07
1002	7.54759651437e-07
1003	8.24428072377e-07
1004	8.3369413602e-07
1005	8.34420346224e-07
1006	8.2700295363e-07
1007	8.17703049605e-07
1008	8.07434173554e-07
1009	7.97978309926e-07
1010	7.90227485916e-07
1011	7.84865186611e-07
1012	7.82087746339e-07
1013	7.81582003233e-07
1014	7.82666398953e-07
1015	7.84532384458e-07
1016	7.86468379882e-07
1017	7.87970968653e-07
1018	7.88162219274e-07
1019	7.8800399399e-07
1020	9.97157448447e-07
1021	5.84389741868e-07
1022	6.30509775819e-07
1023	9.60936722111e-07
1024	5.81279167501e-07
1025	9.48842263956e-07
1026	5.63323007274e-07
1027	9.39095762843e-07
1028	5.65574080022e-07
1029	9.27101594636e-07
1030	5.6818397001e-07
1031	9.214385726e-07
1032	5.66855289512e-07
1033	9.1269055784e-07
1034	5.6428246211e-07
1035	9.01872067233e-07
1036	5.61620494759e-07
1037	8.89524490835e-07
1038	5.59001140082e-07
1039	8.77906595668e-07
1040	5.56826326653e-07
1041	8.67544016546e-07
1042	5.53728573635e-07
1043	8.59066391422e-07
1044	5.50208683653e-07
1045	8.503544226e-07
1046	9.99294823384e-07
1047	4.7383902419e-07
1048	8.19998805529e-07
1049	9.48894401593e-07
1050	9.92557905017e-07
1051	9.75396741157e-07
1052	9.49574045893e-07
1053	9.28353227039e-07
1054	9.13034015794e-07
1055	9.05542193629e-07
1056	9.02274308514e-07
1057	9.01202572489e-07
1058	9.00140656028e-07
1059	8.97975633889e-07
1060	8.94182245391e-07
1061	8.88831727142e-07
1062	8.82285747473e-07
1063	8.75051482224e-07
1064	8.6761454337e-07
1065	8.60364824892e-07
1066	8.5354370142e-07
1067	8.47258810728e-07
1068	8.4149844293e-07
1069	8.36144114168e-07
1070	8.31036776855e-07
1071	8.26012277814e-07
1072	8.20918887135e-07
1073	8.15673386029e-07
1074	8.10253497641e-07
1075	8.04689982782e-07
1076	7.99027909289e-07
1077	7.93345419589e-07
1078	7.87724476248e-07
1079	7.82211954234e-07
1080	7.7685131945e-07
1081	7.7165806143e-07
1082	7.66610845193e-07
1083	7.61683437456e-07
1084	7.56842765404e-07
1085	7.52063540068e-07
1086	7.47326224616e-07
1087	7.42636704483e-07
1088	7.37993896542e-07
1089	7.3341716372e-07
1090	7.28924443267e-07
1091	7.24542880977e-07
1092	7.20291816896e-07
1093	7.16184368409e-07
1094	7.12244397342e-07
1095	7.08451564701e-07
1096	7.05142946188e-07
1097	7.01521522276e-07
1098	6.97859154496e-07
1099	6.9378539425e-07
1100	6.17089894011e-07
1101	7.06587544424e-07
1102	7.23061014605e-07
1103	7.15127813341e-07
1104	7.01862997437e-07
1105	6.86583960788e-07
1106	6.07465926998e-07
1107	6.77652672021e-07
1108	6.8382367761e-07
1109	6.03549633882e-07
1110	6.85782048381e-07
1111	6.96106840216e-07
1112	6.81950451436e-07
1113	5.9964102753e-07
1114	6.64781180132e-07
1115	5.97293655595e-07
1116	6.64594133828e-07
1117	6.65944111989e-07
1118	5.82850180877e-07
1119	6.49514967265e-07
1120	5.79441241223e-07
1121	6.48364421343e-07
1122	6.46218041604e-07
1123	5.68791263899e-07
1124	5.61157075086e-07
1125	6.32119012175e-07
1126	5.63480692028e-07
1127	6.26592499439e-07
1128	5.57439038314e-07
1129	5.48580426771e-07
1130	6.24882252831e-07
1131	5.50290255826e-07
1132	6.12100656763e-07
1133	5.43693112858e-07
1134	5.35763054202e-07
1135	5.34791973844e-07
1136	5.33792531297e-07
1137	6.10641081213e-07
1138	5.35324805127e-07
1139	5.27602267483e-07
1140	5.27010469932e-07
1141	5.26188041931e-07
1142	6.0097340729e-07
1143	5.27581209267e-07
1144	5.20616381456e-07
1145	5.19737493668e-07
1146	5.18626045704e-07
1147	5.17611722515e-07
1148	5.16563903521e-07
1149	5.15546851122e-07
1150	5.14556700683e-07
1151	5.13605053737e-07
1152	5.12690037688e-07
1153	5.11807391791e-07
1154	5.10944033699e-07
1155	5.10089468214e-07
1156	5.09230450368e-07
1157	5.08354982865e-07
1158	5.07450841575e-07
1159	5.06501941674e-07
1160	5.05489865065e-07
1161	5.04399523145e-07
1162	5.03218356465e-07
1163	5.01847786193e-07
1164	5.00141068525e-07
1165	4.9921090412e-07
1166	4.9761537162e-07
1167	4.96003101551e-07
1168	4.94391314348e-07
1169	4.92815980646e-07
1170	4.91298962586e-07
1171	4.89857108469e-07
1172	4.88500390291e-07
1173	4.87232485042e-07
1174	4.86052165388e-07
1175	4.8495336503e-07
1176	4.83927368271e-07
1177	4.8296606955e-07
1178	4.82060922548e-07
1179	4.81201728819e-07
1180	4.80381292491e-07
1181	4.79591544337e-07
1182	4.78828438508e-07
1183	4.78094936903e-07
1184	4.77391304894e-07
1185	4.76721909878e-07
1186	4.7609209788e-07
1187	4.75510998849e-07
1188	4.7498876498e-07
1189	4.74529061639e-07
1190	4.74129761922e-07
1191	4.73787558425e-07
1192	4.73499776195e-07
1193	4.73251115327e-07
1194	4.73610668871e-07
1195	4.73451162367e-07
1196	4.73250107341e-07
1197	4.73025279143e-07
1198	4.72751353121e-07
1199	4.72414068046e-07
1200	4.72001329605e-07
1201	4.7150850327e-07
1202	4.71360727985e-07
1203	4.70810448606e-07
1204	4.70176256027e-07
1205	4.69437283543e-07
1206	4.68686625331e-07
1207	4.67921118764e-07
1208	4.67573492023e-07
1209	1.44661198785e-06
1210	1.0128527311e-06
1211	1.28949657857e-06
1212	1.11332477165e-06
1213	1.71831203473e-06
1214	1.36854462232e-06
1215	1.13704249921e-06
1216	1.05371106507e-06
1217	9.1913307109e-07
1218	8.71437403286e-07
1219	9.83791190927e-07
1220	7.63695017348e-07
1221	8.43447335269e-07
1222	7.54898191105e-07
1223	6.08881974352e-07
1224	4.31585259538e-07
1225	4.6070800442e-07
1226	8.89794321211e-07
1227	8.26431945842e-07
1228	7.26331982858e-07
1229	4.3127968622e-07
1230	4.23088914331e-07
1231	4.93021455467e-07
1232	9.70848837131e-07
1233	9.00312911296e-07
1234	8.84283266007e-07
1235	8.90478690451e-07
1236	9.01983651625e-07
1237	9.09420046371e-07
1238	9.13576774224e-07
1239	9.13232358609e-07
1240	9.04564613072e-07
1241	8.94174706034e-07
1242	9.80243777129e-07
1243	9.56494363742e-07
1244	8.61676259787e-07
1245	9.49135137434e-07
1246	8.47511391545e-07
1247	8.50264033364e-07
1248	9.46457391196e-07
1249	8.34395992142e-07
1250	9.36301121642e-07
1251	8.28666999516e-07
1252	8.37383548705e-07
1253	9.29556649448e-07
1254	8.29973756823e-07
1255	8.35821341729e-07
1256	8.40304791947e-07
1257	9.38084723037e-07
1258	8.30635789084e-07
1259	8.39727714207e-07
1260	9.28300647148e-07
1261	8.26467829254e-07
1262	8.3369584235e-07
1263	8.32032462898e-07
1264	9.21105201651e-07
1265	8.18204753822e-07
1266	8.25964134663e-07
1267	9.15672283093e-07
1268	8.12459636758e-07
1269	9.02904503839e-07
1270	8.10234788347e-07
1271	8.192319816e-07
1272	8.19963085041e-07
1273	8.21826181949e-07
1274	9.27086320943e-07
1275	8.98813181795e-07
1276	8.12482414507e-07
1277	8.19498414886e-07
1278	8.19745609297e-07
1279	9.0805600293e-07
1280	8.09739116428e-07
1281	8.16203939243e-07
1282	9.00922217042e-07
1283	8.00686068882e-07
1284	8.08884668725e-07
1285	8.906691642e-07
1286	7.92638362151e-07
1287	8.00951656351e-07
1288	8.82719586224e-07
1289	7.85385316359e-07
1290	7.94308128978e-07
1291	8.78296628652e-07
1292	7.79194003921e-07
1293	7.88814151574e-07
1294	8.7561506344e-07
1295	7.76238939135e-07
1296	8.62752652514e-07
1297	7.70167136095e-07
1298	7.79263390987e-07
1299	8.54466497205e-07
1300	7.6879591614e-07
1301	7.75699716567e-07
1302	8.54022084759e-07
1303	7.66253850697e-07
1304	7.74567220873e-07
1305	8.59228040291e-07
1306	7.66061423882e-07
1307	8.51562714935e-07
1308	7.67667331453e-07
1309	7.77246195527e-07
1310	8.57865999243e-07
1311	7.73087230148e-07
1312	7.8662091498e-07
1313	8.65610353211e-07
1314	7.79199555357e-07
1315	8.60084214693e-07
1316	7.83383522159e-07
1317	7.95871093435e-07
1318	8.64435629815e-07
1319	7.90131331413e-07
1320	8.02575113854e-07
1321	8.74216616788e-07
1322	7.99784754448e-07
1323	8.71406226412e-07
1324	8.05163726663e-07
1325	8.14601452342e-07
1326	8.7992404626e-07
1327	8.1335754051e-07
1328	8.22486560731e-07
1329	8.91324847726e-07
1330	8.19400190538e-07
1331	8.86002932408e-07
1332	8.22444403831e-07
1333	8.33102604198e-07
1334	8.898469098e-07
1335	8.25299133623e-07
1336	8.34728315275e-07
1337	8.94090688642e-07
1338	8.24743575451e-07
1339	8.86889440266e-07
1340	8.2430554546e-07
1341	8.33170997614e-07
1342	8.87895885742e-07
1343	8.24451754406e-07
1344	8.32925974834e-07
1345	8.91709580818e-07
1346	8.22016901893e-07
1347	8.81300345263e-07
1348	8.19202935469e-07
1349	8.26392460267e-07
1350	8.78663305912e-07
1351	8.14151831768e-07
1352	8.21131183221e-07
1353	8.77913795941e-07
1354	8.07544599894e-07
1355	8.65495767543e-07
1356	8.03708225918e-07
1357	8.10900784712e-07
1358	8.61770109687e-07
1359	7.99015081314e-07
1360	8.06080254717e-07
1361	8.60942472447e-07
1362	7.9250222492e-07
1363	8.48284041004e-07
1364	7.87511876166e-07
1365	7.93610661131e-07
1366	8.42710208358e-07
1367	7.79806751351e-07
1368	7.85716565529e-07
1369	8.3978802834e-07
1370	7.70661159906e-07
1371	8.26323119653e-07
1372	7.64506261962e-07
1373	7.7004917777e-07
1374	8.20070640936e-07
1375	7.55499131622e-07
1376	7.60632527795e-07
1377	8.15786312961e-07
1378	7.44355285182e-07
1379	8.00841083336e-07
1380	7.36586697683e-07
1381	7.41271092364e-07
1382	7.92484605632e-07
1383	7.2669462165e-07
1384	7.32290625116e-07
1385	7.89081146217e-07
1386	7.19304497268e-07
1387	7.77946570231e-07
1388	7.16855496101e-07
1389	7.24677548593e-07
1390	7.78007543452e-07
1391	7.17826931563e-07
1392	7.25815492609e-07
1393	7.83060412285e-07
1394	7.18407250258e-07
1395	7.26755312408e-07
1396	7.88009425121e-07
1397	7.1730600214e-07
1398	7.78112532058e-07
1399	7.1612703099e-07
1400	7.23273284789e-07
1401	7.23459915859e-07
1402	7.85384366563e-07
1403	7.10012281471e-07
1404	7.72850241064e-07
1405	7.04022214159e-07
1406	7.09220200341e-07
1407	7.62238279966e-07
1408	6.92845080938e-07
1409	6.96947935218e-07
1410	7.50629118407e-07
1411	6.78481610495e-07
1412	6.81951514668e-07
1413	7.38320553959e-07
1414	6.62895431767e-07
1415	7.20363056391e-07
1416	6.54855747132e-07
1417	6.59561846366e-07
1418	7.09189801508e-07
1419	1.59628355433e-06
1420	9.77624893821e-07
1421	9.8690305874e-07
1422	1.18510278714e-06
1423	8.76364483115e-07
1424	1.11010007959e-06
1425	1.48279541386e-06
1426	1.30333088687e-06
1427	8.43377425473e-07
1428	9.21732548299e-07
1429	9.31645498851e-07
1430	9.94161965203e-07
1431	6.20571676636e-07
1432	7.91030275878e-07
1433	8.34007105273e-07
1434	8.71413748067e-07
1435	7.83916722487e-07
1436	6.45769398962e-07
1437	6.67949954748e-07
1438	7.2795753995e-07
1439	7.5274540074e-07
1440	7.9037344818e-07
1441	6.47568474907e-07
1442	7.25150733352e-07
1443	6.91886807846e-07
1444	6.6361402305e-07
1445	9.90865438638e-07
1446	7.85932334839e-07
1447	8.37651938124e-07
1448	7.18214868922e-07
1449	8.45158599228e-07
1450	6.5573302573e-07
1451	8.63163197812e-07
1452	6.26326475797e-07
1453	8.60168397533e-07
1454	5.95462834199e-07
1455	8.47648311052e-07
1456	5.93292296622e-07
1457	8.26030463667e-07
1458	9.90821669812e-07
1459	6.53386830608e-07
1460	8.04187297311e-07
1461	6.72941010518e-07
1462	8.03678500793e-07
1463	7.05903298464e-07
1464	8.13773745078e-07
1465	7.22734385466e-07
1466	8.18209387271e-07
1467	7.2359160102e-07
1468	8.2184849641e-07
1469	7.10697293007e-07
1470	8.10219134285e-07
1471	6.80451329166e-07
1472	8.0958873379e-07
1473	9.99584523248e-07
1474	6.65905689977e-07
1475	8.0281258665e-07
1476	9.67131337948e-07
1477	9.97183497145e-07
1478	9.96598500419e-07
1479	9.89084280158e-07
1480	9.85185621442e-07
1481	9.82539464373e-07
1482	6.22356379562e-07
1483	7.55612113281e-07
1484	9.0989983526e-07
1485	9.64676809577e-07
1486	9.76699475208e-07
1487	9.80692277551e-07
1488	9.8543270348e-07
1489	9.86026746538e-07
1490	6.58955149498e-07
1491	7.61843044065e-07
1492	9.31211155674e-07
1493	9.90839244479e-07
1494	7.24666937359e-07
1495	7.60470684956e-07
1496	9.3804625997e-07
1497	9.8884479916e-07
1498	9.81897600273e-07
1499	9.65815490071e-07
1500	9.48888821807e-07
1501	9.34388563684e-07
1502	9.20658349512e-07
1503	9.12329331448e-07
1504	9.05162855414e-07
1505	9.02790780463e-07
1506	9.04255394982e-07
1507	9.07915884256e-07
1508	9.80972440472e-07
1509	8.92690182823e-07
1510	9.1115901826e-07
1511	9.22348294538e-07
1512	9.31165991968e-07
1513	9.37208856894e-07
1514	9.45574153853e-07
1515	9.5423768433e-07
1516	6.73805401192e-07
1517	7.21417001351e-07
1518	8.39323378082e-07
1519	8.75462967472e-07
1520	8.71209693166e-07
1521	8.59100250461e-07
1522	8.52357929021e-07
1523	8.50553273329e-07
1524	8.49256106211e-07
1525	8.52752709708e-07
1526	8.56435958066e-07
1527	8.61486135962e-07
1528	8.67789550799e-07
1529	8.81497524823e-07
1530	9.04196796297e-07
1531	9.27134998503e-07
1532	9.353503166e-07
1533	9.25975340416e-07
1534	9.12203525337e-07
1535	8.95698733394e-07
1536	8.73729197174e-07
1537	8.47297331442e-07
1538	8.18831338192e-07
1539	7.91653178702e-07
1540	7.70422257622e-07
1541	7.80977798979e-07
1542	8.24255975398e-07
1543	8.6134595165e-07
1544	8.77106542169e-07
1545	8.68715651059e-07
1546	8.41216841825e-07
1547	8.01485977099e-07
1548	7.60577051202e-07
1549	8.48689024768e-07
1550	8.74964026888e-07
1551	8.14138061822e-07
1552	9.33118959457e-07
1553	8.16198511195e-07
1554	9.37042673193e-07
1555	9.32183109953e-07
1556	9.1711540385e-07
1557	9.70446191902e-07
1558	9.87185993758e-07
1559	9.02235169671e-07
1560	9.14638178173e-07
1561	6.82237745317e-07
1562	9.39115716095e-07
1563	7.55819772345e-07
1564	8.6291094808e-07
1565	9.12585790788e-07
1566	9.69144259181e-07
1567	5.55362645845e-07
1568	7.09520292643e-07
1569	9.57656311469e-07
1570	8.98336702042e-07
1571	8.81054943469e-07
1572	7.5975944913e-07
1573	8.38707594233e-07
1574	8.57632406754e-07
1575	7.91398845656e-07
1576	9.8962218387e-07
1577	9.11542358435e-07
1578	7.82603019331e-07
1579	9.75013145995e-07
1580	9.06800215203e-07
1581	7.73627774835e-07
1582	9.72415606157e-07
1583	8.93674688839e-07
1584	7.58576445078e-07
1585	9.54183274083e-07
1586	8.56416864287e-07
1587	7.51416464665e-07
1588	9.37840989907e-07
1589	8.00217686587e-07
1590	7.53285160558e-07
1591	9.30447018425e-07
1592	6.99301807287e-07
1593	7.63403223004e-07
1594	9.24831476343e-07
1595	6.78608217514e-07
1596	7.55804710536e-07
1597	9.20652831053e-07
1598	9.96635474648e-07
1599	8.32499881875e-07
1600	7.76853099091e-07
1601	8.81158627931e-07
1602	9.6740237121e-07
1603	9.9767262291e-07
1604	6.6464194356e-07
1605	7.62607451601e-07
1606	8.9369165282e-07
1607	9.5941680099e-07
1608	9.78689446718e-07
1609	7.38864783077e-07
1610	7.17504508917e-07
1611	8.56929498928e-07
1612	9.35819004542e-07
1613	9.58566275458e-07
1614	9.6588008659e-07
1615	9.69558807702e-07
1616	9.71606819243e-07
1617	9.71692752946e-07
1618	9.69631210808e-07
1619	9.54547297583e-07
1620	9.58726759387e-07
1621	6.98188787588e-07
1622	6.95994127388e-07
1623	8.13015281571e-07
1624	8.82517780353e-07
1625	9.02543171151e-07
1626	9.08811577239e-07
1627	9.12618079813e-07
1628	9.1607838223e-07
1629	9.19056769312e-07
1630	9.20243681957e-07
1631	9.07627618707e-07
1632	9.03092499545e-07
1633	9.09779327316e-07
1634	9.07003824664e-07
1635	8.92817435179e-07
1636	8.98315717929e-07
1637	8.96187995683e-07
1638	9.89473691364e-07
1639	8.6979436216e-07
1640	8.78608733141e-07
1641	8.81405996604e-07
1642	8.81283473713e-07
1643	8.67907931162e-07
1644	9.63459058394e-07
1645	8.50148499089e-07
1646	8.6109984827e-07
1647	8.63507556903e-07
1648	8.514072915e-07
1649	8.59463222156e-07
1650	8.4641130881e-07
1651	8.53329386905e-07
1652	8.51676329876e-07
1653	8.38986592284e-07
1654	8.45720395161e-07
1655	8.44682705676e-07
1656	8.32293393839e-07
1657	8.39516008906e-07
1658	8.27674076034e-07
1659	8.34869687489e-07
1660	8.33966108807e-07
1661	8.21825855356e-07
1662	8.34363903522e-07
1663	8.16008505373e-07
1664	8.29514653895e-07
1665	8.17964398523e-07
1666	8.22994136461e-07
1667	8.11658766064e-07
1668	8.17599926974e-07
1669	8.0677077529e-07
1670	8.12655936753e-07
1671	8.11625353005e-07
1672	7.99617789834e-07
1673	8.06849483575e-07
1674	7.94484682536e-07
1675	8.01905875234e-07
1676	7.89963580331e-07
1677	7.96230267407e-07
1678	7.95589238569e-07
1679	7.84521955847e-07
1680	7.9124460806e-07
1681	7.7989008988e-07
1682	7.76879028102e-07
1683	7.84530446761e-07
1684	7.73119223888e-07
1685	7.70511665207e-07
1686	7.68264128615e-07
1687	7.76299634755e-07
1688	7.65121128648e-07
1689	7.62621574856e-07
1690	7.59660627517e-07
1691	7.57631688135e-07
1692	7.55385893909e-07
1693	7.53095550776e-07
1694	7.51591241865e-07
1695	7.4966120321e-07
1696	7.47734217761e-07
1697	7.44210278394e-07
1698	7.42991687293e-07
1699	7.41270646854e-07
1700	7.39319562989e-07
1701	7.37548549471e-07
1702	7.3607492904e-07
1703	7.34711531509e-07
1704	7.33272314432e-07
1705	7.31710031683e-07
1706	7.30028376119e-07
1707	7.28243985213e-07
1708	7.26380396633e-07
1709	7.24466708521e-07
1710	7.22533765155e-07
1711	7.20616183602e-07
1712	7.18734531038e-07
1713	7.16900483509e-07
1714	7.15118614904e-07
1715	7.13382363868e-07
1716	7.11686194131e-07
1717	7.10029370478e-07
1718	7.08409249585e-07
1719	7.06823328197e-07
1720	7.05267651397e-07
1721	7.03739330293e-07
1722	7.04687876703e-07
1723	7.02825915063e-07
1724	7.00703197766e-07
1725	6.98926709422e-07
1726	6.97153877951e-07
1727	6.9547788606e-07
1728	7.00891407688e-07
1729	6.94147169065e-07
1730	6.91596639725e-07
1731	6.89549197229e-07
1732	6.87827984453e-07
1733	6.86163420379e-07
1734	6.91699809165e-07
1735	6.84655808934e-07
1736	6.82245010895e-07
1737	6.8041251388e-07
1738	6.78935088144e-07
1739	6.77485051643e-07
1740	6.76011152353e-07
1741	9.99541151184e-07
1742	8.38338522613e-07
1743	6.97934615831e-07
1744	6.63879419927e-07
1745	9.66470936803e-07
1746	7.96052849132e-07
1747	6.8574817083e-07
1748	9.94131038136e-07
1749	7.95280547013e-07
1750	6.81952354708e-07
1751	9.8367584799e-07
1752	7.82033983053e-07
1753	6.77097748384e-07
1754	9.76728153822e-07
1755	7.78996422383e-07
1756	6.7032019348e-07
1757	9.67857935376e-07
1758	7.6888267785e-07
1759	6.64889731542e-07
1760	9.61503688146e-07
1761	7.64030978202e-07
1762	6.59486605216e-07
1763	9.54617169069e-07
1764	7.57552502709e-07
1765	6.55537789525e-07
1766	9.5009918786e-07
1767	7.53764802308e-07
1768	6.51962222029e-07
1769	9.4600587808e-07
1770	7.48403968432e-07
1771	6.47619823593e-07
1772	9.42462759627e-07
1773	7.43989391697e-07
1774	9.97806027972e-07
1775	7.62114065555e-07
1776	6.46370966551e-07
1777	9.37286381714e-07
1778	7.33845369728e-07
1779	9.84722706594e-07
1780	7.50434054292e-07
1781	9.95097821743e-07
1782	7.50821295626e-07
1783	9.8791611131e-07
1784	7.43132906009e-07
1785	9.7982225489e-07
1786	7.37288505307e-07
1787	9.74205348784e-07
1788	7.31733974273e-07
1789	9.70164708271e-07
1790	7.4349142983e-07
1791	9.68242802509e-07
1792	7.27435960549e-07
1793	9.6070282279e-07
1794	7.22068890767e-07
1795	9.57092364328e-07
1796	7.35366420971e-07
1797	9.53944639807e-07
1798	7.23150138183e-07
1799	9.48053098771e-07
1800	7.30764988668e-07
1801	9.46097011186e-07
1802	7.16102349467e-07
1803	9.42945849918e-07
1804	7.25005363622e-07
1805	9.41092646356e-07
1806	7.2481096036e-07
1807	9.38943734453e-07
1808	7.08224370332e-07
1809	9.36004944179e-07
1810	7.17815962577e-07
1811	9.33350847957e-07
1812	7.01994507896e-07
1813	9.30187332058e-07
1814	7.10712084039e-07
1815	9.28336748868e-07
1816	6.9535783263e-07
1817	9.24160819644e-07
1818	7.0353856796e-07
1819	9.23074472959e-07
1820	6.8931669213e-07
1821	9.17958510282e-07
1822	6.83375401358e-07
1823	9.15578809685e-07
1824	6.93948046052e-07
1825	9.15447939454e-07
1826	6.77303508146e-07
1827	9.10589730752e-07
1828	6.7241782668e-07
1829	9.07669153715e-07
1830	6.85912799555e-07
1831	9.07034222209e-07
1832	6.70233903921e-07
1833	9.01644525978e-07
1834	6.65597477123e-07
1835	8.99415264856e-07
1836	6.62765054258e-07
1837	8.96504861904e-07
1838	6.75311537682e-07
1839	8.96564201371e-07
1840	6.65133924228e-07
1841	8.89972743106e-07
1842	6.5971930966e-07
1843	8.87442007602e-07
1844	6.70320671317e-07
1845	8.8586889886e-07
1846	6.56735222559e-07
1847	8.80894710522e-07
1848	6.65800625084e-07
1849	8.7907792061e-07
1850	6.52565586321e-07
1851	8.75370956363e-07
1852	7.04508380925e-07
1853	8.64949516436e-07
1854	6.38315292256e-07
1855	8.74019261521e-07
1856	6.58252400386e-07
1857	8.75497062983e-07
1858	6.41625342221e-07
1859	8.67384697315e-07
1860	6.37038847044e-07
1861	8.64196581247e-07
1862	6.34314770368e-07
1863	8.61079013306e-07
1864	6.3087880973e-07
1865	8.59070809067e-07
1866	9.97894075562e-07
1867	7.32228963312e-07
1868	8.94172048132e-07
1869	9.98452825307e-07
1870	7.1485005402e-07
1871	8.83564338155e-07
1872	9.85223787272e-07
1873	7.08396012529e-07
1874	8.75240817316e-07
1875	9.74994994424e-07
1876	6.99716570876e-07
1877	8.69510214359e-07
1878	9.68286855005e-07
1879	7.43626704616e-07
1880	8.57528061949e-07
1881	9.60061375588e-07
1882	6.74989612792e-07
1883	8.59594402665e-07
1884	9.62665887996e-07
1885	6.83301767456e-07
1886	8.54368388691e-07
1887	9.5074878075e-07
1888	6.76832133883e-07
1889	8.48302058578e-07
1890	9.46135964155e-07
1891	6.76811810703e-07
1892	8.44377780782e-07
1893	9.41411938165e-07
1894	7.30057994737e-07
1895	8.34703607505e-07
1896	9.35777937116e-07
1897	6.58401523893e-07
1898	8.40346009499e-07
1899	9.42144122486e-07
1900	6.68836837218e-07
1901	8.37132405905e-07
1902	9.3060839666e-07
1903	6.61700676808e-07
1904	8.31462840266e-07
1905	9.2549380814e-07
1906	6.60150019638e-07
1907	8.26888434126e-07
1908	9.1971567399e-07
1909	7.02712273712e-07
1910	8.16491316709e-07
1911	9.13949495895e-07
1912	6.41479814413e-07
1913	8.21223061654e-07
1914	9.18109707161e-07
1915	6.50127101291e-07
1916	8.17893864072e-07
1917	9.07783851281e-07
1918	6.43626380971e-07
1919	8.12411943949e-07
1920	9.02953121626e-07
1921	6.42588503519e-07
1922	8.08114187525e-07
1923	8.9770021753e-07
1924	9.95846970261e-07
1925	7.47686797539e-07
1926	8.14567768965e-07
1927	8.8618375432e-07
1928	9.71566055049e-07
1929	6.75866065033e-07
1930	8.15166310036e-07
1931	8.86893191542e-07
1932	9.75184245365e-07
1933	6.79798002217e-07
1934	8.06543173901e-07
1935	8.71967977084e-07
1936	9.5836217115e-07
1937	7.26808665559e-07
1938	7.95814224143e-07
1939	8.64616960097e-07
1940	9.48378402573e-07
1941	6.56209131821e-07
1942	7.9701502438e-07
1943	8.66270435286e-07
1944	9.52662555396e-07
1945	6.58899304224e-07
1946	7.89906389893e-07
1947	8.54571248724e-07
1948	9.39731514697e-07
1949	7.04634900521e-07
1950	7.86816201672e-07
1951	8.45973684786e-07
1952	9.28385094616e-07
1953	9.98194159665e-07
1954	6.69675849627e-07
1955	7.93678974914e-07
1956	8.4551672042e-07
1957	9.21450517087e-07
1958	9.86363320468e-07
1959	6.72862406697e-07
1960	7.82077002407e-07
1961	8.30953214461e-07
1962	9.06484862301e-07
1963	9.72202892712e-07
1964	7.33423794502e-07
1965	7.74121702903e-07
1966	8.24098069032e-07
1967	8.95164058963e-07
1968	9.63671833859e-07
1969	6.98414354848e-07
1970	7.63522769485e-07
1971	8.17202193059e-07
1972	8.91660822319e-07
1973	9.60162198474e-07
1974	9.97498731243e-07
1975	6.59691114597e-07
1976	7.68584117796e-07
1977	8.08193624691e-07
1978	8.76224514949e-07
1979	9.40821142532e-07
1980	9.77370502056e-07
1981	9.85716071483e-07
1982	9.80835783902e-07
1983	9.72414326447e-07
1984	9.63430421902e-07
1985	9.54908459251e-07
1986	9.47386288064e-07
1987	9.41787300538e-07
1988	9.38342408083e-07
1989	9.32825674956e-07
1990	9.28772057636e-07
1991	9.28792092953e-07
1992	9.25911891796e-07
1993	9.23546697577e-07
1994	9.21845410586e-07
1995	9.21300413352e-07
1996	9.81551977982e-07
1997	8.76612745794e-07
1998	9.08158273358e-07
1999	8.91167738402e-07
2000	9.82208874527e-07
2001	8.86735126202e-07
2002	9.10054670479e-07
2003	9.00848568262e-07
2004	9.24557797928e-07
2005	9.1641759442e-07
2006	9.09351099242e-07
2007	9.04562092751e-07
2008	9.00972190489e-07
2009	8.9832234036e-07
2010	8.96294637778e-07
2011	8.93840039554e-07
2012	8.94142998777e-07
2013	8.94546743361e-07
2014	8.94263786126e-07
2015	8.93097055372e-07
2016	8.91261142926e-07
2017	8.89044509944e-07
2018	8.86642698557e-07
2019	8.84208029629e-07
2020	8.81882877093e-07
2021	8.79754838241e-07
2022	8.77924611616e-07
2023	8.7635031716e-07
2024	8.74875503773e-07
2025	8.73424961071e-07
2026	8.71960101148e-07
2027	8.72192123613e-07
2028	8.69712194875e-07
2029	8.67666986545e-07
2030	8.65955770065e-07
2031	8.64567315306e-07
2032	8.49735516996e-07
2033	8.76614854021e-07
2034	8.70743258026e-07
2035	8.48206089157e-07
2036	8.76929604742e-07
2037	8.692068012e-07
2038	8.40770097823e-07
2039	9.36283318309e-07
2040	8.42714528895e-07
2041	1.32242672795e-06
2042	7.57046503567e-07
2043	7.76918711949e-07
2044	9.49392364401e-07
2045	8.49629532624e-07
2046	1.38191854582e-06
2047	8.16160883228e-07
2048	7.58702360499e-07
2049	9.89440356012e-07
2050	1.23872619836e-06
2051	8.29448440667e-07
2052	7.83035367429e-07
2053	1.05251833271e-06
2054	7.41664669548e-07
