1	32
2	13
3	14
4	8
5	8
6	13
7	11
8	7
9	8
10	5
11	9
12	8
13	9
14	6
15	6
16	9
17	6
18	6
19	6
20	6
21	6
22	6
23	6
24	5
25	5
26	4
27	4
28	4
29	5
30	5
31	4
32	4
33	6
34	5
35	6
36	5
37	5
38	5
39	5
40	4
41	4
42	4
43	5
44	5
45	5
46	5
47	5
48	5
49	5
50	5
51	4
52	4
53	5
54	5
55	5
56	6
57	5
58	5
59	5
60	5
61	5
62	5
63	5
64	5
65	5
66	5
67	5
68	5
69	5
70	5
71	5
72	5
73	5
74	5
75	5
76	5
77	5
78	4
79	4
80	5
81	5
82	5
83	5
84	5
85	4
86	4
87	4
88	4
89	4
90	6
91	6
92	4
93	6
94	6
95	4
96	6
97	6
98	6
99	6
100	6
101	6
102	6
103	6
104	6
105	6
106	6
107	6
108	6
109	6
110	6
111	6
112	6
113	6
114	6
115	6
116	6
117	6
118	6
119	6
120	5
121	5
122	7
123	6
124	6
125	6
126	6
127	6
128	6
129	6
130	8
131	6
132	6
133	6
134	6
135	6
136	6
137	6
138	6
139	6
140	6
141	7
142	5
143	8
144	6
145	6
146	6
147	6
148	6
149	6
150	6
151	6
152	6
153	6
154	6
155	6
156	4
157	6
158	6
159	4
160	4
161	6
162	4
163	6
164	4
165	6
166	6
167	6
168	6
169	4
170	7
171	6
172	6
173	6
174	6
175	6
176	6
177	6
178	6
179	6
180	4
181	6
182	6
183	4
184	4
185	6
186	4
187	6
188	4
189	6
190	6
191	4
192	6
193	6
194	6
195	6
196	6
197	6
198	6
199	6
200	6
201	6
202	6
203	6
204	6
205	6
206	4
207	6
208	4
209	6
210	4
211	6
212	6
213	6
214	6
215	6
216	6
217	6
218	6
219	6
220	6
221	6
222	6
223	6
224	6
225	6
226	6
227	6
228	6
229	6
230	6
231	6
232	6
233	6
234	6
235	6
236	6
237	6
238	6
239	6
240	6
241	6
242	6
243	6
244	6
245	6
246	6
247	6
248	6
249	6
250	6
251	6
252	6
253	6
254	6
255	6
256	6
257	6
258	6
259	6
260	6
261	6
262	6
263	6
264	6
265	6
266	6
267	6
268	6
269	6
270	6
271	6
272	6
273	6
274	6
275	6
276	6
277	6
278	6
279	6
280	6
281	6
282	6
283	6
284	6
285	6
286	6
287	6
288	6
289	6
290	6
291	6
292	7
293	6
294	6
295	6
296	6
297	6
298	6
299	6
300	6
301	6
302	6
303	6
304	6
305	6
306	6
307	6
308	6
309	9
310	6
311	9
312	6
313	6
314	6
315	6
316	8
317	7
318	6
319	7
320	7
321	6
322	8
323	8
324	8
325	6
326	6
327	6
328	7
329	5
330	7
331	9
332	8
333	6
334	9
335	9
336	6
337	8
338	6
339	6
340	6
341	9
342	9
343	7
344	7
345	8
346	6
347	6
348	6
349	8
350	9
351	8
352	7
353	7
354	5
355	7
356	7
357	9
358	6
359	9
360	7
361	7
362	7
363	7
364	9
365	6
366	9
367	8
368	7
369	7
370	7
371	7
372	6
373	6
374	6
375	9
376	7
377	7
378	7
379	8
380	9
381	9
382	9
383	9
384	8
385	9
386	9
387	9
388	9
389	9
390	9
391	9
392	8
393	9
394	9
395	8
396	6
397	10
398	8
399	8
400	6
401	8
402	6
403	10
404	6
405	10
406	8
407	6
408	10
409	8
410	8
411	8
412	8
413	8
414	8
415	8
416	8
417	8
418	8
419	8
420	8
421	8
422	8
423	8
424	8
425	8
426	8
427	8
428	8
429	8
430	8
431	8
432	8
433	8
434	8
435	8
436	8
437	8
438	8
439	8
440	8
441	8
442	8
443	8
444	8
445	8
446	8
447	8
448	8
449	8
450	8
451	8
452	8
453	8
454	8
455	8
456	8
457	8
458	8
459	8
460	8
461	8
462	8
463	8
464	8
465	8
466	8
467	8
468	8
469	8
470	8
471	8
472	8
473	8
474	9
475	9
476	9
477	9
478	9
479	9
480	9
481	9
482	9
483	9
484	9
485	9
486	9
487	9
488	9
489	9
490	9
491	9
492	9
493	9
494	9
495	9
496	9
497	9
498	9
499	9
500	9
501	9
502	9
503	9
504	9
505	9
506	9
507	9
508	9
509	9
510	9
511	9
512	9
513	9
514	9
515	9
516	9
517	9
518	9
519	9
520	9
521	9
522	9
523	9
524	9
525	9
526	9
527	9
528	9
529	9
530	9
531	9
532	9
533	9
534	8
535	6
536	6
537	6
538	6
539	6
540	6
541	6
542	6
543	6
544	6
545	6
546	6
547	6
548	6
549	6
550	6
551	6
552	6
553	6
554	6
555	6
556	6
557	6
558	6
559	6
560	6
561	6
562	6
563	6
564	6
565	6
566	6
567	6
568	6
569	6
570	6
571	6
572	6
573	6
574	6
575	6
576	6
577	6
578	6
579	6
580	6
581	6
582	6
583	6
584	6
585	6
586	6
587	6
588	6
589	6
590	6
591	6
592	6
593	6
594	6
595	6
596	6
597	6
598	6
599	6
600	6
601	6
602	6
603	6
604	6
605	6
606	6
607	6
608	6
609	6
610	6
611	6
612	6
613	6
614	6
615	6
616	6
617	6
618	6
619	6
620	6
621	6
622	6
623	6
624	6
625	6
626	6
627	6
628	6
629	6
630	6
631	6
632	6
633	6
634	6
635	7
636	7
637	7
638	5
639	6
640	6
641	6
642	7
643	7
644	7
645	7
646	5
647	7
648	7
649	7
650	5
651	6
652	6
653	7
654	7
655	7
656	5
657	5
658	6
659	9
660	7
661	5
662	5
663	7
664	7
665	5
666	7
667	5
668	5
669	7
670	7
671	5
672	7
673	5
674	5
675	7
676	7
677	5
678	7
679	5
680	7
681	5
682	7
683	5
684	7
685	5
686	7
687	5
688	7
689	5
690	7
691	5
692	7
693	5
694	7
695	5
696	7
697	5
698	7
699	5
700	7
701	5
702	7
703	5
704	5
705	7
706	5
707	5
708	7
709	5
710	5
711	5
712	7
713	5
714	5
715	5
716	5
717	5
718	5
719	5
720	5
721	5
722	5
723	5
724	5
725	5
726	5
727	5
728	5
729	5
730	5
731	5
732	5
733	5
734	5
735	5
736	5
737	5
738	5
739	5
740	5
741	5
742	5
743	5
744	5
745	5
746	5
747	5
748	5
749	5
750	5
751	5
752	5
753	5
754	5
755	5
756	5
757	5
758	5
759	5
760	5
761	5
762	5
763	5
764	5
765	5
766	5
767	5
768	5
769	5
770	5
771	5
772	5
773	5
774	5
775	5
776	5
777	5
778	5
779	5
780	5
781	5
782	5
783	5
784	5
785	5
786	5
787	5
788	5
789	5
790	5
791	5
792	5
793	5
794	5
795	5
796	5
797	5
798	5
799	5
800	5
801	5
802	5
803	5
804	5
805	5
806	5
807	5
808	5
809	5
810	5
811	5
812	5
813	5
814	5
815	5
816	5
817	5
818	5
819	5
820	5
821	5
822	5
823	5
824	5
825	5
826	5
827	5
828	5
829	5
830	5
831	5
832	5
833	5
834	5
835	5
836	5
837	5
838	5
839	5
840	5
841	5
842	5
843	5
844	5
845	5
846	5
847	5
848	5
849	5
850	5
851	5
852	5
853	5
854	5
855	5
856	5
857	5
858	5
859	5
860	5
861	5
862	5
863	5
864	5
865	5
866	5
867	5
868	5
869	5
870	5
871	5
872	5
873	5
874	5
875	5
876	5
877	5
878	5
879	5
880	5
881	5
882	5
883	5
884	5
885	5
886	5
887	5
888	5
889	5
890	5
891	5
892	5
893	5
894	5
895	5
896	5
897	5
898	5
899	5
900	5
901	5
902	5
903	5
904	5
905	5
906	5
907	5
908	5
909	5
910	5
911	5
912	5
913	5
914	5
915	5
916	5
917	5
918	5
919	5
920	5
921	5
922	5
923	5
924	5
925	5
926	5
927	5
928	5
929	5
930	5
931	5
932	5
933	5
934	5
935	5
936	5
937	5
938	5
939	5
940	5
941	5
942	5
943	5
944	5
945	5
946	5
947	5
948	9
949	8
950	7
951	7
952	6
953	5
954	5
955	6
956	7
957	7
958	5
959	6
960	7
961	7
962	6
963	7
964	6
965	7
966	6
967	6
968	6
969	5
970	5
971	5
972	5
973	5
974	5
975	5
976	5
977	5
978	5
979	5
980	5
981	5
982	5
983	5
984	5
985	5
986	5
987	5
988	5
989	5
990	5
991	5
992	5
993	5
994	5
995	5
996	5
997	5
998	5
999	5
1000	5
1001	6
1002	6
1003	6
1004	6
1005	6
1006	6
1007	6
1008	6
1009	6
1010	6
1011	6
1012	6
1013	6
1014	6
1015	6
1016	6
1017	6
1018	6
1019	6
1020	5
1021	6
1022	6
1023	5
1024	6
1025	5
1026	6
1027	5
1028	6
1029	5
1030	6
1031	5
1032	6
1033	5
1034	6
1035	5
1036	6
1037	5
1038	6
1039	5
1040	6
1041	5
1042	6
1043	5
1044	6
1045	5
1046	5
1047	6
1048	5
1049	5
1050	5
1051	5
1052	5
1053	5
1054	5
1055	5
1056	5
1057	5
1058	5
1059	5
1060	5
1061	5
1062	5
1063	5
1064	5
1065	5
1066	5
1067	5
1068	5
1069	5
1070	5
1071	5
1072	5
1073	5
1074	5
1075	5
1076	5
1077	5
1078	5
1079	5
1080	5
1081	5
1082	5
1083	5
1084	5
1085	5
1086	5
1087	5
1088	5
1089	5
1090	5
1091	5
1092	5
1093	5
1094	5
1095	5
1096	5
1097	5
1098	5
1099	5
1100	5
1101	5
1102	5
1103	5
1104	5
1105	5
1106	5
1107	5
1108	5
1109	5
1110	5
1111	5
1112	5
1113	5
1114	5
1115	5
1116	5
1117	5
1118	5
1119	5
1120	5
1121	5
1122	5
1123	5
1124	5
1125	5
1126	5
1127	5
1128	5
1129	5
1130	5
1131	5
1132	5
1133	5
1134	5
1135	5
1136	5
1137	5
1138	5
1139	5
1140	5
1141	5
1142	5
1143	5
1144	5
1145	5
1146	5
1147	5
1148	5
1149	5
1150	5
1151	5
1152	5
1153	5
1154	5
1155	5
1156	5
1157	5
1158	5
1159	5
1160	5
1161	5
1162	5
1163	5
1164	5
1165	5
1166	5
1167	5
1168	5
1169	5
1170	5
1171	5
1172	5
1173	5
1174	5
1175	5
1176	5
1177	5
1178	5
1179	5
1180	5
1181	5
1182	5
1183	5
1184	5
1185	5
1186	5
1187	5
1188	5
1189	5
1190	5
1191	5
1192	5
1193	5
1194	5
1195	5
1196	5
1197	5
1198	5
1199	5
1200	5
1201	5
1202	5
1203	5
1204	5
1205	5
1206	5
1207	5
1208	5
1209	10
1210	10
1211	8
1212	10
1213	8
1214	10
1215	9
1216	8
1217	8
1218	6
1219	4
1220	5
1221	5
1222	5
1223	5
1224	5
1225	5
1226	4
1227	4
1228	5
1229	5
1230	5
1231	5
1232	4
1233	4
1234	4
1235	4
1236	4
1237	4
1238	4
1239	4
1240	4
1241	4
1242	4
1243	4
1244	4
1245	4
1246	4
1247	4
1248	4
1249	4
1250	4
1251	4
1252	4
1253	4
1254	4
1255	4
1256	4
1257	4
1258	4
1259	4
1260	4
1261	4
1262	4
1263	4
1264	4
1265	4
1266	4
1267	4
1268	4
1269	4
1270	4
1271	4
1272	4
1273	4
1274	4
1275	4
1276	4
1277	4
1278	4
1279	4
1280	4
1281	4
1282	4
1283	4
1284	4
1285	4
1286	4
1287	4
1288	4
1289	4
1290	4
1291	4
1292	4
1293	4
1294	4
1295	4
1296	4
1297	4
1298	4
1299	4
1300	4
1301	4
1302	4
1303	4
1304	4
1305	4
1306	4
1307	4
1308	4
1309	4
1310	4
1311	4
1312	4
1313	4
1314	4
1315	4
1316	4
1317	4
1318	4
1319	4
1320	4
1321	4
1322	4
1323	4
1324	4
1325	4
1326	4
1327	4
1328	4
1329	4
1330	4
1331	4
1332	4
1333	4
1334	4
1335	4
1336	4
1337	4
1338	4
1339	4
1340	4
1341	4
1342	4
1343	4
1344	4
1345	4
1346	4
1347	4
1348	4
1349	4
1350	4
1351	4
1352	4
1353	4
1354	4
1355	4
1356	4
1357	4
1358	4
1359	4
1360	4
1361	4
1362	4
1363	4
1364	4
1365	4
1366	4
1367	4
1368	4
1369	4
1370	4
1371	4
1372	4
1373	4
1374	4
1375	4
1376	4
1377	4
1378	4
1379	4
1380	4
1381	4
1382	4
1383	4
1384	4
1385	4
1386	4
1387	4
1388	4
1389	4
1390	4
1391	4
1392	4
1393	4
1394	4
1395	4
1396	4
1397	4
1398	4
1399	4
1400	4
1401	4
1402	4
1403	4
1404	4
1405	4
1406	4
1407	4
1408	4
1409	4
1410	4
1411	4
1412	4
1413	4
1414	4
1415	4
1416	4
1417	4
1418	4
1419	10
1420	10
1421	8
1422	10
1423	10
1424	10
1425	8
1426	10
1427	10
1428	8
1429	8
1430	6
1431	5
1432	4
1433	5
1434	4
1435	4
1436	4
1437	4
1438	4
1439	4
1440	4
1441	4
1442	4
1443	4
1444	4
1445	3
1446	4
1447	3
1448	4
1449	3
1450	4
1451	3
1452	4
1453	3
1454	4
1455	3
1456	4
1457	3
1458	3
1459	4
1460	3
1461	4
1462	3
1463	4
1464	3
1465	4
1466	3
1467	4
1468	3
1469	4
1470	3
1471	4
1472	3
1473	3
1474	4
1475	3
1476	3
1477	3
1478	3
1479	3
1480	3
1481	3
1482	4
1483	3
1484	3
1485	3
1486	3
1487	3
1488	3
1489	3
1490	4
1491	3
1492	3
1493	3
1494	4
1495	3
1496	3
1497	3
1498	3
1499	3
1500	3
1501	3
1502	3
1503	3
1504	3
1505	3
1506	3
1507	3
1508	3
1509	3
1510	3
1511	3
1512	3
1513	3
1514	3
1515	3
1516	4
1517	3
1518	3
1519	3
1520	3
1521	3
1522	3
1523	3
1524	3
1525	3
1526	3
1527	3
1528	3
1529	3
1530	3
1531	3
1532	3
1533	3
1534	3
1535	3
1536	3
1537	3
1538	3
1539	3
1540	3
1541	3
1542	3
1543	3
1544	3
1545	3
1546	3
1547	3
1548	3
1549	3
1550	3
1551	3
1552	3
1553	3
1554	3
1555	3
1556	3
1557	3
1558	2
1559	4
1560	2
1561	4
1562	2
1563	4
1564	2
1565	3
1566	2
1567	4
1568	2
1569	2
1570	3
1571	2
1572	3
1573	2
1574	3
1575	2
1576	2
1577	3
1578	2
1579	2
1580	3
1581	2
1582	2
1583	3
1584	2
1585	2
1586	3
1587	2
1588	2
1589	3
1590	2
1591	2
1592	3
1593	2
1594	2
1595	3
1596	2
1597	2
1598	2
1599	3
1600	2
1601	2
1602	2
1603	2
1604	3
1605	2
1606	2
1607	2
1608	2
1609	3
1610	2
1611	2
1612	2
1613	2
1614	2
1615	2
1616	2
1617	2
1618	2
1619	2
1620	2
1621	3
1622	2
1623	2
1624	2
1625	2
1626	2
1627	2
1628	2
1629	2
1630	2
1631	2
1632	2
1633	2
1634	2
1635	2
1636	2
1637	2
1638	2
1639	2
1640	2
1641	2
1642	2
1643	2
1644	2
1645	2
1646	2
1647	2
1648	2
1649	2
1650	2
1651	2
1652	2
1653	2
1654	2
1655	2
1656	2
1657	2
1658	2
1659	2
1660	2
1661	2
1662	2
1663	2
1664	2
1665	2
1666	2
1667	2
1668	2
1669	2
1670	2
1671	2
1672	2
1673	2
1674	2
1675	2
1676	2
1677	2
1678	2
1679	2
1680	2
1681	2
1682	2
1683	2
1684	2
1685	2
1686	2
1687	2
1688	2
1689	2
1690	2
1691	2
1692	2
1693	2
1694	2
1695	2
1696	2
1697	2
1698	2
1699	2
1700	2
1701	2
1702	2
1703	2
1704	2
1705	2
1706	2
1707	2
1708	2
1709	2
1710	2
1711	2
1712	2
1713	2
1714	2
1715	2
1716	2
1717	2
1718	2
1719	2
1720	2
1721	2
1722	2
1723	2
1724	2
1725	2
1726	2
1727	2
1728	2
1729	2
1730	2
1731	2
1732	2
1733	2
1734	2
1735	2
1736	2
1737	2
1738	2
1739	2
1740	2
1741	1
1742	2
1743	2
1744	2
1745	1
1746	2
1747	2
1748	1
1749	2
1750	2
1751	1
1752	2
1753	2
1754	1
1755	2
1756	2
1757	1
1758	2
1759	2
1760	1
1761	2
1762	2
1763	1
1764	2
1765	2
1766	1
1767	2
1768	2
1769	1
1770	2
1771	2
1772	1
1773	2
1774	1
1775	2
1776	2
1777	1
1778	2
1779	1
1780	2
1781	1
1782	2
1783	1
1784	2
1785	1
1786	2
1787	1
1788	2
1789	1
1790	2
1791	1
1792	2
1793	1
1794	2
1795	1
1796	2
1797	1
1798	2
1799	1
1800	2
1801	1
1802	2
1803	1
1804	2
1805	1
1806	2
1807	1
1808	2
1809	1
1810	2
1811	1
1812	2
1813	1
1814	2
1815	1
1816	2
1817	1
1818	2
1819	1
1820	2
1821	1
1822	2
1823	1
1824	2
1825	1
1826	2
1827	1
1828	2
1829	1
1830	2
1831	1
1832	2
1833	1
1834	2
1835	1
1836	2
1837	1
1838	2
1839	1
1840	2
1841	1
1842	2
1843	1
1844	2
1845	1
1846	2
1847	1
1848	2
1849	1
1850	2
1851	1
1852	2
1853	1
1854	2
1855	1
1856	2
1857	1
1858	2
1859	1
1860	2
1861	1
1862	2
1863	1
1864	2
1865	1
1866	1
1867	2
1868	1
1869	1
1870	2
1871	1
1872	1
1873	2
1874	1
1875	1
1876	2
1877	1
1878	1
1879	2
1880	1
1881	1
1882	2
1883	1
1884	1
1885	2
1886	1
1887	1
1888	2
1889	1
1890	1
1891	2
1892	1
1893	1
1894	2
1895	1
1896	1
1897	2
1898	1
1899	1
1900	2
1901	1
1902	1
1903	2
1904	1
1905	1
1906	2
1907	1
1908	1
1909	2
1910	1
1911	1
1912	2
1913	1
1914	1
1915	2
1916	1
1917	1
1918	2
1919	1
1920	1
1921	2
1922	1
1923	1
1924	1
1925	2
1926	1
1927	1
1928	1
1929	2
1930	1
1931	1
1932	1
1933	2
1934	1
1935	1
1936	1
1937	2
1938	1
1939	1
1940	1
1941	2
1942	1
1943	1
1944	1
1945	2
1946	1
1947	1
1948	1
1949	2
1950	1
1951	1
1952	1
1953	1
1954	2
1955	1
1956	1
1957	1
1958	1
1959	2
1960	1
1961	1
1962	1
1963	1
1964	2
1965	1
1966	1
1967	1
1968	1
1969	2
1970	1
1971	1
1972	1
1973	1
1974	1
1975	2
1976	1
1977	1
1978	1
1979	1
1980	1
1981	1
1982	1
1983	1
1984	1
1985	1
1986	1
1987	1
1988	1
1989	1
1990	1
1991	1
1992	1
1993	1
1994	1
1995	1
1996	1
1997	1
1998	1
1999	1
2000	1
2001	1
2002	1
2003	1
2004	1
2005	1
2006	1
2007	1
2008	1
2009	1
2010	1
2011	1
2012	1
2013	1
2014	1
2015	1
2016	1
2017	1
2018	1
2019	1
2020	1
2021	1
2022	1
2023	1
2024	1
2025	1
2026	1
2027	1
2028	1
2029	1
2030	1
2031	1
2032	1
2033	1
2034	1
2035	1
2036	1
2037	1
2038	1
2039	1
2040	1
2041	10
2042	10
2043	8
2044	8
2045	7
2046	10
2047	10
2048	8
2049	7
2050	10
2051	10
2052	8
2053	10
2054	10
