1	0.992801444818
2	0.782269868937
3	0.707636945842
4	0.0379057126364
5	0.0114113674981
6	0.00724237883582
7	0.00745718842513
8	0.00725564219873
9	0.00597039115503
10	0.00421396391625
11	0.00297103741978
12	0.00233846996013
13	0.00181229153972
14	0.00170188298444
15	0.00177957816654
16	0.00190262643091
17	0.00192131531957
18	0.00182463570737
19	0.0016080000105
20	0.00139909079618
21	0.00127126054015
22	0.00114233248724
23	0.00108186833494
24	0.00105077397058
25	0.0010282307679
26	0.00100080975626
27	0.000976210203645
28	0.000952070548566
29	0.000924180300185
30	0.00089309703894
31	0.000858811754563
32	0.000826807129175
33	0.000801236930578
34	0.000784138258994
35	0.000768334791439
36	0.000755462243207
37	0.000742704865069
38	0.000728482605752
39	0.000714793429544
40	0.000700603794239
41	0.000685884471364
42	0.000672127168665
43	0.000659691132019
44	0.000648220682667
45	0.000638491666935
46	0.000628534755445
47	0.000618079824211
48	0.00060767347588
49	0.000597428764845
50	0.000589086547375
51	0.000580704332194
52	0.000572143213862
53	0.000563349767111
54	0.000553122564957
55	0.000545064963816
56	0.000537674197256
57	0.000529611114487
58	0.000521362044622
59	0.000513183218117
60	0.000505145299686
61	0.000497278509438
62	0.000489994371805
63	0.00048332346932
64	0.000476174595537
65	0.000465892802071
66	0.000456140190432
67	0.000446858079245
68	0.000437502412755
69	0.000431058073087
70	0.000425331679882
71	0.000419903449006
72	0.000413720808745
73	0.000407759108492
74	0.000403443772131
75	0.000399074352924
76	0.000394964214269
77	0.000391457729277
78	0.000387477744355
79	0.000383890368274
80	0.000379610648502
81	0.000374953896605
82	0.000370517023676
83	0.00036571234853
84	0.00035982471064
85	0.00035411554798
86	0.000348889280909
87	0.000343661502355
88	0.000338339535769
89	0.000332563320252
90	0.000327608009384
91	0.000322330908612
92	0.00031809664054
93	0.00031531392911
94	0.00031147183157
95	0.000308130427445
96	0.000305032504331
97	0.000301721638534
98	0.000298121255142
99	0.000296529419447
100	0.000294065675881
101	0.000289532106996
102	0.000284879107431
103	0.00028168409492
104	0.000280812445696
105	0.00027609903139
106	0.000274261117847
107	0.000269696866385
108	0.000267206266277
109	0.000264546067723
110	0.000260427778
111	0.000258608061038
112	0.000256209123185
113	0.000253904838501
114	0.000251592034423
115	0.000249076290703
116	0.000248057187514
117	0.000246411584695
118	0.000241831961891
119	0.000241306121573
120	0.000237848182782
121	0.000235100836604
122	0.000234429067744
123	0.000232538022025
124	0.000230780632993
125	0.000227880929223
126	0.000223709851502
127	0.000221780406528
128	0.000218597294408
129	0.000215004314171
130	0.000213199944087
131	0.000211494652788
132	0.000210965549518
133	0.000211801473649
134	0.000207338992734
135	0.000201979041096
136	0.000202248995236
137	0.000198053991858
138	0.000194419261153
139	0.000190478077957
140	0.000187017662649
141	0.000185524921978
142	0.000184062827097
143	0.000182129439842
144	0.000182521556026
145	0.000180550134728
146	0.000179847257671
147	0.000177801565361
148	0.000177193311527
149	0.000175718939331
150	0.000175398276433
151	0.000175480883028
152	0.000175345531089
153	0.00017387134643
154	0.000170333028397
155	0.000169110477192
156	0.00016936417977
157	0.00016754066406
158	0.000166448248168
159	0.000161438559858
160	0.000160136307381
161	0.000159108092188
162	0.000155987408916
163	0.000151272313747
164	0.000149201754276
165	0.00014485128115
166	0.000144973589443
167	0.000142268435924
168	0.000139074007049
169	0.00013749767709
170	0.000135467450311
171	0.000133355369684
172	0.000131773283768
173	0.000129633431367
174	0.000128959603104
175	0.00012874412358
176	0.000128198234732
177	0.00012800486597
178	0.00012745842091
179	0.000126509445108
180	0.00012348953531
181	0.000121047389101
182	0.000120763199908
183	0.000125309379183
184	0.00012819291777
185	0.000132660183986
186	0.000133127393628
187	0.000135401795309
188	0.000136645365328
189	0.000139445712481
190	0.000135821306783
191	0.000136729134312
192	0.000136768525294
193	0.000138576347646
194	0.000138831065347
195	0.000139726996246
196	0.000143411202955
197	0.000146492818103
198	0.000153467673051
199	0.000156367900964
200	0.000156883810755
201	0.000162795756841
202	0.000165772016098
203	0.000169874423148
204	0.00017176036342
205	0.000177232064052
206	0.000179759085238
207	0.000182815564534
208	0.000187520557634
209	0.000191382287889
210	0.000194408854131
211	0.000194415149659
212	0.000197265914529
213	0.000193808792691
214	0.000192984236901
215	0.00019184788751
216	0.000190814634962
217	0.000192174408538
218	0.000194702801384
219	0.000193507225592
220	0.000195221073381
221	0.000200066863169
222	0.000201607249162
223	0.000206809012465
224	0.000206864910885
225	0.000214383465754
226	0.000215630176848
227	0.000222763686467
228	0.000223031354305
229	0.000227261216985
230	0.000231598819877
231	0.000229135369036
232	0.000222783039889
233	0.000214601126268
234	0.000214658126202
235	0.000217021648999
236	0.000215002823032
237	0.000216990616279
238	0.00022220634988
239	0.000223774407507
240	0.000222731011452
241	0.000228081842106
242	0.00023074762018
243	0.00023336078983
244	0.00023358389491
245	0.000244261598148
246	0.000246316802133
247	0.000253594960328
248	0.000254094672044
249	0.000250420243698
250	0.000239586979494
251	0.000236157972412
252	0.000238361816954
253	0.000239758014793
254	0.000243573813531
255	0.000247810392924
256	0.000247279116675
257	0.000250730332559
258	0.000248585721922
259	0.000254919085869
260	0.000262914499956
261	0.000266499927857
262	0.000278358554986
263	0.000293062939544
264	0.00028496546404
265	0.000276823696396
266	0.000274688997119
267	0.000269440254922
268	0.000276349709553
269	0.000276951803305
270	0.000281063231019
271	0.000282820872983
272	0.0002873280575
273	0.000299000863167
274	0.000291478305592
275	0.000293720410572
276	0.000310343760754
277	0.000314237845327
278	0.000328061626737
279	0.000338838329039
280	0.000325345172737
281	0.00032528461101
282	0.000318897056935
283	0.0003217844128
284	0.00033583429527
285	0.0003327504731
286	0.000334962049744
287	0.000339262422784
288	0.000346753397086
289	0.000353985413485
290	0.000365301885188
291	0.000374289239047
292	0.000397795756444
293	0.000414869969355
294	0.000398168175829
295	0.000395400646768
296	0.000413509456516
297	0.000409841237855
298	0.000406521052802
299	0.000408993903046
300	0.000415630754885
301	0.000425125895521
302	0.000440450408382
303	0.000458013352748
304	0.000462925269997
305	0.000486599011473
306	0.000520616164427
307	0.000484584021285
308	0.00049701871235
309	0.000504585987992
310	0.0005005161713
311	0.000511601512989
312	0.000508966997163
313	0.000511510395946
314	0.00051493266725
315	0.000529732289767
316	0.000536932746241
317	0.000562279708799
318	0.00056305663756
319	0.000535754961733
320	0.000529593246061
321	0.000530425674344
322	0.000538683945814
323	0.000519981783968
324	0.000511206578826
325	0.000509809832741
326	0.000504545317578
327	0.00050834422956
328	0.000564029144137
329	0.000488466570026
330	0.000487068657845
331	0.000470745747003
332	0.000479708341944
333	0.000476424878713
334	0.000465269040437
335	0.000447837837405
336	0.000454811740363
337	0.000472481662381
338	0.00053242328789
339	0.000441578150305
340	0.000459413261396
341	0.00042617463108
342	0.000442571010109
343	0.000456570190567
344	0.000465753706637
345	0.000443037340861
346	0.000451494095307
347	0.000462860524298
348	0.000430828758205
349	0.000411734449896
350	0.000412985302329
351	0.00041025288389
352	0.000423089187007
353	0.000450293046802
354	0.000449381041152
355	0.000439843146774
356	0.000406757091703
357	0.000416585122491
358	0.000416564319452
359	0.000424373509434
360	0.000433081429052
361	0.000505165242074
362	0.000522629529027
363	0.000412557709367
364	0.000402023721353
365	0.000412712262008
366	0.000394525377111
367	0.000410688523968
368	0.00039819968453
369	0.000378683728359
370	0.000390043867012
371	0.000350343939756
372	0.000387219158963
373	0.000373379186733
374	0.000379992752791
375	0.000366309602409
376	0.000375950101286
377	0.000412755138087
378	0.000349377020812
379	0.000353517626062
380	0.000352103472902
381	0.000358475049526
382	0.000364599661674
383	0.000379244532689
384	0.000358093831709
385	0.00037509356785
386	0.000407751538377
387	0.000408999143628
388	0.000418158414969
389	0.000419600363361
390	0.000440206331575
391	0.000441363447016
392	0.000476806542045
393	0.000518638459743
394	0.000483379121051
395	0.00047088332288
396	0.000493611663981
397	0.000460754276818
398	0.000385127230556
399	0.000371101795619
400	0.000399854707441
401	0.000436751720002
402	0.000341863168743
403	0.000342296329684
404	0.000430536781143
405	0.000404064308131
406	0.000386258232776
407	0.000418807845932
408	0.000460946571217
409	0.000386208638864
410	0.000289637109363
411	0.000123875466063
412	9.71995464808e-05
413	9.08955128468e-05
414	8.97298247117e-05
415	8.88026066179e-05
416	8.77448034676e-05
417	8.67633316388e-05
418	8.59153105308e-05
419	8.51715607274e-05
420	8.45630599098e-05
421	8.40402769161e-05
422	8.36105363943e-05
423	8.32714838953e-05
424	8.298247945e-05
425	8.27648775851e-05
426	8.260085337e-05
427	8.2484287059e-05
428	8.24203081098e-05
429	8.23874770849e-05
430	8.23950008127e-05
431	8.24534482908e-05
432	8.2536176208e-05
433	8.26478734147e-05
434	8.27846296012e-05
435	8.29448754747e-05
436	8.311966764e-05
437	8.33067552682e-05
438	8.35092330179e-05
439	8.37129917906e-05
440	8.39296352167e-05
441	8.41207061753e-05
442	8.43134770928e-05
443	8.44939913359e-05
444	8.46636551433e-05
445	8.48348489383e-05
446	8.49971089135e-05
447	8.51475555831e-05
448	8.52873527064e-05
449	8.54158048746e-05
450	8.55348006581e-05
451	8.56435464787e-05
452	8.57489108473e-05
453	8.5840388256e-05
454	8.59266362454e-05
455	8.60099181486e-05
456	8.60774666649e-05
457	8.61512235371e-05
458	8.62245916316e-05
459	8.63014707423e-05
460	8.63625778029e-05
461	8.64224203544e-05
462	8.64734501781e-05
463	8.6521400015e-05
464	8.65686550524e-05
465	8.66048017078e-05
466	8.66328390184e-05
467	8.66600515596e-05
468	8.66827420385e-05
469	8.66996395358e-05
470	8.67193499223e-05
471	8.6733184427e-05
472	8.67592256005e-05
473	8.6785777221e-05
474	8.67980315574e-05
475	8.68252934204e-05
476	8.68342293048e-05
477	8.68519281773e-05
478	8.68514359701e-05
479	8.6855236665e-05
480	8.68564401218e-05
481	8.68533683639e-05
482	8.68494009153e-05
483	8.68503138047e-05
484	8.68493693886e-05
485	8.68538543514e-05
486	8.68713251262e-05
487	8.68786536134e-05
488	8.68923856039e-05
489	8.68983694821e-05
490	8.69141282964e-05
491	8.69197313486e-05
492	8.69233579949e-05
493	8.69289060393e-05
494	8.69257179828e-05
495	8.69234002533e-05
496	8.69203121167e-05
497	8.69170826071e-05
498	8.69251338418e-05
499	8.69292808958e-05
500	8.69467590389e-05
501	8.6957917302e-05
502	8.69666649743e-05
503	8.69720218675e-05
504	8.69727812093e-05
505	8.69798727586e-05
506	8.69722824988e-05
507	8.69781502534e-05
508	8.69733279674e-05
509	8.69576100954e-05
510	8.69486083426e-05
511	8.6947473635e-05
512	8.69343866723e-05
513	8.69374370976e-05
514	8.69385730675e-05
515	8.69418369577e-05
516	8.69380147776e-05
517	8.69403042792e-05
518	8.69311754884e-05
519	8.69182265432e-05
520	8.69085807449e-05
521	8.68974963619e-05
522	8.68809203015e-05
523	8.68618748998e-05
524	8.68413960579e-05
525	8.68212560415e-05
526	8.68073004868e-05
527	8.67993176171e-05
528	8.67964073894e-05
529	8.67804797488e-05
530	8.67732408919e-05
531	8.67638154156e-05
532	8.674797605e-05
533	8.67234158589e-05
534	8.67049513355e-05
535	8.6678933285e-05
536	8.66468299762e-05
537	8.66151590064e-05
538	8.65895591702e-05
539	8.65591890644e-05
540	8.65360531296e-05
541	8.65146978541e-05
542	8.64971354946e-05
543	8.64857637481e-05
544	8.64569874292e-05
545	8.64302047037e-05
546	8.64077388168e-05
547	8.63816183194e-05
548	8.63468530841e-05
549	8.63096323449e-05
550	8.62730848105e-05
551	8.62293351865e-05
552	8.61958857345e-05
553	8.61514545283e-05
554	8.61128284508e-05
555	8.60819401798e-05
556	8.60502299328e-05
557	8.60258133006e-05
558	8.5987941637e-05
559	8.59541978653e-05
560	8.59156331971e-05
561	8.58733365614e-05
562	8.5832594352e-05
563	8.57831810681e-05
564	8.57351636488e-05
565	8.56871560103e-05
566	8.56294426699e-05
567	8.55765568045e-05
568	8.55311290826e-05
569	8.54932172687e-05
570	8.54497642953e-05
571	8.54043933202e-05
572	8.53640821458e-05
573	8.5314184906e-05
574	8.52755090129e-05
575	8.52201067042e-05
576	8.51642923724e-05
577	8.51019634528e-05
578	8.50416682513e-05
579	8.49817676658e-05
580	8.49282973355e-05
581	8.48668761514e-05
582	8.48147633528e-05
583	8.47593601803e-05
584	8.4709457957e-05
585	8.46637915951e-05
586	8.46048445372e-05
587	8.45489309027e-05
588	8.44887100267e-05
589	8.44268455769e-05
590	8.43644541053e-05
591	8.42934545703e-05
592	8.4222707279e-05
593	8.41554400109e-05
594	8.40832294762e-05
595	8.40173674431e-05
596	8.39563291973e-05
597	8.38901287804e-05
598	8.38415049282e-05
599	8.37769907984e-05
600	8.37118587511e-05
601	8.36495723009e-05
602	8.35769440391e-05
603	8.3512254917e-05
604	8.34392639643e-05
605	8.33588977556e-05
606	8.32792832736e-05
607	8.32048860459e-05
608	8.31235825127e-05
609	8.30474185651e-05
610	8.29815312404e-05
611	8.29174406511e-05
612	8.28440909892e-05
613	8.27757990901e-05
614	8.27033431731e-05
615	8.26371109149e-05
616	8.25610082807e-05
617	8.24832218425e-05
618	8.24005385082e-05
619	8.23201436882e-05
620	8.22336024823e-05
621	8.21511559025e-05
622	8.20674070536e-05
623	8.19939310034e-05
624	8.191863052e-05
625	8.18399062651e-05
626	8.17740868805e-05
627	8.16979977628e-05
628	8.1621727065e-05
629	8.15441396867e-05
630	8.14629726633e-05
631	8.1378977371e-05
632	8.12935499426e-05
633	8.12079771909e-05
634	8.11149970264e-05
635	8.10307452504e-05
636	8.09465378712e-05
637	8.08652106104e-05
638	8.07891741704e-05
639	8.07143750231e-05
640	8.06372542513e-05
641	8.05581710215e-05
642	8.04781167741e-05
643	8.0398519802e-05
644	8.03073857132e-05
645	8.02191025739e-05
646	8.01276810363e-05
647	8.00415142326e-05
648	7.9947243555e-05
649	7.98581202762e-05
650	7.97741557311e-05
651	7.96978225744e-05
652	7.96178901168e-05
653	7.95423452056e-05
654	7.94640377649e-05
655	7.93803540797e-05
656	7.93050128155e-05
657	7.92127303532e-05
658	7.91310560402e-05
659	7.90435890237e-05
660	7.8941958778e-05
661	7.88514203929e-05
662	7.87593461722e-05
663	7.86771909787e-05
664	7.85940680497e-05
665	7.85200091538e-05
666	7.84362234499e-05
667	7.83589321263e-05
668	7.82769621665e-05
669	7.81908467472e-05
670	7.81036416811e-05
671	7.80210006402e-05
672	7.79276506966e-05
673	7.78350326748e-05
674	7.77387937222e-05
675	7.7646756441e-05
676	7.75567822092e-05
677	7.74699487695e-05
678	7.73925141252e-05
679	7.73051741528e-05
680	7.72258552832e-05
681	7.71396809729e-05
682	7.70601383791e-05
683	7.69610755829e-05
684	7.68717364903e-05
685	7.67803780483e-05
686	7.6675786179e-05
687	7.65814683991e-05
688	7.64857618355e-05
689	7.63888894231e-05
690	7.62984263669e-05
691	7.62155351996e-05
692	7.61293163225e-05
693	7.60355829585e-05
694	7.59496369923e-05
695	7.58586581143e-05
696	7.57603865433e-05
697	7.56663148857e-05
698	7.55605301053e-05
699	7.54599105374e-05
700	7.53549123586e-05
701	7.52528300365e-05
702	7.51506630978e-05
703	7.50540777559e-05
704	7.49611488254e-05
705	7.48684120196e-05
706	7.47710961394e-05
707	7.46814798718e-05
708	7.45743681583e-05
709	7.44700392921e-05
710	7.43644469498e-05
711	7.42554677613e-05
712	7.41455253997e-05
713	7.40304666303e-05
714	7.39232846032e-05
715	7.38203135467e-05
716	7.37192268233e-05
717	7.3620597197e-05
718	7.3518410123e-05
719	7.34189703702e-05
720	7.33135387647e-05
721	7.32044910148e-05
722	7.30937166685e-05
723	7.29741707757e-05
724	7.28630583697e-05
725	7.27419023552e-05
726	7.26278924286e-05
727	7.25131999081e-05
728	7.2409388393e-05
729	7.23029788829e-05
730	7.21977863413e-05
731	7.20902734094e-05
732	7.19804087244e-05
733	7.1871192566e-05
734	7.17519991612e-05
735	7.16313286387e-05
736	7.15094352977e-05
737	7.13866613379e-05
738	7.12612638142e-05
739	7.11462371439e-05
740	7.10320902829e-05
741	7.09207687365e-05
742	7.08138395914e-05
743	7.07019999674e-05
744	7.05911198514e-05
745	7.04682080095e-05
746	7.03507125147e-05
747	7.02270035446e-05
748	7.01046007573e-05
749	6.99765062829e-05
750	6.9853928727e-05
751	6.97283562745e-05
752	6.96105589636e-05
753	6.94940955e-05
754	6.93830233378e-05
755	6.9267014951e-05
756	6.91467814692e-05
757	6.90329214568e-05
758	6.8911207802e-05
759	6.8786927046e-05
760	6.86564460067e-05
761	6.8532160127e-05
762	6.84013487161e-05
763	6.82685595448e-05
764	6.81509792269e-05
765	6.80344735445e-05
766	6.79217669279e-05
767	6.78025808436e-05
768	6.76880585724e-05
769	6.75608522421e-05
770	6.74364501782e-05
771	6.73137126852e-05
772	6.71768024673e-05
773	6.70485819324e-05
774	6.69181457045e-05
775	6.67876919658e-05
776	6.66701091153e-05
777	6.65469238252e-05
778	6.64339668152e-05
779	6.63098124352e-05
780	6.61913334768e-05
781	6.60632487417e-05
782	6.59451541077e-05
783	6.58121622051e-05
784	6.56804829305e-05
785	6.5548661695e-05
786	6.54181004876e-05
787	6.52863180035e-05
788	6.51691957955e-05
789	6.50481100992e-05
790	6.49315356165e-05
791	6.48057425731e-05
792	6.46824974858e-05
793	6.45557337815e-05
794	6.44286894117e-05
795	6.42933693431e-05
796	6.41593857956e-05
797	6.40305447098e-05
798	6.39017296022e-05
799	6.37747436228e-05
800	6.36583288675e-05
801	6.35362426009e-05
802	6.34184737333e-05
803	6.3293893522e-05
804	6.31705757467e-05
805	6.3036223398e-05
806	6.29105643398e-05
807	6.27768665859e-05
808	6.26467556905e-05
809	6.25408565694e-05
810	6.24339008473e-05
811	6.23441117629e-05
812	6.22472608899e-05
813	6.21591054716e-05
814	6.2063377316e-05
815	6.19627327075e-05
816	6.18629313892e-05
817	6.17569928938e-05
818	6.16520045931e-05
819	6.15385642755e-05
820	6.14293283345e-05
821	6.13271331027e-05
822	6.12214965085e-05
823	6.11246595617e-05
824	6.10266328259e-05
825	6.09264846605e-05
826	6.08287170448e-05
827	6.07261825118e-05
828	6.06176598246e-05
829	6.0510407298e-05
830	6.0398230003e-05
831	6.02849199012e-05
832	6.0176917037e-05
833	6.00674569735e-05
834	5.99680754709e-05
835	5.98716635557e-05
836	5.97703968686e-05
837	5.96672913022e-05
838	5.95656859887e-05
839	5.9456775551e-05
840	5.93472083037e-05
841	5.92307686583e-05
842	5.91196762302e-05
843	5.90088462029e-05
844	5.88969652024e-05
845	5.87975847409e-05
846	5.86918327664e-05
847	5.85983110697e-05
848	5.84889143461e-05
849	5.83863845562e-05
850	5.82800424967e-05
851	5.81710485418e-05
852	5.8057401068e-05
853	5.79481175282e-05
854	5.78310538982e-05
855	5.77173501999e-05
856	5.7613182297e-05
857	5.75144097129e-05
858	5.74140751552e-05
859	5.73065917108e-05
860	5.72085078175e-05
861	5.70999308903e-05
862	5.6990029829e-05
863	5.68783344749e-05
864	5.67682923504e-05
865	5.66567323446e-05
866	5.65408517781e-05
867	5.64339630013e-05
868	5.63318978928e-05
869	5.62265672832e-05
870	5.61300544478e-05
871	5.60218633659e-05
872	5.59277428958e-05
873	5.58114504932e-05
874	5.57071867936e-05
875	5.55952304501e-05
876	5.54827187175e-05
877	5.53707055668e-05
878	5.5263654005e-05
879	5.51582655456e-05
880	5.5054684246e-05
881	5.49520030991e-05
882	5.48576584512e-05
883	5.47536900721e-05
884	5.46480523565e-05
885	5.45430517137e-05
886	5.4434726455e-05
887	5.432182305e-05
888	5.42145086899e-05
889	5.41033705348e-05
890	5.39941645593e-05
891	5.38930183907e-05
892	5.37916484793e-05
893	5.36913672292e-05
894	5.35963913104e-05
895	5.34897656069e-05
896	5.33855918657e-05
897	5.32845502555e-05
898	5.31733598353e-05
899	5.30651994896e-05
900	5.29543007647e-05
901	5.28502215651e-05
902	5.27439555671e-05
903	5.26438896746e-05
904	5.25429070134e-05
905	5.24444289331e-05
906	5.23515547582e-05
907	5.22448456223e-05
908	5.21432096473e-05
909	5.20390265556e-05
910	5.19306461424e-05
911	5.18300403896e-05
912	5.1721593739e-05
913	5.1612909031e-05
914	5.15087765694e-05
915	5.1405272933e-05
916	5.13145364289e-05
917	5.12156790031e-05
918	5.11183351733e-05
919	5.10231245764e-05
920	5.09206560973e-05
921	5.08154442538e-05
922	5.0716787317e-05
923	5.06153220335e-05
924	5.05101260139e-05
925	5.04050251171e-05
926	5.03010036495e-05
927	5.0202269444e-05
928	5.01057107519e-05
929	5.00121275425e-05
930	4.99164286681e-05
931	4.98131310123e-05
932	4.97191906326e-05
933	4.96217250146e-05
934	4.95220897324e-05
935	4.94199062139e-05
936	4.93202016916e-05
937	4.92190483741e-05
938	4.91190217967e-05
939	4.90181426114e-05
940	4.89244603956e-05
941	4.88300726765e-05
942	4.87323386976e-05
943	4.86358754958e-05
944	4.85452722778e-05
945	4.8449072315e-05
946	4.83548465268e-05
947	4.82541308361e-05
948	4.81596423031e-05
949	4.80885209296e-05
950	4.79777777264e-05
951	4.79007422411e-05
952	4.78114010829e-05
953	4.77168003401e-05
954	4.76262641085e-05
955	4.75236712319e-05
956	4.74225100696e-05
957	4.73208375444e-05
958	4.72147440523e-05
959	4.71216309734e-05
960	4.70171664893e-05
961	4.69181755821e-05
962	4.68114125303e-05
963	4.67020472276e-05
964	4.65967761073e-05
965	4.64935192605e-05
966	4.63883247303e-05
967	4.62841546272e-05
968	4.61868088726e-05
969	4.60874227384e-05
970	4.59886947371e-05
971	4.58898752959e-05
972	4.5792271141e-05
973	4.56953184125e-05
974	4.55934544266e-05
975	4.54947279933e-05
976	4.53968682753e-05
977	4.52991390535e-05
978	4.51975324109e-05
979	4.50923939962e-05
980	4.49998533511e-05
981	4.4896223193e-05
982	4.47969302828e-05
983	4.46994021998e-05
984	4.46066629857e-05
985	4.45119757462e-05
986	4.44183626753e-05
987	4.43260830838e-05
988	4.42309491001e-05
989	4.41426661615e-05
990	4.40489607913e-05
991	4.39553915e-05
992	4.3861378584e-05
993	4.37702849988e-05
994	4.3676056955e-05
995	4.35791717151e-05
996	4.34808508389e-05
997	4.33936321362e-05
998	4.32965042825e-05
999	4.32026758003e-05
1000	4.31166551161e-05
1001	4.30262092584e-05
1002	4.29432629081e-05
1003	4.2852863392e-05
1004	4.2768392861e-05
1005	4.26791645217e-05
1006	4.25879095778e-05
1007	4.24971096266e-05
1008	4.2413170836e-05
1009	4.23253522427e-05
1010	4.22387921292e-05
1011	4.21507980106e-05
1012	4.20595756648e-05
1013	4.19699883666e-05
1014	4.18824928506e-05
1015	4.17958640428e-05
1016	4.17116682107e-05
1017	4.16237541447e-05
1018	4.15423369062e-05
1019	4.146133191e-05
1020	4.1381849154e-05
1021	4.12961733203e-05
1022	4.12144942021e-05
1023	4.11294202245e-05
1024	4.10479858746e-05
1025	4.09665308398e-05
1026	4.08777257821e-05
1027	4.0794023616e-05
1028	4.07110877468e-05
1029	4.06288577414e-05
1030	4.05465669929e-05
1031	4.04559085827e-05
1032	4.03854074306e-05
1033	4.03029034384e-05
1034	4.02256851726e-05
1035	4.01514034978e-05
1036	4.00707377702e-05
1037	3.99917067634e-05
1038	3.99193355517e-05
1039	3.98407233035e-05
1040	3.97604665483e-05
1041	3.96803123602e-05
1042	3.96000872176e-05
1043	3.9526820587e-05
1044	3.94470052581e-05
1045	3.93723187566e-05
1046	3.92970930816e-05
1047	3.92134330882e-05
1048	3.91406211366e-05
1049	3.90625282976e-05
1050	3.89819375133e-05
1051	3.89144046884e-05
1052	3.88464652125e-05
1053	3.87724573028e-05
1054	3.87056715027e-05
1055	3.86305221837e-05
1056	3.8553843338e-05
1057	3.84862712985e-05
1058	3.84094579929e-05
1059	3.83410272457e-05
1060	3.82634546721e-05
1061	3.81922809434e-05
1062	3.81225189637e-05
1063	3.80491848541e-05
1064	3.7976197782e-05
1065	3.79068351194e-05
1066	3.78332925475e-05
1067	3.77702034935e-05
1068	3.76986631158e-05
1069	3.76338358756e-05
1070	3.75673342223e-05
1071	3.74994388659e-05
1072	3.74359064646e-05
1073	3.73713623667e-05
1074	3.72979271723e-05
1075	3.72320203522e-05
1076	3.71726261519e-05
1077	3.71028510057e-05
1078	3.70376877623e-05
1079	3.69680029395e-05
1080	3.69095605393e-05
1081	3.68416085781e-05
1082	3.67776584234e-05
1083	3.67100267087e-05
1084	3.66444461947e-05
1085	3.6581607921e-05
1086	3.65202629734e-05
1087	3.64544682973e-05
1088	3.63947227007e-05
1089	3.63368849294e-05
1090	3.62788239863e-05
1091	3.62143143887e-05
1092	3.61585003238e-05
1093	3.60953767426e-05
1094	3.60367766582e-05
1095	3.59773829873e-05
1096	3.59150585457e-05
1097	3.58562008197e-05
1098	3.57940052469e-05
1099	3.57280652673e-05
1100	3.56730996163e-05
1101	3.56201253818e-05
1102	3.55553111929e-05
1103	3.54971252958e-05
1104	3.54362292529e-05
1105	3.53830207501e-05
1106	3.53289777413e-05
1107	3.52723720458e-05
1108	3.52147542011e-05
1109	3.51634197507e-05
1110	3.51056377405e-05
1111	3.50498671018e-05
1112	3.49988038381e-05
1113	3.49398807942e-05
1114	3.48889582813e-05
1115	3.48300028894e-05
1116	3.47792733977e-05
1117	3.4722623645e-05
1118	3.46668555665e-05
1119	3.46136085984e-05
1120	3.45614877412e-05
1121	3.45019243534e-05
1122	3.44530947499e-05
1123	3.44000855427e-05
1124	3.43507609411e-05
1125	3.42966513755e-05
1126	3.42503409295e-05
1127	3.41967611746e-05
1128	3.41461208886e-05
1129	3.40996185917e-05
1130	3.40480106301e-05
1131	3.39991710255e-05
1132	3.39496200805e-05
1133	3.39214611319e-05
1134	3.38919665181e-05
1135	3.38564400963e-05
1136	3.38315925976e-05
1137	3.38000080068e-05
1138	3.37704055044e-05
1139	3.37386990275e-05
1140	3.37080239015e-05
1141	3.36738354119e-05
1142	3.36457526888e-05
1143	3.36162743618e-05
1144	3.35892054589e-05
1145	3.35617460983e-05
1146	3.35289439901e-05
1147	3.35009380772e-05
1148	3.34733811668e-05
1149	3.34368514464e-05
1150	3.3410502024e-05
1151	3.3378279813e-05
1152	3.33468305355e-05
1153	3.33158232429e-05
1154	3.32832846015e-05
1155	3.32498159972e-05
1156	3.32151119129e-05
1157	3.31884300393e-05
1158	3.31580579016e-05
1159	3.31219088057e-05
1160	3.30896911018e-05
1161	3.3061013563e-05
1162	3.30301591874e-05
1163	3.30016458753e-05
1164	3.29705643748e-05
1165	3.29370880552e-05
1166	3.2908703632e-05
1167	3.28797585512e-05
1168	3.28446485751e-05
1169	3.28144291813e-05
1170	3.27841174745e-05
1171	3.27570434201e-05
1172	3.27268937738e-05
1173	3.26915731399e-05
1174	3.26606812376e-05
1175	3.26284865764e-05
1176	3.25943313244e-05
1177	3.25627501658e-05
1178	3.25302308313e-05
1179	3.24994719208e-05
1180	3.24714818007e-05
1181	3.24426570175e-05
1182	3.2405989622e-05
1183	3.23823239775e-05
1184	3.23522567957e-05
1185	3.23209562129e-05
1186	3.22918031056e-05
1187	3.22635129016e-05
1188	3.22324180099e-05
1189	3.22056177089e-05
1190	3.2174669143e-05
1191	3.2143854894e-05
1192	3.21117777492e-05
1193	3.20783845228e-05
1194	3.2051736088e-05
1195	3.20149623646e-05
1196	3.19881110528e-05
1197	3.19589790104e-05
1198	3.19253914003e-05
1199	3.18933843061e-05
1200	3.18652205747e-05
1201	3.18364134341e-05
1202	3.18104089391e-05
1203	3.17831049109e-05
1204	3.17514170174e-05
1205	3.17268863231e-05
1206	3.16920423673e-05
1207	3.16685314086e-05
1208	3.16378697533e-05
1209	3.16083266005e-05
1210	3.15842668934e-05
1211	3.15444966922e-05
1212	3.15112354202e-05
1213	3.14808885625e-05
1214	3.14464248273e-05
1215	3.14064513767e-05
1216	3.13744975956e-05
1217	3.1340581837e-05
1218	3.13028157997e-05
1219	3.12666250239e-05
1220	3.12269829418e-05
1221	3.11878680326e-05
1222	3.11467999452e-05
1223	3.11084810664e-05
1224	3.10731438842e-05
1225	3.104105739e-05
1226	3.10024335179e-05
1227	3.09662476576e-05
1228	3.09297152318e-05
1229	3.08870646003e-05
1230	3.08556345724e-05
1231	3.08213445973e-05
1232	3.07842585301e-05
1233	3.07501419797e-05
1234	3.07116469799e-05
1235	3.06746021973e-05
1236	3.06404823674e-05
1237	3.0608392387e-05
1238	3.05704808961e-05
1239	3.05348908407e-05
1240	3.04991631585e-05
1241	3.04662054352e-05
1242	3.04372796478e-05
1243	3.04023247122e-05
1244	3.03667546056e-05
1245	3.0334024604e-05
1246	3.03007807068e-05
1247	3.02673213699e-05
1248	3.02303157225e-05
1249	3.0192510212e-05
1250	3.01595050282e-05
1251	3.01319823225e-05
1252	3.00954363949e-05
1253	3.00625205339e-05
1254	3.00279688872e-05
1255	2.99939164547e-05
1256	2.99587850081e-05
1257	2.99320754915e-05
1258	2.98962951636e-05
1259	2.98646484722e-05
1260	2.98370809524e-05
1261	2.98048040597e-05
1262	2.97745659304e-05
1263	2.97405119898e-05
1264	2.97092402416e-05
1265	2.96814015269e-05
1266	2.96471712775e-05
1267	2.96133145803e-05
1268	2.95790876293e-05
1269	2.95437536208e-05
1270	2.9515717556e-05
1271	2.94834572303e-05
1272	2.94560694412e-05
1273	2.94248254576e-05
1274	2.93921464674e-05
1275	2.93589001046e-05
1276	2.93331486771e-05
1277	2.93099292118e-05
1278	2.92723731921e-05
1279	2.9246111461e-05
1280	2.92174933993e-05
1281	2.91885376095e-05
1282	2.91580806759e-05
1283	2.91294302749e-05
1284	2.90957215213e-05
1285	2.90685040861e-05
1286	2.90359482957e-05
1287	2.90065095724e-05
1288	2.89791707397e-05
1289	2.89492858473e-05
1290	2.89185526403e-05
1291	2.8888830224e-05
1292	2.88572442765e-05
1293	2.88280778773e-05
1294	2.88083296629e-05
1295	2.87798274957e-05
1296	2.87500739243e-05
1297	2.87235541434e-05
1298	2.86921530947e-05
1299	2.8663707719e-05
1300	2.86337952984e-05
1301	2.86109355778e-05
1302	2.85831601015e-05
1303	2.85526723893e-05
1304	2.85262636503e-05
1305	2.84955833898e-05
1306	2.84676473954e-05
1307	2.84434110972e-05
1308	2.84139253455e-05
1309	2.83815171268e-05
1310	2.83560277582e-05
1311	2.83274090978e-05
1312	2.83029561624e-05
1313	2.82798916398e-05
1314	2.82529312282e-05
1315	2.82239374165e-05
1316	2.81969487239e-05
1317	2.81734244264e-05
1318	2.81482102135e-05
1319	2.81213428275e-05
1320	2.80960294084e-05
1321	2.8064219021e-05
1322	2.80437437737e-05
1323	2.80145722368e-05
1324	2.79844408e-05
1325	2.79602095528e-05
1326	2.79271488108e-05
1327	2.79056237569e-05
1328	2.78773995092e-05
1329	2.78496971149e-05
1330	2.78262681074e-05
1331	2.78011794115e-05
1332	2.77805049645e-05
1333	2.7755286132e-05
1334	2.77284006943e-05
1335	2.77031348865e-05
1336	2.76796524132e-05
1337	2.76554962122e-05
1338	2.76272723492e-05
1339	2.76036984981e-05
1340	2.75724678879e-05
1341	2.75380046054e-05
1342	2.75150320312e-05
1343	2.74909556129e-05
1344	2.74591943436e-05
1345	2.74362139224e-05
1346	2.74120996351e-05
1347	2.73956742812e-05
1348	2.73751249777e-05
1349	2.73535781947e-05
1350	2.73358115846e-05
1351	2.73106956381e-05
1352	2.72843010697e-05
1353	2.72611105e-05
1354	2.72394307887e-05
1355	2.72158920078e-05
1356	2.71934189817e-05
1357	2.71765148487e-05
1358	2.7165662173e-05
1359	2.71519312118e-05
1360	2.71378741236e-05
1361	2.71265402055e-05
1362	2.71162365744e-05
1363	2.71008100246e-05
1364	2.70873681488e-05
1365	2.7075855854e-05
1366	2.70668959655e-05
1367	2.70425969466e-05
1368	2.7024950305e-05
1369	2.70038530059e-05
1370	2.69918899449e-05
1371	2.6970610594e-05
1372	2.69429932044e-05
1373	2.69310072896e-05
1374	2.6910236076e-05
1375	2.68967219359e-05
1376	2.68755025203e-05
1377	2.68532088978e-05
1378	2.68341841387e-05
1379	2.68102135443e-05
1380	2.67951044561e-05
1381	2.67776839315e-05
1382	2.67529279763e-05
1383	2.67423270075e-05
1384	2.67178045897e-05
1385	2.67006748404e-05
1386	2.66856587175e-05
1387	2.6659850335e-05
1388	2.66449511911e-05
1389	2.66290193673e-05
1390	2.66112279989e-05
1391	2.6595775949e-05
1392	2.65751304053e-05
1393	2.65562327105e-05
1394	2.65382803257e-05
1395	2.65243525822e-05
1396	2.65082251628e-05
1397	2.648883111e-05
1398	2.64728957892e-05
1399	2.64541567178e-05
1400	2.64409612168e-05
1401	2.64158674527e-05
1402	2.64033081985e-05
1403	2.63847598999e-05
1404	2.63655804663e-05
1405	2.63490077e-05
1406	2.63356530352e-05
1407	2.63136742704e-05
1408	2.62999710412e-05
1409	2.6283226715e-05
1410	2.62643595417e-05
1411	2.62462091861e-05
1412	2.62297275986e-05
1413	2.62124895065e-05
1414	2.61876491746e-05
1415	2.61700855444e-05
1416	2.61523782365e-05
1417	2.61381802026e-05
1418	2.61171638225e-05
1419	2.61078403316e-05
1420	2.6080536866e-05
1421	2.60775542636e-05
1422	2.60666016428e-05
1423	2.60282121049e-05
1424	2.60187759809e-05
1425	2.59863237951e-05
1426	2.59661915658e-05
1427	2.59606587728e-05
1428	2.59209262087e-05
1429	2.58950693745e-05
1430	2.58833688203e-05
1431	2.58684712344e-05
1432	2.58470802432e-05
1433	2.5821010978e-05
1434	2.57824907532e-05
1435	2.57387360102e-05
1436	2.57047704189e-05
1437	2.56634973289e-05
1438	2.56317412323e-05
1439	2.55994885177e-05
1440	2.55685268418e-05
1441	2.55386439384e-05
1442	2.5505952374e-05
1443	2.54799720677e-05
1444	2.54496241536e-05
1445	2.54191420916e-05
1446	2.53874515006e-05
1447	2.53625909942e-05
1448	2.53300833158e-05
1449	2.53033123839e-05
1450	2.52786500041e-05
1451	2.52546876827e-05
1452	2.52232129861e-05
1453	2.51968973652e-05
1454	2.51675281189e-05
1455	2.51432261525e-05
1456	2.51170129382e-05
1457	2.50940852248e-05
1458	2.50713850351e-05
1459	2.50465857379e-05
1460	2.50230783815e-05
1461	2.49964353199e-05
1462	2.49709358827e-05
1463	2.49489275792e-05
1464	2.49290229347e-05
1465	2.49078155437e-05
1466	2.48863039328e-05
1467	2.4863841936e-05
1468	2.48397483002e-05
1469	2.48280145319e-05
1470	2.48098330389e-05
1471	2.47952316853e-05
1472	2.47781204301e-05
1473	2.47647269819e-05
1474	2.47521586381e-05
1475	2.47448718965e-05
1476	2.47332916705e-05
1477	2.4726638387e-05
1478	2.47230563612e-05
1479	2.47201280247e-05
1480	2.47178545229e-05
1481	2.47189646319e-05
1482	2.47197159723e-05
1483	2.4733514117e-05
1484	2.47358852756e-05
1485	2.47502536838e-05
1486	2.47668105257e-05
1487	2.4783891683e-05
1488	2.48073953101e-05
1489	2.48328005681e-05
1490	2.48686762916e-05
1491	2.49098327932e-05
1492	2.4952960119e-05
1493	2.50097796341e-05
1494	2.50716415475e-05
1495	2.5130211687e-05
1496	2.51654390568e-05
1497	2.51837960403e-05
1498	2.51975709904e-05
1499	2.52378104325e-05
1500	2.53091888889e-05
1501	2.54314994179e-05
1502	2.55572179526e-05
1503	2.56606638853e-05
1504	2.56976388792e-05
1505	2.57332931851e-05
1506	2.57668574066e-05
1507	2.57690749937e-05
1508	2.57171010879e-05
1509	2.56442828994e-05
1510	2.55752850044e-05
1511	2.54707583615e-05
1512	2.53511755337e-05
1513	2.52549986003e-05
1514	2.51390925432e-05
1515	2.49886774171e-05
1516	2.48555597799e-05
1517	2.47304726784e-05
1518	2.45718835379e-05
1519	2.44210292163e-05
1520	2.42401221417e-05
1521	2.40090040168e-05
1522	2.38271019088e-05
1523	2.36695111381e-05
1524	2.35032019224e-05
1525	2.34034037362e-05
1526	2.3272678315e-05
1527	2.3178919778e-05
1528	2.30947543808e-05
1529	2.30071730958e-05
1530	2.29634583924e-05
1531	2.29064756028e-05
1532	2.28674289292e-05
1533	2.28434564178e-05
1534	2.28141194724e-05
1535	2.28062987038e-05
1536	2.27889570409e-05
1537	2.2772556775e-05
1538	2.2776736741e-05
1539	2.27594110984e-05
1540	2.28200549525e-05
1541	2.30609660836e-05
1542	2.28514579254e-05
1543	2.29085326005e-05
1544	2.29648341132e-05
1545	2.30173859664e-05
1546	2.30374874246e-05
1547	2.30831418181e-05
1548	2.32052848686e-05
1549	2.3146622622e-05
1550	2.32371549927e-05
1551	2.27229164519e-05
1552	2.27609647398e-05
1553	2.32974144505e-05
1554	2.32135892859e-05
1555	2.16782851041e-05
1556	1.98909972795e-05
1557	1.86322209902e-05
1558	1.80685533205e-05
1559	1.7688455246e-05
1560	1.73261987134e-05
1561	1.70093614388e-05
1562	1.67170619893e-05
1563	1.64609243912e-05
1564	1.62287855785e-05
1565	1.6022885337e-05
1566	1.58439851776e-05
1567	1.56785490358e-05
1568	1.55221271545e-05
1569	1.53810563756e-05
1570	1.52506978702e-05
1571	1.51289637142e-05
1572	1.50193213041e-05
1573	1.49193723888e-05
1574	1.48165625036e-05
1575	1.47257656572e-05
1576	1.46355730023e-05
1577	1.45516687981e-05
1578	1.44739252813e-05
1579	1.43981019756e-05
1580	1.43237710105e-05
1581	1.42550237523e-05
1582	1.41853278498e-05
1583	1.41251819041e-05
1584	1.40631883457e-05
1585	1.400395997e-05
1586	1.3940894156e-05
1587	1.38873939117e-05
1588	1.38314431843e-05
1589	1.37834902929e-05
1590	1.37331601236e-05
1591	1.3673501391e-05
1592	1.36268511439e-05
1593	1.35780348395e-05
1594	1.35448491835e-05
1595	1.34890440251e-05
1596	1.34464744834e-05
1597	1.34049263427e-05
1598	1.33630530099e-05
1599	1.33237095368e-05
1600	1.32809390331e-05
1601	1.32451068901e-05
1602	1.32077943814e-05
1603	1.3166639634e-05
1604	1.31276507665e-05
1605	1.30902754181e-05
1606	1.30597838802e-05
1607	1.30235004203e-05
1608	1.29816336299e-05
1609	1.29540717719e-05
1610	1.29186660248e-05
1611	1.28866531641e-05
1612	1.28596724355e-05
1613	1.28247497534e-05
1614	1.27919900841e-05
1615	1.27604743763e-05
1616	1.27345022945e-05
1617	1.27015087648e-05
1618	1.26694342911e-05
1619	1.26382654555e-05
1620	1.260994023e-05
1621	1.25796785053e-05
1622	1.25535499489e-05
1623	1.25329253965e-05
1624	1.25011772033e-05
1625	1.24687250378e-05
1626	1.24459888222e-05
1627	1.24172204149e-05
1628	1.23848351038e-05
1629	1.23669069521e-05
1630	1.23395020382e-05
1631	1.23139174069e-05
1632	1.22835977936e-05
1633	1.2266946557e-05
1634	1.22402962624e-05
1635	1.22093912285e-05
1636	1.21999611178e-05
1637	1.2163092543e-05
1638	1.21449230835e-05
1639	1.21179864492e-05
1640	1.20906459241e-05
1641	1.20731324203e-05
1642	1.20461451766e-05
1643	1.20224120751e-05
1644	1.199684927e-05
1645	1.19795224359e-05
1646	1.1955843127e-05
1647	1.19402039516e-05
1648	1.19165450114e-05
1649	1.18871916436e-05
1650	1.18686679952e-05
1651	1.18453310915e-05
1652	1.18321020425e-05
1653	1.18061285053e-05
1654	1.17840404128e-05
1655	1.17612667651e-05
1656	1.17425960312e-05
1657	1.1721899206e-05
1658	1.16996334365e-05
1659	1.16765483775e-05
1660	1.16631891116e-05
1661	1.16424458374e-05
1662	1.16217179849e-05
1663	1.15971043838e-05
1664	1.15805194052e-05
1665	1.15616303898e-05
1666	1.15430020171e-05
1667	1.15229833077e-05
1668	1.15013249288e-05
1669	1.14854544794e-05
1670	1.14686794186e-05
1671	1.14459034663e-05
1672	1.14281554239e-05
1673	1.14129940727e-05
1674	1.13901358856e-05
1675	1.13747447289e-05
1676	1.13587216402e-05
1677	1.1337518187e-05
1678	1.13153335025e-05
1679	1.13003377512e-05
1680	1.12907759472e-05
1681	1.12664453989e-05
1682	1.12489688474e-05
1683	1.12230584427e-05
1684	1.12099128259e-05
1685	1.11976377791e-05
1686	1.11780312036e-05
1687	1.11609263122e-05
1688	1.11502113328e-05
1689	1.11278404968e-05
1690	1.1110226686e-05
1691	1.10945562211e-05
1692	1.10739932979e-05
1693	1.10590897506e-05
1694	1.10457335539e-05
1695	1.10281712069e-05
1696	1.10109684208e-05
1697	1.0992348863e-05
1698	1.09785825546e-05
1699	1.09650011167e-05
1700	1.09439882892e-05
1701	1.09288299163e-05
1702	1.09113548623e-05
1703	1.09020429169e-05
1704	1.08829513183e-05
1705	1.08614902567e-05
1706	1.08540611328e-05
1707	1.08345535315e-05
1708	1.08208612212e-05
1709	1.08012058955e-05
1710	1.07901966799e-05
1711	1.07757983696e-05
1712	1.07624710115e-05
1713	1.07435261451e-05
1714	1.07291931619e-05
1715	1.0709513953e-05
1716	1.06984306622e-05
1717	1.06843117868e-05
1718	1.06669436105e-05
1719	1.06517367588e-05
1720	1.06423508961e-05
1721	1.06216964662e-05
1722	1.06096410229e-05
1723	1.05933046742e-05
1724	1.05863948056e-05
1725	1.05621245348e-05
1726	1.05486847341e-05
1727	1.05340072495e-05
1728	1.05278355615e-05
1729	1.05132096477e-05
1730	1.04931579588e-05
1731	1.04795038041e-05
1732	1.04605445781e-05
1733	1.04480417996e-05
1734	1.04377278536e-05
1735	1.0425394065e-05
1736	1.04098021609e-05
1737	1.03977753428e-05
1738	1.03780366061e-05
1739	1.03622199915e-05
1740	1.03586303475e-05
1741	1.03446541023e-05
1742	1.03324582797e-05
1743	1.03119934956e-05
1744	1.03015518158e-05
1745	1.0287165798e-05
1746	1.02697430423e-05
1747	1.02590486894e-05
1748	1.02449865294e-05
1749	1.02293450926e-05
1750	1.02242303744e-05
1751	1.02047431956e-05
1752	1.01899996868e-05
1753	1.01742919995e-05
1754	1.01693592604e-05
1755	1.01566224995e-05
1756	1.01386612424e-05
1757	1.01299319594e-05
1758	1.01211918745e-05
1759	1.01053192601e-05
1760	1.00905179526e-05
1761	1.00732938832e-05
1762	1.00663234964e-05
1763	1.00525402031e-05
1764	1.00369048093e-05
1765	1.00271532758e-05
1766	1.00104132289e-05
1767	9.99898244005e-06
1768	1.00787308672e-05
1769	9.99975367822e-06
1770	1.00822188137e-05
1771	9.99451571698e-06
1772	1.0075382408e-05
1773	9.9817733201e-06
1774	1.00571178187e-05
1775	9.97222147028e-06
1776	1.00514855067e-05
1777	9.96978688108e-06
1778	1.00487746e-05
1779	9.97193863826e-06
1780	1.00438021478e-05
1781	9.95937189141e-06
1782	1.00354528618e-05
1783	9.95050086457e-06
1784	1.00279196688e-05
1785	9.94172803947e-06
1786	1.00129934235e-05
1787	9.93453631072e-06
1788	1.00132554816e-05
1789	9.92695627755e-06
1790	1.00054855132e-05
1791	9.92248305203e-06
1792	1.00010852817e-05
1793	9.91369088114e-06
1794	9.9973143094e-06
1795	1.00295790566e-05
1796	9.91405282015e-06
1797	9.98392458213e-06
1798	1.00118558181e-05
1799	9.91199818801e-06
1800	9.98665103793e-06
1801	1.00151254665e-05
1802	9.90940955386e-06
1803	9.98397258147e-06
1804	1.00070024517e-05
1805	9.90937264687e-06
1806	9.97839900713e-06
1807	1.0004658061e-05
1808	9.91012357521e-06
1809	9.98874368749e-06
1810	1.00137187317e-05
1811	9.89931055056e-06
1812	9.97714744028e-06
1813	1.00058173585e-05
1814	9.90233211137e-06
1815	9.97143406725e-06
1816	1.00011377579e-05
1817	9.89997846363e-06
1818	9.97647709361e-06
1819	1.00053201166e-05
1820	9.89493755156e-06
1821	9.97192487854e-06
1822	9.99197158689e-06
1823	1.0005762682e-05
1824	9.90088701037e-06
1825	9.97618334789e-06
1826	9.99815992123e-06
1827	1.00135546896e-05
1828	9.90026707351e-06
1829	9.96837167787e-06
1830	9.99487699255e-06
1831	1.00047217776e-05
1832	9.89684334912e-06
1833	9.9747640444e-06
1834	9.99762438459e-06
1835	1.00034236628e-05
1836	9.89584572417e-06
1837	9.96668459323e-06
1838	9.99258121023e-06
1839	1.00079929294e-05
1840	9.90528622194e-06
1841	9.98222778361e-06
1842	1.00093356971e-05
1843	9.89426800034e-06
1844	9.95832805385e-06
1845	9.98254795939e-06
1846	9.99555389599e-06
1847	1.00055831589e-05
1848	9.90029217824e-06
1849	9.97624314119e-06
1850	1.00098261155e-05
1851	9.89625184673e-06
1852	9.96991169356e-06
1853	9.99853794185e-06
1854	1.00107519504e-05
1855	9.89631181692e-06
1856	9.9718726934e-06
1857	9.99420224076e-06
1858	1.0002867497e-05
1859	9.88866553329e-06
1860	9.96003188197e-06
1861	9.98068074853e-06
1862	1.00089906432e-05
1863	9.89146801415e-06
1864	9.96225929259e-06
1865	9.98286607645e-06
1866	9.99559335755e-06
1867	1.00079587599e-05
1868	9.88834021745e-06
1869	9.96494530124e-06
1870	9.98877845404e-06
1871	9.99756427816e-06
1872	1.00072441251e-05
1873	9.89691169505e-06
1874	9.97694499075e-06
1875	9.99839066492e-06
1876	1.00104390821e-05
1877	9.89887860101e-06
1878	9.96553408897e-06
1879	9.98442028386e-06
1880	1.00051485437e-05
1881	9.88730333864e-06
1882	9.95812476642e-06
1883	9.98249910212e-06
1884	1.00014070674e-05
1885	9.88635087006e-06
1886	9.96032852087e-06
1887	9.98710256276e-06
1888	1.00016927717e-05
1889	9.88313495591e-06
1890	9.95323087129e-06
1891	9.97632416191e-06
1892	9.98524815663e-06
1893	9.99042466364e-06
1894	1.00009611846e-05
1895	9.8882078365e-06
1896	9.95666977219e-06
1897	9.98361742668e-06
1898	9.99469688383e-06
1899	9.99534858286e-06
1900	1.00037056659e-05
1901	9.89368727092e-06
1902	9.96155291693e-06
1903	9.98129830115e-06
1904	9.99091606748e-06
1905	1.00017519275e-05
1906	9.90300092956e-06
1907	9.96504657902e-06
1908	9.98886374275e-06
1909	9.99473962264e-06
1910	1.00049365879e-05
1911	9.89080076916e-06
1912	9.96291297451e-06
1913	9.97860970968e-06
1914	9.98729955481e-06
1915	9.99805342723e-06
1916	1.00055931819e-05
1917	9.89633361703e-06
1918	9.96609307056e-06
1919	9.98146352655e-06
1920	9.98654521728e-06
1921	9.99620261889e-06
1922	1.00004068981e-05
1923	9.89721120877e-06
1924	9.96709476659e-06
1925	9.99062475522e-06
1926	9.99840920107e-06
1927	1.00010081672e-05
1928	9.89339013017e-06
1929	9.95876867598e-06
1930	9.97693055926e-06
1931	9.99586331263e-06
1932	1.00056292494e-05
1933	9.89174408855e-06
1934	9.9598756918e-06
1935	9.97811194447e-06
1936	9.99130582505e-06
1937	9.99345739304e-06
1938	1.00061241042e-05
1939	9.8994402763e-06
1940	9.96192757667e-06
1941	9.9769314879e-06
1942	9.99048208542e-06
1943	9.99801950044e-06
1944	1.00044791171e-05
1945	9.89666068165e-06
1946	9.96424181945e-06
1947	9.97816417486e-06
1948	9.98435927533e-06
1949	9.99787800985e-06
1950	1.00016896665e-05
1951	9.89162769798e-06
1952	9.95759210061e-06
1953	9.97884853071e-06
1954	9.99903004134e-06
1955	1.00016354461e-05
1956	9.88857099466e-06
1957	9.95212686034e-06
1958	9.97936230657e-06
1959	9.9823910177e-06
1960	9.99388624259e-06
1961	1.00018299437e-05
1962	9.88478343893e-06
1963	9.94824917992e-06
1964	9.97226136355e-06
1965	9.98372193004e-06
1966	9.99295851675e-06
1967	9.99963486901e-06
1968	1.00103824526e-05
1969	9.88311205326e-06
1970	9.94822327936e-06
1971	9.97045490164e-06
1972	9.98785185048e-06
1973	9.99254123886e-06
1974	9.99716188389e-06
1975	1.00023287925e-05
1976	9.88807175944e-06
1977	9.94971364086e-06
1978	9.97618500976e-06
1979	9.97732301396e-06
1980	9.98907572458e-06
1981	1.00000371074e-05
1982	9.88711855708e-06
1983	9.95027138757e-06
1984	9.96444699095e-06
1985	9.97929296022e-06
1986	9.99576327988e-06
1987	9.9993913523e-06
1988	1.00074003154e-05
1989	9.88326174525e-06
1990	9.94381548027e-06
1991	9.97016843437e-06
1992	9.98325218433e-06
1993	9.98727597457e-06
1994	9.99893832289e-06
1995	9.99540149849e-06
1996	1.00029719247e-05
1997	9.88721534225e-06
1998	9.95544839072e-06
1999	9.98019001001e-06
2000	9.98979237782e-06
2001	9.99089409839e-06
2002	1.00024176593e-05
2003	9.88366366719e-06
2004	9.95544497307e-06
2005	9.9743594865e-06
2006	9.97898372508e-06
2007	9.98271364405e-06
2008	9.98902039005e-06
2009	9.98633362396e-06
2010	9.99190081617e-06
2011	1.0001044391e-05
2012	9.89130546812e-06
2013	9.96546858227e-06
2014	9.97455859986e-06
2015	9.98913475108e-06
2016	9.99477510217e-06
2017	9.99795027059e-06
2018	9.99915133147e-06
2019	9.99376725765e-06
2020	9.99676624636e-06
2021	1.00115422748e-05
2022	9.89304419604e-06
2023	9.95206060504e-06
2024	9.97817404861e-06
2025	9.99302167509e-06
2026	1.00069329599e-05
2027	9.87997441025e-06
2028	9.94741851916e-06
2029	9.96711050167e-06
2030	9.98963731249e-06
2031	9.98765025022e-06
2032	9.99745598613e-06
2033	9.99164247572e-06
2034	9.99209078296e-06
2035	9.99888344433e-06
2036	9.99830925863e-06
2037	1.00120389658e-05
2038	9.89137530572e-06
2039	9.9532337149e-06
2040	9.97652705522e-06
2041	9.98884632808e-06
2042	9.99198971657e-06
2043	9.99851002977e-06
2044	1.00019837374e-05
2045	9.88774047207e-06
2046	9.95738506497e-06
2047	9.96908712549e-06
2048	9.981400091e-06
2049	9.98322394844e-06
2050	9.99579498318e-06
2051	9.97974210093e-06
2052	9.98478142664e-06
2053	9.97996059966e-06
2054	9.98838846092e-06
