1	0.0572562251193
2	0.08613725602
3	0.00712156739846
4	0.00589964049952
5	0.00167697179736
6	0.0159392032563
7	0.0255054556488
8	0.00645094687405
9	0.00270985108177
10	0.0107043343417
11	0.0385843751688
12	0.00875715675432
13	0.00333281628333
14	0.00385529070681
15	0.00918937228732
16	0.0154514403571
17	0.00700968088026
18	0.00505945160889
19	0.00823434168058
20	0.00580960970947
21	0.00368241782288
22	0.00281670434581
23	0.0020581424851
24	0.00204813211229
25	0.00198277266794
26	0.00163185524523
27	0.00122742516742
28	0.00108823359632
29	0.00105804915802
30	0.00108941203728
31	0.0011404737598
32	0.00104355735119
33	0.000991149525935
34	0.00100044395157
35	0.000859809638749
36	0.000796172490961
37	0.000687402282742
38	0.000582506410921
39	0.000546606390061
40	0.000560741220268
41	0.000593136269583
42	0.000568840403461
43	0.000537826337462
44	0.000497514888484
45	0.000431374620286
46	0.000369828125153
47	0.000309185545505
48	0.000277053789314
49	0.000267280092931
50	0.000306576825183
51	0.000315321256736
52	0.000311827307102
53	0.000297946552608
54	0.000273372646327
55	0.000245353505282
56	0.000220418785442
57	0.000202011763649
58	0.000203127385221
59	0.000208866538519
60	0.000206840935626
61	0.000203284567089
62	0.000191686353027
63	0.000176966189712
64	0.000162870808438
65	0.000151246011495
66	0.000143594241935
67	0.000142700134178
68	0.000144205965949
69	0.000147199192302
70	0.000148567920267
71	0.000147403640122
72	0.000142783820486
73	0.000136299983149
74	0.000132158365172
75	0.000127243461577
76	0.0001259002731
77	0.000125043402092
78	0.000125120185831
79	0.000124272368695
80	0.000121900461422
81	0.000119270135161
82	0.000116572304411
83	0.000113657054697
84	0.000111826978305
85	0.000111008341286
86	0.000111751916089
87	0.000110052158131
88	0.000109962868448
89	0.000109677042461
90	0.00010910146051
91	0.000107647781719
92	0.00010662469391
93	0.000105889273589
94	0.000104016963336
95	0.000102977112441
96	0.000103134912679
97	0.00010197178111
98	0.000101519957255
99	0.000101057233519
100	0.000100463271467
101	9.94579566088e-05
102	9.85929474093e-05
103	9.79719390342e-05
104	9.74815339617e-05
105	9.69364790451e-05
106	9.61626057769e-05
107	9.57228067675e-05
108	9.51229425098e-05
109	9.47270734969e-05
110	9.40622328703e-05
111	9.34010172037e-05
112	9.26712193904e-05
113	9.2067271188e-05
114	9.13712292778e-05
115	9.0715714656e-05
116	8.99916526409e-05
117	8.93320416716e-05
118	8.87309994942e-05
119	8.81699143943e-05
120	8.75600557054e-05
121	8.68842392651e-05
122	8.61556808917e-05
123	8.58429226301e-05
124	8.55647259408e-05
125	8.52538907632e-05
126	8.48300371757e-05
127	8.44528543103e-05
128	8.39688422262e-05
129	8.35254165231e-05
130	8.31068283656e-05
131	8.26171525913e-05
132	8.22767540728e-05
133	8.1896510105e-05
134	8.16747654124e-05
135	8.12892990258e-05
136	8.08089244917e-05
137	8.02207633887e-05
138	7.98163012674e-05
139	7.93119716111e-05
140	7.89339615307e-05
141	7.84409637833e-05
142	7.80130802606e-05
143	7.76145828709e-05
144	7.69936250168e-05
145	7.65313814661e-05
146	7.59064839719e-05
147	7.53505161022e-05
148	7.47621127058e-05
149	7.41353779696e-05
150	7.35392020251e-05
151	7.30130694705e-05
152	7.24728380515e-05
153	7.1926851577e-05
154	7.148141725e-05
155	7.10537278941e-05
156	7.0462141114e-05
157	6.98151904924e-05
158	6.90821314505e-05
159	6.84894618466e-05
160	6.79166422943e-05
161	6.73239456749e-05
162	6.66488248073e-05
163	6.61459323044e-05
164	6.53581554932e-05
165	6.48353904354e-05
166	6.4285012144e-05
167	6.38392828054e-05
168	6.32081583609e-05
169	6.25041129344e-05
170	6.20516198862e-05
171	6.12833009112e-05
172	6.06408752217e-05
173	6.00300645996e-05
174	5.9686311268e-05
175	5.93101207468e-05
176	5.85894367443e-05
177	5.77075737555e-05
178	5.69924685416e-05
179	5.59241696634e-05
180	5.47002495953e-05
181	5.38809274616e-05
182	5.41567274327e-05
183	5.51528770173e-05
184	5.64056996212e-05
185	5.72468898133e-05
186	5.78190792957e-05
187	5.83871619883e-05
188	5.87622939582e-05
189	5.91677245999e-05
190	5.93466333383e-05
191	5.96880377715e-05
192	6.00133379476e-05
193	6.0224579716e-05
194	6.06568185898e-05
195	6.12549853884e-05
196	6.2028932935e-05
197	6.28793712176e-05
198	6.36046029037e-05
199	6.44851756575e-05
200	6.52823826725e-05
201	6.59339847253e-05
202	6.65799977009e-05
203	6.72604932939e-05
204	6.79081281655e-05
205	6.83715953386e-05
206	6.87329336509e-05
207	6.92048539772e-05
208	6.94967368344e-05
209	6.98825732487e-05
210	7.00412621764e-05
211	7.01622482327e-05
212	7.03977344994e-05
213	7.06769750711e-05
214	7.09294394666e-05
215	7.12744052817e-05
216	7.14924578651e-05
217	7.18456016862e-05
218	7.19812810584e-05
219	7.20952745373e-05
220	7.21315877871e-05
221	7.21657767616e-05
222	7.22488998687e-05
223	7.22566005743e-05
224	7.24049947266e-05
225	7.24660559858e-05
226	7.24073336614e-05
227	7.24919659983e-05
228	7.26056794748e-05
229	7.26393646815e-05
230	7.26722262217e-05
231	7.26242653605e-05
232	7.26581513746e-05
233	7.26937296955e-05
234	7.27259036076e-05
235	7.2774570017e-05
236	7.28808295151e-05
237	7.27968301327e-05
238	7.26796198783e-05
239	7.26402425351e-05
240	7.2751154549e-05
241	7.27410387814e-05
242	7.26539170153e-05
243	7.26292233807e-05
244	7.2608566919e-05
245	7.25859913486e-05
246	7.24677882542e-05
247	7.24861640968e-05
248	7.23812896825e-05
249	7.23738858844e-05
250	7.22759454863e-05
251	7.2263371677e-05
252	7.22684117072e-05
253	7.21542515288e-05
254	7.21441710615e-05
255	7.21099259667e-05
256	7.20222995136e-05
257	7.20378052216e-05
258	7.19806026649e-05
259	7.18998923334e-05
260	7.17235878145e-05
261	7.16359373982e-05
262	7.15784894812e-05
263	7.14502898423e-05
264	7.14789474519e-05
265	7.134342833e-05
266	7.11497742284e-05
267	7.09734028376e-05
268	7.06419051497e-05
269	7.06378321985e-05
270	7.07164177837e-05
271	7.08081759279e-05
272	7.07108624258e-05
273	7.03500139765e-05
274	7.03166428298e-05
275	7.03824814706e-05
276	6.99608190563e-05
277	6.98674921277e-05
278	6.98450311788e-05
279	6.96195407125e-05
280	6.95411683523e-05
281	6.95305762383e-05
282	6.9552190058e-05
283	6.94762121281e-05
284	6.91285251957e-05
285	6.9163380895e-05
286	6.91921999723e-05
287	6.91674803114e-05
288	6.90487898694e-05
289	6.88453649392e-05
290	6.84984766251e-05
291	6.83990789706e-05
292	6.82304088988e-05
293	6.79898856109e-05
294	6.7828230895e-05
295	6.79017913821e-05
296	6.7762002986e-05
297	6.76870430371e-05
298	6.75976778983e-05
299	6.74204450543e-05
300	6.73181742559e-05
301	6.71825120992e-05
302	6.69980974715e-05
303	6.67188712376e-05
304	6.65374460315e-05
305	6.62613166596e-05
306	6.58233097595e-05
307	6.5762085352e-05
308	6.57151776392e-05
309	6.55621492272e-05
310	6.54405067518e-05
311	6.51546234787e-05
312	6.5123846534e-05
313	6.50783088898e-05
314	6.49814610467e-05
315	6.47970017231e-05
316	6.44263640594e-05
317	6.42093297083e-05
318	6.37754869333e-05
319	6.40093869118e-05
320	6.40289684683e-05
321	6.39935173307e-05
322	6.38273759447e-05
323	6.38265337602e-05
324	6.38055098105e-05
325	6.37640647343e-05
326	6.37555005634e-05
327	6.37162095302e-05
328	6.32732662805e-05
329	6.36457559144e-05
330	6.38895151046e-05
331	6.41035164053e-05
332	6.40989915447e-05
333	6.4030222521e-05
334	6.4047912272e-05
335	6.41574884962e-05
336	6.41067741904e-05
337	6.41181005583e-05
338	6.38235268979e-05
339	6.42501797644e-05
340	6.39709948087e-05
341	6.46431423917e-05
342	6.45717310711e-05
343	6.45131837908e-05
344	6.43494223042e-05
345	6.40971527177e-05
346	6.46035447095e-05
347	6.46222491537e-05
348	6.49694437823e-05
349	6.51517591979e-05
350	6.51967624081e-05
351	6.52613797078e-05
352	6.53054435863e-05
353	6.49228309299e-05
354	6.51115151459e-05
355	6.52452398393e-05
356	6.56635126065e-05
357	6.58099181867e-05
358	6.55701596803e-05
359	6.56993018215e-05
360	6.56672109656e-05
361	6.48344114723e-05
362	6.48523411599e-05
363	6.57228541247e-05
364	6.61976610662e-05
365	6.63740102363e-05
366	6.64865150544e-05
367	6.63466608449e-05
368	6.66950767314e-05
369	6.69736338503e-05
370	6.70233574264e-05
371	6.74285424574e-05
372	6.75506291155e-05
373	6.75904392346e-05
374	6.76271617956e-05
375	6.77932011146e-05
376	6.80144230776e-05
377	6.79749140499e-05
378	6.82918636997e-05
379	6.85429081589e-05
380	6.86849021768e-05
381	6.86879188696e-05
382	6.85933689463e-05
383	6.86496880627e-05
384	6.88263444431e-05
385	6.87761499922e-05
386	6.84107935029e-05
387	6.84951265423e-05
388	6.83208360481e-05
389	6.81568657975e-05
390	6.7948566415e-05
391	6.76065414584e-05
392	6.67901306012e-05
393	6.58145075229e-05
394	6.58428885685e-05
395	6.56861025116e-05
396	6.54064664968e-05
397	6.61602846015e-05
398	6.71739227647e-05
399	6.7808938084e-05
400	6.79561053912e-05
401	6.84993034513e-05
402	6.94653760795e-05
403	7.00023307304e-05
404	6.94898254957e-05
405	6.89820925839e-05
406	6.97085135646e-05
407	6.9917337955e-05
408	6.99207306487e-05
409	6.99073675666e-05
410	7.06882952114e-05
411	7.41661870569e-05
412	7.58104591332e-05
413	7.68348912279e-05
414	7.75727497278e-05
415	7.81523622185e-05
416	7.86344128669e-05
417	7.90516053118e-05
418	7.9423292157e-05
419	7.97612532657e-05
420	8.00730520865e-05
421	8.03640033203e-05
422	8.06375763133e-05
423	8.08963762938e-05
424	8.11426161749e-05
425	8.13780046619e-05
426	8.16043848136e-05
427	8.18235943303e-05
428	8.20370474086e-05
429	8.22460002998e-05
430	8.24534393519e-05
431	8.26509267481e-05
432	8.28493818214e-05
433	8.30491576891e-05
434	8.32376097497e-05
435	8.34284426372e-05
436	8.3615668756e-05
437	8.37940478567e-05
438	8.39688911751e-05
439	8.41421453632e-05
440	8.43146837335e-05
441	8.44865511875e-05
442	8.46575873828e-05
443	8.48284696731e-05
444	8.49987250353e-05
445	8.51683682762e-05
446	8.53370297664e-05
447	8.5504484891e-05
448	8.56704185701e-05
449	8.58345992505e-05
450	8.59967542072e-05
451	8.61570162963e-05
452	8.63155041298e-05
453	8.64725680607e-05
454	8.66288477302e-05
455	8.67850052859e-05
456	8.69416947276e-05
457	8.70996288782e-05
458	8.72579155606e-05
459	8.74152429247e-05
460	8.75728759712e-05
461	8.7731614355e-05
462	8.78889113664e-05
463	8.80450965501e-05
464	8.81978283813e-05
465	8.8349688486e-05
466	8.8501966414e-05
467	8.86521192012e-05
468	8.88026727068e-05
469	8.89536234091e-05
470	8.91070882852e-05
471	8.92610109663e-05
472	8.94147324604e-05
473	8.95693144574e-05
474	8.97241547943e-05
475	8.98787125029e-05
476	9.00315841872e-05
477	9.01856751058e-05
478	9.03365946317e-05
479	9.04874295448e-05
480	9.06362841898e-05
481	9.07861005228e-05
482	9.09353282645e-05
483	9.10862641928e-05
484	9.12374908883e-05
485	9.13905700143e-05
486	9.15440036785e-05
487	9.16985821484e-05
488	9.18527761105e-05
489	9.20070914825e-05
490	9.21603457033e-05
491	9.23131515073e-05
492	9.24647608423e-05
493	9.26158902119e-05
494	9.27661952529e-05
495	9.29166715763e-05
496	9.30673717725e-05
497	9.32191908964e-05
498	9.33721482246e-05
499	9.3526607484e-05
500	9.36819395235e-05
501	9.38382353495e-05
502	9.39946188946e-05
503	9.41510238641e-05
504	9.43067724636e-05
505	9.44618214817e-05
506	9.4615909815e-05
507	9.4769459498e-05
508	9.49225324673e-05
509	9.50758699492e-05
510	9.52297439536e-05
511	9.53847218939e-05
512	9.55409919222e-05
513	9.56986669451e-05
514	9.58572981111e-05
515	9.60166876701e-05
516	9.61763112779e-05
517	9.63358678348e-05
518	9.64949371446e-05
519	9.66533706453e-05
520	9.68110883254e-05
521	9.69683364841e-05
522	9.71253313655e-05
523	9.72826155965e-05
524	9.74405968851e-05
525	9.75998785644e-05
526	9.77605490203e-05
527	9.79226529286e-05
528	9.80858634753e-05
529	9.82497422981e-05
530	9.84138354754e-05
531	9.8577831994e-05
532	9.87413815267e-05
533	9.89043250415e-05
534	9.90666393809e-05
535	9.9231448399e-05
536	9.93877774431e-05
537	9.9548251611e-05
538	9.97130572007e-05
539	9.98789199706e-05
540	0.000100045281115
541	0.000100212170858
542	0.000100380704423
543	0.00010054993369
544	0.00010071960942
545	0.000100889206545
546	0.000101058413702
547	0.000101227107074
548	0.000101395438192
549	0.000101563421375
550	0.00010173131761
551	0.000101899646865
552	0.000102068903654
553	0.000102239558128
554	0.000102411568144
555	0.000102585200794
556	0.000102759904773
557	0.000102935429866
558	0.000103111264252
559	0.000103287078
560	0.000103462603303
561	0.00010363753963
562	0.000103812241076
563	0.000103986620437
564	0.000104161175771
565	0.000104336387324
566	0.000104512694258
567	0.000104690318355
568	0.000104869459085
569	0.000105050070465
570	0.000105232008318
571	0.000105414650132
572	0.000105597585538
573	0.000105780573072
574	0.000105963281757
575	0.000106145693504
576	0.000106327812056
577	0.00010650978241
578	0.000106692160744
579	0.000106875199259
580	0.000107059489359
581	0.000107245205494
582	0.000107432418929
583	0.000107621000593
584	0.000107810701007
585	0.000108001094344
586	0.000108191846864
587	0.000108382625151
588	0.000108573239276
589	0.000108763488524
590	0.000108953715073
591	0.000109144094592
592	0.000109334948857
593	0.000109526656554
594	0.00010971961422
595	0.000109914018201
596	0.000110109966361
597	0.000110307341364
598	0.000110505757763
599	0.000110704862153
600	0.000110904321146
601	0.000111103870453
602	0.000111303352826
603	0.000111502843276
604	0.000111702449721
605	0.000111902459204
606	0.000112103093479
607	0.00011230472577
608	0.000112507669392
609	0.000112712087165
610	0.000112918013253
611	0.000113125298907
612	0.000113333597482
613	0.000113542556836
614	0.000113751946247
615	0.000113961465672
616	0.000114170929557
617	0.000114380585223
618	0.000114590386612
619	0.000114800693649
620	0.000115011804579
621	0.000115224021618
622	0.000115437678049
623	0.000115652887733
624	0.000115869649227
625	0.000116087717261
626	0.000116306752447
627	0.000116526503387
628	0.000116746603256
629	0.000116966819394
630	0.000117187147133
631	0.000117407644387
632	0.000117628577252
633	0.000117850294755
634	0.000118073060981
635	0.000118297214092
636	0.000118521890184
637	0.000118748650769
638	0.000118978485614
639	0.000119201354202
640	0.000119445002924
641	0.000119673339493
642	0.000119904854012
643	0.000120133710291
644	0.000120364217209
645	0.000120600373669
646	0.000120834831488
647	0.000121058463745
648	0.000121306556733
649	0.000121542070093
650	0.00012178189278
651	0.0001220108276
652	0.000122264730941
653	0.000122505069749
654	0.000122749564859
655	0.000122989887986
656	0.000123236840205
657	0.000123472304767
658	0.000123720498872
659	0.000123978637345
660	0.000124224257736
661	0.000124471123611
662	0.000124705125583
663	0.000124962290619
664	0.000125226335411
665	0.000125480863953
666	0.000125725652546
667	0.000125993057687
668	0.000126238786618
669	0.000126499594134
670	0.000126766649954
671	0.000127025662421
672	0.000127272504466
673	0.000127545679237
674	0.000127795371526
675	0.000128061515577
676	0.000128336485989
677	0.000128603709701
678	0.000128857276788
679	0.000129138547456
680	0.000129396381778
681	0.000129679294604
682	0.000129939095384
683	0.000130223844981
684	0.000130482550681
685	0.000130770049354
686	0.000131030386631
687	0.000131319237341
688	0.000131583526275
689	0.000131876480987
690	0.000132142750888
691	0.000132437726753
692	0.000132707545313
693	0.000133005994191
694	0.000133276691932
695	0.000133575387955
696	0.000133849218624
697	0.000134149667796
698	0.000134423808217
699	0.000134724960392
700	0.00013500045436
701	0.000135302790108
702	0.000135580513113
703	0.000135884495737
704	0.000136164257622
705	0.000136457922492
706	0.000136764640901
707	0.000137045552733
708	0.000137339878501
709	0.000137647680374
710	0.000137929853877
711	0.000138223859892
712	0.000138523715486
713	0.000138831051326
714	0.00013911327428
715	0.000139408533708
716	0.00013971026744
717	0.000140009720707
718	0.000140306847544
719	0.000140603389828
720	0.000140900454146
721	0.000141197697282
722	0.000141495076784
723	0.000141791986707
724	0.000142088541526
725	0.00014238435067
726	0.000142679520236
727	0.000142973948886
728	0.000143267335345
729	0.000143559593728
730	0.000143850098002
731	0.000144139206446
732	0.000144426099281
733	0.000144710153272
734	0.000144989685399
735	0.000145261868181
736	0.000145461936595
737	0.000145564802728
738	0.000145647697041
739	0.000145715782711
740	0.000145772348919
741	0.000145818540585
742	0.000145855044335
743	0.000145883865794
744	0.000145906500104
745	0.000145923078787
746	0.000145933639482
747	0.000145939415584
748	0.000145939108948
749	0.000145934580727
750	0.000145926149456
751	0.000145916278127
752	0.000145900563973
753	0.000145883263637
754	0.000145863068657
755	0.000145840992286
756	0.000145816662561
757	0.000145789624605
758	0.000145759585644
759	0.000145726383342
760	0.000145690770299
761	0.000145653306633
762	0.000145614294455
763	0.000145573502888
764	0.000145531223862
765	0.000145486943797
766	0.000145440572821
767	0.000145392706062
768	0.000145343185181
769	0.00014529177857
770	0.000145238149419
771	0.000145182484305
772	0.000145124926283
773	0.00014506526311
774	0.000145003591258
775	0.00014494090969
776	0.000144877509279
777	0.000144813518705
778	0.000144748359275
779	0.000144681950563
780	0.000144613985726
781	0.000144543586324
782	0.000144470705349
783	0.000144395625543
784	0.000144318965563
785	0.000144241249162
786	0.000144163042762
787	0.000144084487704
788	0.000144005796661
789	0.000143926653978
790	0.000143846706217
791	0.00014376494156
792	0.000143680716186
793	0.000143594935471
794	0.000143506684493
795	0.000143417029773
796	0.000143326398185
797	0.000143234875683
798	0.000143144809177
799	0.000143052364513
800	0.000142961674733
801	0.000142868899199
802	0.000142775523368
803	0.000142680171738
804	0.000142582577998
805	0.000142483470725
806	0.000142382621705
807	0.000142280714625
808	0.0001421784091
809	0.000142075987743
810	0.000141973682942
811	0.000141871489943
812	0.000141769077213
813	0.000141666122319
814	0.000141561614791
815	0.000141455182304
816	0.000141346698446
817	0.000141236747253
818	0.000141125759946
819	0.000141014039542
820	0.000140902068362
821	0.000140790087825
822	0.000140678967746
823	0.000140568003478
824	0.000140456575992
825	0.000140344331434
826	0.000140230608111
827	0.000140115051835
828	0.000139997779425
829	0.000139878861549
830	0.000139759091304
831	0.000139639347485
832	0.000139519779732
833	0.000139400819859
834	0.000139282326939
835	0.000139164164964
836	0.000139045064154
837	0.000138924800123
838	0.000138802952569
839	0.00013867935939
840	0.000138554098863
841	0.000138427679053
842	0.000138301005198
843	0.000138174457945
844	0.000138048585659
845	0.000137923481397
846	0.000137798901501
847	0.000137674159514
848	0.000137548335356
849	0.000137421184237
850	0.000137292141079
851	0.00013716136968
852	0.000137029262303
853	0.000136896852747
854	0.000136764612056
855	0.000136633089684
856	0.000136502734697
857	0.00013637316777
858	0.000136243436241
859	0.000136112850538
860	0.000135980885296
861	0.000135847399973
862	0.000135712243285
863	0.00013557566523
864	0.000135438204105
865	0.000135300828033
866	0.000135164295152
867	0.000135028917982
868	0.000134894907919
869	0.000134761334779
870	0.000134627254307
871	0.000134491941459
872	0.000134355169058
873	0.000134216696868
874	0.000134076530318
875	0.000133935231802
876	0.000133793406959
877	0.000133651878197
878	0.000133511464969
879	0.000133372400893
880	0.000133234565821
881	0.000133097050882
882	0.000132958866538
883	0.000132819336046
884	0.000132678032555
885	0.000132534926669
886	0.000132390662773
887	0.000132245587947
888	0.000132100674933
889	0.000131956702592
890	0.000131813825195
891	0.000131672013834
892	0.000131530903162
893	0.000131389500312
894	0.000131247222154
895	0.000131103658038
896	0.000130958376088
897	0.000130811599114
898	0.000130663535469
899	0.000130514871758
900	0.00013036666924
901	0.000130219196396
902	0.000130073064056
903	0.000129928349083
904	0.000129784285021
905	0.000129640055471
906	0.000129495156671
907	0.000129349111284
908	0.000129201679299
909	0.000129052815689
910	0.000128902616587
911	0.000128751806577
912	0.000128601142508
913	0.000128451237572
914	0.000128302572146
915	0.000128154954227
916	0.000128008061946
917	0.000127861480735
918	0.00012771421559
919	0.00012756588462
920	0.000127416147841
921	0.000127264953687
922	0.00012711258374
923	0.000126959267993
924	0.000126805566923
925	0.000126652252039
926	0.000126500056164
927	0.000126349187329
928	0.000126199501522
929	0.000126050442942
930	0.000125901254835
931	0.000125751300199
932	0.000125600064459
933	0.000125447465537
934	0.000125293457337
935	0.000125138242848
936	0.000124982499814
937	0.000124826755784
938	0.000124671541673
939	0.000124517235143
940	0.000124364280469
941	0.000124212339115
942	0.000124060846942
943	0.000123909494023
944	0.000123757071538
945	0.000123603716811
946	0.000123449198881
947	0.000123293161655
948	0.000123135781004
949	0.000120575722619
950	0.000120807568853
951	0.000118806944069
952	0.000117499179594
953	0.000116485289461
954	0.000115987935449
955	0.000115885427935
956	0.000115972231325
957	0.00011606618633
958	0.000116093211689
959	0.000116026412025
960	0.000115887761452
961	0.000115716993491
962	0.000115529021747
963	0.000115359845379
964	0.000115185011058
965	0.000115031778792
966	0.000114873699084
967	0.000114726502208
968	0.000114573996884
969	0.000114416720269
970	0.000114254477283
971	0.000114096694804
972	0.000113949987341
973	0.000113796598614
974	0.000113641587625
975	0.000113486049271
976	0.000113331156196
977	0.000113176964949
978	0.000113023377789
979	0.000112870320883
980	0.000112717719438
981	0.000112565706154
982	0.000112414295569
983	0.00011226362547
984	0.000112113636107
985	0.000111963924272
986	0.000111814072336
987	0.000111663792291
988	0.000111512870388
989	0.000111361214819
990	0.000111208436759
991	0.000111054628014
992	0.000110899974352
993	0.00011074470622
994	0.000110589102021
995	0.000110433434085
996	0.000110278259569
997	0.000110123681963
998	0.000109970049692
999	0.000109817621748
1000	0.000109665916214
1001	0.000109514905949
1002	0.000109367589794
1003	0.000109220706452
1004	0.000109064537862
1005	0.000108910345631
1006	0.000108756770322
1007	0.000108603523047
1008	0.000108449559924
1009	0.000108294507097
1010	0.000108138533401
1011	0.000107982112293
1012	0.000107825680069
1013	0.000107669460612
1014	0.000107513866297
1015	0.000107359089723
1016	0.000107205080161
1017	0.000107051732273
1018	0.000106898752253
1019	0.000106745920259
1020	0.000106592986462
1021	0.000106433478688
1022	0.000106281228369
1023	0.000106137794963
1024	0.000105972566317
1025	0.000105815668053
1026	0.000105660819852
1027	0.000105501669771
1028	0.0001053452103
1029	0.000105185150764
1030	0.000105028620427
1031	0.000104869500243
1032	0.000104714385287
1033	0.000104556463829
1034	0.000104402284672
1035	0.00010424488333
1036	0.000104090990652
1037	0.000103933449883
1038	0.00010377894959
1039	0.000103620231513
1040	0.000103464246945
1041	0.000103303992262
1042	0.000103146469144
1043	0.000102984741095
1044	0.000102825939109
1045	0.000102663490746
1046	0.000102504270389
1047	0.000102337356052
1048	0.00010218739288
1049	0.000102024899616
1050	0.000101859067528
1051	0.000101704714726
1052	0.000101547583382
1053	0.000101389228388
1054	0.000101229962246
1055	0.0001010704149
1056	0.000100910506012
1057	0.000100750064833
1058	0.000100589021569
1059	0.000100427188061
1060	0.000100264439884
1061	0.000100101107503
1062	9.99372738564e-05
1063	9.97731467058e-05
1064	9.96090011593e-05
1065	9.94451396106e-05
1066	9.92815978786e-05
1067	9.91182759875e-05
1068	9.89552212294e-05
1069	9.87923317289e-05
1070	9.86295835433e-05
1071	9.84667091705e-05
1072	9.83034844545e-05
1073	9.81397513178e-05
1074	9.79753803329e-05
1075	9.78102312293e-05
1076	9.76442151779e-05
1077	9.74775113886e-05
1078	9.73101039219e-05
1079	9.71421796361e-05
1080	9.69738379425e-05
1081	9.68052791996e-05
1082	9.66368618781e-05
1083	9.64687512682e-05
1084	9.63008404951e-05
1085	9.61333313618e-05
1086	9.59661232826e-05
1087	9.57992293732e-05
1088	9.56326053547e-05
1089	9.54659695236e-05
1090	9.52992575048e-05
1091	9.51322039118e-05
1092	9.49645582339e-05
1093	9.47963374259e-05
1094	9.46273357705e-05
1095	9.44576103425e-05
1096	9.42872773555e-05
1097	9.41163964739e-05
1098	9.39450336134e-05
1099	9.37734604856e-05
1100	9.36019587078e-05
1101	9.34307621007e-05
1102	9.32592305538e-05
1103	9.30884939178e-05
1104	9.29182151047e-05
1105	9.27479577184e-05
1106	9.25779557476e-05
1107	9.24081741379e-05
1108	9.22379473659e-05
1109	9.20680078073e-05
1110	9.18977235189e-05
1111	9.17261000587e-05
1112	9.15542999887e-05
1113	9.13818682486e-05
1114	9.12085676228e-05
1115	9.10344170868e-05
1116	9.08602315284e-05
1117	9.06854052625e-05
1118	9.05108710444e-05
1119	9.03365729976e-05
1120	9.01617740072e-05
1121	8.99877534479e-05
1122	8.9813723388e-05
1123	8.96402845409e-05
1124	8.94673392496e-05
1125	8.92941016201e-05
1126	8.91209435382e-05
1127	8.894840028e-05
1128	8.87751545647e-05
1129	8.86018447242e-05
1130	8.84278329311e-05
1131	8.82528873792e-05
1132	8.80779302341e-05
1133	8.79019300541e-05
1134	8.7725683473e-05
1135	8.75487272989e-05
1136	8.73714454849e-05
1137	8.71942531817e-05
1138	8.7016950888e-05
1139	8.68401546819e-05
1140	8.66631716569e-05
1141	8.64864376806e-05
1142	8.63102063504e-05
1143	8.61342627976e-05
1144	8.59590670936e-05
1145	8.57835173346e-05
1146	8.56078021165e-05
1147	8.54320655091e-05
1148	8.52561420132e-05
1149	8.50797518653e-05
1150	8.49027709778e-05
1151	8.47252487977e-05
1152	8.45471901222e-05
1153	8.43686231e-05
1154	8.41895517001e-05
1155	8.40102296301e-05
1156	8.38307983491e-05
1157	8.36513549608e-05
1158	8.34720364837e-05
1159	8.32930226605e-05
1160	8.31143130455e-05
1161	8.29358979333e-05
1162	8.27578451778e-05
1163	8.25800691062e-05
1164	8.24023937878e-05
1165	8.22246919191e-05
1166	8.20468280394e-05
1167	8.18687100559e-05
1168	8.16902249165e-05
1169	8.15113069413e-05
1170	8.13318632766e-05
1171	8.11518747765e-05
1172	8.09714211627e-05
1173	8.07905184652e-05
1174	8.0609233065e-05
1175	8.042774667e-05
1176	8.02460901797e-05
1177	8.00644355352e-05
1178	7.98828346351e-05
1179	7.97014348322e-05
1180	7.95202837965e-05
1181	7.93395071987e-05
1182	7.91590365671e-05
1183	7.89787647526e-05
1184	7.8798557342e-05
1185	7.8618270378e-05
1186	7.84377228761e-05
1187	7.82567801936e-05
1188	7.80754631984e-05
1189	7.78936704733e-05
1190	7.77112853611e-05
1191	7.75283351126e-05
1192	7.73449730623e-05
1193	7.71612424009e-05
1194	7.69772464216e-05
1195	7.67930687289e-05
1196	7.66089254475e-05
1197	7.64248988003e-05
1198	7.62410931583e-05
1199	7.60575840566e-05
1200	7.58744834747e-05
1201	7.56916661927e-05
1202	7.55089543101e-05
1203	7.53261787282e-05
1204	7.51433093436e-05
1205	7.49602087534e-05
1206	7.47767590473e-05
1207	7.45929258329e-05
1208	7.44085750476e-05
1209	7.42236768766e-05
1210	7.11921208231e-05
1211	7.14133690352e-05
1212	7.19179883149e-05
1213	6.99414481218e-05
1214	6.80517841427e-05
1215	6.93352236154e-05
1216	6.80664858534e-05
1217	6.70788624986e-05
1218	6.60625003528e-05
1219	6.54308033639e-05
1220	6.51067315597e-05
1221	6.5027089261e-05
1222	6.50425087801e-05
1223	6.50492793281e-05
1224	6.49900496995e-05
1225	6.48682517779e-05
1226	6.47002512082e-05
1227	6.45187717617e-05
1228	6.43286369994e-05
1229	6.41356387006e-05
1230	6.39671102225e-05
1231	6.38071850422e-05
1232	6.36472875819e-05
1233	6.34877439271e-05
1234	6.33228079145e-05
1235	6.31551344451e-05
1236	6.29881641866e-05
1237	6.2822628818e-05
1238	6.26581526833e-05
1239	6.24943576658e-05
1240	6.23310544347e-05
1241	6.21681416476e-05
1242	6.20058915066e-05
1243	6.18443771403e-05
1244	6.1683416781e-05
1245	6.15222681042e-05
1246	6.13609443645e-05
1247	6.12001977204e-05
1248	6.10386795744e-05
1249	6.08775754856e-05
1250	6.07165300166e-05
1251	6.05548112054e-05
1252	6.0393342933e-05
1253	6.02313586123e-05
1254	6.0069819989e-05
1255	5.99084414578e-05
1256	5.97466379625e-05
1257	5.95853660431e-05
1258	5.94244011854e-05
1259	5.92633898621e-05
1260	5.91022345461e-05
1261	5.89414605242e-05
1262	5.87805716815e-05
1263	5.8619293918e-05
1264	5.84580539436e-05
1265	5.82968781055e-05
1266	5.81355326791e-05
1267	5.79737115589e-05
1268	5.78121129904e-05
1269	5.76504595868e-05
1270	5.74885590215e-05
1271	5.73269711022e-05
1272	5.716520905e-05
1273	5.7003828939e-05
1274	5.68427176624e-05
1275	5.66819910729e-05
1276	5.65214477124e-05
1277	5.63605288676e-05
1278	5.61994491901e-05
1279	5.60384942791e-05
1280	5.58775867815e-05
1281	5.57164237585e-05
1282	5.55546654275e-05
1283	5.5392807653e-05
1284	5.52306814115e-05
1285	5.50679483081e-05
1286	5.49052741509e-05
1287	5.47425516541e-05
1288	5.45794863555e-05
1289	5.44167424667e-05
1290	5.42542157329e-05
1291	5.40915957122e-05
1292	5.39294653851e-05
1293	5.37676135688e-05
1294	5.36055894291e-05
1295	5.34440011973e-05
1296	5.32825184858e-05
1297	5.31207680759e-05
1298	5.29589782104e-05
1299	5.2796596854e-05
1300	5.26340390004e-05
1301	5.2471194713e-05
1302	5.23077166611e-05
1303	5.21440829122e-05
1304	5.19803130588e-05
1305	5.18160826511e-05
1306	5.16519619302e-05
1307	5.14879832227e-05
1308	5.13240270777e-05
1309	5.11604160686e-05
1310	5.09967450663e-05
1311	5.08333664603e-05
1312	5.0670505057e-05
1313	5.05074752531e-05
1314	5.03444061365e-05
1315	5.01813490832e-05
1316	5.0017659803e-05
1317	4.98539554701e-05
1318	4.96895163058e-05
1319	4.9524702585e-05
1320	4.93598520318e-05
1321	4.91943239365e-05
1322	4.90284916723e-05
1323	4.88628136788e-05
1324	4.86965989322e-05
1325	4.85308302107e-05
1326	4.83648229064e-05
1327	4.81988993689e-05
1328	4.80337660404e-05
1329	4.78684943824e-05
1330	4.77031644961e-05
1331	4.75382411824e-05
1332	4.73725727171e-05
1333	4.72070110482e-05
1334	4.70405767507e-05
1335	4.68733458067e-05
1336	4.67059664288e-05
1337	4.65375745155e-05
1338	4.63683147918e-05
1339	4.61989912813e-05
1340	4.6028761352e-05
1341	4.58589739746e-05
1342	4.56891819889e-05
1343	4.55199839423e-05
1344	4.53524598695e-05
1345	4.51857835381e-05
1346	4.50199410839e-05
1347	4.48552690459e-05
1348	4.46903038163e-05
1349	4.45258129683e-05
1350	4.43606830959e-05
1351	4.41951023721e-05
1352	4.40300203965e-05
1353	4.38649437822e-05
1354	4.37005856846e-05
1355	4.35382997458e-05
1356	4.3377496755e-05
1357	4.32195306644e-05
1358	4.30635015927e-05
1359	4.29089444771e-05
1360	4.27558796501e-05
1361	4.26027566176e-05
1362	4.24490930887e-05
1363	4.22951267834e-05
1364	4.21394692583e-05
1365	4.19830019368e-05
1366	4.18247694001e-05
1367	4.16650247106e-05
1368	4.15045520262e-05
1369	4.13428051577e-05
1370	4.11803089863e-05
1371	4.10176376424e-05
1372	4.08537961388e-05
1373	4.06899117951e-05
1374	4.05250528882e-05
1375	4.03597447035e-05
1376	4.01944000052e-05
1377	4.00281468679e-05
1378	3.98612801489e-05
1379	3.96947008899e-05
1380	3.95275909518e-05
1381	3.9361047853e-05
1382	3.91940977551e-05
1383	3.90268818933e-05
1384	3.88599119479e-05
1385	3.86924174424e-05
1386	3.85247114651e-05
1387	3.83572697717e-05
1388	3.8189057593e-05
1389	3.80210748064e-05
1390	3.78526013104e-05
1391	3.76838279322e-05
1392	3.75152222335e-05
1393	3.73458661087e-05
1394	3.71759366655e-05
1395	3.70061610809e-05
1396	3.68356553562e-05
1397	3.66645703051e-05
1398	3.64935716111e-05
1399	3.63214662365e-05
1400	3.614939908e-05
1401	3.59764633857e-05
1402	3.58029768719e-05
1403	3.56288403634e-05
1404	3.54547269609e-05
1405	3.52795148748e-05
1406	3.51042409004e-05
1407	3.4927879634e-05
1408	3.47509545962e-05
1409	3.45739155938e-05
1410	3.43958310703e-05
1411	3.42168658793e-05
1412	3.40376549814e-05
1413	3.38572048485e-05
1414	3.36755756479e-05
1415	3.34934920383e-05
1416	3.33132890595e-05
1417	3.31339231384e-05
1418	3.29559773117e-05
1419	3.27769353393e-05
1420	2.972244073e-05
1421	2.98895917099e-05
1422	3.04973679054e-05
1423	2.85322368434e-05
1424	2.95062387921e-05
1425	2.7556733048e-05
1426	2.59377707853e-05
1427	2.75665585407e-05
1428	2.6548079458e-05
1429	2.55950942093e-05
1430	2.45679889456e-05
1431	2.39164559901e-05
1432	2.35926536016e-05
1433	2.35288408397e-05
1434	2.36155461918e-05
1435	2.36829734977e-05
1436	2.37075837946e-05
1437	2.36781856954e-05
1438	2.35976684994e-05
1439	2.34874606266e-05
1440	2.33686792799e-05
1441	2.32522400816e-05
1442	2.31435655387e-05
1443	2.30424814364e-05
1444	2.29462208983e-05
1445	2.28514316439e-05
1446	2.27594098055e-05
1447	2.26587114218e-05
1448	2.25577231997e-05
1449	2.24582822407e-05
1450	2.23532593547e-05
1451	2.22548107864e-05
1452	2.2147022156e-05
1453	2.20496065146e-05
1454	2.19403614411e-05
1455	2.18431551778e-05
1456	2.17340432216e-05
1457	2.16362261164e-05
1458	2.15266060632e-05
1459	2.14213981494e-05
1460	2.13225726841e-05
1461	2.12128072503e-05
1462	2.11109374472e-05
1463	2.10010563943e-05
1464	2.08987107392e-05
1465	2.07885636163e-05
1466	2.06850967578e-05
1467	2.05735734016e-05
1468	2.04691867943e-05
1469	2.0355765087e-05
1470	2.02511625319e-05
1471	2.01363260046e-05
1472	2.00306776472e-05
1473	1.99141141098e-05
1474	1.98007674872e-05
1475	1.96956693204e-05
1476	1.95761247694e-05
1477	1.94597083597e-05
1478	1.93436779232e-05
1479	1.9226598547e-05
1480	1.91079486813e-05
1481	1.89881946413e-05
1482	1.88669853139e-05
1483	1.87505841579e-05
1484	1.86181291919e-05
1485	1.84891559868e-05
1486	1.83601523508e-05
1487	1.82301578486e-05
1488	1.80989704339e-05
1489	1.79652165027e-05
1490	1.78282977076e-05
1491	1.76959314996e-05
1492	1.755086505e-05
1493	1.74055917314e-05
1494	1.72569492265e-05
1495	1.71240556345e-05
1496	1.70016454912e-05
1497	1.68932026779e-05
1498	1.67927626795e-05
1499	1.67036262704e-05
1500	1.66325078655e-05
1501	1.65715071995e-05
1502	1.65238491286e-05
1503	1.6482355631e-05
1504	1.64395566852e-05
1505	1.63956868938e-05
1506	1.63527865659e-05
1507	1.63101431607e-05
1508	1.62683316847e-05
1509	1.62280614287e-05
1510	1.61869683664e-05
1511	1.61462188605e-05
1512	1.61062486444e-05
1513	1.60758651197e-05
1514	1.60587328746e-05
1515	1.6051498888e-05
1516	1.60713819733e-05
1517	1.60942153991e-05
1518	1.61039312933e-05
1519	1.61183125621e-05
1520	1.61398962326e-05
1521	1.61662796568e-05
1522	1.61933249673e-05
1523	1.62190926147e-05
1524	1.62453614676e-05
1525	1.62685954292e-05
1526	1.62916155279e-05
1527	1.63119250322e-05
1528	1.63308271202e-05
1529	1.63482794753e-05
1530	1.63654981207e-05
1531	1.63846923614e-05
1532	1.640429774e-05
1533	1.64212132715e-05
1534	1.64338363614e-05
1535	1.64436182629e-05
1536	1.6450606588e-05
1537	1.64552902362e-05
1538	1.64579993594e-05
1539	1.64592474275e-05
1540	1.64572536808e-05
1541	1.64524751788e-05
1542	1.64629681154e-05
1543	1.64708249041e-05
1544	1.64728351329e-05
1545	1.64719861728e-05
1546	1.64675420062e-05
1547	1.64620136936e-05
1548	1.64698687794e-05
1549	1.65127313095e-05
1550	1.65717949691e-05
1551	1.66527697186e-05
1552	1.67355734755e-05
1553	1.68384564569e-05
1554	1.69764025026e-05
1555	1.71516030834e-05
1556	1.73357832777e-05
1557	1.75167712325e-05
1558	1.76670791213e-05
1559	1.77946082609e-05
1560	1.79062803223e-05
1561	1.80061467403e-05
1562	1.80955844548e-05
1563	1.81811431982e-05
1564	1.82591958662e-05
1565	1.83314622264e-05
1566	1.83998828192e-05
1567	1.84617038291e-05
1568	1.85190998803e-05
1569	1.85723843485e-05
1570	1.86236851935e-05
1571	1.86783424653e-05
1572	1.87206821165e-05
1573	1.87603743907e-05
1574	1.879939595e-05
1575	1.8840584996e-05
1576	1.88736554643e-05
1577	1.89063942392e-05
1578	1.89379625903e-05
1579	1.89660555873e-05
1580	1.89941743647e-05
1581	1.90233183604e-05
1582	1.90460568795e-05
1583	1.90691724094e-05
1584	1.90906486813e-05
1585	1.9110030788e-05
1586	1.91299108273e-05
1587	1.91498322054e-05
1588	1.91652763189e-05
1589	1.91812412414e-05
1590	1.91957587603e-05
1591	1.92090124084e-05
1592	1.92226388244e-05
1593	1.92352873903e-05
1594	1.92460378171e-05
1595	1.92568028605e-05
1596	1.92654191662e-05
1597	1.92740768412e-05
1598	1.92828368625e-05
1599	1.92908460646e-05
1600	1.92957068937e-05
1601	1.93011799018e-05
1602	1.93065532164e-05
1603	1.93118795273e-05
1604	1.93161991617e-05
1605	1.93166382932e-05
1606	1.93198410558e-05
1607	1.93231990259e-05
1608	1.93258428526e-05
1609	1.93271346264e-05
1610	1.93246861868e-05
1611	1.9324106476e-05
1612	1.93246256893e-05
1613	1.93250307882e-05
1614	1.9324173883e-05
1615	1.93221311003e-05
1616	1.93193579921e-05
1617	1.93162115453e-05
1618	1.93128523687e-05
1619	1.93092105346e-05
1620	1.9305115784e-05
1621	1.93008736237e-05
1622	1.92928532433e-05
1623	1.92882144554e-05
1624	1.92844198103e-05
1625	1.92802971631e-05
1626	1.92748568745e-05
1627	1.92682639651e-05
1628	1.9261032939e-05
1629	1.92535686932e-05
1630	1.92460274032e-05
1631	1.92383824071e-05
1632	1.92304328684e-05
1633	1.92222808714e-05
1634	1.92139246651e-05
1635	1.9205155162e-05
1636	1.91959365899e-05
1637	1.9186610862e-05
1638	1.91770310761e-05
1639	1.91682558733e-05
1640	1.91570080362e-05
1641	1.91463269029e-05
1642	1.91358687692e-05
1643	1.91253487238e-05
1644	1.91145379133e-05
1645	1.91046467532e-05
1646	1.9092247875e-05
1647	1.90803591017e-05
1648	1.90686469443e-05
1649	1.90567660185e-05
1650	1.90448844561e-05
1651	1.90326415887e-05
1652	1.90203180401e-05
1653	1.90077164015e-05
1654	1.89947778789e-05
1655	1.89818346995e-05
1656	1.89686862835e-05
1657	1.89552447456e-05
1658	1.89418268694e-05
1659	1.89281200467e-05
1660	1.89144207575e-05
1661	1.89005182267e-05
1662	1.88863367932e-05
1663	1.88722015366e-05
1664	1.88577447706e-05
1665	1.88433538221e-05
1666	1.88286609065e-05
1667	1.88139491519e-05
1668	1.87989947786e-05
1669	1.87840283304e-05
1670	1.87688374179e-05
1671	1.87536344109e-05
1672	1.87382648156e-05
1673	1.87226870124e-05
1674	1.87071328725e-05
1675	1.86913502269e-05
1676	1.86755936773e-05
1677	1.8659607069e-05
1678	1.86436217062e-05
1679	1.86275061222e-05
1680	1.8611190002e-05
1681	1.8594937576e-05
1682	1.85784536302e-05
1683	1.85619410386e-05
1684	1.85454395809e-05
1685	1.85286688492e-05
1686	1.85118603989e-05
1687	1.84949986115e-05
1688	1.8478140002e-05
1689	1.84610066044e-05
1690	1.84438505519e-05
1691	1.84266573083e-05
1692	1.8409412761e-05
1693	1.8392088071e-05
1694	1.83746756106e-05
1695	1.83571702146e-05
1696	1.83396013302e-05
1697	1.83219672681e-05
1698	1.83042647682e-05
1699	1.82865246144e-05
1700	1.82687200294e-05
1701	1.82508375792e-05
1702	1.82328789763e-05
1703	1.82148507795e-05
1704	1.81967594017e-05
1705	1.81786113629e-05
1706	1.81604099391e-05
1707	1.81421567314e-05
1708	1.81238488157e-05
1709	1.81054889983e-05
1710	1.80870814115e-05
1711	1.80686247695e-05
1712	1.80501198981e-05
1713	1.80315670001e-05
1714	1.80129663555e-05
1715	1.79943187705e-05
1716	1.7975626566e-05
1717	1.79568899426e-05
1718	1.79381089825e-05
1719	1.79192805232e-05
1720	1.7900409956e-05
1721	1.78814992629e-05
1722	1.7862549031e-05
1723	1.78435618742e-05
1724	1.78245138577e-05
1725	1.78054364715e-05
1726	1.77863217692e-05
1727	1.77671782787e-05
1728	1.77480064799e-05
1729	1.77288337823e-05
1730	1.770958847e-05
1731	1.76903073336e-05
1732	1.76710035761e-05
1733	1.76516790826e-05
1734	1.76323281895e-05
1735	1.76129659677e-05
1736	1.75935531285e-05
1737	1.75740962691e-05
1738	1.75546154537e-05
1739	1.75351151797e-05
1740	1.75155935876e-05
1741	1.74960473569e-05
1742	1.74672836268e-05
1743	1.74546082214e-05
1744	1.74394079433e-05
1745	1.74214500391e-05
1746	1.73938313092e-05
1747	1.73791605639e-05
1748	1.73620016015e-05
1749	1.73334622674e-05
1750	1.73192450814e-05
1751	1.73026912935e-05
1752	1.72754636156e-05
1753	1.72608623158e-05
1754	1.72436928864e-05
1755	1.7215367933e-05
1756	1.72007703764e-05
1757	1.71838375483e-05
1758	1.71561505877e-05
1759	1.71414864689e-05
1760	1.71243606027e-05
1761	1.70962843654e-05
1762	1.70816192051e-05
1763	1.70645344378e-05
1764	1.70366443109e-05
1765	1.70219095496e-05
1766	1.70047164861e-05
1767	1.6976679197e-05
1768	1.6961915183e-05
1769	1.69447148682e-05
1770	1.69167580258e-05
1771	1.69019466547e-05
1772	1.6884677815e-05
1773	1.68566885336e-05
1774	1.68418290452e-05
1775	1.68174509663e-05
1776	1.68031744544e-05
1777	1.67855062973e-05
1778	1.67569584399e-05
1779	1.67417002681e-05
1780	1.67172570361e-05
1781	1.67027816446e-05
1782	1.66777858308e-05
1783	1.66630308994e-05
1784	1.66380526876e-05
1785	1.66231079698e-05
1786	1.6597851522e-05
1787	1.65828274015e-05
1788	1.65576183006e-05
1789	1.65426047376e-05
1790	1.65173971661e-05
1791	1.65024517042e-05
1792	1.64772749975e-05
1793	1.64623294772e-05
1794	1.64371512348e-05
1795	1.64221812041e-05
1796	1.63970135335e-05
1797	1.63820986113e-05
1798	1.63569090419e-05
1799	1.63419703275e-05
1800	1.63167361475e-05
1801	1.63017665166e-05
1802	1.62765601107e-05
1803	1.62615859132e-05
1804	1.62364372193e-05
1805	1.62215785931e-05
1806	1.619641591e-05
1807	1.61814786208e-05
1808	1.61563126537e-05
1809	1.61412754438e-05
1810	1.61161850798e-05
1811	1.61012955439e-05
1812	1.60762211324e-05
1813	1.60611947049e-05
1814	1.60361723334e-05
1815	1.60212476458e-05
1816	1.5996231026e-05
1817	1.59811867704e-05
1818	1.59562260287e-05
1819	1.59412844169e-05
1820	1.5916346358e-05
1821	1.59013299085e-05
1822	1.58764116954e-05
1823	1.58613880479e-05
1824	1.58365202691e-05
1825	1.58215880193e-05
1826	1.57967283002e-05
1827	1.5781679859e-05
1828	1.57568801456e-05
1829	1.57418888002e-05
1830	1.57171358161e-05
1831	1.57022152679e-05
1832	1.5677444928e-05
1833	1.56623995134e-05
1834	1.56376743189e-05
1835	1.56226830358e-05
1836	1.55980073074e-05
1837	1.55830451132e-05
1838	1.55584066048e-05
1839	1.55435049444e-05
1840	1.55188551823e-05
1841	1.55038859193e-05
1842	1.54792503799e-05
1843	1.54643014876e-05
1844	1.54397338152e-05
1845	1.54249313255e-05
1846	1.54003647187e-05
1847	1.53854513493e-05
1848	1.53609383953e-05
1849	1.53461479913e-05
1850	1.53216511283e-05
1851	1.53067728205e-05
1852	1.52823377926e-05
1853	1.52678677191e-05
1854	1.52430292169e-05
1855	1.52283281269e-05
1856	1.5203998975e-05
1857	1.51892442144e-05
1858	1.51650028983e-05
1859	1.51501058635e-05
1860	1.51258514507e-05
1861	1.51110320269e-05
1862	1.50868329272e-05
1863	1.50720636499e-05
1864	1.50478828438e-05
1865	1.50330946845e-05
1866	1.50089493199e-05
1867	1.49890908693e-05
1868	1.49754380196e-05
1869	1.4951423904e-05
1870	1.49317147878e-05
1871	1.49177260856e-05
1872	1.48935016358e-05
1873	1.48736991191e-05
1874	1.48596319503e-05
1875	1.4835363758e-05
1876	1.48155933936e-05
1877	1.48016088468e-05
1878	1.47774714136e-05
1879	1.47578207525e-05
1880	1.47440980328e-05
1881	1.47197126284e-05
1882	1.47001052636e-05
1883	1.46863948617e-05
1884	1.46625877126e-05
1885	1.46430482736e-05
1886	1.462894755e-05
1887	1.46050594873e-05
1888	1.45855064612e-05
1889	1.45715909961e-05
1890	1.45477572335e-05
1891	1.45282750009e-05
1892	1.45144663589e-05
1893	1.44906566909e-05
1894	1.44712058137e-05
1895	1.44577193744e-05
1896	1.44335588034e-05
1897	1.44141184728e-05
1898	1.4400636779e-05
1899	1.43771030834e-05
1900	1.43578073309e-05
1901	1.43439289133e-05
1902	1.43203457544e-05
1903	1.43010552198e-05
1904	1.42873052024e-05
1905	1.42638143332e-05
1906	1.42446218258e-05
1907	1.42309400165e-05
1908	1.42075030617e-05
1909	1.41883614042e-05
1910	1.4174921429e-05
1911	1.41512044634e-05
1912	1.41321270188e-05
1913	1.41187544325e-05
1914	1.40955949703e-05
1915	1.40766020922e-05
1916	1.40628590791e-05
1917	1.40396544959e-05
1918	1.40206858858e-05
1919	1.40070947967e-05
1920	1.39839714018e-05
1921	1.39650854874e-05
1922	1.3951566585e-05
1923	1.39284901541e-05
1924	1.39096507606e-05
1925	1.38916711798e-05
1926	1.38783966197e-05
1927	1.38552931732e-05
1928	1.38361644967e-05
1929	1.38181988559e-05
1930	1.38048955939e-05
1931	1.37821390576e-05
1932	1.37631608419e-05
1933	1.37450730811e-05
1934	1.37314506576e-05
1935	1.37088004195e-05
1936	1.36899369165e-05
1937	1.36720388081e-05
1938	1.3658849427e-05
1939	1.36359775768e-05
1940	1.36171854765e-05
1941	1.35994720242e-05
1942	1.35862641939e-05
1943	1.3563865154e-05
1944	1.35451562946e-05
1945	1.35272979958e-05
1946	1.35138118388e-05
1947	1.34914989069e-05
1948	1.34728737586e-05
1949	1.34551690355e-05
1950	1.34421029802e-05
1951	1.34197203632e-05
1952	1.34010915622e-05
1953	1.33834844108e-05
1954	1.33665344914e-05
1955	1.3352930601e-05
1956	1.3330683196e-05
1957	1.33120389421e-05
1958	1.32943246882e-05
1959	1.32773393713e-05
1960	1.32637279751e-05
1961	1.32415597632e-05
1962	1.32231379874e-05
1963	1.3205643437e-05
1964	1.31888288169e-05
1965	1.31755518607e-05
1966	1.315316477e-05
1967	1.31348629918e-05
1968	1.31175789253e-05
1969	1.31009460034e-05
1970	1.30876792841e-05
1971	1.30655823176e-05
1972	1.30474108653e-05
1973	1.30301487607e-05
1974	1.30135101179e-05
1975	1.29967148874e-05
1976	1.29826818247e-05
1977	1.29609580403e-05
1978	1.29427071465e-05
1979	1.29254038095e-05
1980	1.29088139902e-05
1981	1.28921607007e-05
1982	1.28752714703e-05
1983	1.2858116984e-05
1984	1.28408073041e-05
1985	1.28234148852e-05
1986	1.28060077927e-05
1987	1.27886226829e-05
1988	1.27712903418e-05
1989	1.27540911075e-05
1990	1.27369460513e-05
1991	1.27198255538e-05
1992	1.27027942287e-05
1993	1.26857810274e-05
1994	1.26687920895e-05
1995	1.26518410871e-05
1996	1.26349359571e-05
1997	1.2618909741e-05
1998	1.26008446857e-05
1999	1.25836994977e-05
2000	1.25664200453e-05
2001	1.25506014135e-05
2002	1.2533085242e-05
2003	1.25161379907e-05
2004	1.24991250826e-05
2005	1.24825640791e-05
2006	1.24659853522e-05
2007	1.24492870016e-05
2008	1.24325458537e-05
2009	1.24157733438e-05
2010	1.23990042747e-05
2011	1.2382248216e-05
2012	1.23654936588e-05
2013	1.23488052818e-05
2014	1.23321718467e-05
2015	1.23155786151e-05
2016	1.22990147943e-05
2017	1.22824708785e-05
2018	1.2265939851e-05
2019	1.22494199966e-05
2020	1.22329121991e-05
2021	1.22164179866e-05
2022	1.21999401228e-05
2023	1.21834821634e-05
2024	1.21670471038e-05
2025	1.21506362995e-05
2026	1.21342505327e-05
2027	1.21178894986e-05
2028	1.2101579312e-05
2029	1.20852802987e-05
2030	1.20689938437e-05
2031	1.20527271597e-05
2032	1.20364860022e-05
2033	1.2019900032e-05
2034	1.20038956206e-05
2035	1.19879014794e-05
2036	1.19713792836e-05
2037	1.19554988633e-05
2038	1.19396001184e-05
2039	1.19230367947e-05
2040	1.19080979405e-05
2041	1.18914084297e-05
2042	9.25850859477e-06
2043	9.50167769216e-06
2044	1.01337804836e-05
2045	1.10591051603e-05
2046	1.17182389186e-05
2047	9.52018745459e-06
2048	9.77953173937e-06
2049	1.03433603686e-05
2050	1.11424569858e-05
2051	9.06471694089e-06
2052	9.60626297068e-06
2053	1.02986438926e-05
2054	8.45988907056e-06
