1	1
2	0.986900321803
3	0.0733449060917
4	0.0160933587923
5	0.0646980790369
6	0.181269277234
7	0.173858181837
8	0.051024878758
9	0.0356888668176
10	0.0977256417438
11	0.189230350752
12	0.0803224512718
13	0.0417840840918
14	0.0419391231736
15	0.0533578442209
16	0.0401216130593
17	0.0270444757166
18	0.0229399299194
19	0.0260390661058
20	0.0278528901663
21	0.0289841852446
22	0.0256010004031
23	0.0222807888039
24	0.0195310553638
25	0.0175774641574
26	0.0152290632481
27	0.0132660811029
28	0.0120243007216
29	0.0119628076001
30	0.0132907435854
31	0.0141401446025
32	0.0144321463694
33	0.0138789891272
34	0.0125816627547
35	0.0114343706248
36	0.0102326989264
37	0.00918768404521
38	0.00855438708439
39	0.00871499623946
40	0.00919207816112
41	0.00934028227947
42	0.00923532297312
43	0.00895717735944
44	0.00856208497077
45	0.00812757474468
46	0.0077252978142
47	0.00740794488287
48	0.00733709338415
49	0.00742626277557
50	0.0075279652564
51	0.00753575148284
52	0.00743382010053
53	0.00725237451824
54	0.00701491461671
55	0.00677882339857
56	0.00657472784481
57	0.00646212785301
58	0.00650341467004
59	0.00660507693402
60	0.00665182240511
61	0.00663390725875
62	0.00656208066266
63	0.00645621167351
64	0.00634765257916
65	0.00625379180763
66	0.00618306384673
67	0.00617146888965
68	0.00620041968806
69	0.00623778043789
70	0.00625225355453
71	0.00625014568506
72	0.00622846547155
73	0.00620064158088
74	0.0061820244777
75	0.00617831791829
76	0.00619527468275
77	0.00622186148133
78	0.00624836201978
79	0.00626679931296
80	0.00627844451338
81	0.00628146505674
82	0.00623872769207
83	0.00613073293333
84	0.00602272620877
85	0.00591770180396
86	0.00581612715078
87	0.0057148643909
88	0.00561018564421
89	0.00551147751165
90	0.00540784318335
91	0.00530677223362
92	0.00521328770881
93	0.00512250265588
94	0.00503095058293
95	0.00493997684735
96	0.00484921153633
97	0.00475959712506
98	0.00467008508606
99	0.00458023751906
100	0.00449634528591
101	0.00441499182228
102	0.00433262028967
103	0.00424999098646
104	0.00417215145082
105	0.00409459337184
106	0.00401889505326
107	0.00394424921912
108	0.00387006779903
109	0.00379831787404
110	0.00372707420529
111	0.00365786339889
112	0.00358730277442
113	0.00351904327905
114	0.00345235949971
115	0.00338758793619
116	0.00332062191324
117	0.00325746818326
118	0.00319483423377
119	0.00313443254326
120	0.00307692016416
121	0.00301888916477
122	0.00296073615866
123	0.00290514358431
124	0.00285198691544
125	0.00280011979718
126	0.00274791067702
127	0.00269943171633
128	0.00265136189273
129	0.00260469260378
130	0.00256053441133
131	0.00251568118917
132	0.0024724915732
133	0.00243083057777
134	0.00238872339979
135	0.00234958524838
136	0.00230973229686
137	0.00227048939534
138	0.00223800804713
139	0.00220477440089
140	0.00217144460066
141	0.00213749820025
142	0.00210289316985
143	0.00206829137365
144	0.00203378274407
145	0.0019998740125
146	0.00196636000425
147	0.00193126179617
148	0.00189816921366
149	0.0018638100203
150	0.00183007179426
151	0.0017964255977
152	0.00176263628499
153	0.00172959746192
154	0.00169755384062
155	0.00166679573286
156	0.0016349154821
157	0.00160338381596
158	0.00157088594611
159	0.00153876657511
160	0.0015082204858
161	0.00147855479351
162	0.00144897716661
163	0.00141952358045
164	0.0013899890346
165	0.00136469622
166	0.00134022429215
167	0.00131595144517
168	0.00129127827301
169	0.00126495043668
170	0.00124098761136
171	0.00121432905331
172	0.00118787156135
173	0.00116330560784
174	0.00114627390548
175	0.00112645985486
176	0.00109984764587
177	0.00107170151009
178	0.00104753662835
179	0.00101597358891
180	0.000979926042373
181	0.00095197684204
182	0.000946045692996
183	0.000952627682572
184	0.000962132247012
185	0.000968709151324
186	0.000971924859161
187	0.000972687540046
188	0.000971535500218
189	0.000968939372665
190	0.00096457689742
191	0.000961408584111
192	0.000957296893754
193	0.000953940450625
194	0.000951615855599
195	0.000953398831171
196	0.000958547511889
197	0.000964074279324
198	0.00096855122809
199	0.000972590810111
200	0.000976383074697
201	0.000979345506436
202	0.000982509691205
203	0.000986145299731
204	0.000988882274921
205	0.000990135918725
206	0.000989361919463
207	0.000987848579939
208	0.000985073087788
209	0.000982401475553
210	0.000977644446146
211	0.000973069907551
212	0.00096877958831
213	0.00096481838959
214	0.000961966790436
215	0.00095950143545
216	0.000957059727358
217	0.000955004625618
218	0.000952525626457
219	0.000949493396141
220	0.000946207011695
221	0.0009421044943
222	0.000937888773983
223	0.00093331133021
224	0.000928462936825
225	0.000923590712897
226	0.000917078561599
227	0.000911345349537
228	0.000904840301197
229	0.000897691201354
230	0.000891520245697
231	0.000884331948821
232	0.00087884659432
233	0.00087598113313
234	0.000873901803756
235	0.000872305134199
236	0.0008693833001
237	0.000866498134711
238	0.000862656250005
239	0.000858719277974
240	0.000854608746878
241	0.000850154399871
242	0.000845032289268
243	0.000839977605952
244	0.000834644517488
245	0.000828635068644
246	0.00082220418468
247	0.000814561450171
248	0.0008075672399
249	0.000801919090162
250	0.000798436352439
251	0.000796219997068
252	0.000793778833442
253	0.000791170712471
254	0.000788390475282
255	0.000784915496741
256	0.000781378039812
257	0.000777818775135
258	0.000773234960072
259	0.000768500850181
260	0.000763048874807
261	0.000757089049079
262	0.000750392284081
263	0.00074352190402
264	0.000735077855682
265	0.000729961696314
266	0.000725854444645
267	0.000722784855826
268	0.00071607252258
269	0.000714949949504
270	0.000713414176895
271	0.000711257922695
272	0.000707147703037
273	0.000699266619875
274	0.000695721039914
275	0.000692641767938
276	0.000683355832606
277	0.000678778443508
278	0.0006731001603
279	0.00066311749434
280	0.00065851610664
281	0.000655652401104
282	0.00065354348338
283	0.000650967495899
284	0.000645426836869
285	0.000644789695026
286	0.000642290253206
287	0.000638636640005
288	0.00063403949039
289	0.000628582899672
290	0.00062076907375
291	0.000616057433006
292	0.000609589395363
293	0.000601451720905
294	0.000595773578074
295	0.000592008352876
296	0.00058722507787
297	0.000584362058646
298	0.000582256498689
299	0.000579147698293
300	0.000575196641371
301	0.000570568382215
302	0.000565458502967
303	0.00055926515817
304	0.000553695408234
305	0.000546355033337
306	0.000538496459942
307	0.000532501151234
308	0.000527866208913
309	0.000523212462935
310	0.000518523774614
311	0.000513998525542
312	0.000512192168521
313	0.000508702844382
314	0.000504613365265
315	0.000499691738459
316	0.00049264539935
317	0.000487333814435
318	0.000478861396399
319	0.0004765516247
320	0.00047343557455
321	0.000469832904384
322	0.000465619846845
323	0.000462693264144
324	0.000460590592284
325	0.000457490662785
326	0.000454317006807
327	0.000451078803741
328	0.000448964942018
329	0.000443031868461
330	0.000441408811009
331	0.000440795690899
332	0.000438116057537
333	0.000434766734142
334	0.000431324439358
335	0.000430188107259
336	0.000427089046292
337	0.000424498786969
338	0.000428710233497
339	0.0004192763554
340	0.000412441303763
341	0.000416082878405
342	0.000412899450671
343	0.000410027328453
344	0.000409511546409
345	0.000399838306986
346	0.000403511313547
347	0.000400949147735
348	0.000398393542564
349	0.00039708789845
350	0.000395203930466
351	0.000393162723981
352	0.000390582736994
353	0.000385347935847
354	0.000384100039546
355	0.000381458496142
356	0.000380867019999
357	0.000379788182502
358	0.000375832128719
359	0.000374552460783
360	0.000371256331332
361	0.000361256626719
362	0.00036440189788
363	0.00036119180429
364	0.000362460787196
365	0.000362056231453
366	0.000361096416313
367	0.000357090216238
368	0.000356863408722
369	0.000355655078506
370	0.000356360807887
371	0.000353990779414
372	0.000352335362218
373	0.000350157417286
374	0.000348675986331
375	0.000346719418396
376	0.000345457516128
377	0.000345392618926
378	0.00034118600779
379	0.000340491692461
380	0.00033927105759
381	0.000337124001742
382	0.000333956426772
383	0.000331673114447
384	0.000329508676164
385	0.000326780010904
386	0.000321710993922
387	0.000319865454718
388	0.000315591421751
389	0.000311172027822
390	0.000307254384949
391	0.000301987942551
392	0.000293318550645
393	0.00028421735433
394	0.000280869503501
395	0.000276940589765
396	0.000272535702911
397	0.000274982026895
398	0.000278769737393
399	0.000280360116232
400	0.00027862428123
401	0.000280299611461
402	0.000282566673181
403	0.000283409583475
404	0.000278129794413
405	0.000270760230282
406	0.000272586169438
407	0.000271334544647
408	0.00026850605689
409	0.000265032936989
410	0.000266839805852
411	0.000287172114947
412	0.000295713832253
413	0.000300074463136
414	0.000302465602797
415	0.000303778269218
416	0.000304442745553
417	0.000304690259659
418	0.00030465391739
419	0.00030441423192
420	0.000304021542967
421	0.000303509203665
422	0.000302900239804
423	0.000302212105063
424	0.000301458669153
425	0.000300652067017
426	0.000299803501455
427	0.000298923514207
428	0.000298021499104
429	0.000297105028284
430	0.00029617835596
431	0.000295244149106
432	0.000294304215107
433	0.00029335421883
434	0.000292392459352
435	0.000291417404423
436	0.000290426884865
437	0.000289422237756
438	0.000288406653599
439	0.000287383110344
440	0.000286354899652
441	0.000285326008196
442	0.000284301064175
443	0.000283282872574
444	0.000282272520387
445	0.000281268996077
446	0.000280269791816
447	0.000279271649717
448	0.000278271467369
449	0.000277266707732
450	0.000276255942417
451	0.000275238915029
452	0.000274217030978
453	0.000273193089567
454	0.00027217083829
455	0.000271154293823
456	0.000270146841967
457	0.000269150384268
458	0.000268164533641
459	0.000267187503296
460	0.000266216718004
461	0.000265248304021
462	0.000264278420288
463	0.000263305275405
464	0.000262327603188
465	0.000261346966701
466	0.000260364150165
467	0.000259381442221
468	0.000258403215168
469	0.000257432541515
470	0.000256472568256
471	0.000255523741505
472	0.000254585877745
473	0.000253656687028
474	0.00025273304254
475	0.000251810165043
476	0.000250888112379
477	0.000249963676299
478	0.000249036065738
479	0.000248105439883
480	0.000247173881482
481	0.000246244221137
482	0.000245319943129
483	0.000244404172333
484	0.00024349916573
485	0.00024260545199
486	0.000241721977962
487	0.000240846261575
488	0.000239975239646
489	0.000239105916075
490	0.000238235846097
491	0.000237363413478
492	0.000236488297611
493	0.000235611163071
494	0.000234733878172
495	0.000233859181765
496	0.000232990325315
497	0.000232130156053
498	0.000231280578964
499	0.00023044180192
500	0.000229612531228
501	0.000228790243907
502	0.000227971980258
503	0.000227154943686
504	0.000226336993197
505	0.000225516812817
506	0.000224694217099
507	0.000223869996923
508	0.000223046079207
509	0.000222225145591
510	0.000221410281058
511	0.000220604011198
512	0.00021980787001
513	0.000219021836149
514	0.00021824455255
515	0.000217473511389
516	0.000216705931597
517	0.000215939255216
518	0.00021517155565
519	0.000214401693731
520	0.000213629624633
521	0.000212856233909
522	0.000212083396893
523	0.000211313691709
524	0.000210550000149
525	0.000209794442245
526	0.000209048639971
527	0.000208312330826
528	0.000207584056713
529	0.000206861405451
530	0.000206141779612
531	0.000205422734244
532	0.000204702575487
533	0.000203980309428
534	0.00020325595106
535	0.000202531767917
536	0.000201805580723
537	0.000201083311565
538	0.000200367444137
539	0.000199659599736
540	0.000198960794133
541	0.000198271190811
542	0.000197589159354
543	0.000196912444688
544	0.000196238373669
545	0.000195564583611
546	0.000194889457037
547	0.000194212167785
548	0.000193532703631
549	0.000192852130706
550	0.000192172326753
551	0.000191495711902
552	0.000190824784398
553	0.000190161443011
554	0.000189506860862
555	0.000188860471278
556	0.000188220857984
557	0.000187585774499
558	0.000186952919081
559	0.000186320189541
560	0.00018568599616
561	0.000185049840937
562	0.000184411799332
563	0.000183772858071
564	0.000183134755427
565	0.000182499789604
566	0.000181870328688
567	0.00018124820655
568	0.000180634159278
569	0.000180027624009
570	0.000179427328603
571	0.000178830921042
572	0.000178236337829
573	0.0001776416436
574	0.000177045463927
575	0.000176447198165
576	0.000175847014245
577	0.000175246069583
578	0.000174646203608
579	0.000174049675253
580	0.000173458389819
581	0.000172874316247
582	0.000172297991243
583	0.000171728749324
584	0.000171165000076
585	0.000170604691047
586	0.000170045698744
587	0.000169486235203
588	0.000168925082728
589	0.000168361933288
590	0.000167797070524
591	0.000167231624409
592	0.000166667387384
593	0.000166106562592
594	0.000165551261784
595	0.000165002868487
596	0.0001644617285
597	0.000163927064698
598	0.000163397228992
599	0.000162870193652
600	0.000162343957747
601	0.000161816911823
602	0.000161288073491
603	0.000160757189392
604	0.00016022474847
605	0.000159691979677
606	0.000159160855767
607	0.000158633454471
608	0.000158111721199
609	0.000157596695785
610	0.0001570884324
611	0.0001565859247
612	0.000156087502087
613	0.000155591156975
614	0.000155095041198
615	0.000154597760815
616	0.000154098545436
617	0.000153597313426
618	0.000153094798223
619	0.000152592514181
620	0.00015209236512
621	0.000151596396962
622	0.00015110623836
623	0.000150622623874
624	0.000150145236633
625	0.000149672790395
626	0.000149203451781
627	0.000148735315364
628	0.000148266748352
629	0.00014779659694
630	0.000147324347635
631	0.000146850365136
632	0.000146375586407
633	0.00014590166931
634	0.000145430572109
635	0.000144964301944
636	0.000144503758052
637	0.000144049981148
638	0.000143602286281
639	0.0001431576772
640	0.000142715000537
641	0.000142271441952
642	0.000141827163056
643	0.000141381776413
644	0.000140935150116
645	0.000140487027601
646	0.000140038420103
647	0.000139591295218
648	0.000139147270513
649	0.000138709690912
650	0.000138277575395
651	0.000137851053596
652	0.000137429262741
653	0.000137009041573
654	0.000136590118519
655	0.000136171446239
656	0.000135751071568
657	0.000135328200766
658	0.000134903533609
659	0.000134478718087
660	0.000134052844478
661	0.000133631609546
662	0.000133215338889
663	0.000132804194266
664	0.000132398664866
665	0.000131998372949
666	0.000131600546714
667	0.00013120412591
668	0.000130806970246
669	0.000130408022944
670	0.000130006849502
671	0.000129604372292
672	0.000129200526867
673	0.000128797824456
674	0.000128397334562
675	0.000128001079947
676	0.000127610307412
677	0.000127225303578
678	0.000126844350133
679	0.000126466928796
680	0.000126091023535
681	0.000125713889261
682	0.000125335022191
683	0.000124954147653
684	0.00012457125816
685	0.000124187559386
686	0.000123804931776
687	0.000123424065697
688	0.000123047429497
689	0.000122676348181
690	0.00012231098537
691	0.000121949195838
692	0.00012159005992
693	0.000121232207141
694	0.000120874066656
695	0.000120513585584
696	0.000120151450172
697	0.000119786810593
698	0.000119421866522
699	0.000119057116541
700	0.000118695528552
701	0.000118337765589
702	0.000117985670823
703	0.000117638152679
704	0.00011729495418
705	0.000116953149704
706	0.000116612629908
707	0.000116271030575
708	0.00011592672354
709	0.000115581344766
710	0.000115234048883
711	0.000114885777727
712	0.000114539036139
713	0.000114196027152
714	0.000113857372239
715	0.00011352321357
716	0.000113193702649
717	0.000112867378149
718	0.000112542432325
719	0.000112217258214
720	0.000111890623917
721	0.000111561972571
722	0.000111231279841
723	0.000110899425477
724	0.000110567856406
725	0.000110238444399
726	0.000109912875408
727	0.000109592153744
728	0.000109276184077
729	0.000108963887332
730	0.000108653679653
731	0.000108343711275
732	0.00010803256079
733	0.000107719386266
734	0.000107404029957
735	0.000107087110591
736	0.000106769937126
737	0.000106454311619
738	0.000106142027297
739	0.000105834331202
740	0.000105531405016
741	0.000105232441891
742	0.000104935880048
743	0.00010463996136
744	0.000104343153852
745	0.000104044986657
746	0.000103743728309
747	0.000103440751848
748	0.000103137306302
749	0.000102835614833
750	0.00010253617129
751	0.000102241745333
752	0.00010195185515
753	0.000101665804386
754	0.00010138210948
755	0.000101099071922
756	0.000100815168545
757	0.0001005293837
758	0.000100241379225
759	9.99516114933e-05
760	9.96612684128e-05
761	9.93721059696e-05
762	9.90859414082e-05
763	9.88040656193e-05
764	9.85267652326e-05
765	9.82532545906e-05
766	9.79820059754e-05
767	9.77112825084e-05
768	9.74395457404e-05
769	9.71658216356e-05
770	9.68898487294e-05
771	9.66121652591e-05
772	9.63341093429e-05
773	9.60574181259e-05
774	9.57838529401e-05
775	9.55145632811e-05
776	9.52496446092e-05
777	9.49881418345e-05
778	9.47284625118e-05
779	9.44688931919e-05
780	9.42080287488e-05
781	9.39450832812e-05
782	9.36800120346e-05
783	9.34135542958e-05
784	9.31471553571e-05
785	9.28826362784e-05
786	9.26216219645e-05
787	9.23649164991e-05
788	9.2112251063e-05
789	9.18624094845e-05
790	9.16137199472e-05
791	9.13645649657e-05
792	9.11138060964e-05
793	9.08607415889e-05
794	9.06058252985e-05
795	9.03500842252e-05
796	9.00950882947e-05
797	8.98427247228e-05
798	8.95940161347e-05
799	8.93497142894e-05
800	8.91086462624e-05
801	8.8869697125e-05
802	8.86311043605e-05
803	8.83914127097e-05
804	8.81497777785e-05
805	8.79060334313e-05
806	8.76608463057e-05
807	8.74155457809e-05
808	8.71718766719e-05
809	8.6931416755e-05
810	8.66950141402e-05
811	8.6462415305e-05
812	8.62324532823e-05
813	8.60035222701e-05
814	8.57740909926e-05
815	8.55430452979e-05
816	8.53099202777e-05
817	8.50750508583e-05
818	8.48394819387e-05
819	8.4604786854e-05
820	8.43726257463e-05
821	8.41441378983e-05
822	8.3919516524e-05
823	8.36979544362e-05
824	8.34780198994e-05
825	8.32581332061e-05
826	8.30370195639e-05
827	8.28139687565e-05
828	8.25890072865e-05
829	8.23629127655e-05
830	8.21370593293e-05
831	8.19130639095e-05
832	8.16922922859e-05
833	8.14752654402e-05
834	8.12615375299e-05
835	8.10499026182e-05
836	8.08388261169e-05
837	8.06269425057e-05
838	8.04133705857e-05
839	8.01978825051e-05
840	7.99810308154e-05
841	7.97639258278e-05
842	7.95480749549e-05
843	7.93348975364e-05
844	7.9125212953e-05
845	7.89189179946e-05
846	7.87150636885e-05
847	7.85122702343e-05
848	7.83091434633e-05
849	7.81046804067e-05
850	7.78984133152e-05
851	7.76905614917e-05
852	7.74820051812e-05
853	7.72740849714e-05
854	7.70682276282e-05
855	7.6865478393e-05
856	7.66660630798e-05
857	7.6469373947e-05
858	7.62742430151e-05
859	7.60793152001e-05
860	7.58834464435e-05
861	7.56859743847e-05
862	7.54868658343e-05
863	7.52867225716e-05
864	7.50866300829e-05
865	7.48879155921e-05
866	7.46917527258e-05
867	7.44987273085e-05
868	7.43086259096e-05
869	7.4120551833e-05
870	7.39332727169e-05
871	7.37455957847e-05
872	7.35566824798e-05
873	7.33661891958e-05
874	7.3174373587e-05
875	7.29820122949e-05
876	7.27902638124e-05
877	7.2600343655e-05
878	7.24131149071e-05
879	7.22287965564e-05
880	7.20469163748e-05
881	7.18664715519e-05
882	7.16862987488e-05
883	7.15054377198e-05
884	7.13232722386e-05
885	7.11397154043e-05
886	7.09551592213e-05
887	7.07704370248e-05
888	7.05866582475e-05
889	7.04048641218e-05
890	7.02256780183e-05
891	7.00491340092e-05
892	6.98746362546e-05
893	6.9701223258e-05
894	6.95278657813e-05
895	6.9353730625e-05
896	6.91783627281e-05
897	6.90017455798e-05
898	6.88243085456e-05
899	6.86468668177e-05
900	6.84704153245e-05
901	6.82958452151e-05
902	6.8123676581e-05
903	6.79538981489e-05
904	6.77859684511e-05
905	6.76190452864e-05
906	6.74522147263e-05
907	6.72847158591e-05
908	6.71161318917e-05
909	6.69464456679e-05
910	6.67760043752e-05
911	6.66054759088e-05
912	6.64357292735e-05
913	6.62675846529e-05
914	6.61015760671e-05
915	6.59377775157e-05
916	6.57757960657e-05
917	6.56149228104e-05
918	6.54543473183e-05
919	6.52933726932e-05
920	6.5131526972e-05
921	6.49686598239e-05
922	6.48049725971e-05
923	6.46409550158e-05
924	6.44773490406e-05
925	6.43149032758e-05
926	6.41542067536e-05
927	6.39955296445e-05
928	6.38387312041e-05
929	6.36833268971e-05
930	6.3528629296e-05
931	6.33739556457e-05
932	6.3218759517e-05
933	6.30627178603e-05
934	6.2905803818e-05
935	6.27482749031e-05
936	6.25906149808e-05
937	6.24335046434e-05
938	6.22775479959e-05
939	6.21232145471e-05
940	6.19706898922e-05
941	6.18198075542e-05
942	6.16701716153e-05
943	6.15211450295e-05
944	6.13721527636e-05
945	6.12227395882e-05
946	6.10726083618e-05
947	6.09217116096e-05
948	6.07702739065e-05
949	6.08993899779e-05
950	6.07182716617e-05
951	6.0743319652e-05
952	6.0740759877e-05
953	6.0675294992e-05
954	6.05510569778e-05
955	6.03850107859e-05
956	6.02079600541e-05
957	6.00361894893e-05
958	5.9880379956e-05
959	5.97388749431e-05
960	5.96075536333e-05
961	5.94819150362e-05
962	5.93567880518e-05
963	5.92289655096e-05
964	5.90994013018e-05
965	5.89668934684e-05
966	5.88332191206e-05
967	5.86980124625e-05
968	5.85622578721e-05
969	5.84268313908e-05
970	5.82924471314e-05
971	5.81575975223e-05
972	5.80228923279e-05
973	5.78884091981e-05
974	5.77540782041e-05
975	5.7619946735e-05
976	5.74861043299e-05
977	5.73526954323e-05
978	5.72198288281e-05
979	5.7087635466e-05
980	5.69562406987e-05
981	5.68257733983e-05
982	5.66962991303e-05
983	5.65678114849e-05
984	5.64402138269e-05
985	5.63133063462e-05
986	5.61868126764e-05
987	5.60604407984e-05
988	5.59339336375e-05
989	5.58070707948e-05
990	5.56797280695e-05
991	5.55518831486e-05
992	5.54235937703e-05
993	5.52950501697e-05
994	5.51664943334e-05
995	5.50382024477e-05
996	5.49104788388e-05
997	5.47836046053e-05
998	5.46577792879e-05
999	5.45330993167e-05
1000	5.44095226618e-05
1001	5.42868868341e-05
1002	5.41647803924e-05
1003	5.40429145261e-05
1004	5.39213621919e-05
1005	5.37998607378e-05
1006	5.36780990598e-05
1007	5.35559097856e-05
1008	5.34332617315e-05
1009	5.33102795678e-05
1010	5.31870871107e-05
1011	5.30639193939e-05
1012	5.294105477e-05
1013	5.28187638375e-05
1014	5.26972566678e-05
1015	5.25766763837e-05
1016	5.24570516927e-05
1017	5.23383097386e-05
1018	5.2220290154e-05
1019	5.21027810529e-05
1020	5.19855316797e-05
1021	5.18689959953e-05
1022	5.17516579577e-05
1023	5.16334977938e-05
1024	5.15156829191e-05
1025	5.13972420409e-05
1026	5.12789863472e-05
1027	5.11602709582e-05
1028	5.1042140369e-05
1029	5.09239248178e-05
1030	5.0806781439e-05
1031	5.06898834378e-05
1032	5.05743153892e-05
1033	5.04590668189e-05
1034	5.03450702749e-05
1035	5.02311120416e-05
1036	5.0118086702e-05
1037	5.00047031203e-05
1038	4.98919215027e-05
1039	4.97784555965e-05
1040	4.96653579717e-05
1041	4.9551403486e-05
1042	4.94378457413e-05
1043	4.93235178232e-05
1044	4.92098088361e-05
1045	4.90955817836e-05
1046	4.89823403381e-05
1047	4.88693371976e-05
1048	4.87565984343e-05
1049	4.86451204765e-05
1050	4.85341487273e-05
1051	4.84238954615e-05
1052	4.83141561138e-05
1053	4.82047607667e-05
1054	4.80955871196e-05
1055	4.79865154264e-05
1056	4.78773972205e-05
1057	4.77681350313e-05
1058	4.76586730402e-05
1059	4.75490173149e-05
1060	4.74392145578e-05
1061	4.73293542801e-05
1062	4.72195495113e-05
1063	4.71099513529e-05
1064	4.70007109506e-05
1065	4.68919611349e-05
1066	4.67838430383e-05
1067	4.66763861496e-05
1068	4.65695722498e-05
1069	4.6463339764e-05
1070	4.63575777877e-05
1071	4.62521529546e-05
1072	4.61469129088e-05
1073	4.60417219894e-05
1074	4.59364737035e-05
1075	4.58310825549e-05
1076	4.57255129575e-05
1077	4.56197647577e-05
1078	4.55138813858e-05
1079	4.54079736135e-05
1080	4.53021185377e-05
1081	4.51964595768e-05
1082	4.50911221367e-05
1083	4.49862294985e-05
1084	4.48818736022e-05
1085	4.47780986708e-05
1086	4.46749107726e-05
1087	4.457226553e-05
1088	4.44700595269e-05
1089	4.4368189886e-05
1090	4.42665296201e-05
1091	4.41649691919e-05
1092	4.40634052612e-05
1093	4.39617453048e-05
1094	4.38599436304e-05
1095	4.37579798682e-05
1096	4.36558740242e-05
1097	4.3553695466e-05
1098	4.34515316329e-05
1099	4.33494959636e-05
1100	4.3247695127e-05
1101	4.31462087173e-05
1102	4.30452725952e-05
1103	4.29448315108e-05
1104	4.28449229574e-05
1105	4.2745499756e-05
1106	4.26465235529e-05
1107	4.25478671317e-05
1108	4.24495587588e-05
1109	4.23513925651e-05
1110	4.22531915425e-05
1111	4.21550619714e-05
1112	4.20567961504e-05
1113	4.19583687562e-05
1114	4.18597546729e-05
1115	4.17610925923e-05
1116	4.16623749703e-05
1117	4.15637930248e-05
1118	4.14653173798e-05
1119	4.13670118609e-05
1120	4.12691159497e-05
1121	4.11715771672e-05
1122	4.10745941604e-05
1123	4.09780640455e-05
1124	4.08819227867e-05
1125	4.07862112545e-05
1126	4.06909001157e-05
1127	4.05957731818e-05
1128	4.05008526665e-05
1129	4.04058855147e-05
1130	4.0310887919e-05
1131	4.02158728854e-05
1132	4.01206456389e-05
1133	4.00253630813e-05
1134	3.99299068015e-05
1135	3.98344270427e-05
1136	3.9739003708e-05
1137	3.96437263706e-05
1138	3.95487461051e-05
1139	3.94539899623e-05
1140	3.93596202678e-05
1141	3.92656908294e-05
1142	3.91722233148e-05
1143	3.90792376389e-05
1144	3.89865013874e-05
1145	3.88940791032e-05
1146	3.88018829636e-05
1147	3.87098267507e-05
1148	3.86178333468e-05
1149	3.85258223596e-05
1150	3.84337574649e-05
1151	3.83415887085e-05
1152	3.82493074333e-05
1153	3.8156927217e-05
1154	3.80644923955e-05
1155	3.79720729694e-05
1156	3.7879739498e-05
1157	3.77875840887e-05
1158	3.76956926201e-05
1159	3.76041258244e-05
1160	3.7512962151e-05
1161	3.74222127365e-05
1162	3.73318581224e-05
1163	3.72418583315e-05
1164	3.71521531591e-05
1165	3.70626646425e-05
1166	3.69733157057e-05
1167	3.6884018793e-05
1168	3.67947212152e-05
1169	3.67053473124e-05
1170	3.66158784347e-05
1171	3.65263236017e-05
1172	3.643666359e-05
1173	3.63469389975e-05
1174	3.62572092457e-05
1175	3.61675414716e-05
1176	3.6078029731e-05
1177	3.59887396712e-05
1178	3.58997414112e-05
1179	3.58110761939e-05
1180	3.57227914178e-05
1181	3.56348948772e-05
1182	3.55473264775e-05
1183	3.54600318799e-05
1184	3.53729486343e-05
1185	3.52860058353e-05
1186	3.51991252316e-05
1187	3.51122456945e-05
1188	3.50253103932e-05
1189	3.49382775554e-05
1190	3.48511433961e-05
1191	3.47639255468e-05
1192	3.46766256133e-05
1193	3.45892909438e-05
1194	3.45019930894e-05
1195	3.44148119103e-05
1196	3.43278236363e-05
1197	3.42410927497e-05
1198	3.41546643679e-05
1199	3.40685618563e-05
1200	3.39828160917e-05
1201	3.38973882128e-05
1202	3.38122285664e-05
1203	3.37272783298e-05
1204	3.36424700534e-05
1205	3.35577338863e-05
1206	3.34730031257e-05
1207	3.33882088077e-05
1208	3.33033075781e-05
1209	3.32182846773e-05
1210	3.34418132428e-05
1211	3.33391609781e-05
1212	3.3142792484e-05
1213	3.32436277313e-05
1214	3.33697549523e-05
1215	3.31258785747e-05
1216	3.31194092134e-05
1217	3.3146810012e-05
1218	3.31552947332e-05
1219	3.31206811801e-05
1220	3.304950859e-05
1221	3.29575197348e-05
1222	3.28587882196e-05
1223	3.27652433851e-05
1224	3.26807883271e-05
1225	3.26043597691e-05
1226	3.25332738697e-05
1227	3.24634902021e-05
1228	3.23938079628e-05
1229	3.2324488463e-05
1230	3.22528975398e-05
1231	3.21793807392e-05
1232	3.21043827597e-05
1233	3.20275571542e-05
1234	3.19503582302e-05
1235	3.1873181593e-05
1236	3.1796148054e-05
1237	3.171936641e-05
1238	3.16429240006e-05
1239	3.15668740641e-05
1240	3.14912457684e-05
1241	3.14160577415e-05
1242	3.13412604247e-05
1243	3.12668163072e-05
1244	3.11927087159e-05
1245	3.11187738553e-05
1246	3.10449211897e-05
1247	3.09711158027e-05
1248	3.08972154779e-05
1249	3.08232599444e-05
1250	3.07492451271e-05
1251	3.06751212541e-05
1252	3.06009897491e-05
1253	3.05267895384e-05
1254	3.04526596346e-05
1255	3.03786455042e-05
1256	3.03047046078e-05
1257	3.02308880408e-05
1258	3.01572194781e-05
1259	3.00837384831e-05
1260	3.00102816444e-05
1261	2.99369063087e-05
1262	2.98635855456e-05
1263	2.9790172976e-05
1264	2.97167144616e-05
1265	2.96432204073e-05
1266	2.9569719446e-05
1267	2.94961033094e-05
1268	2.94224874069e-05
1269	2.93489358878e-05
1270	2.92754098848e-05
1271	2.92020359611e-05
1272	2.91287435e-05
1273	2.90556224754e-05
1274	2.89826942063e-05
1275	2.89099681798e-05
1276	2.88374615877e-05
1277	2.87650188511e-05
1278	2.869256859e-05
1279	2.86201073656e-05
1280	2.85475935991e-05
1281	2.84750282776e-05
1282	2.84022664179e-05
1283	2.83294028021e-05
1284	2.82564453391e-05
1285	2.81833102721e-05
1286	2.8110131711e-05
1287	2.80369949953e-05
1288	2.7963838184e-05
1289	2.78908078025e-05
1290	2.78179440874e-05
1291	2.77451924804e-05
1292	2.767266407e-05
1293	2.76003509896e-05
1294	2.75281268553e-05
1295	2.74560402274e-05
1296	2.73840411922e-05
1297	2.73119698752e-05
1298	2.72398437701e-05
1299	2.71675253483e-05
1300	2.70950805164e-05
1301	2.70225036218e-05
1302	2.69497083871e-05
1303	2.68768197073e-05
1304	2.6803894913e-05
1305	2.67308787929e-05
1306	2.66579014372e-05
1307	2.65850235868e-05
1308	2.65122460737e-05
1309	2.64396416481e-05
1310	2.63671260823e-05
1311	2.62947973671e-05
1312	2.62226130034e-05
1313	2.61504299859e-05
1314	2.6078312731e-05
1315	2.60061976187e-05
1316	2.59339390264e-05
1317	2.58615083925e-05
1318	2.57888289665e-05
1319	2.57160153745e-05
1320	2.56430065086e-05
1321	2.55697894758e-05
1322	2.54965515497e-05
1323	2.54232993893e-05
1324	2.53500411683e-05
1325	2.52768293416e-05
1326	2.52036917818e-05
1327	2.51307385922e-05
1328	2.50579108598e-05
1329	2.49852246164e-05
1330	2.49126807274e-05
1331	2.48401074357e-05
1332	2.47674167838e-05
1333	2.46945211281e-05
1334	2.46213208447e-05
1335	2.45478137024e-05
1336	2.44738875983e-05
1337	2.43995318747e-05
1338	2.43248412804e-05
1339	2.42499272095e-05
1340	2.41748838384e-05
1341	2.40998155562e-05
1342	2.40249386084e-05
1343	2.395053699e-05
1344	2.38767920444e-05
1345	2.38037496093e-05
1346	2.37312845773e-05
1347	2.36591428215e-05
1348	2.35871458389e-05
1349	2.35150665348e-05
1350	2.3442794988e-05
1351	2.33703986981e-05
1352	2.32979072105e-05
1353	2.32256200975e-05
1354	2.31540211476e-05
1355	2.30832432509e-05
1356	2.30136019082e-05
1357	2.29451762468e-05
1358	2.28778868919e-05
1359	2.28115174627e-05
1360	2.27456430698e-05
1361	2.2679861791e-05
1362	2.26139020355e-05
1363	2.25474405008e-05
1364	2.248036275e-05
1365	2.24125084995e-05
1366	2.2343859583e-05
1367	2.22744787227e-05
1368	2.22044180901e-05
1369	2.21338407187e-05
1370	2.20628266222e-05
1371	2.19913771398e-05
1372	2.19196069053e-05
1373	2.18474895735e-05
1374	2.17749917801e-05
1375	2.17021352521e-05
1376	2.16288815566e-05
1377	2.15552422649e-05
1378	2.14813569312e-05
1379	2.14072855181e-05
1380	2.13330597165e-05
1381	2.12586798573e-05
1382	2.11841529556e-05
1383	2.11095089616e-05
1384	2.1034647018e-05
1385	2.09595381091e-05
1386	2.08842394764e-05
1387	2.08087378986e-05
1388	2.07330520179e-05
1389	2.06571431824e-05
1390	2.05809916209e-05
1391	2.0504630439e-05
1392	2.0427986918e-05
1393	2.03510495329e-05
1394	2.02738318403e-05
1395	2.01962649387e-05
1396	2.01183358158e-05
1397	2.00401036562e-05
1398	1.99614927148e-05
1399	1.98825042583e-05
1400	1.9803084632e-05
1401	1.97232204094e-05
1402	1.96429556745e-05
1403	1.95622985992e-05
1404	1.94811502356e-05
1405	1.93995423043e-05
1406	1.93174295765e-05
1407	1.92348387689e-05
1408	1.91517654336e-05
1409	1.90681298197e-05
1410	1.89839254462e-05
1411	1.88991999261e-05
1412	1.88138502189e-05
1413	1.87278459177e-05
1414	1.86412109932e-05
1415	1.85538446282e-05
1416	1.84677025728e-05
1417	1.83815210025e-05
1418	1.82958345083e-05
1419	1.82094285677e-05
1420	1.84604795728e-05
1421	1.83731213183e-05
1422	1.8176319794e-05
1423	1.83009378944e-05
1424	1.8124582494e-05
1425	1.8230931553e-05
1426	1.83593828558e-05
1427	1.80931729217e-05
1428	1.80910407088e-05
1429	1.81439197248e-05
1430	1.81896448384e-05
1431	1.81942512498e-05
1432	1.81595196291e-05
1433	1.80970266916e-05
1434	1.80195982731e-05
1435	1.79441373497e-05
1436	1.78735237113e-05
1437	1.7808750219e-05
1438	1.77488401805e-05
1439	1.76916868389e-05
1440	1.76353651769e-05
1441	1.75781395321e-05
1442	1.7519204398e-05
1443	1.74583929488e-05
1444	1.73959004803e-05
1445	1.73320659167e-05
1446	1.72662416878e-05
1447	1.72006224186e-05
1448	1.71343110043e-05
1449	1.70678910453e-05
1450	1.70007775107e-05
1451	1.69326086029e-05
1452	1.68638147301e-05
1453	1.67938707363e-05
1454	1.672349127e-05
1455	1.66524868213e-05
1456	1.65816951858e-05
1457	1.65099851939e-05
1458	1.64381392499e-05
1459	1.63655176538e-05
1460	1.62922191175e-05
1461	1.6218726081e-05
1462	1.61446273827e-05
1463	1.60711530849e-05
1464	1.5997191479e-05
1465	1.59228468991e-05
1466	1.58473065558e-05
1467	1.57712755058e-05
1468	1.56940459362e-05
1469	1.56164673513e-05
1470	1.55383101822e-05
1471	1.5459978791e-05
1472	1.53801186788e-05
1473	1.53008683479e-05
1474	1.52202252716e-05
1475	1.51380990507e-05
1476	1.50569017886e-05
1477	1.49741532987e-05
1478	1.4890116627e-05
1479	1.48047123524e-05
1480	1.47181246171e-05
1481	1.46310364594e-05
1482	1.45431859775e-05
1483	1.44536227785e-05
1484	1.43634060699e-05
1485	1.42717142857e-05
1486	1.41778821699e-05
1487	1.40823410738e-05
1488	1.39857064014e-05
1489	1.38873324442e-05
1490	1.37868971966e-05
1491	1.36861196726e-05
1492	1.35842004042e-05
1493	1.34791887261e-05
1494	1.33699589662e-05
1495	1.32687233169e-05
1496	1.3181475623e-05
1497	1.31033058411e-05
1498	1.3031233536e-05
1499	1.29684125869e-05
1500	1.29201205248e-05
1501	1.28806084145e-05
1502	1.28519779116e-05
1503	1.28287933352e-05
1504	1.28050352194e-05
1505	1.2780198686e-05
1506	1.27551240041e-05
1507	1.27288336852e-05
1508	1.27019826601e-05
1509	1.2675067081e-05
1510	1.26476141801e-05
1511	1.26200615072e-05
1512	1.25928136285e-05
1513	1.25726113875e-05
1514	1.25620616829e-05
1515	1.2558524757e-05
1516	1.25753946036e-05
1517	1.25913070116e-05
1518	1.26051055728e-05
1519	1.26201373374e-05
1520	1.26397061481e-05
1521	1.26625088838e-05
1522	1.26855256739e-05
1523	1.27073999116e-05
1524	1.27292512315e-05
1525	1.27483048873e-05
1526	1.27667588829e-05
1527	1.27824571186e-05
1528	1.27966077284e-05
1529	1.28087548604e-05
1530	1.28198592743e-05
1531	1.28325821378e-05
1532	1.28464882696e-05
1533	1.28586499945e-05
1534	1.28679302616e-05
1535	1.287544447e-05
1536	1.28810553604e-05
1537	1.28848583601e-05
1538	1.28868520637e-05
1539	1.28871258667e-05
1540	1.28838163867e-05
1541	1.28751563742e-05
1542	1.28811308692e-05
1543	1.2885373586e-05
1544	1.28840898299e-05
1545	1.28808766271e-05
1546	1.2875413606e-05
1547	1.28690908502e-05
1548	1.28707489853e-05
1549	1.28988118064e-05
1550	1.29410569366e-05
1551	1.29984618664e-05
1552	1.3056207338e-05
1553	1.31277964557e-05
1554	1.32279115796e-05
1555	1.33556965901e-05
1556	1.34909828135e-05
1557	1.3626075362e-05
1558	1.37407272953e-05
1559	1.383961419e-05
1560	1.39246718658e-05
1561	1.4000573709e-05
1562	1.4067881146e-05
1563	1.41296505581e-05
1564	1.41856246101e-05
1565	1.4237560525e-05
1566	1.42851014091e-05
1567	1.43299333022e-05
1568	1.43715051871e-05
1569	1.44103271588e-05
1570	1.44471311645e-05
1571	1.44805466455e-05
1572	1.45128911923e-05
1573	1.45435512792e-05
1574	1.45721293007e-05
1575	1.45984475162e-05
1576	1.46238575763e-05
1577	1.46480044721e-05
1578	1.46703667622e-05
1579	1.46912536277e-05
1580	1.47111609103e-05
1581	1.47292658316e-05
1582	1.47466207625e-05
1583	1.47632520906e-05
1584	1.47787205007e-05
1585	1.4793043544e-05
1586	1.48067823062e-05
1587	1.4819287889e-05
1588	1.48311593597e-05
1589	1.48425774904e-05
1590	1.4853165188e-05
1591	1.48628374606e-05
1592	1.48721265841e-05
1593	1.48806223315e-05
1594	1.48884659235e-05
1595	1.48959740657e-05
1596	1.49029169004e-05
1597	1.49090322635e-05
1598	1.49148297201e-05
1599	1.49201754039e-05
1600	1.49249826579e-05
1601	1.49287885872e-05
1602	1.49326126947e-05
1603	1.4936057038e-05
1604	1.4939038364e-05
1605	1.49416986179e-05
1606	1.49434253466e-05
1607	1.49450211546e-05
1608	1.49463413462e-05
1609	1.49473207227e-05
1610	1.49480276353e-05
1611	1.49478336223e-05
1612	1.49476242123e-05
1613	1.49472193085e-05
1614	1.49465303573e-05
1615	1.49455287359e-05
1616	1.49442064309e-05
1617	1.49425727716e-05
1618	1.49406397666e-05
1619	1.49384317018e-05
1620	1.49359827515e-05
1621	1.49332582717e-05
1622	1.49305382273e-05
1623	1.49268525546e-05
1624	1.49232453447e-05
1625	1.49195218373e-05
1626	1.49156012267e-05
1627	1.49114731711e-05
1628	1.49071351876e-05
1629	1.49025889586e-05
1630	1.48978417234e-05
1631	1.4892901963e-05
1632	1.48877927618e-05
1633	1.488250008e-05
1634	1.48770048623e-05
1635	1.48713180606e-05
1636	1.48654548241e-05
1637	1.48593897889e-05
1638	1.48531424552e-05
1639	1.48465214874e-05
1640	1.48400319106e-05
1641	1.48333429628e-05
1642	1.48264676458e-05
1643	1.48194226528e-05
1644	1.48122386616e-05
1645	1.48047136398e-05
1646	1.47973379193e-05
1647	1.47897963826e-05
1648	1.47820990513e-05
1649	1.47742714731e-05
1650	1.47662963462e-05
1651	1.47582128779e-05
1652	1.47499972641e-05
1653	1.47416661336e-05
1654	1.47332388473e-05
1655	1.47246874902e-05
1656	1.47160247374e-05
1657	1.47072692805e-05
1658	1.4698392387e-05
1659	1.46894252656e-05
1660	1.46803405978e-05
1661	1.46711525334e-05
1662	1.46618819104e-05
1663	1.46524945927e-05
1664	1.46430363672e-05
1665	1.46334654323e-05
1666	1.4623818264e-05
1667	1.46140708278e-05
1668	1.46042515863e-05
1669	1.45943382667e-05
1670	1.45843566715e-05
1671	1.45742846566e-05
1672	1.45641323661e-05
1673	1.45539157018e-05
1674	1.45436131081e-05
1675	1.45332518426e-05
1676	1.45228086782e-05
1677	1.45123072563e-05
1678	1.45017302353e-05
1679	1.44910841656e-05
1680	1.4480387478e-05
1681	1.44696148441e-05
1682	1.44587907562e-05
1683	1.44479071902e-05
1684	1.44369467557e-05
1685	1.4425935226e-05
1686	1.44148662902e-05
1687	1.44037408998e-05
1688	1.43925424292e-05
1689	1.43812998972e-05
1690	1.4370005672e-05
1691	1.43586627626e-05
1692	1.43472707004e-05
1693	1.4335829272e-05
1694	1.43243376909e-05
1695	1.43127976566e-05
1696	1.43012103371e-05
1697	1.42895781231e-05
1698	1.42779063856e-05
1699	1.4266191876e-05
1700	1.42544342287e-05
1701	1.42426329458e-05
1702	1.42307891407e-05
1703	1.42189042052e-05
1704	1.42069800015e-05
1705	1.41950177482e-05
1706	1.41830193324e-05
1707	1.41709854674e-05
1708	1.41589166102e-05
1709	1.41468140946e-05
1710	1.41346788405e-05
1711	1.4122511182e-05
1712	1.41103119987e-05
1713	1.40980810688e-05
1714	1.40858203e-05
1715	1.40735287805e-05
1716	1.40612081811e-05
1717	1.40488581292e-05
1718	1.40364798067e-05
1719	1.40240733727e-05
1720	1.40116405067e-05
1721	1.39991808129e-05
1722	1.39866953408e-05
1723	1.39741784304e-05
1724	1.39616329654e-05
1725	1.3949061535e-05
1726	1.39364674035e-05
1727	1.39238542464e-05
1728	1.39112216774e-05
1729	1.38985686227e-05
1730	1.38858988605e-05
1731	1.38732094387e-05
1732	1.38605019577e-05
1733	1.38477753942e-05
1734	1.38350297534e-05
1735	1.3822267265e-05
1736	1.38094866218e-05
1737	1.37966875585e-05
1738	1.37838699622e-05
1739	1.37710352918e-05
1740	1.37581827887e-05
1741	1.37453149884e-05
1742	1.37337350065e-05
1743	1.3719943433e-05
1744	1.37063471825e-05
1745	1.36931327093e-05
1746	1.36812425202e-05
1747	1.36676061199e-05
1748	1.36542451702e-05
1749	1.36424825335e-05
1750	1.36287467651e-05
1751	1.36152761265e-05
1752	1.3603247031e-05
1753	1.35895373006e-05
1754	1.35761318347e-05
1755	1.35642327883e-05
1756	1.35505096944e-05
1757	1.35370385396e-05
1758	1.35249907147e-05
1759	1.3511242486e-05
1760	1.34977688341e-05
1761	1.34857433639e-05
1762	1.34719743376e-05
1763	1.34584619533e-05
1764	1.34463636749e-05
1765	1.34325734739e-05
1766	1.3419048398e-05
1767	1.34069387558e-05
1768	1.33931300421e-05
1769	1.33795786679e-05
1770	1.33674221932e-05
1771	1.33535979516e-05
1772	1.33400339442e-05
1773	1.33278555105e-05
1774	1.33140230635e-05
1775	1.3301367296e-05
1776	1.32874068962e-05
1777	1.32738298605e-05
1778	1.32616924203e-05
1779	1.3247923834e-05
1780	1.32352528916e-05
1781	1.32213310126e-05
1782	1.32087064463e-05
1783	1.31948085792e-05
1784	1.31821689178e-05
1785	1.31683232572e-05
1786	1.31557235225e-05
1787	1.31419015037e-05
1788	1.31292904595e-05
1789	1.31154676803e-05
1790	1.31028520825e-05
1791	1.30890317555e-05
1792	1.30764047316e-05
1793	1.30625747404e-05
1794	1.30499375762e-05
1795	1.30361033653e-05
1796	1.30234604242e-05
1797	1.30096329483e-05
1798	1.29969879035e-05
1799	1.29831532305e-05
1800	1.29705015065e-05
1801	1.2956670939e-05
1802	1.29440201381e-05
1803	1.29302044151e-05
1804	1.291754922e-05
1805	1.29037382174e-05
1806	1.28910854943e-05
1807	1.28772866005e-05
1808	1.28646319082e-05
1809	1.28508438035e-05
1810	1.28381893405e-05
1811	1.28244096806e-05
1812	1.28117559875e-05
1813	1.27979915318e-05
1814	1.27853357694e-05
1815	1.2771579547e-05
1816	1.27589264094e-05
1817	1.27451852502e-05
1818	1.27325321415e-05
1819	1.27188038954e-05
1820	1.27061563451e-05
1821	1.2692440486e-05
1822	1.26797900238e-05
1823	1.26660760638e-05
1824	1.26534281297e-05
1825	1.26397307198e-05
1826	1.26270878146e-05
1827	1.26134096222e-05
1828	1.26007677749e-05
1829	1.25870949361e-05
1830	1.25744552414e-05
1831	1.25607907469e-05
1832	1.25481544441e-05
1833	1.2534499988e-05
1834	1.25218678203e-05
1835	1.25082246336e-05
1836	1.24955986378e-05
1837	1.24819689926e-05
1838	1.24693482743e-05
1839	1.24557335683e-05
1840	1.2443120274e-05
1841	1.24295116563e-05
1842	1.24169039819e-05
1843	1.24033085697e-05
1844	1.23907136759e-05
1845	1.23771431235e-05
1846	1.2364558901e-05
1847	1.23510107635e-05
1848	1.23384364933e-05
1849	1.23249087366e-05
1850	1.23123472124e-05
1851	1.22988410238e-05
1852	1.22862887691e-05
1853	1.22728107293e-05
1854	1.22603255892e-05
1855	1.22468588563e-05
1856	1.22343391739e-05
1857	1.22208847724e-05
1858	1.22083378053e-05
1859	1.21948809014e-05
1860	1.21823575062e-05
1861	1.21689280065e-05
1862	1.21564186085e-05
1863	1.21430103023e-05
1864	1.21305119985e-05
1865	1.21171190823e-05
1866	1.21046309308e-05
1867	1.20917458119e-05
1868	1.20782663316e-05
1869	1.20657100941e-05
1870	1.20527714311e-05
1871	1.20393634451e-05
1872	1.20268998024e-05
1873	1.20140540524e-05
1874	1.20007567435e-05
1875	1.19883439353e-05
1876	1.19755287695e-05
1877	1.19622595597e-05
1878	1.19498627017e-05
1879	1.19370619605e-05
1880	1.19238417588e-05
1881	1.19115060326e-05
1882	1.18987351399e-05
1883	1.18855055418e-05
1884	1.1873132272e-05
1885	1.18603707006e-05
1886	1.18471737371e-05
1887	1.18348186153e-05
1888	1.18220822718e-05
1889	1.18089194798e-05
1890	1.17965958963e-05
1891	1.17838886477e-05
1892	1.17707523624e-05
1893	1.17584496172e-05
1894	1.17457626419e-05
1895	1.17326740206e-05
1896	1.17204436764e-05
1897	1.17077926148e-05
1898	1.16946976835e-05
1899	1.168243209e-05
1900	1.16697880311e-05
1901	1.16567314134e-05
1902	1.16444859207e-05
1903	1.16318721397e-05
1904	1.16188661158e-05
1905	1.16066578684e-05
1906	1.15940809982e-05
1907	1.15811182942e-05
1908	1.15689359119e-05
1909	1.15563847622e-05
1910	1.15434813713e-05
1911	1.15313704577e-05
1912	1.15188555461e-05
1913	1.15059500198e-05
1914	1.14938118278e-05
1915	1.14813119082e-05
1916	1.14684472171e-05
1917	1.14563344835e-05
1918	1.14438662585e-05
1919	1.14310483916e-05
1920	1.14189715723e-05
1921	1.14065376542e-05
1922	1.13937561918e-05
1923	1.13817059554e-05
1924	1.13692982603e-05
1925	1.13568821285e-05
1926	1.13441526083e-05
1927	1.13320644393e-05
1928	1.13197123542e-05
1929	1.13073670399e-05
1930	1.12947109745e-05
1931	1.12826694787e-05
1932	1.12703651359e-05
1933	1.12580722791e-05
1934	1.12454913952e-05
1935	1.1233484865e-05
1936	1.1221228837e-05
1937	1.12089805298e-05
1938	1.11964735629e-05
1939	1.11845406303e-05
1940	1.11723195647e-05
1941	1.11600972176e-05
1942	1.11475710081e-05
1943	1.11356287039e-05
1944	1.11234321813e-05
1945	1.11112506733e-05
1946	1.10987875346e-05
1947	1.10868815268e-05
1948	1.10747396607e-05
1949	1.10626123058e-05
1950	1.10502441596e-05
1951	1.10384017134e-05
1952	1.10263212554e-05
1953	1.10142432334e-05
1954	1.1002082001e-05
1955	1.09896966358e-05
1956	1.09778516708e-05
1957	1.09658038086e-05
1958	1.09537999508e-05
1959	1.09417341337e-05
1960	1.0929501304e-05
1961	1.09177402665e-05
1962	1.09057636363e-05
1963	1.08938222528e-05
1964	1.08818091806e-05
1965	1.0869661992e-05
1966	1.0857984628e-05
1967	1.08460535819e-05
1968	1.0834153582e-05
1969	1.08221878616e-05
1970	1.08100716885e-05
1971	1.07984282599e-05
1972	1.078653672e-05
1973	1.07746837604e-05
1974	1.07627707607e-05
1975	1.07508227253e-05
1976	1.07387643657e-05
1977	1.07271426333e-05
1978	1.07153692935e-05
1979	1.07036407083e-05
1980	1.0691841753e-05
1981	1.06799901172e-05
1982	1.06681042209e-05
1983	1.06562359436e-05
1984	1.0644416063e-05
1985	1.06326569114e-05
1986	1.06209495248e-05
1987	1.06092789902e-05
1988	1.05976315599e-05
1989	1.0585986383e-05
1990	1.05743426772e-05
1991	1.05627031528e-05
1992	1.05510649842e-05
1993	1.05394338372e-05
1994	1.05278121297e-05
1995	1.05162011131e-05
1996	1.05046035903e-05
1997	1.04930029169e-05
1998	1.04815356436e-05
1999	1.04700060013e-05
2000	1.04584753446e-05
2001	1.04468656273e-05
2002	1.043536752e-05
2003	1.04238378123e-05
2004	1.0412322199e-05
2005	1.04007720587e-05
2006	1.03892354532e-05
2007	1.03777317301e-05
2008	1.0366251889e-05
2009	1.03547933266e-05
2010	1.03433491573e-05
2011	1.03319160391e-05
2012	1.03204927634e-05
2013	1.03090764551e-05
2014	1.02976673802e-05
2015	1.02862669304e-05
2016	1.02748769353e-05
2017	1.02634988088e-05
2018	1.02521332275e-05
2019	1.02407815259e-05
2020	1.02294436806e-05
2021	1.02181188886e-05
2022	1.02068070754e-05
2023	1.0195507196e-05
2024	1.01842191434e-05
2025	1.01729431226e-05
2026	1.01616791293e-05
2027	1.01504268506e-05
2028	1.01391874197e-05
2029	1.01279603891e-05
2030	1.01167460609e-05
2031	1.01055450301e-05
2032	1.00943574253e-05
2033	1.00832050429e-05
2034	1.00720119676e-05
2035	1.00608328117e-05
2036	1.00497100241e-05
2037	1.0038549698e-05
2038	1.00274138225e-05
2039	1.00163411858e-05
2040	1.00052099925e-05
2041	9.99418648086e-06
2042	1.02502319547e-05
2043	1.0207278473e-05
2044	1.01118652798e-05
2045	1.00090822415e-05
2046	9.93421621783e-06
2047	1.0155680288e-05
2048	1.01108520634e-05
2049	1.00267717603e-05
2050	9.9394031259e-06
2051	1.01424763393e-05
2052	1.00811248219e-05
2053	9.98759327059e-06
2054	1.01631014752e-05
