# Residuals         
# Time              	Ux                  	Uy                  	Uz                  	p                   
0                   	N/A	N/A
1                   	8.651175050283e-01	9.999999999992e-01	1.000000000000e+00	9.999999999856e-01
2                   	6.875568848621e-01	9.762108824702e-01	9.527676152659e-01	4.723496748852e-03
3                   	6.064413684228e-01	1.324818462451e-01	6.981829422134e-02	5.942609874156e-03
4                   	2.534504706182e-01	9.266630855377e-02	1.829020287410e-02	4.443387384716e-01
5                   	3.509830295344e-02	2.673629150071e-02	7.489326259831e-02	2.730103892487e-02
6                   	1.357412201630e-02	2.387182757423e-01	2.320812840864e-01	2.753972562393e-02
7                   	1.625180750032e-02	2.505415105262e-01	1.238939139681e-01	6.947470219961e-02
8                   	1.691067670490e-02	6.745678029165e-02	4.525685301559e-02	4.688369891007e-01
9                   	1.525704891584e-02	5.103393064732e-02	8.365835359153e-02	3.664324285436e-02
10                  	1.616003110466e-02	2.180537902315e-01	2.104932770599e-01	2.229699297039e-02
11                  	1.335792157703e-02	2.396376163597e-01	6.091367325147e-02	5.287750753343e-02
12                  	7.941609387429e-03	6.272303437486e-02	2.952578545339e-02	1.845082198422e-01
13                  	4.196945928395e-03	4.288345175730e-02	1.962590065679e-02	8.634767213387e-02
14                  	3.225254110649e-03	1.063707260015e-01	2.015719537668e-02	5.850357359918e-02
15                  	3.390712045716e-03	2.803848404450e-01	2.354163712680e-02	7.072306643544e-02
16                  	3.500979797542e-03	1.283460617491e-01	2.618430856139e-02	1.450008388056e-01
17                  	3.374545995409e-03	9.431702326783e-02	2.554474891504e-02	9.130013859987e-02
18                  	3.212820634136e-03	1.302709706568e-01	2.257645849602e-02	5.736226397304e-02
19                  	3.024985479554e-03	9.557583879849e-02	1.771748535066e-02	5.755208249040e-02
20                  	2.761710566084e-03	5.212323103395e-02	1.297388652865e-02	6.911059114246e-02
21                  	2.574528237701e-03	3.429042172520e-02	9.881212511409e-03	8.070188570807e-02
22                  	2.468317617014e-03	3.029408719314e-02	9.005018598844e-03	8.472093520109e-02
23                  	2.416663379108e-03	3.438543776173e-02	9.463994218685e-03	7.365472631156e-02
24                  	2.405196817178e-03	3.406754514671e-02	9.570262102707e-03	5.896435402142e-02
25                  	2.401446838925e-03	2.910597540202e-02	9.279691290271e-03	4.885845500398e-02
26                  	2.389961542665e-03	2.234417340977e-02	8.467264707939e-03	4.245387489866e-02
27                  	2.373601708253e-03	1.670671999620e-02	7.378742618088e-03	3.752126911327e-02
28                  	2.353984346632e-03	1.385633787900e-02	6.429364979999e-03	3.408355945474e-02
29                  	2.338440018692e-03	1.377519604539e-02	6.175362100813e-03	2.916677970329e-02
30                  	2.326382101966e-03	1.516113332362e-02	6.502091297610e-03	2.419323465311e-02
31                  	2.317733619731e-03	1.495384294716e-02	6.589291982582e-03	2.084197647940e-02
32                  	2.301970456230e-03	1.390373150457e-02	6.342813684466e-03	1.954637170097e-02
33                  	2.278962661307e-03	1.241461652596e-02	5.881211183540e-03	1.951083767525e-02
34                  	2.269102737226e-03	1.048168162855e-02	5.390288084066e-03	1.902810537970e-02
35                  	2.248698653491e-03	8.771003768799e-03	5.000706634533e-03	1.742201968660e-02
36                  	2.238263057483e-03	7.943761496802e-03	4.872912259441e-03	1.521957122068e-02
37                  	2.256239549641e-03	8.139397694052e-03	4.895206399941e-03	1.296950597969e-02
38                  	2.279921232511e-03	8.222369381538e-03	4.888846619724e-03	1.106895989052e-02
39                  	2.324404263862e-03	7.809825312828e-03	4.816274834340e-03	9.895187356443e-03
40                  	2.361902531140e-03	7.151714921141e-03	4.645276477685e-03	9.672244123811e-03
41                  	2.396193320397e-03	6.494272953567e-03	4.425890855507e-03	9.418930605680e-03
42                  	2.437871486742e-03	6.178579724633e-03	4.230619898043e-03	8.789774993879e-03
43                  	2.454792745089e-03	6.334445590876e-03	4.116087891622e-03	7.884875174804e-03
44                  	2.470845733104e-03	6.722219535676e-03	4.059638498756e-03	6.826057721973e-03
45                  	2.469461765727e-03	6.897358784796e-03	3.973000980269e-03	5.849309499439e-03
46                  	2.508744667792e-03	6.775164600276e-03	3.879500017391e-03	5.309712701651e-03
47                  	2.571936488010e-03	6.543181163981e-03	3.772164475741e-03	5.208406049221e-03
48                  	2.599365059288e-03	6.246575523631e-03	3.667960773201e-03	5.148199840002e-03
49                  	2.618413184736e-03	6.021910619070e-03	3.592597308194e-03	4.973456195198e-03
50                  	2.627374517793e-03	5.853002184174e-03	3.525943893547e-03	4.538502296990e-03
51                  	2.586965518786e-03	5.808290893880e-03	3.477230963051e-03	4.140531551595e-03
52                  	2.591727941354e-03	5.811785424325e-03	3.436303185453e-03	3.759918512273e-03
53                  	2.583749064698e-03	5.793969447098e-03	3.389876310345e-03	3.526139647359e-03
54                  	2.580098683098e-03	5.699082242229e-03	3.323893641480e-03	3.398425783417e-03
55                  	2.582677283846e-03	5.614963313912e-03	3.252614266722e-03	3.270736818844e-03
56                  	2.604052692080e-03	5.578957968689e-03	3.182450198845e-03	3.073926152313e-03
57                  	2.623525255568e-03	5.599792271263e-03	3.116553524102e-03	2.809976684344e-03
58                  	2.630481217382e-03	5.666113648644e-03	3.056855793582e-03	2.534976174926e-03
59                  	2.647426558703e-03	5.733640317927e-03	2.999549098328e-03	2.320737763782e-03
60                  	2.685119801890e-03	5.692206446389e-03	2.935008859751e-03	2.161227367940e-03
61                  	2.694996728260e-03	5.654228990674e-03	2.870160739223e-03	2.056760509552e-03
62                  	2.731784418345e-03	5.604770579648e-03	2.805327687075e-03	1.987534369329e-03
63                  	2.787453456280e-03	5.557520219549e-03	2.742793185302e-03	1.932531584317e-03
64                  	2.839067409134e-03	5.512849688736e-03	2.678250164578e-03	1.861735885874e-03
65                  	2.813785945471e-03	5.518438582112e-03	2.619305471022e-03	1.800936326919e-03
66                  	2.877337859486e-03	5.541639645264e-03	2.563544828899e-03	1.784413314556e-03
67                  	2.939750000711e-03	5.599520247374e-03	2.506058480288e-03	1.792551306809e-03
68                  	2.924806764541e-03	5.651854928746e-03	2.464526247033e-03	1.817930036694e-03
69                  	2.925811423477e-03	5.681915496341e-03	2.419019730466e-03	1.856643247134e-03
70                  	2.885206704855e-03	5.696805140146e-03	2.375214928800e-03	1.919429833749e-03
71                  	2.874111862982e-03	5.735337876506e-03	2.342982984074e-03	1.963405161347e-03
72                  	2.874640698290e-03	5.781132805537e-03	2.313706016044e-03	1.949269342040e-03
73                  	2.861740291658e-03	5.768070401343e-03	2.277247023609e-03	1.878031595162e-03
74                  	2.904718911544e-03	5.728515576223e-03	2.240681986235e-03	1.773463897947e-03
75                  	2.964570950931e-03	5.691018027510e-03	2.203411185578e-03	1.666793347380e-03
76                  	2.964047032208e-03	5.675260120778e-03	2.166514840425e-03	1.562012990634e-03
77                  	3.011105700161e-03	5.650211430665e-03	2.129099821281e-03	1.502266337637e-03
78                  	3.090015805664e-03	5.636155333162e-03	2.093756044275e-03	1.442138020056e-03
79                  	3.118136360195e-03	5.604629103888e-03	2.057917550696e-03	1.368366152950e-03
80                  	3.184719471801e-03	5.595719302649e-03	2.020521334272e-03	1.319410878751e-03
81                  	3.179493115292e-03	5.618287434300e-03	1.987676782724e-03	1.298470477678e-03
82                  	3.278609977916e-03	5.639381901602e-03	1.952488422544e-03	1.276817563715e-03
83                  	3.382339203146e-03	5.651919408528e-03	1.913319623083e-03	1.246111735448e-03
84                  	3.457701129903e-03	5.682399288421e-03	1.873248535732e-03	1.227947109199e-03
85                  	3.543970944158e-03	5.745595222572e-03	1.833058131930e-03	1.243641123425e-03
86                  	3.523151675210e-03	5.793253612887e-03	1.796304036108e-03	1.276623749885e-03
87                  	3.531323799175e-03	5.817313740000e-03	1.762151283722e-03	1.318437964319e-03
88                  	3.546454161184e-03	5.834200229476e-03	1.738304358757e-03	1.359703714336e-03
89                  	3.528623658490e-03	5.854511179449e-03	1.723108567212e-03	1.354060162703e-03
90                  	3.577381935987e-03	5.821758722927e-03	1.702783293219e-03	1.316035414812e-03
91                  	3.660351727264e-03	5.786379697146e-03	1.679587859337e-03	1.260913096204e-03
92                  	3.766601572029e-03	5.758588065112e-03	1.653912856468e-03	1.195085149055e-03
93                  	3.857123321252e-03	5.732544428842e-03	1.625922774239e-03	1.128788061651e-03
94                  	3.893345883137e-03	5.724714543439e-03	1.598024168556e-03	1.069933421777e-03
95                  	3.922580333394e-03	5.721130073492e-03	1.574428040656e-03	1.024365449195e-03
96                  	4.049039561898e-03	5.706319870853e-03	1.546931074734e-03	9.891525290837e-04
97                  	4.242042699410e-03	5.716786950275e-03	1.516777316956e-03	9.784816407640e-04
98                  	4.273273318818e-03	5.741039134406e-03	1.488574990315e-03	9.911085718326e-04
99                  	4.395568712588e-03	5.790187186357e-03	1.461423102982e-03	1.010618211134e-03
100                 	4.470671341693e-03	5.825174030360e-03	1.434054581489e-03	1.042612732308e-03
101                 	4.424119230530e-03	5.843775498393e-03	1.412479569410e-03	1.049430203047e-03
102                 	4.504190055014e-03	5.827774285793e-03	1.389622006050e-03	1.042818141427e-03
103                 	4.468976820897e-03	5.799320908563e-03	1.370984575813e-03	1.034830327299e-03
104                 	4.517525223952e-03	5.751436735775e-03	1.362018844054e-03	1.013359227450e-03
105                 	4.673636176149e-03	5.709574629210e-03	1.350299397992e-03	9.874251597292e-04
106                 	4.796564259699e-03	5.665770689402e-03	1.336180586166e-03	9.465990421715e-04
107                 	4.727454843171e-03	5.619315547068e-03	1.321991619932e-03	8.999250927102e-04
108                 	4.770227203585e-03	5.576964960064e-03	1.306393096238e-03	8.546300130808e-04
109                 	4.770070321074e-03	5.541153380789e-03	1.289102854469e-03	8.191048180663e-04
110                 	4.886487484984e-03	5.520077865212e-03	1.270010234290e-03	7.976664844610e-04
111                 	4.868447862067e-03	5.539082425765e-03	1.251559785370e-03	8.027705183243e-04
112                 	4.803452561390e-03	5.579819741373e-03	1.229561555618e-03	8.079928981342e-04
113                 	4.596405743324e-03	5.583986565274e-03	1.210185600402e-03	8.186557126438e-04
114                 	4.466169542839e-03	5.559047291476e-03	1.196051540552e-03	8.166384912054e-04
115                 	4.564024226022e-03	5.552250050037e-03	1.178095338594e-03	8.272725798275e-04
116                 	4.438604537928e-03	5.547502829812e-03	1.160239691764e-03	8.273803599616e-04
117                 	4.373739110090e-03	5.485554752965e-03	1.153074720325e-03	8.115559769942e-04
118                 	4.239935881206e-03	5.443146076629e-03	1.148055167966e-03	7.863626433024e-04
119                 	4.182874149943e-03	5.407530245523e-03	1.141060563629e-03	7.597484113210e-04
120                 	4.170229792619e-03	5.371859935652e-03	1.131657128016e-03	7.323205863294e-04
121                 	4.303237618376e-03	5.326938981139e-03	1.121428852038e-03	7.144845625488e-04
122                 	4.191833081079e-03	5.316377079585e-03	1.106491716989e-03	7.096904007611e-04
123                 	4.122371075121e-03	5.314109598998e-03	1.091238871832e-03	6.975764686545e-04
124                 	4.023325108298e-03	5.306147113881e-03	1.074616966071e-03	7.005518147879e-04
125                 	3.768732510895e-03	5.283912816568e-03	1.062274039463e-03	6.944812245059e-04
126                 	3.771660545953e-03	5.256846265514e-03	1.048814964850e-03	6.912327602727e-04
127                 	3.861948157587e-03	5.241438332262e-03	1.031861825764e-03	7.002174323611e-04
128                 	3.698715651278e-03	5.221294533997e-03	1.016464154682e-03	6.930094327373e-04
129                 	3.505706036431e-03	5.178177742129e-03	1.010853524091e-03	6.802443061832e-04
130                 	3.492834484581e-03	5.156680684609e-03	1.003476022841e-03	6.652708364634e-04
131                 	3.546130222208e-03	5.114357946236e-03	9.974464754817e-04	6.602681065441e-04
132                 	3.554108330244e-03	5.074744527050e-03	9.913628998192e-04	6.498969933430e-04
133                 	3.454850505441e-03	5.052682720051e-03	9.786676245163e-04	6.362808730116e-04
134                 	3.471110548743e-03	5.027802992268e-03	9.672578332846e-04	6.237595057897e-04
135                 	3.329987022810e-03	5.004490482931e-03	9.532025122417e-04	6.182486632782e-04
136                 	3.188421706479e-03	4.949191640649e-03	9.443108318091e-04	6.093818503196e-04
137                 	3.270049461288e-03	4.915460673794e-03	9.316442097620e-04	6.012502054392e-04
138                 	3.214617195830e-03	4.883710672409e-03	9.190699658012e-04	6.033415101304e-04
139                 	3.084116334843e-03	4.855877518620e-03	9.071368324875e-04	5.941677679658e-04
140                 	3.051642804535e-03	4.818507725595e-03	8.993217850293e-04	5.862256233188e-04
141                 	3.013795947475e-03	4.784424255147e-03	8.924366095555e-04	5.839213959593e-04
142                 	3.024175337144e-03	4.747160461507e-03	8.833274864297e-04	5.763174325335e-04
143                 	2.988900369241e-03	4.703634940777e-03	8.747610970354e-04	5.638217525593e-04
144                 	3.067828722921e-03	4.671877466062e-03	8.650649954670e-04	5.551445632630e-04
145                 	2.890620443759e-03	4.634167989560e-03	8.564345575924e-04	5.436561524108e-04
146                 	2.940094601214e-03	4.579342847673e-03	8.495085297544e-04	5.348511744443e-04
147                 	2.871697531495e-03	4.533201140503e-03	8.379463567720e-04	5.292432521412e-04
148                 	2.869161219330e-03	4.484012881992e-03	8.284427565076e-04	5.296812797954e-04
149                 	2.775818241177e-03	4.462669512661e-03	8.181021199126e-04	5.257119319918e-04
150                 	2.734453372454e-03	4.421372987409e-03	8.109653326529e-04	5.154159339907e-04
151                 	2.733602078869e-03	4.385092862443e-03	8.041261718029e-04	5.126338744874e-04
152                 	2.793049161737e-03	4.354581807525e-03	7.951227336716e-04	5.111222881439e-04
153                 	2.929558077211e-03	4.323995631378e-03	7.824011019869e-04	5.112475428748e-04
154                 	2.713823358370e-03	4.281394678045e-03	7.752588131142e-04	5.028197053640e-04
155                 	2.671538407068e-03	4.234935532138e-03	7.700345572712e-04	4.829138563597e-04
156                 	2.760977705203e-03	4.187898555761e-03	7.609698328987e-04	4.822471558582e-04
157                 	2.701491380817e-03	4.145841295912e-03	7.505446032432e-04	4.821241515309e-04
158                 	2.669482812800e-03	4.107111770266e-03	7.413550454045e-04	4.707226881026e-04
159                 	2.629306423673e-03	4.074096082572e-03	7.342886651293e-04	4.655869846674e-04
160                 	2.832164221184e-03	4.039088526240e-03	7.244458766389e-04	4.649137873613e-04
161                 	2.668308704330e-03	4.002665846434e-03	7.154307356022e-04	4.657630614829e-04
162                 	2.497613241164e-03	3.968352785808e-03	7.094958820366e-04	4.481820244181e-04
163                 	2.525932131318e-03	3.920068884546e-03	7.013981254761e-04	4.351345195099e-04
164                 	2.535192414775e-03	3.861152590762e-03	6.921934031901e-04	4.338080227918e-04
165                 	2.629452454660e-03	3.824239979240e-03	6.819852188936e-04	4.314647373428e-04
166                 	2.764507733269e-03	3.799337208803e-03	6.738316839886e-04	4.252365400531e-04
167                 	2.752799863692e-03	3.763598908273e-03	6.674582821183e-04	4.162327871683e-04
168                 	2.439704271660e-03	3.737755492953e-03	6.599202455201e-04	4.082815909172e-04
169                 	2.452693328643e-03	3.688851339190e-03	6.533012778190e-04	3.968229953419e-04
170                 	2.713980867106e-03	3.628863143873e-03	6.475196470277e-04	3.937512870599e-04
171                 	2.755614509202e-03	3.592113737585e-03	6.313383001804e-04	4.012534420879e-04
172                 	2.624689549116e-03	3.569425914260e-03	6.213333890071e-04	3.895303875283e-04
173                 	2.899083591983e-03	3.531366208120e-03	6.172609669491e-04	3.790491477145e-04
174                 	2.561914291531e-03	3.504235401926e-03	6.084721315118e-04	3.690603231669e-04
175                 	2.654800019641e-03	3.459237203980e-03	6.013305270711e-04	3.589028379447e-04
176                 	2.952670253624e-03	3.391798288012e-03	5.940197956808e-04	3.544923575797e-04
177                 	2.807583329355e-03	3.362753571848e-03	5.783618585072e-04	3.542450180019e-04
178                 	2.936517340242e-03	3.333764676433e-03	5.675092171221e-04	3.508766290522e-04
179                 	2.875710253822e-03	3.301513394909e-03	5.596434429172e-04	3.367419050538e-04
180                 	2.817238018504e-03	3.249877087979e-03	5.525598931828e-04	3.258093602217e-04
181                 	3.095929947962e-03	3.181561268913e-03	5.415291669540e-04	3.210101883832e-04
182                 	3.164122631888e-03	3.140851965092e-03	5.262831686320e-04	3.175293545260e-04
183                 	2.720443854902e-03	3.122266953595e-03	5.213107053581e-04	2.996413186318e-04
184                 	2.810676001426e-03	3.084330834541e-03	5.149963194255e-04	2.882610751429e-04
185                 	2.947472100838e-03	3.034441595892e-03	5.041787309568e-04	2.846420843814e-04
186                 	3.241326315342e-03	2.969001626807e-03	4.883926173641e-04	2.736888241000e-04
187                 	2.878142465521e-03	2.920433122098e-03	4.787465981737e-04	2.619480375481e-04
188                 	2.474704617562e-03	2.917536848243e-03	4.777171109492e-04	2.501366271978e-04
189                 	2.331551210255e-03	2.886778864056e-03	4.704985619187e-04	2.443785462349e-04
190                 	2.467339878020e-03	2.846741905575e-03	4.599303202184e-04	2.411584521869e-04
191                 	2.504932200448e-03	2.798992445487e-03	4.454869160537e-04	2.323060077179e-04
192                 	3.071727877625e-03	2.725679179258e-03	4.286910570505e-04	2.255832018041e-04
193                 	3.117507272032e-03	2.626151906565e-03	4.047053264339e-04	2.226022573071e-04
194                 	2.051868312283e-03	2.665639717685e-03	4.112686410250e-04	2.103987522923e-04
195                 	2.051159035732e-03	2.667975807581e-03	4.104479910245e-04	2.052205299956e-04
196                 	2.006632832230e-03	2.627610743465e-03	4.004206643646e-04	1.982963394203e-04
197                 	1.684911401755e-03	2.584945133103e-03	3.887199818121e-04	1.886255799164e-04
198                 	1.534602230682e-03	2.485727788744e-03	3.667247652205e-04	1.828424067575e-04
199                 	1.086814997617e-03	2.608194001548e-03	3.898692659441e-04	1.740326844254e-04
200                 	9.947144910615e-04	2.648770327198e-03	3.960585138870e-04	1.695983248774e-04
201                 	9.634569375224e-04	2.663461054986e-03	3.968179091960e-04	1.626834458341e-04
202                 	9.387315810345e-04	2.665890610715e-03	3.957413903062e-04	1.577519621381e-04
203                 	9.236519263625e-04	2.659781227376e-03	3.924747731673e-04	1.518394975382e-04
204                 	9.086921746967e-04	2.651959351157e-03	3.884459818934e-04	1.471718507040e-04
205                 	9.125816285850e-04	2.629127936454e-03	3.849781970462e-04	1.437976176332e-04
206                 	8.763249383244e-04	2.623356111677e-03	3.785888235975e-04	1.392474322895e-04
207                 	8.652874398208e-04	2.604090279861e-03	3.730457835367e-04	1.339541080868e-04
208                 	8.473028486215e-04	2.573968272716e-03	3.660100048865e-04	1.297720679324e-04
209                 	8.329328132037e-04	2.545562526867e-03	3.596177581929e-04	1.244633209221e-04
210                 	8.289967475842e-04	2.525822473987e-03	3.542885836448e-04	1.217302952755e-04
211                 	8.249520339481e-04	2.498628808227e-03	3.477598753768e-04	1.169263156712e-04
212                 	8.227391123342e-04	2.484680362624e-03	3.438254272843e-04	1.139214884042e-04
213                 	8.031857732732e-04	2.479817388549e-03	3.410956580966e-04	1.103107802219e-04
214                 	7.786395892978e-04	2.520184372195e-03	3.470565860460e-04	1.072119674689e-04
215                 	7.725311707829e-04	2.528644948607e-03	3.473110103518e-04	1.056156682500e-04
216                 	7.686134668893e-04	2.527087310865e-03	3.454311157394e-04	1.031913358728e-04
217                 	7.638159357759e-04	2.521278654569e-03	3.427337197535e-04	1.000738114410e-04
218                 	7.586421763063e-04	2.511678403980e-03	3.396512510632e-04	9.792498143272e-05
219                 	7.522570721910e-04	2.500777896700e-03	3.363793280760e-04	9.584291517188e-05
220                 	7.458096219014e-04	2.488244052032e-03	3.330223519915e-04	9.485153909034e-05
221                 	7.391750152807e-04	2.476650278904e-03	3.296082115522e-04	9.338737586904e-05
222                 	7.325934603160e-04	2.464714906890e-03	3.262010776998e-04	9.091600331432e-05
223                 	7.257565913777e-04	2.451144858859e-03	3.228034940798e-04	8.947418331531e-05
224                 	7.192091983634e-04	2.437552896975e-03	3.194268057562e-04	8.794471907179e-05
225                 	7.122242788443e-04	2.423100584136e-03	3.160844433432e-04	8.739809887157e-05
226                 	7.059227659066e-04	2.410055342639e-03	3.127582004918e-04	8.630369165979e-05
227                 	6.994856480922e-04	2.397025058282e-03	3.094816104683e-04	8.421492124624e-05
228                 	6.933247154458e-04	2.382667402674e-03	3.062416535988e-04	8.305779826283e-05
229                 	6.871852661251e-04	2.369053099208e-03	3.030424092538e-04	8.148107154290e-05
230                 	6.808697309419e-04	2.354316433340e-03	2.998795065591e-04	8.071638185168e-05
231                 	6.748908306323e-04	2.340668794225e-03	2.967583585782e-04	7.935588697735e-05
232                 	6.687943692680e-04	2.326695629233e-03	2.936769230682e-04	7.840391285769e-05
233                 	6.624525335940e-04	2.312247981000e-03	2.906310630607e-04	7.786774898442e-05
234                 	6.565463450622e-04	2.298835201761e-03	2.876277065125e-04	7.635851920658e-05
235                 	6.507590305828e-04	2.284553091197e-03	2.846612864557e-04	7.577418554397e-05
236                 	6.453149358621e-04	2.270774529178e-03	2.817362921804e-04	7.489170891199e-05
237                 	6.398160936902e-04	2.257105583147e-03	2.788524876044e-04	7.397482739675e-05
238                 	6.343757731516e-04	2.243596956889e-03	2.760069169992e-04	7.306149554672e-05
239                 	6.283198863772e-04	2.230101293435e-03	2.731978445382e-04	7.226249428266e-05
240                 	6.235843529144e-04	2.216619768202e-03	2.704256665151e-04	7.148041433070e-05
241                 	6.181252678742e-04	2.203165244468e-03	2.676908501669e-04	7.070036897335e-05
242                 	6.127412464757e-04	2.189757173817e-03	2.649916538673e-04	6.995090714699e-05
243                 	6.075395920720e-04	2.176461302280e-03	2.623263725447e-04	6.920974549112e-05
244                 	6.024684337281e-04	2.163299518927e-03	2.596945886940e-04	6.843600414185e-05
245                 	5.978194321899e-04	2.150198902617e-03	2.570962570690e-04	6.768422067750e-05
246                 	5.928308814902e-04	2.137157544008e-03	2.545314481396e-04	6.699743193544e-05
247                 	5.879510569930e-04	2.124195537298e-03	2.520005954231e-04	6.631185385423e-05
248                 	5.829889408271e-04	2.111319756494e-03	2.495026025066e-04	6.567172633346e-05
249                 	5.784478044359e-04	2.098590361503e-03	2.470354956504e-04	6.504176360474e-05
250                 	5.740223648542e-04	2.085948324951e-03	2.445990550368e-04	6.439586472733e-05
251                 	5.695198997987e-04	2.073390866946e-03	2.421932218248e-04	6.377364280529e-05
252                 	5.652173452178e-04	2.060910477771e-03	2.398179375641e-04	6.314562252683e-05
253                 	5.607090902367e-04	2.048507001474e-03	2.374733183176e-04	6.256762572643e-05
254                 	5.560658261265e-04	2.036194370015e-03	2.351575635945e-04	6.200056872341e-05
255                 	5.520602521717e-04	2.024046774506e-03	2.328694981283e-04	6.141094980194e-05
256                 	5.478718108902e-04	2.011982250650e-03	2.306087380763e-04	6.081832833796e-05
257                 	5.435990989904e-04	1.999992995548e-03	2.283752501712e-04	6.022668918469e-05
258                 	5.392442737863e-04	1.988077086634e-03	2.261698382167e-04	5.967959942720e-05
259                 	5.354253422553e-04	1.976247441613e-03	2.239914143865e-04	5.912656699077e-05
260                 	5.314484904927e-04	1.964529035633e-03	2.218392422221e-04	5.863484323767e-05
261                 	5.276805971564e-04	1.952947414805e-03	2.197123160950e-04	5.817510464773e-05
262                 	5.238107836020e-04	1.941433771988e-03	2.176108317318e-04	5.768738517912e-05
263                 	5.194350056687e-04	1.930002825078e-03	2.155356352609e-04	5.722604794207e-05
264                 	5.156542890697e-04	1.918642631014e-03	2.134861137566e-04	5.677691814552e-05
265                 	5.119292968236e-04	1.907364847696e-03	2.114619013268e-04	5.635808811348e-05
266                 	5.083736368659e-04	1.896204960210e-03	2.094617553698e-04	5.592885360586e-05
267                 	5.044390521294e-04	1.885184402884e-03	2.074849846298e-04	5.548369467482e-05
268                 	5.005808225864e-04	1.874224455829e-03	2.055308548686e-04	5.502279028541e-05
269                 	4.971381973966e-04	1.863340464288e-03	2.035996388638e-04	5.454662815441e-05
270                 	4.932150296622e-04	1.852529033699e-03	2.016914402437e-04	5.410298827878e-05
271                 	4.895187664412e-04	1.841799854655e-03	1.998054788771e-04	5.368160420863e-05
272                 	4.861057379964e-04	1.831164615792e-03	1.979412222668e-04	5.327152162842e-05
273                 	4.828216360758e-04	1.820653867606e-03	1.960971950084e-04	5.284887914725e-05
274                 	4.792081685246e-04	1.810195086695e-03	1.942740093450e-04	5.242753689063e-05
275                 	4.758782861239e-04	1.799800357300e-03	1.924712683505e-04	5.203420124758e-05
276                 	4.723306562922e-04	1.789472329840e-03	1.906893828819e-04	5.163888311964e-05
277                 	4.687654196687e-04	1.779207589345e-03	1.889279840101e-04	5.128102386696e-05
278                 	4.660896101463e-04	1.769023893708e-03	1.871864987627e-04	5.092313626195e-05
279                 	4.624799317435e-04	1.758953003497e-03	1.854639691869e-04	5.056293667367e-05
280                 	4.596254685098e-04	1.748925293365e-03	1.837597592073e-04	5.016777406623e-05
281                 	4.567060376934e-04	1.739030012360e-03	1.820755157201e-04	4.974067957863e-05
282                 	4.529487219964e-04	1.729106960314e-03	1.804091104366e-04	4.914636177880e-05
283                 	4.502475851163e-04	1.719355924226e-03	1.787610667232e-04	4.894850618643e-05
284                 	4.470298696377e-04	1.709397244569e-03	1.771288616250e-04	4.898363902071e-05
285                 	4.441629365472e-04	1.699617620777e-03	1.755147082567e-04	4.853871839503e-05
286                 	4.411434718538e-04	1.690058517244e-03	1.739198381784e-04	4.799084736829e-05
287                 	4.383682773404e-04	1.680549994531e-03	1.723412407605e-04	4.782011562268e-05
288                 	4.354158007954e-04	1.671008785640e-03	1.707798413066e-04	4.720915669502e-05
289                 	4.324844919008e-04	1.661674884631e-03	1.692358872757e-04	4.706124538606e-05
290                 	4.293683578452e-04	1.652131866898e-03	1.677067392517e-04	4.710803225077e-05
291                 	4.266508681409e-04	1.642707066997e-03	1.661942080940e-04	4.669937698132e-05
292                 	4.239454251496e-04	1.633482957386e-03	1.646991707126e-04	4.618525011291e-05
293                 	4.209779310261e-04	1.624301128197e-03	1.632185682390e-04	4.602820963587e-05
294                 	4.182430468775e-04	1.615081852774e-03	1.617533371193e-04	4.545168406927e-05
295                 	4.156094817587e-04	1.606054220088e-03	1.603040926327e-04	4.530794985355e-05
296                 	4.130865926809e-04	1.596861388919e-03	1.588687125793e-04	4.535576942362e-05
297                 	4.102640684522e-04	1.587791976265e-03	1.574501663086e-04	4.489812037247e-05
298                 	4.075164017109e-04	1.578806175045e-03	1.560455927960e-04	4.430253627062e-05
299                 	4.047742748725e-04	1.569997808728e-03	1.546552255987e-04	4.408149852828e-05
300                 	4.024960074075e-04	1.561203486682e-03	1.532790517190e-04	4.388109591880e-05
301                 	3.997659194358e-04	1.552315466005e-03	1.519171943367e-04	4.360941337929e-05
302                 	3.971924135372e-04	1.543429900484e-03	1.505694187825e-04	4.333181223107e-05
303                 	3.949079398284e-04	1.534634037245e-03	1.492355227776e-04	4.306759752766e-05
304                 	3.925657488021e-04	1.525940807500e-03	1.479150890037e-04	4.281011601215e-05
305                 	3.901517367240e-04	1.517314705199e-03	1.466078084254e-04	4.255652449960e-05
306                 	3.873021678866e-04	1.508721947230e-03	1.453130814213e-04	4.230329450192e-05
307                 	3.850393286665e-04	1.500142399380e-03	1.440319618511e-04	4.205114728341e-05
308                 	3.826627892257e-04	1.491587823707e-03	1.427644128301e-04	4.181252273018e-05
309                 	3.801277104407e-04	1.483086842872e-03	1.415101974779e-04	4.158312569532e-05
310                 	3.778412666568e-04	1.474654787075e-03	1.402686368886e-04	4.134461204164e-05
311                 	3.756284344300e-04	1.466258126665e-03	1.390390405198e-04	4.109527211641e-05
312                 	3.733747450765e-04	1.457886536426e-03	1.378212944988e-04	4.081938284459e-05
313                 	3.706050255760e-04	1.449536270525e-03	1.366154891068e-04	4.055286940359e-05
314                 	3.683050838779e-04	1.441091163517e-03	1.354204159916e-04	4.061173337842e-05
315                 	3.663110712274e-04	1.432594380580e-03	1.342405099037e-04	4.036558636285e-05
316                 	3.639987969689e-04	1.424730473638e-03	1.330691579802e-04	4.014405486579e-05
317                 	3.620829079486e-04	1.416725014489e-03	1.319118419007e-04	3.973929366772e-05
318                 	3.598540675136e-04	1.408498642654e-03	1.307649924989e-04	3.955753186367e-05
319                 	3.575522093665e-04	1.400109472229e-03	1.296315519222e-04	3.916761307544e-05
320                 	3.549516525807e-04	1.392270176187e-03	1.285056920628e-04	3.898206525792e-05
321                 	3.530331203484e-04	1.384336299610e-03	1.273928195437e-04	3.867407270917e-05
322                 	3.509258636599e-04	1.376211575812e-03	1.262902682724e-04	3.860258187842e-05
323                 	3.485312993299e-04	1.367955346345e-03	1.252005977569e-04	3.822375368317e-05
324                 	3.467221641097e-04	1.360288451662e-03	1.241175280723e-04	3.799913905029e-05
325                 	3.442142075501e-04	1.352522237494e-03	1.230463869521e-04	3.768654743022e-05
326                 	3.423754209586e-04	1.344507151674e-03	1.219850334189e-04	3.764212730727e-05
327                 	3.403782285143e-04	1.336368597633e-03	1.209364569531e-04	3.731600872866e-05
328                 	3.384455296365e-04	1.328833242343e-03	1.198943544334e-04	3.719727131796e-05
329                 	3.363588740558e-04	1.320934267826e-03	1.188650116891e-04	3.713855965562e-05
330                 	3.343131371768e-04	1.313489936683e-03	1.178426267699e-04	3.697948076335e-05
331                 	3.322169661346e-04	1.305844912685e-03	1.168320372548e-04	3.654704703688e-05
332                 	3.301670561663e-04	1.297975933598e-03	1.158300528631e-04	3.643754186368e-05
333                 	3.277801630623e-04	1.290047521579e-03	1.148392397618e-04	3.609336194007e-05
334                 	3.263724131124e-04	1.282702403760e-03	1.138547876515e-04	3.624257170512e-05
335                 	3.243689732874e-04	1.275005992772e-03	1.128814396485e-04	3.602731136163e-05
336                 	3.225007417310e-04	1.267686075858e-03	1.119154650894e-04	3.573354833680e-05
337                 	3.205173196517e-04	1.259927126729e-03	1.109598527330e-04	3.561417744056e-05
338                 	3.187521596743e-04	1.252369920099e-03	1.100116783400e-04	3.557994800807e-05
339                 	3.165614570433e-04	1.245025147512e-03	1.090711510789e-04	3.536549346646e-05
340                 	3.148576894732e-04	1.237303444913e-03	1.081421735915e-04	3.495560674999e-05
341                 	3.127763957176e-04	1.229851004627e-03	1.072202234448e-04	3.490877156216e-05
342                 	3.110221744634e-04	1.222713125599e-03	1.063050544963e-04	3.492773142288e-05
343                 	3.091081757362e-04	1.215106790285e-03	1.053996844004e-04	3.463852230582e-05
344                 	3.069553483832e-04	1.207664303666e-03	1.045011867272e-04	3.461794518661e-05
345                 	3.056287366352e-04	1.200466926990e-03	1.036095799974e-04	3.457398164249e-05
346                 	3.032183642178e-04	1.192908367662e-03	1.027282971094e-04	3.428736351900e-05
347                 	3.019039821838e-04	1.185558378799e-03	1.018535151266e-04	3.417280894881e-05
348                 	2.999309216664e-04	1.178309059488e-03	1.009855952577e-04	3.414340897794e-05
349                 	2.980917427626e-04	1.171077075183e-03	1.001251830418e-04	3.411933024543e-05
350                 	2.962049523199e-04	1.163814243844e-03	9.927222437354e-05	3.397829011089e-05
351                 	2.945629495035e-04	1.156510115141e-03	9.842704968897e-05	3.375870195522e-05
352                 	2.925727309667e-04	1.149239704203e-03	9.758915390843e-05	3.352583279241e-05
353                 	2.912219442093e-04	1.142141571979e-03	9.675814440858e-05	3.330826828301e-05
354                 	2.892884834408e-04	1.134729003045e-03	9.593566875805e-05	3.279073119490e-05
355                 	2.875039296129e-04	1.127478052119e-03	9.511896993315e-05	3.266307440065e-05
356                 	2.857740051761e-04	1.120516599403e-03	9.430855476326e-05	3.264456862784e-05
357                 	2.840445277628e-04	1.113228407562e-03	9.350678359821e-05	3.236782128539e-05
358                 	2.827625050995e-04	1.106072229667e-03	9.271169960420e-05	3.229684837779e-05
359                 	2.809168632186e-04	1.099168225627e-03	9.192317176932e-05	3.218070713629e-05
360                 	2.790472446487e-04	1.091904334192e-03	9.114271442948e-05	3.171312825160e-05
361                 	2.776345415872e-04	1.084756992048e-03	9.036839677936e-05	3.157199816776e-05
362                 	2.758525847675e-04	1.077894638044e-03	8.960047386692e-05	3.143737906868e-05
363                 	2.739604573373e-04	1.070738604065e-03	8.884063417401e-05	3.106525236165e-05
364                 	2.722626821820e-04	1.063702993586e-03	8.808647399260e-05	3.094593466728e-05
365                 	2.710241105000e-04	1.056877751198e-03	8.733785081147e-05	3.089728342982e-05
366                 	2.690638218277e-04	1.049775146466e-03	8.659578795575e-05	3.063971914835e-05
367                 	2.676749509748e-04	1.042763783152e-03	8.585896355049e-05	3.057569367591e-05
368                 	2.658182714305e-04	1.035974189567e-03	8.512745457994e-05	3.047211190803e-05
369                 	2.641771147155e-04	1.028941934656e-03	8.440281386262e-05	3.020206682245e-05
370                 	2.626905153360e-04	1.021972116803e-03	8.368292620609e-05	3.014691556747e-05
371                 	2.612072436595e-04	1.015057251427e-03	8.296752378757e-05	3.018405533246e-05
372                 	2.594117787308e-04	1.008290214031e-03	8.225686111028e-05	3.011508511206e-05
373                 	2.576625506579e-04	1.001294417474e-03	8.155137005122e-05	2.980999473066e-05
374                 	2.564929457439e-04	9.944000992622e-04	8.085324947387e-05	2.963974522534e-05
375                 	2.548329021885e-04	9.875680772457e-04	8.015825042964e-05	2.949627569816e-05
376                 	2.529680876313e-04	9.805404106649e-04	7.946765969994e-05	2.942892777640e-05
377                 	2.513763830159e-04	9.734066882656e-04	7.878161656813e-05	2.953846827269e-05
378                 	2.500274819124e-04	9.665516882985e-04	7.809842401931e-05	2.968272491522e-05
379                 	2.483916994815e-04	9.597128486177e-04	7.742039317267e-05	2.952979264281e-05
380                 	2.467830808291e-04	9.528453067891e-04	7.674783283851e-05	2.934384216751e-05
381                 	2.453969658193e-04	9.459704623454e-04	7.607989802495e-05	2.912859951148e-05
382                 	2.436389053345e-04	9.390789203250e-04	7.541670414401e-05	2.893571086201e-05
383                 	2.424150099988e-04	9.321862452764e-04	7.475868638563e-05	2.869902183854e-05
384                 	2.407619143664e-04	9.253257744099e-04	7.410622546738e-05	2.842450260378e-05
385                 	2.389206471158e-04	9.184947146571e-04	7.345942309732e-05	2.820302949223e-05
386                 	2.376525362784e-04	9.116698068188e-04	7.281772258569e-05	2.794120667187e-05
387                 	2.359819407049e-04	9.048725328925e-04	7.218055235557e-05	2.772507563118e-05
388                 	2.346499226360e-04	8.980763164020e-04	7.154761927470e-05	2.750172975391e-05
389                 	2.335135660304e-04	8.913101152821e-04	7.091866858283e-05	2.732436994819e-05
390                 	2.318971752145e-04	8.845476586398e-04	7.029292290927e-05	2.718932202690e-05
391                 	2.304708767339e-04	8.778348767420e-04	6.966872963995e-05	2.703116445464e-05
392                 	2.291474083170e-04	8.710185088479e-04	6.904931835189e-05	2.693780728461e-05
393                 	2.273590918095e-04	8.640746315705e-04	6.843301464462e-05	2.685694467838e-05
394                 	2.259003182582e-04	8.572215642007e-04	6.781828561372e-05	2.687047057468e-05
395                 	2.244540254585e-04	8.504352060750e-04	6.720513189120e-05	2.688514702394e-05
396                 	2.229001292419e-04	8.436533553478e-04	6.659393838495e-05	2.686716431890e-05
397                 	2.214846251164e-04	8.368151742608e-04	6.598512024203e-05	2.677389817650e-05
398                 	2.201620313590e-04	8.299708002481e-04	6.537884991462e-05	2.662831289262e-05
399                 	2.185348604652e-04	8.232244338510e-04	6.477481278993e-05	2.633434910577e-05
400                 	2.171459879528e-04	8.162841901804e-04	6.417290136368e-05	2.601442626841e-05
401                 	2.157507584560e-04	8.092805317149e-04	6.357283540931e-05	2.577014790838e-05
402                 	2.138892536937e-04	8.023184572419e-04	6.297553268608e-05	4.486233469113e-05
403                 	2.124862397461e-04	7.718941250137e-04	6.255726386427e-05	4.102122722235e-05
404                 	2.111644431635e-04	7.514043649159e-04	6.208225090768e-05	3.315203078550e-05
405                 	2.100812733691e-04	7.384903852654e-04	6.155032583793e-05	2.969729609627e-05
406                 	2.086121607595e-04	7.310320134692e-04	6.098678675523e-05	2.935236366085e-05
407                 	2.070419955889e-04	7.255483119938e-04	6.041886308432e-05	2.792363749205e-05
408                 	2.054061991559e-04	7.205067732305e-04	5.985633096419e-05	2.587275630842e-05
409                 	2.041198622085e-04	7.150135412589e-04	5.929902164559e-05	2.428793321322e-05
410                 	2.026409205098e-04	7.092554208838e-04	5.874352805725e-05	2.352636506259e-05
411                 	2.010145091894e-04	7.031806593648e-04	5.818714949034e-05	2.316895085089e-05
412                 	1.995486609070e-04	6.970918599974e-04	5.762948342474e-05	2.292241624985e-05
413                 	1.980867386669e-04	6.903038134554e-04	5.706885940312e-05	2.290856902965e-05
414                 	1.964591812681e-04	6.835246456949e-04	5.650505984991e-05	2.295086690540e-05
415                 	1.950109192133e-04	6.766942340508e-04	5.593867997762e-05	2.297315815966e-05
416                 	1.936230281409e-04	6.697781062188e-04	5.536965252324e-05	2.292832140030e-05
417                 	1.918096972100e-04	6.628282037998e-04	5.479884132251e-05	2.272912956072e-05
418                 	1.902744101879e-04	6.558544483878e-04	5.422805903606e-05	2.236501332744e-05
419                 	1.885460216682e-04	6.488960367876e-04	5.365989445987e-05	2.203617232810e-05
420                 	1.873918044607e-04	6.419722280791e-04	5.309526426310e-05	2.165504453764e-05
421                 	1.856389597470e-04	6.351213948113e-04	5.252942078640e-05	2.125311696493e-05
422                 	1.839263667538e-04	6.281827032795e-04	5.195737955433e-05	2.105875022622e-05
423                 	1.824872608534e-04	6.211224531947e-04	5.137707617345e-05	2.111304753437e-05
424                 	1.807413319363e-04	6.140377954658e-04	5.078692928053e-05	2.111999026739e-05
425                 	1.790201216149e-04	6.070274346300e-04	5.018694369410e-05	2.079610419191e-05
426                 	1.773678907988e-04	5.996658724577e-04	4.958038230933e-05	2.084653230127e-05
427                 	1.758487940680e-04	5.922544986011e-04	4.896905409714e-05	2.074100269869e-05
428                 	1.739878946576e-04	5.847525617775e-04	4.835692316279e-05	2.055064022363e-05
429                 	1.722421286187e-04	5.773041545026e-04	4.774644355519e-05	2.038853669029e-05
430                 	1.705455386222e-04	5.699889572556e-04	4.713987955054e-05	2.007851382415e-05
431                 	1.689656890934e-04	5.630393676086e-04	4.656267393680e-05	1.971955876403e-05
432                 	1.673803917076e-04	5.562553242498e-04	4.600687197952e-05	1.926986203689e-05
433                 	1.656299261534e-04	5.498303781535e-04	4.546605533905e-05	1.910823119314e-05
434                 	1.641821986490e-04	5.436618711198e-04	4.494216845156e-05	1.913654315849e-05
435                 	1.627046174155e-04	5.376943230477e-04	4.441732059777e-05	1.916348656198e-05
436                 	1.614526293435e-04	5.322250572198e-04	4.392326152414e-05	1.901235678051e-05
437                 	1.601509146717e-04	5.268657957188e-04	4.344023803888e-05	1.885487835132e-05
438                 	1.588776139322e-04	5.213790135918e-04	4.294282798618e-05	1.865669880769e-05
439                 	1.577233605262e-04	5.158398456271e-04	4.244155611648e-05	1.832121315145e-05
440                 	1.565926084283e-04	5.107489239367e-04	4.199900846376e-05	1.755813473735e-05
441                 	1.556932996611e-04	5.051195151527e-04	4.152164160731e-05	1.709817642916e-05
442                 	1.543418027345e-04	4.989584173331e-04	4.099737311413e-05	1.690051724009e-05
443                 	1.531599056970e-04	4.936093968838e-04	4.051918098257e-05	1.675872190653e-05
444                 	1.524482316208e-04	4.886473484823e-04	4.005469926051e-05	1.649129752100e-05
445                 	1.515453815012e-04	4.852404231471e-04	3.970222210561e-05	1.604941441449e-05
446                 	1.519734155302e-04	4.831833769358e-04	3.948958265841e-05	1.536602347245e-05
447                 	1.521657015297e-04	4.811421035396e-04	3.929629125325e-05	1.490112340889e-05
448                 	1.521987320844e-04	4.814100437038e-04	3.929111719958e-05	1.445015220237e-05
449                 	1.527343074235e-04	4.844184183414e-04	3.949889487190e-05	1.408642605870e-05
450                 	1.535995378854e-04	4.902152136764e-04	3.990476640742e-05	1.370112030751e-05
451                 	1.548724359764e-04	4.984462995508e-04	4.046527506925e-05	1.315418449893e-05
452                 	1.570812725659e-04	5.075984765385e-04	4.108318014973e-05	1.283403495458e-05
453                 	1.586918194566e-04	5.152907320167e-04	4.154131611031e-05	1.267365140682e-05
454                 	1.603238812505e-04	5.217203185256e-04	4.187980679739e-05	1.232596745259e-05
455                 	1.613991520762e-04	5.266194185297e-04	4.213659327551e-05	1.199067838792e-05
456                 	1.620839330399e-04	5.308286853213e-04	4.232923821850e-05	1.166480390708e-05
457                 	1.627507678781e-04	5.342229269258e-04	4.247397884547e-05	1.130015740352e-05
458                 	1.634298419255e-04	5.369129059778e-04	4.258042499875e-05	1.094734794920e-05
459                 	1.639323254418e-04	5.389884461631e-04	4.265493106346e-05	1.073850789728e-05
460                 	1.645186518197e-04	5.408079750868e-04	4.270056007619e-05	1.062992949715e-05
461                 	1.648328218268e-04	5.424382614462e-04	4.272097155769e-05	1.036544014367e-05
462                 	1.648700521183e-04	5.435849892857e-04	4.272266211710e-05	1.013611353043e-05
463                 	1.651580549641e-04	5.446947550760e-04	4.270449763485e-05	1.003201874419e-05
464                 	1.653727167690e-04	5.453639770445e-04	4.267225945282e-05	9.865540913774e-06
465                 	1.654887375295e-04	5.460581570439e-04	4.262414483004e-05	9.832270171782e-06
466                 	1.655829345108e-04	5.463498203550e-04	4.256557139008e-05	9.729004208821e-06
467                 	1.657923603839e-04	5.467011289810e-04	4.249434606392e-05	9.714036990148e-06
468                 	1.660468336851e-04	5.466799230715e-04	4.241546836631e-05	9.603509962516e-06
469                 	1.661410669846e-04	5.467441092863e-04	4.232629692776e-05	9.566332863475e-06
470                 	1.658341847748e-04	5.464619998450e-04	4.223140453142e-05	9.427808059957e-06
471                 	1.660992856000e-04	5.462908842371e-04	4.212781168977e-05	9.380146534945e-06
472                 	1.659780046950e-04	5.458843406790e-04	4.201903731530e-05	9.268893584651e-06
473                 	1.659162830107e-04	5.453949681792e-04	4.190482641360e-05	9.143388386497e-06
474                 	1.658240481389e-04	5.448402790614e-04	4.178548482353e-05	9.047926703062e-06
475                 	1.656686112172e-04	5.442230996842e-04	4.166141748805e-05	8.978816294824e-06
476                 	1.655181677432e-04	5.435434336092e-04	4.153310765889e-05	8.921377489926e-06
477                 	1.654607439219e-04	5.428046689758e-04	4.140108802792e-05	8.867613329468e-06
478                 	1.653617878921e-04	5.420101576092e-04	4.126577218529e-05	8.812314337802e-06
479                 	1.649843270293e-04	5.411633344526e-04	4.112750551740e-05	8.756543443741e-06
480                 	1.647582697808e-04	5.402673082454e-04	4.098658313646e-05	8.701636652958e-06
481                 	1.647986468604e-04	5.393243433717e-04	4.084325243521e-05	8.648491425607e-06
482                 	1.647094975239e-04	5.383375529793e-04	4.069773771441e-05	8.595402524467e-06
483                 	1.643988716258e-04	5.373105081349e-04	4.055024340212e-05	8.540872696641e-06
484                 	1.642511222251e-04	5.362464028417e-04	4.040095638660e-05	8.484705042782e-06
485                 	1.639975204208e-04	5.351479851872e-04	4.025005368050e-05	8.427482420021e-06
486                 	1.641238169685e-04	5.340179426461e-04	4.009769962846e-05	8.369717578121e-06
487                 	1.636323723266e-04	5.328590854467e-04	3.994404962458e-05	8.312063334683e-06
488                 	1.631699861945e-04	5.316736136945e-04	3.978924759625e-05	8.255480471433e-06
489                 	1.630604181359e-04	5.304632618613e-04	3.963343065716e-05	8.200642509115e-06
490                 	1.628296351549e-04	5.292295612485e-04	3.947668100641e-05	8.147449858091e-06
491                 	1.624911415024e-04	5.279741971321e-04	3.931917524003e-05	8.095543434092e-06
492                 	1.624267877981e-04	5.266984748282e-04	3.916099927313e-05	8.046139297915e-06
493                 	1.621145601441e-04	5.254037037463e-04	3.900224482760e-05	7.997904543027e-06
494                 	1.618504985478e-04	5.240909760753e-04	3.884300676771e-05	7.950550815112e-06
495                 	1.616740139534e-04	5.227612789188e-04	3.868336390077e-05	7.903157892121e-06
496                 	1.609574322311e-04	5.214154785264e-04	3.852339221410e-05	7.855729120338e-06
497                 	1.608500512046e-04	5.200547776084e-04	3.836316060319e-05	7.808431557608e-06
498                 	1.607658422801e-04	5.186805695256e-04	3.820273212262e-05	7.761414330233e-06
499                 	1.603044475511e-04	5.172936177628e-04	3.804216564617e-05	7.714636620080e-06
500                 	1.601674000721e-04	5.158945766792e-04	3.788151740686e-05	7.668286261464e-06
501                 	1.599043836369e-04	5.144844486227e-04	3.772083986174e-05	7.622203161119e-06
502                 	1.594156051903e-04	5.130647207929e-04	3.756018226795e-05	7.576524875591e-06
503                 	1.591287972407e-04	5.116358724897e-04	3.739959320973e-05	7.531395045494e-06
504                 	1.591152451940e-04	5.101980927917e-04	3.723911591704e-05	7.486903334831e-06
505                 	1.584917051507e-04	5.087522374261e-04	3.707877395289e-05	7.443278397224e-06
506                 	1.581059188042e-04	5.072990311874e-04	3.691864036240e-05	7.400184635880e-06
507                 	1.579449334719e-04	5.058389947064e-04	3.675872355669e-05	7.357526936879e-06
508                 	1.576705093967e-04	5.043721734950e-04	3.659906146764e-05	7.315794660843e-06
509                 	1.572112946681e-04	5.028994639407e-04	3.643968915208e-05	7.274754010175e-06
510                 	1.570050134005e-04	5.014216337678e-04	3.628063305069e-05	7.233720521545e-06
511                 	1.567481271994e-04	4.999389478990e-04	3.612192089852e-05	7.192901032313e-06
512                 	1.564369961350e-04	4.984514510718e-04	3.596357732517e-05	7.152211994140e-06
513                 	1.560044926600e-04	4.969600032436e-04	3.580560635162e-05	7.111468132277e-06
514                 	1.558543469439e-04	4.954651775535e-04	3.564804812120e-05	7.070977616090e-06
515                 	1.557557508098e-04	4.939667950633e-04	3.549093009646e-05	7.031125588285e-06
516                 	1.551861947882e-04	4.925414899129e-04	3.533482144377e-05	6.919653119225e-06
517                 	1.549578854282e-04	4.909871315510e-04	3.517853620355e-05	6.955923058271e-06
518                 	1.548631487715e-04	4.894270192407e-04	3.502245990940e-05	6.932815426952e-06
519                 	1.542328398656e-04	4.879674368145e-04	3.486744346841e-05	6.808791176567e-06
520                 	1.538998119147e-04	4.864226786246e-04	3.471248268341e-05	6.838184014590e-06
521                 	1.537442830154e-04	4.849568766509e-04	3.455850190622e-05	6.742517666189e-06
522                 	1.535245217836e-04	4.833880880924e-04	3.440460919730e-05	6.775546168478e-06
523                 	1.528786495353e-04	4.819137457844e-04	3.425169992375e-05	6.675335443919e-06
524                 	1.524761853712e-04	4.803489557156e-04	3.409894389744e-05	3.107343534089e-05
525                 	1.522022073588e-04	4.492107481966e-04	3.412869934835e-05	1.793416708471e-05
526                 	1.522125787771e-04	4.599501497004e-04	3.390609537958e-05	2.042603998887e-05
527                 	1.516272091054e-04	4.381392452226e-04	3.387250341027e-05	1.851087293547e-05
528                 	1.512389659839e-04	4.251690499759e-04	3.379977060271e-05	1.323601026149e-05
529                 	1.511556233053e-04	4.183368987510e-04	3.368995787050e-05	1.038571506360e-05
530                 	1.508099234704e-04	4.160932960536e-04	3.355754384238e-05	9.878646887631e-06
531                 	1.504326362452e-04	4.157806056395e-04	3.341912544109e-05	8.932757302319e-06
532                 	1.499756601556e-04	4.159169856150e-04	3.328398240761e-05	8.094730869791e-06
533                 	1.497541323430e-04	4.158431856850e-04	3.315353584016e-05	7.505824293499e-06
534                 	1.491366795852e-04	4.150990237310e-04	3.302697300723e-05	7.233796185953e-06
535                 	1.486567387902e-04	4.140722788972e-04	3.290126070312e-05	6.703933421766e-06
536                 	1.483796126048e-04	4.130039438571e-04	3.277509888637e-05	6.582058406393e-06
537                 	1.478428934502e-04	4.118313579353e-04	3.264851354860e-05	6.432075560724e-06
538                 	1.476784551022e-04	4.106544389553e-04	3.252190168345e-05	5.918174710640e-06
539                 	1.469044350737e-04	4.093751623905e-04	3.239608934280e-05	5.904521787138e-06
540                 	1.467601800446e-04	4.080907951912e-04	3.227050148091e-05	6.018224893518e-06
541                 	1.464784683034e-04	4.067810985103e-04	3.214526240635e-05	6.084988412564e-06
542                 	1.463062359862e-04	4.054590737132e-04	3.202036720302e-05	6.069135635959e-06
543                 	1.455760171341e-04	4.041365195149e-04	3.189574594053e-05	5.997700697307e-06
544                 	1.451233881566e-04	4.028260541934e-04	3.177140043853e-05	5.903819180324e-06
545                 	1.448326453030e-04	4.015189712936e-04	3.164724881670e-05	5.703818770291e-06
546                 	1.445547677411e-04	4.003583939452e-04	3.152335756097e-05	5.633351539446e-06
547                 	1.441027692417e-04	3.990143537209e-04	3.140155943456e-05	5.648061209514e-06
548                 	1.435636579625e-04	3.979333409249e-04	3.127892446310e-05	5.611768920720e-06
549                 	1.434427571683e-04	3.967275186378e-04	3.115780799809e-05	5.616868371252e-06
550                 	1.427504707203e-04	3.955555850048e-04	3.103709605154e-05	5.628077320630e-06
551                 	1.424337951674e-04	3.943775461242e-04	3.091682926427e-05	5.631845629175e-06
552                 	1.424649802581e-04	3.931998523259e-04	3.079692008702e-05	5.641728593778e-06
553                 	1.415558934533e-04	3.919971816491e-04	3.067766771834e-05	5.557587024377e-06
554                 	1.410269817651e-04	3.908474204681e-04	3.055809591259e-05	5.647530917348e-06
555                 	1.408459778053e-04	3.896306009537e-04	3.043956317148e-05	5.524753598914e-06
556                 	1.405020880009e-04	3.884616963678e-04	3.032104336290e-05	5.546181923627e-06
557                 	1.403352646169e-04	3.872639573374e-04	3.020307046032e-05	5.346710245244e-06
558                 	1.399503341030e-04	3.861034488804e-04	3.008586536140e-05	5.310047512904e-06
559                 	1.392981637804e-04	3.847758560446e-04	2.997059352542e-05	5.322904501381e-06
560                 	1.389919868190e-04	3.837442668201e-04	2.985387640465e-05	5.248184259184e-06
561                 	1.386142438208e-04	3.825838355116e-04	2.973815770489e-05	5.222435112373e-06
562                 	1.384040971746e-04	3.812208842620e-04	2.962424789698e-05	5.304045074474e-06
563                 	1.379466815615e-04	3.801310500961e-04	2.950899681364e-05	5.561628006110e-06
564                 	1.375823426269e-04	3.790121458998e-04	2.939493840961e-05	5.418936908859e-06
565                 	1.375260251397e-04	3.779204373319e-04	2.928109884602e-05	5.359004382101e-06
566                 	1.369168515503e-04	3.767501319933e-04	2.916815443630e-05	5.280873096410e-06
567                 	1.367519598140e-04	3.755635528690e-04	2.905539901980e-05	5.096479684384e-06
568                 	1.361107665362e-04	3.744775713333e-04	2.894291989784e-05	5.070035725129e-06
569                 	1.358183886093e-04	3.731664134391e-04	2.883244257557e-05	5.123825357780e-06
570                 	1.358226803891e-04	3.721702928402e-04	2.872048875982e-05	5.057624309039e-06
571                 	1.352783772471e-04	3.710342311185e-04	2.860979278009e-05	5.020875064980e-06
572                 	1.350021172401e-04	3.697072058238e-04	2.850092379996e-05	5.088385482889e-06
573                 	1.349457254188e-04	3.686415833393e-04	2.839087540076e-05	5.340079666699e-06
574                 	1.341180099074e-04	3.675578165328e-04	2.828191686482e-05	5.199062419682e-06
575                 	1.340182482393e-04	3.664937867619e-04	2.817318364798e-05	5.133579705855e-06
576                 	1.335046953720e-04	3.653535897523e-04	2.806525719344e-05	5.051779588512e-06
577                 	1.335883853315e-04	3.641958337740e-04	2.795744876347e-05	4.872713470492e-06
578                 	1.328199584650e-04	3.631347998744e-04	2.784993372604e-05	4.854687233814e-06
579                 	1.326292347507e-04	3.618587003153e-04	2.774440232246e-05	4.906571489914e-06
580                 	1.322170626919e-04	3.608902895111e-04	2.763743688414e-05	4.848175173017e-06
581                 	1.320840316019e-04	3.597837181749e-04	2.753169875558e-05	4.811630583954e-06
582                 	1.316824340063e-04	3.584946815960e-04	2.742775766784e-05	4.877448678125e-06
583                 	1.313868449322e-04	3.574646782067e-04	2.732271368575e-05	5.118616050932e-06
584                 	1.309461320345e-04	3.564089840769e-04	2.721868424369e-05	4.985090312246e-06
585                 	1.305668042747e-04	3.553715933936e-04	2.711486521256e-05	4.923388720027e-06
586                 	1.302619788434e-04	3.542340047027e-04	2.701155146714e-05	4.688179462027e-06
587                 	1.297274938527e-04	3.531043879733e-04	2.690935715640e-05	4.748611532915e-06
588                 	1.299123656446e-04	3.520675839369e-04	2.680676973416e-05	4.695843385516e-06
589                 	1.293595018298e-04	3.510684800153e-04	2.670447948433e-05	4.625663089275e-06
590                 	1.289809205661e-04	3.497683180597e-04	2.660433537604e-05	4.723867688794e-06
591                 	1.290203672891e-04	3.487292702686e-04	2.650315252853e-05	4.968373900962e-06
592                 	1.283909228311e-04	3.476938316858e-04	2.640288158011e-05	4.867527600472e-06
593                 	1.282678491387e-04	3.466872511581e-04	2.630286895700e-05	4.809293559399e-06
594                 	1.279185884401e-04	3.455963682514e-04	2.620330841236e-05	4.554612826899e-06
595                 	1.278454071809e-04	3.446060744629e-04	2.610460544222e-05	4.527486183287e-06
596                 	1.276183289617e-04	3.434039506489e-04	2.600698652412e-05	4.542957397188e-06
597                 	1.268857447149e-04	3.423315494928e-04	2.590874354742e-05	4.748886889957e-06
598                 	1.268694232946e-04	3.413128116372e-04	2.581091704232e-05	4.791468478947e-06
599                 	1.263202640598e-04	3.402531849012e-04	2.571412182252e-05	4.653869491169e-06
600                 	1.259371661472e-04	3.392580261770e-04	2.561741587658e-05	4.639914525518e-06
601                 	1.257550399250e-04	3.381767373117e-04	2.552103536234e-05	4.469235524934e-06
602                 	1.256103516122e-04	3.372110955509e-04	2.542535824137e-05	4.416481482703e-06
603                 	1.250959939663e-04	3.360237030983e-04	2.533084944439e-05	4.451326583313e-06
604                 	1.250640156317e-04	3.349858738340e-04	2.523577242268e-05	4.652345702697e-06
605                 	1.246862899304e-04	3.339750305925e-04	2.514145730622e-05	4.607585197965e-06
606                 	1.244052134443e-04	3.330049211716e-04	2.504736004100e-05	4.580139089561e-06
607                 	1.240107521945e-04	3.319437635118e-04	2.495372453525e-05	4.325933907896e-06
608                 	1.236945423365e-04	3.309996644569e-04	2.486084766992e-05	4.291304472245e-06
609                 	1.236844995573e-04	3.300031411886e-04	2.476880108875e-05	4.235728980411e-06
610                 	1.232341511937e-04	3.289090974394e-04	2.467673785479e-05	4.210358766788e-06
611                 	1.230440330475e-04	3.278462900182e-04	2.458531545914e-05	4.213225122138e-06
612                 	1.225625099683e-04	3.268318297416e-04	2.449421443873e-05	4.205241848881e-06
613                 	1.224441439064e-04	3.258090435993e-04	2.440340590153e-05	4.189027330543e-06
614                 	1.221257005111e-04	3.247955588495e-04	2.431291888695e-05	4.189843634371e-06
615                 	1.216089681948e-04	3.237947399921e-04	2.422276420235e-05	4.186778551234e-06
616                 	1.213786904768e-04	3.228059503923e-04	2.413307378125e-05	4.178835918642e-06
617                 	1.215248672285e-04	3.218206546473e-04	2.404389774110e-05	4.162531594702e-06
618                 	1.210397286823e-04	3.208329727880e-04	2.395526002231e-05	4.143387630622e-06
619                 	1.206980180784e-04	3.198406354761e-04	2.386712290714e-05	4.124543809094e-06
620                 	1.205960222392e-04	3.188465082390e-04	2.377943015644e-05	4.109028220743e-06
621                 	1.201377762079e-04	3.178544042868e-04	2.369213403882e-05	4.096685279124e-06
622                 	1.200833968934e-04	3.168673193534e-04	2.360520608956e-05	4.086384591191e-06
623                 	1.196340387690e-04	3.158860315794e-04	2.351864811503e-05	4.076099792484e-06
624                 	1.194390669083e-04	3.149098731134e-04	2.343247818229e-05	4.064620093585e-06
625                 	1.193261745933e-04	3.139376999232e-04	2.334670599894e-05	4.051468770549e-06
626                 	1.189076225842e-04	3.129683613176e-04	2.326134362386e-05	4.037066228988e-06
627                 	1.185636624214e-04	3.120012383995e-04	2.317638379241e-05	4.021892647802e-06
628                 	1.182898118831e-04	3.110363734371e-04	2.309184234467e-05	4.006724783046e-06
629                 	1.183282907614e-04	3.100740590149e-04	2.300770433945e-05	3.992026841011e-06
630                 	1.179637689003e-04	3.091148703440e-04	2.292396406173e-05	3.977964705636e-06
631                 	1.177966940877e-04	3.081588970056e-04	2.284061923849e-05	3.964271747323e-06
632                 	1.175189827755e-04	3.072061245626e-04	2.275767021748e-05	3.950497290281e-06
633                 	1.170311714254e-04	3.062565735772e-04	2.267511313796e-05	3.936487651581e-06
634                 	1.172594677031e-04	3.053101539540e-04	2.259294618664e-05	3.922223413295e-06
635                 	1.164536869533e-04	3.043668682785e-04	2.251116991128e-05	3.907472061544e-06
636                 	1.162162405111e-04	3.034263811819e-04	2.242977922933e-05	3.893073380543e-06
637                 	1.163310840466e-04	3.024887042853e-04	2.234877106757e-05	3.878664554402e-06
638                 	1.155396706741e-04	3.015540771309e-04	2.226814081133e-05	3.864138216590e-06
639                 	1.156899018280e-04	3.006225739469e-04	2.218788710756e-05	3.849514345718e-06
640                 	1.153322538351e-04	2.996941199377e-04	2.210801214095e-05	3.834929464316e-06
641                 	1.148463498052e-04	2.987686169818e-04	2.202851174813e-05	3.820642634639e-06
642                 	1.145977431928e-04	2.978460270461e-04	2.194938648554e-05	3.806524937165e-06
643                 	1.144967853198e-04	2.969263913363e-04	2.187063224615e-05	3.792435065226e-06
644                 	1.142793704115e-04	2.960097767350e-04	2.179224782123e-05	3.778243253764e-06
645                 	1.137757073525e-04	2.950961522405e-04	2.171423391399e-05	3.763989554196e-06
646                 	1.138462312437e-04	2.941854458930e-04	2.163658543627e-05	3.749734847033e-06
647                 	1.135114632290e-04	2.932777017066e-04	2.155930052156e-05	3.735498266954e-06
648                 	1.134022337618e-04	2.923729200235e-04	2.148237994628e-05	3.721317537764e-06
649                 	1.132772650036e-04	2.914710561721e-04	2.140581530140e-05	3.707040776920e-06
650                 	1.128130515725e-04	2.905720899024e-04	2.132961685380e-05	3.692893609610e-06
651                 	1.126958895479e-04	2.896760488089e-04	2.125377270540e-05	3.678961588038e-06
652                 	1.120848556265e-04	2.887829124375e-04	2.117828268302e-05	3.665262761962e-06
653                 	1.120541584629e-04	2.878926553476e-04	2.110314440414e-05	3.651703450623e-06
654                 	1.118185426673e-04	2.870053199690e-04	2.102835695196e-05	3.638031076862e-06
655                 	1.117132670768e-04	2.861208904661e-04	2.095391280040e-05	3.624196142218e-06
656                 	1.113213392700e-04	2.852393613515e-04	2.087981574579e-05	3.610236415546e-06
657                 	1.109456404312e-04	2.843607039265e-04	2.080606712289e-05	3.596320620915e-06
658                 	1.107461757143e-04	2.834849157005e-04	2.073266164256e-05	3.582520337278e-06
659                 	1.107087182976e-04	2.826119795974e-04	2.065959641649e-05	3.568915326015e-06
660                 	1.104146541541e-04	2.817419407616e-04	2.058686362706e-05	3.555199777363e-06
661                 	1.102767276188e-04	2.808747838198e-04	2.051447691493e-05	3.541651229025e-06
662                 	1.097759050288e-04	2.800104524976e-04	2.044242190795e-05	3.528415233701e-06
663                 	1.096074636822e-04	2.791489593594e-04	2.037069971314e-05	3.515232885851e-06
664                 	1.095689356494e-04	2.782902720730e-04	2.029930863166e-05	3.502181872052e-06
665                 	1.088755190442e-04	2.774344023798e-04	2.022825054328e-05	3.489070337431e-06
666                 	1.089762471831e-04	2.765813529750e-04	2.015752176477e-05	3.475884056786e-06
667                 	1.089821546216e-04	2.757311145966e-04	2.008711890210e-05	3.462679669981e-06
668                 	1.083236718371e-04	2.748835985282e-04	2.001704047179e-05	3.449524957425e-06
669                 	1.083315559603e-04	2.740388344490e-04	1.994728696675e-05	3.436402042237e-06
670                 	1.083016807808e-04	2.731969329547e-04	1.987784825731e-05	3.423242331795e-06
671                 	1.077381324556e-04	2.723578416338e-04	1.980873454265e-05	3.410309391100e-06
672                 	1.078294401611e-04	2.715215602429e-04	1.973993557980e-05	3.397671216091e-06
673                 	1.074531460130e-04	2.706881131434e-04	1.967145121265e-05	3.385246597977e-06
674                 	1.072581282356e-04	2.698574006178e-04	1.960328307019e-05	3.372872675002e-06
675                 	1.070941036568e-04	2.690294217904e-04	1.953542863946e-05	3.360373159421e-06
676                 	1.068738860351e-04	2.682042691510e-04	1.946788533737e-05	3.347796318342e-06
677                 	1.065935322529e-04	2.673819147828e-04	1.940065046789e-05	3.335213947689e-06
678                 	1.065675489843e-04	2.665622277651e-04	1.933372164545e-05	3.322660785682e-06
679                 	1.060200699464e-04	2.657451382206e-04	1.926709574374e-05	3.310088481644e-06
680                 	1.059405793995e-04	2.649307067860e-04	1.920077463321e-05	3.297533667764e-06
681                 	1.059114067589e-04	2.641189404855e-04	1.913475646628e-05	3.285215134507e-06
682                 	1.053608738406e-04	2.633098897880e-04	1.906903778389e-05	3.273084041634e-06
683                 	1.052829240646e-04	2.625035816289e-04	1.900361712379e-05	3.261075309951e-06
684                 	1.052669520994e-04	2.616999660138e-04	1.893849469237e-05	3.249147364368e-06
685                 	1.049499792370e-04	2.608990435296e-04	1.887366913719e-05	3.237181641349e-06
686                 	1.044080794647e-04	2.601008394075e-04	1.880913962966e-05	3.225181239072e-06
687                 	1.043948703885e-04	2.593053563022e-04	1.874490145185e-05	3.213201179317e-06
688                 	1.042382032776e-04	2.585125432426e-04	1.868094063842e-05	3.201257583309e-06
689                 	1.042042384341e-04	2.577222861270e-04	1.861727885894e-05	3.189767918476e-06
690                 	1.038634502958e-04	2.569347017034e-04	1.855390702195e-05	3.178840475800e-06
691                 	1.035495187687e-04	2.561498241645e-04	1.849081641515e-05	3.168261628190e-06
692                 	1.033573076778e-04	2.553677654028e-04	1.842800806474e-05	3.007067718700e-05
693                 	1.033700247231e-04	2.218438978663e-04	1.855243112446e-05	1.813130838841e-05
694                 	1.029290271151e-04	2.338095241526e-04	1.841093617474e-05	1.995685010959e-05
695                 	1.028872198118e-04	2.104189327542e-04	1.846876549682e-05	2.108826662600e-05
696                 	1.024204357659e-04	2.308816094453e-04	1.829139912481e-05	1.734565977457e-05
697                 	1.021390538943e-04	2.108277198104e-04	1.834245592513e-05	1.615045530500e-05
698                 	1.018343645915e-04	1.971005571928e-04	1.836339311829e-05	1.225511162202e-05
699                 	1.015431071717e-04	1.893394522589e-04	1.834866466352e-05	8.087128990470e-06
700                 	1.013556893241e-04	1.863854616086e-04	1.830771393651e-05	6.061194356230e-06
701                 	1.009897829776e-04	1.861805081530e-04	1.825524129625e-05	5.677689164250e-06
702                 	1.009042379456e-04	1.870267023859e-04	1.820205340220e-05	4.931684279731e-06
703                 	1.004706030105e-04	1.878706837927e-04	1.815360137184e-05	4.418004053052e-06
704                 	1.000884249293e-04	1.880574333362e-04	1.811035864991e-05	3.803713558324e-06
705                 	9.990760252581e-05	1.877279406463e-04	1.806891796828e-05	3.438581997314e-06
706                 	9.974203092995e-05	1.875448777386e-04	1.802639383420e-05	3.277549036537e-06
707                 	9.964251025967e-05	1.868277198693e-04	1.798591260626e-05	3.059062937617e-06
708                 	9.926422681699e-05	1.864314049422e-04	1.794325782393e-05	2.910485387605e-06
709                 	9.882344458472e-05	1.859002380232e-04	1.790108266858e-05	2.674108803557e-06
710                 	9.837830938633e-05	1.854935365656e-04	1.785869410992e-05	2.519124938424e-06
711                 	9.825047720384e-05	1.850237904412e-04	1.781575319389e-05	2.584149061796e-06
712                 	9.797925445643e-05	1.844367734818e-04	1.777296974539e-05	2.431597075126e-06
713                 	9.766880506569e-05	1.840235227243e-04	1.772933948709e-05	2.547443406839e-06
714                 	9.754542275824e-05	1.834485084202e-04	1.768641837104e-05	2.447495335238e-06
715                 	9.718760067122e-05	1.828670580130e-04	1.764241322478e-05	2.499088058131e-06
716                 	9.692783803776e-05	1.825679706294e-04	1.759821664644e-05	2.441839483987e-06
717                 	9.658233238625e-05	1.820930926118e-04	1.755569848851e-05	2.393045383394e-06
718                 	9.606728283136e-05	1.815823860041e-04	1.751328325528e-05	2.544688553196e-06
719                 	9.607405025528e-05	1.809780715873e-04	1.747111489419e-05	2.371064555074e-06
720                 	9.618171825886e-05	1.804855941041e-04	1.742777756323e-05	2.421095508788e-06
721                 	9.573997839404e-05	1.801651974721e-04	1.738475665203e-05	2.301264674417e-06
722                 	9.574077151640e-05	1.797661394143e-04	1.734324530819e-05	2.272988570753e-06
723                 	9.527925073963e-05	1.792843789367e-04	1.730180488333e-05	2.485062656755e-06
724                 	9.482508018692e-05	1.787949054666e-04	1.726034267184e-05	2.591084399122e-06
725                 	9.461889898777e-05	1.783471079403e-04	1.721894335389e-05	2.342984468002e-06
726                 	9.463226450016e-05	1.779993052624e-04	1.717720343644e-05	2.474878518108e-06
727                 	9.415847490920e-05	1.775222152726e-04	1.713606427014e-05	2.494821757481e-06
728                 	9.392953592441e-05	1.770793386960e-04	1.709509461302e-05	2.292573307833e-06
729                 	9.341854941337e-05	1.766998993029e-04	1.705385331085e-05	2.432095200158e-06
730                 	9.336743429782e-05	1.762250748724e-04	1.701306354731e-05	2.259468566729e-06
731                 	9.329294367939e-05	1.758179280234e-04	1.697197492596e-05	2.344506458587e-06
732                 	9.299976870387e-05	1.753247646109e-04	1.693116087258e-05	2.440724618613e-06
733                 	9.261694063946e-05	1.748859295320e-04	1.689053251558e-05	2.262013232450e-06
734                 	9.249357882553e-05	1.745280554949e-04	1.684968705238e-05	2.385353805703e-06
735                 	9.224860744551e-05	1.740557297424e-04	1.680947251017e-05	2.243146148084e-06
736                 	9.227056230282e-05	1.736664771623e-04	1.676899880851e-05	2.328463218176e-06
737                 	9.184129106830e-05	1.732015018829e-04	1.672862162500e-05	2.461699117161e-06
738                 	9.143066519550e-05	1.727427941420e-04	1.668859485966e-05	2.526976350594e-06
739                 	9.148460215465e-05	1.723621481990e-04	1.664883716625e-05	2.276046495451e-06
740                 	9.098757664066e-05	1.720007988240e-04	1.660901958420e-05	2.418159592364e-06
741                 	9.087469371278e-05	1.715521291271e-04	1.656977932270e-05	2.231872481821e-06
742                 	9.061463711242e-05	1.711588884440e-04	1.653028431543e-05	2.349630329317e-06
743                 	9.044130195366e-05	1.706939341602e-04	1.649094417043e-05	2.465587038381e-06
744                 	9.033861449915e-05	1.702937982861e-04	1.645168166127e-05	2.248776106804e-06
745                 	9.018620242018e-05	1.699432549483e-04	1.641229404270e-05	2.381766942278e-06
746                 	8.968038416418e-05	1.694863608075e-04	1.637341729684e-05	2.415510970280e-06
747                 	8.971550544302e-05	1.690717739848e-04	1.633468876407e-05	2.216737928540e-06
748                 	8.942611489262e-05	1.687192199211e-04	1.629577877924e-05	2.355346230501e-06
749                 	8.909574382751e-05	1.682860824688e-04	1.625732245803e-05	2.185683778343e-06
750                 	8.858985085763e-05	1.678639755742e-04	1.621795002357e-05	2.212957785452e-06
751                 	8.860387272560e-05	1.674912472853e-04	1.617938874891e-05	2.135391561507e-06
752                 	8.859490592358e-05	1.670586595825e-04	1.614142638091e-05	2.319973215406e-06
753                 	8.847859408625e-05	1.666860446761e-04	1.610349689157e-05	2.444869258227e-06
754                 	8.803142818915e-05	1.662609921506e-04	1.606565152480e-05	2.447669403541e-06
755                 	8.768500539236e-05	1.658928791188e-04	1.602808516042e-05	2.174200807187e-06
756                 	8.750550345987e-05	1.655525813313e-04	1.599035350282e-05	2.304206267717e-06
757                 	8.732517650342e-05	1.651472809240e-04	1.595270627458e-05	2.367635886880e-06
758                 	8.715580132467e-05	1.647085761777e-04	1.591519227677e-05	2.380334885059e-06
759                 	8.722144106666e-05	1.643264947498e-04	1.587786942765e-05	2.160249134163e-06
760                 	8.690249277293e-05	1.639439718462e-04	1.583976660371e-05	2.174243178537e-06
761                 	8.671908244668e-05	1.636154917056e-04	1.580236872201e-05	2.124613025279e-06
762                 	8.649689612063e-05	1.631699580513e-04	1.576554922554e-05	2.289201831520e-06
763                 	8.652350508621e-05	1.627878294333e-04	1.572870383149e-05	2.393002353247e-06
764                 	8.599873062761e-05	1.623718167386e-04	1.569184280344e-05	2.391980718665e-06
765                 	8.569969438739e-05	1.620085338543e-04	1.565532242679e-05	2.126516423297e-06
766                 	8.537588121402e-05	1.616576836662e-04	1.561788771676e-05	2.135642068691e-06
767                 	8.550146429189e-05	1.613333143918e-04	1.558149161630e-05	2.087224412036e-06
768                 	8.538560064701e-05	1.609016549178e-04	1.554554042482e-05	2.244725821843e-06
769                 	8.516194985865e-05	1.605085204266e-04	1.550965651123e-05	2.302907028483e-06
770                 	8.478409857752e-05	1.600800104716e-04	1.547231016670e-05	2.231649652172e-06
771                 	8.463643388836e-05	1.597808279633e-04	1.543620528158e-05	2.131681091766e-06
772                 	8.442687916417e-05	1.594986405508e-04	1.540113845845e-05	2.070405810506e-06
773                 	8.429755849643e-05	1.590513740329e-04	1.536610326061e-05	2.240775348179e-06
774                 	8.392046507831e-05	1.586425062680e-04	1.533049639079e-05	2.313624094197e-06
775                 	8.389150727293e-05	1.582204918103e-04	1.529345617451e-05	2.210921444906e-06
776                 	8.372077555547e-05	1.579081508106e-04	1.525769340221e-05	2.062624672019e-06
777                 	8.364466202765e-05	1.575624495163e-04	1.522264575359e-05	2.218249115611e-06
778                 	8.321596619172e-05	1.572192335390e-04	1.518799512027e-05	2.248830650560e-06
779                 	8.337989665736e-05	1.568045864562e-04	1.515178286504e-05	2.160334415223e-06
780                 	8.278086455088e-05	1.564896386182e-04	1.511692576871e-05	2.066818028186e-06
781                 	8.241963916965e-05	1.561063609920e-04	1.508252200986e-05	2.204865745922e-06
782                 	8.262543393607e-05	1.557670707791e-04	1.504834247105e-05	2.229230359289e-06
783                 	8.238653139666e-05	1.553605339704e-04	1.501247300906e-05	2.147039921397e-06
784                 	8.232150493323e-05	1.550390678248e-04	1.497794771831e-05	2.040568759953e-06
785                 	8.190056920842e-05	1.546748533390e-04	1.494386518862e-05	2.168343277898e-06
786                 	8.178081726674e-05	1.543379767435e-04	1.490999004904e-05	2.194233194080e-06
787                 	8.158755065921e-05	1.539310576562e-04	1.487452229626e-05	2.122125590392e-06
788                 	8.165331839069e-05	1.536104668764e-04	1.484039582525e-05	2.017027371340e-06
789                 	8.125739454651e-05	1.532551102639e-04	1.480672073332e-05	2.143193914605e-06
790                 	8.136447024939e-05	1.529223691025e-04	1.477324821760e-05	2.176214447502e-06
791                 	8.097437171000e-05	1.525214063367e-04	1.473820310607e-05	2.100895034984e-06
792                 	8.064091114265e-05	1.522074649777e-04	1.470451542628e-05	2.000081399883e-06
793                 	8.039169268427e-05	1.518533539193e-04	1.467127319525e-05	2.127700443364e-06
794                 	8.026508481776e-05	1.515246506623e-04	1.463822069555e-05	2.157979243405e-06
795                 	8.018415678556e-05	1.511288335657e-04	1.460358142334e-05	2.081918900499e-06
796                 	8.008420596511e-05	1.508165515532e-04	1.457031122337e-05	1.981437855632e-06
797                 	7.983661745539e-05	1.504672845395e-04	1.453747085243e-05	2.106749008494e-06
798                 	7.972772470358e-05	1.501402264475e-04	1.450352748482e-05	2.092515464920e-06
799                 	7.955100625322e-05	1.497793631958e-04	1.447089544644e-05	1.939563756201e-06
800                 	7.914155582926e-05	1.494107004654e-04	1.443844306810e-05	2.057780305301e-06
801                 	7.903071698835e-05	1.490830964881e-04	1.440462557558e-05	2.040664054399e-06
802                 	7.915700451230e-05	1.486356602234e-04	1.437236083253e-05	2.266892751984e-06
803                 	7.869943963047e-05	1.484645229383e-04	1.433983977158e-05	2.005745865887e-06
804                 	7.877386154839e-05	1.481796522921e-04	1.430758265210e-05	2.113272603554e-06
805                 	7.849910448268e-05	1.477896485673e-04	1.427418623949e-05	2.024636869630e-06
806                 	7.849942734241e-05	1.472854603892e-04	1.424236677319e-05	2.222889222877e-06
807                 	7.810393127665e-05	1.470985241909e-04	1.421014413922e-05	1.981701605890e-06
808                 	7.785594138169e-05	1.468023596236e-04	1.417736392467e-05	1.925812589114e-06
809                 	7.821093286429e-05	1.464685755758e-04	1.414580043515e-05	1.877649455709e-06
810                 	7.787068035806e-05	1.461283721421e-04	1.411341329557e-05	1.885978103685e-06
811                 	7.759604411295e-05	1.457185413663e-04	1.408199993725e-05	1.871361401795e-06
812                 	7.717026115963e-05	1.454027918993e-04	1.404962757199e-05	1.903116182006e-06
813                 	7.686896038336e-05	1.450511516821e-04	1.401820935932e-05	1.866802186312e-06
814                 	7.695035298051e-05	1.447503347483e-04	1.398595757226e-05	1.889933422268e-06
815                 	7.675311065286e-05	1.444073708608e-04	1.395483670206e-05	1.849578443032e-06
816                 	7.676696371432e-05	1.441097995599e-04	1.392285480216e-05	1.870347768930e-06
817                 	7.646518420630e-05	1.437596020483e-04	1.389204874354e-05	1.835682164898e-06
818                 	7.617503658036e-05	1.434629100959e-04	1.386029874127e-05	1.858315321316e-06
819                 	7.604016284243e-05	1.431096660910e-04	1.382971700741e-05	1.826658401250e-06
820                 	7.644188958364e-05	1.428146240360e-04	1.379814560613e-05	1.849789793430e-06
821                 	7.576621308955e-05	1.424634965341e-04	1.376773434493e-05	1.818064815568e-06
822                 	7.561443607490e-05	1.421700874076e-04	1.373632617290e-05	1.841133741964e-06
823                 	7.572854102006e-05	1.418215720917e-04	1.370607032811e-05	1.808633374372e-06
824                 	7.538867858123e-05	1.415296081436e-04	1.367482305812e-05	1.831705816789e-06
825                 	7.524954393367e-05	1.411832110737e-04	1.364472757567e-05	1.798655385365e-06
826                 	7.496881460331e-05	1.408927287612e-04	1.361365083924e-05	1.822187989243e-06
827                 	7.483554918586e-05	1.404387010368e-04	1.358363881201e-05	2.157335910207e-06
828                 	7.486809567835e-05	1.402076978644e-04	1.355351669284e-05	2.212443725051e-06
829                 	7.500661474450e-05	1.399267058840e-04	1.352186169594e-05	1.959700970024e-06
830                 	7.485394800763e-05	1.396777247122e-04	1.349214196930e-05	1.848540629144e-06
831                 	7.435130608250e-05	1.393428600127e-04	1.346276033500e-05	1.964102328630e-06
832                 	7.429559993781e-05	1.390374743077e-04	1.343214365066e-05	1.913060808361e-06
833                 	7.410350960312e-05	1.385721220737e-04	1.340292198836e-05	2.106072481278e-06
834                 	7.432285642448e-05	1.383790018387e-04	1.337330745059e-05	1.838203379530e-06
835                 	7.424204360518e-05	1.381123276518e-04	1.334283437298e-05	1.790551556226e-06
836                 	7.368754694917e-05	1.376890922243e-04	1.331358467942e-05	2.013046175177e-06
837                 	7.349585051498e-05	1.374557673521e-04	1.328282203162e-05	1.899797944640e-06
838                 	7.336082586174e-05	1.370325728035e-04	1.325408339425e-05	2.001931488583e-06
839                 	7.344986988452e-05	1.368862111264e-04	1.322516048159e-05	1.827215027053e-06
840                 	7.293215395235e-05	1.366303418779e-04	1.319540334135e-05	1.789226058787e-06
841                 	7.300925211544e-05	1.361623122061e-04	1.316688735165e-05	2.028187656757e-06
842                 	7.261399666211e-05	1.358936732158e-04	1.313814918645e-05	2.089932362876e-06
843                 	7.282924680715e-05	1.356123443370e-04	1.310772708974e-05	1.891775946876e-06
844                 	7.257983007399e-05	1.353393561438e-04	1.307912365378e-05	1.781591288911e-06
845                 	7.272494296959e-05	1.350857014685e-04	1.304993736271e-05	1.745838639610e-06
846                 	7.238207519113e-05	1.346095002322e-04	1.302187246971e-05	2.044554959673e-06
847                 	7.203163606422e-05	1.343682917705e-04	1.299354260043e-05	2.112838250101e-06
848                 	7.203818985912e-05	1.340971719436e-04	1.296350567914e-05	1.893675733062e-06
849                 	7.185318233864e-05	1.338373918666e-04	1.293531563416e-05	1.775032330387e-06
850                 	7.190136036606e-05	1.335929700134e-04	1.290655414442e-05	1.726124042399e-06
851                 	7.170776772507e-05	1.331181416573e-04	1.287898321648e-05	2.016864832375e-06
852                 	7.157669559885e-05	1.328814420908e-04	1.285110964327e-05	2.085261742587e-06
853                 	7.137490203415e-05	1.326154407455e-04	1.282150688555e-05	1.869392630882e-06
854                 	7.091264376447e-05	1.323526480482e-04	1.279378476060e-05	1.753638232153e-06
855                 	7.091978329019e-05	1.321133972819e-04	1.276541596871e-05	1.707466619683e-06
856                 	7.076061182802e-05	1.316456499450e-04	1.273824617154e-05	1.992167779405e-06
857                 	7.081578566965e-05	1.314426218451e-04	1.270923070676e-05	1.857140077320e-06
858                 	7.059187924561e-05	1.310480256288e-04	1.268212145596e-05	1.939460711150e-06
859                 	7.054066250920e-05	1.308590665986e-04	1.265329782111e-05	1.810758875573e-06
860                 	7.076034217472e-05	1.306487419117e-04	1.262660009530e-05	1.739271561766e-06
861                 	7.013310334286e-05	1.304114215924e-04	1.259903005445e-05	1.712263998730e-06
862                 	7.000793527135e-05	1.299018454370e-04	1.257257108734e-05	2.019495718240e-06
863                 	7.010823946041e-05	1.296683373837e-04	1.254552542044e-05	2.065411763478e-06
864                 	6.996614049187e-05	1.294109224482e-04	1.251671958746e-05	1.840514793561e-06
865                 	6.974236396270e-05	1.290567971234e-04	1.248953969223e-05	1.967802119265e-06
866                 	6.957406293214e-05	1.288595860992e-04	1.246115403833e-05	1.789724553397e-06
867                 	6.957219036325e-05	1.284857548750e-04	1.243487963004e-05	1.897291390152e-06
868                 	6.917465676886e-05	1.283302865111e-04	1.240697983433e-05	1.763308067358e-06
869                 	6.934806299019e-05	1.280929668847e-04	1.238123636802e-05	1.707446156302e-06
870                 	6.922835647107e-05	1.278403724502e-04	1.235439709111e-05	1.684871786161e-06
871                 	6.921511098085e-05	1.273319360893e-04	1.232855478760e-05	1.978872183099e-06
872                 	6.904122597209e-05	1.271310426752e-04	1.230060087749e-05	1.823015422647e-06
873                 	6.900981456986e-05	1.267622479781e-04	1.227440475475e-05	1.885974536721e-06
874                 	6.873458118193e-05	1.265715480024e-04	1.224659579398e-05	1.764148045312e-06
875                 	6.888922465270e-05	1.263707503312e-04	1.222083716111e-05	1.668325582487e-06
876                 	6.877022606699e-05	1.261449731384e-04	1.219423969150e-05	1.648013017236e-06
877                 	6.865695895775e-05	1.256732542725e-04	1.216877634454e-05	1.934769822017e-06
878                 	6.830895295844e-05	1.254747419218e-04	1.214133717164e-05	1.784539051885e-06
879                 	6.817040463960e-05	1.251014674364e-04	1.211569107446e-05	1.855182563017e-06
880                 	6.847716605582e-05	1.249159589041e-04	1.208838851757e-05	1.729446661687e-06
881                 	6.825160905301e-05	1.245800238058e-04	1.206297929109e-05	1.911576168488e-06
882                 	6.821679487244e-05	1.244419027165e-04	1.203607429094e-05	1.758774548523e-06
883                 	6.795105794186e-05	1.240413869614e-04	1.201134273273e-05	1.827811759227e-06
884                 	6.798497901015e-05	1.238908343328e-04	1.198472821403e-05	1.703056951330e-06
885                 	6.803332793138e-05	1.236493876897e-04	1.196023187941e-05	1.663309422918e-06
886                 	6.742060068712e-05	1.234107520351e-04	1.193446698075e-05	1.635234882307e-06
887                 	6.732543054144e-05	1.229241658664e-04	1.190967313028e-05	1.910707498108e-06
888                 	6.748404617803e-05	1.227270060694e-04	1.188279747518e-05	1.757136578013e-06
889                 	6.722432660487e-05	1.223809423424e-04	1.185758838661e-05	1.816581858097e-06
890                 	6.718726785219e-05	1.221900277354e-04	1.183088180340e-05	1.699451475828e-06
891                 	6.698442046798e-05	1.218728422364e-04	1.180600613364e-05	1.847835829799e-06
892                 	6.678525027815e-05	1.217279436242e-04	1.177973835263e-05	1.704372065629e-06
893                 	6.699014532993e-05	1.213516594512e-04	1.175557410260e-05	1.784641419860e-06
894                 	6.662940740755e-05	1.212011231630e-04	1.172965229028e-05	1.662822130450e-06
895                 	6.665635891143e-05	1.208301921897e-04	1.170562170397e-05	1.850623622851e-06
896                 	6.665289831836e-05	1.206929892802e-04	1.167984406240e-05	1.716594356956e-06
897                 	6.655676467317e-05	1.202861778232e-04	1.165591592227e-05	1.835598100449e-06
898                 	6.637400146126e-05	1.201414274887e-04	1.163013709653e-05	1.689874906499e-06
899                 	6.655399362041e-05	1.197484067158e-04	1.160638924517e-05	1.777777740720e-06
900                 	6.598381327045e-05	1.195996586506e-04	1.158069069497e-05	1.662099651927e-06
901                 	6.610309184537e-05	1.192506193904e-04	1.155686694321e-05	1.797750156803e-06
902                 	6.592632556335e-05	1.191080603717e-04	1.153133177292e-05	1.676884915183e-06
903                 	6.570416763868e-05	1.187254039917e-04	1.150778030820e-05	1.753061381996e-06
904                 	6.552661715743e-05	1.185702131759e-04	1.148238240388e-05	1.635649360279e-06
905                 	6.551649098637e-05	1.182180330249e-04	1.145876876133e-05	1.810420744109e-06
906                 	6.543884075746e-05	1.180722297583e-04	1.143351270659e-05	1.682661422175e-06
907                 	6.524062500051e-05	1.176880613572e-04	1.141019424176e-05	1.745110776357e-06
908                 	6.527521009362e-05	1.175333004753e-04	1.138505102076e-05	1.628603894820e-06
909                 	6.505676859351e-05	1.171888813261e-04	1.136166399568e-05	1.797414049056e-06
910                 	6.518739838956e-05	1.170457508923e-04	1.133665509777e-05	1.666477613113e-06
911                 	6.513657193929e-05	1.166678080865e-04	1.131356261194e-05	1.731025650972e-06
912                 	6.504703805589e-05	1.165142172182e-04	1.128867096438e-05	1.614641239745e-06
913                 	6.546483392291e-05	1.161694717019e-04	1.126556561161e-05	1.772566953442e-06
914                 	6.483011289207e-05	1.160288689876e-04	1.124081959966e-05	1.645050917002e-06
915                 	6.476693700684e-05	1.156566735746e-04	1.121799989495e-05	1.713205635349e-06
916                 	6.492582896685e-05	1.155072217845e-04	1.119337714515e-05	1.597662149933e-06
917                 	6.458365590025e-05	1.151620266279e-04	1.117057735546e-05	1.750074053737e-06
918                 	6.480874138857e-05	1.150250012145e-04	1.114610901651e-05	1.626011376314e-06
919                 	6.454573418624e-05	1.146562222755e-04	1.112358580861e-05	1.696360359093e-06
920                 	6.425604753293e-05	1.145110410922e-04	1.109923571770e-05	1.581815060900e-06
921                 	6.419203229564e-05	1.141673086163e-04	1.107671838669e-05	1.734729064900e-06
922                 	6.406619773499e-05	1.140329919074e-04	1.105250104184e-05	1.611763972816e-06
923                 	6.389333877711e-05	1.136663834539e-04	1.103022208417e-05	1.681140321333e-06
924                 	6.399551086716e-05	1.135229926600e-04	1.100611599518e-05	1.567388278637e-06
925                 	6.358350205756e-05	1.131826288588e-04	1.098383708591e-05	1.720902807721e-06
926                 	6.363379879634e-05	1.130493786961e-04	1.095986178155e-05	1.598282097528e-06
927                 	6.394630302783e-05	1.126864996826e-04	1.093780123365e-05	1.666290321205e-06
928                 	6.346162645266e-05	1.125435662954e-04	1.091393446669e-05	1.553261199963e-06
929                 	6.341864432159e-05	1.122070509832e-04	1.089187872249e-05	1.705175548521e-06
930                 	6.315743042717e-05	1.120744290879e-04	1.086813999356e-05	1.583292975636e-06
931                 	6.312284421229e-05	1.117160722547e-04	1.084630129263e-05	1.651035870622e-06
932                 	6.323085147586e-05	1.115742165329e-04	1.082267749021e-05	1.538848278492e-06
933                 	6.325561523435e-05	1.112405281525e-04	1.080086442084e-05	1.687513123354e-06
934                 	6.295079209211e-05	1.111094765063e-04	1.077737111609e-05	1.567020076114e-06
935                 	6.279531233167e-05	1.107546957087e-04	1.075577465883e-05	1.635420102559e-06
936                 	6.260325737415e-05	1.106155077902e-04	1.073239880449e-05	1.524308014382e-06
937                 	6.284772119952e-05	1.102840130976e-04	1.071084117756e-05	1.670248093543e-06
938                 	6.288550301884e-05	1.101551437037e-04	1.068759215580e-05	1.551124382702e-06
939                 	6.259400554925e-05	1.098033693938e-04	1.066624300580e-05	1.620272790893e-06
940                 	6.236741895382e-05	1.096667879798e-04	1.064311348864e-05	1.509891778120e-06
941                 	6.248106071729e-05	1.093372180446e-04	1.062180403177e-05	1.653991356280e-06
942                 	6.225220687772e-05	1.092104699215e-04	1.059879764053e-05	1.536200234059e-06
943                 	6.218639741126e-05	1.088617201276e-04	1.057768207610e-05	1.605176595166e-06
944                 	6.207359512009e-05	1.087271494624e-04	1.055479074476e-05	1.495742682708e-06
945                 	6.238269372950e-05	1.084000195738e-04	1.053371320429e-05	1.638527035958e-06
946                 	6.174295559707e-05	1.082748777325e-04	1.051093722143e-05	1.521693587628e-06
947                 	6.184137092399e-05	1.079293945386e-04	1.049004269849e-05	1.590495508285e-06
948                 	6.176800149733e-05	1.077963739506e-04	1.046738115501e-05	1.481944589170e-06
949                 	6.184857145213e-05	1.074719112609e-04	1.044652803867e-05	1.622925783978e-06
950                 	6.180617844322e-05	1.073481300400e-04	1.042397952300e-05	1.507164369908e-06
951                 	6.150413543659e-05	1.070061009609e-04	1.040330390666e-05	1.575954764113e-06
952                 	6.121613641874e-05	1.068746903625e-04	1.038087012813e-05	1.468210873622e-06
953                 	6.140335990784e-05	1.065527565815e-04	1.036024326463e-05	1.607170253043e-06
954                 	6.126824324681e-05	1.064305174010e-04	1.033792042375e-05	1.492509094253e-06
955                 	6.111921876905e-05	1.060918289212e-04	1.031746581029e-05	1.561499714878e-06
956                 	6.109063100260e-05	1.059622927560e-04	1.029525975516e-05	1.454587330197e-06
957                 	6.139990987767e-05	1.056427314156e-04	1.027485906534e-05	1.591505973796e-06
958                 	6.075253466747e-05	1.055221649480e-04	1.025276230028e-05	1.477999846846e-06
959                 	6.085512238125e-05	1.051866295437e-04	1.023252834674e-05	1.547179380235e-06
960                 	6.055768559017e-05	1.050590029773e-04	1.021054859178e-05	1.441094176155e-06
961                 	6.056217083510e-05	1.047417527527e-04	1.019037136056e-05	1.576255337745e-06
962                 	6.059749845050e-05	1.046228198583e-04	1.016849893468e-05	1.463803383174e-06
963                 	6.031300842726e-05	1.042903308799e-04	1.014848162078e-05	1.533091096039e-06
964                 	6.019821353353e-05	1.041645473619e-04	1.012672590248e-05	1.427815692199e-06
965                 	6.035090702488e-05	1.038496522771e-04	1.010676631319e-05	1.561181727302e-06
966                 	6.041091633642e-05	1.037323317583e-04	1.008511440741e-05	1.449848575870e-06
967                 	6.002539990908e-05	1.034027941230e-04	1.006530825403e-05	1.519149973026e-06
968                 	6.014091657354e-05	1.032787865070e-04	1.004377190940e-05	1.414686206938e-06
969                 	6.004277900222e-05	1.029662581177e-04	1.002402557061e-05	1.546426109648e-06
970                 	5.979448402174e-05	1.028504394651e-04	1.000258922528e-05	1.436067420801e-06
971                 	5.968389120558e-05	1.025239252131e-04	9.982991661408e-06	3.135841452504e-05
972                 	5.985031865943e-05	7.022200693568e-05	1.015083517618e-05	1.879359310957e-05
