1	-7.71368300231e-06
2	0.00204879469496
3	0.0032135348683
4	0.00759892008338
5	0.00742707996084
6	0.00641132074728
7	0.00524663416262
8	0.00490928227729
9	0.00497994445495
10	0.00612058150256
11	0.00635469764624
12	0.00644016007242
13	0.00644784168565
14	0.00642178990056
15	0.00633875428069
16	0.00631660818729
17	0.00631814945294
18	0.00631651795885
19	0.00631593478559
20	0.00627808040139
21	0.0063104016033
22	0.00631546874501
23	0.00631707481187
24	0.00631818517969
25	0.0063252025889
26	0.00631759213463
27	0.00631677230069
28	0.00631550969277
29	0.00631504181459
30	0.00631405496016
31	0.00631827543987
32	0.00631974712186
33	0.00632102722107
34	0.0063215582587
35	0.00632229754132
36	0.00632368822551
37	0.00632608920711
38	0.00632583206456
39	0.00632554922524
40	0.00632495002268
41	0.00632387874042
42	0.00632584506709
43	0.00632682465636
44	0.00632708965397
45	0.00632789485458
46	0.00632861583911
47	0.00632935105163
48	0.00633011053188
49	0.00633032942215
50	0.00633314977564
51	0.0063336397822
52	0.00633439854229
53	0.00633510078556
54	0.00633544363562
55	0.00633589379965
56	0.00633637907297
57	0.00633702547015
58	0.00633761461077
59	0.00633816340463
60	0.00633866840645
61	0.00633911841347
62	0.00633952974287
63	0.00633991755486
64	0.00634028459374
65	0.00634062927806
66	0.0063409487621
67	0.00634124884072
68	0.0063415388243
69	0.0063418175043
70	0.00634208913763
71	0.00634235261949
72	0.00634261229641
73	0.0063428573871
74	0.00634309673204
75	0.00634333284051
76	0.00634356828016
77	0.0063438067446
78	0.00634404817899
79	0.00634429174496
80	0.00634454170145
81	0.00634481199058
82	0.0063450851455
83	0.00634536160751
84	0.00634563876475
85	0.00634571300216
86	0.00634594472375
87	0.00634601713278
88	0.00634608576837
89	0.00634624371765
90	0.00634643044986
91	0.00634648936777
92	0.00634667727429
93	0.00634673044277
94	0.00634691799555
95	0.00634696796366
96	0.00634701907414
97	0.00634720786035
98	0.00634725206421
99	0.00634729659586
100	0.00634733777263
101	0.00634737760445
102	0.00634741631023
103	0.00634745332654
104	0.00634748815221
105	0.00634752066566
106	0.00634755104631
107	0.00634757936717
108	0.00634760609034
109	0.00634763139685
110	0.00634765543532
111	0.00634767835538
112	0.00634770032281
113	0.00634772151849
114	0.00634774212997
115	0.00634776234403
116	0.00634778234196
117	0.00634780229765
118	0.00634782237659
119	0.0063478427347
120	0.00634786351704
121	0.00634788485619
122	0.00634790683631
123	0.00634792968156
124	0.00634794324534
125	0.00634795747223
126	0.00634797025721
127	0.00634798389064
128	0.00634799827129
129	0.0063480136212
130	0.00634803011777
131	0.00634804776011
132	0.00634806644089
133	0.00634808621851
134	0.0063481068191
135	0.00634812823617
136	0.00634815043644
137	0.00634817390408
138	0.00634819711558
139	0.00634822136941
140	0.00634824626156
141	0.00634827138836
142	0.00634829577032
143	0.00634831947126
144	0.00634834256528
145	0.00634836552547
146	0.00634838865621
147	0.00634841199227
148	0.00634843541593
149	0.00634845854862
150	0.00634848138424
151	0.00634850398885
152	0.00634852648111
153	0.00634854891156
154	0.00634857128745
155	0.00634859356645
156	0.00634861570101
157	0.00634864489418
158	0.00634867341701
159	0.00634870169834
160	0.00634872876262
161	0.00634875536406
162	0.00634878120126
163	0.00634880667709
164	0.00634883152372
165	0.00634885594371
166	0.00634887985044
167	0.00634890342116
168	0.00634892663082
169	0.00634894947525
170	0.00634897190025
171	0.00634899358227
172	0.00634901451607
173	0.0063490347651
174	0.00634905461527
175	0.00634907392776
176	0.00634909295834
177	0.00634911151735
178	0.00634912986441
179	0.00634914788207
180	0.00634916546367
181	0.00634918273135
182	0.006349199457
183	0.00634921581987
184	0.00634923171223
185	0.00634924734752
186	0.00634926255744
187	0.0063493273934
188	0.00634942502693
189	0.00634943602297
190	0.00634945392139
191	0.00634946891519
192	0.0063494850185
193	0.00634950025062
194	0.00634951415847
195	0.00634952674482
196	0.00634953941263
197	0.00634955200527
198	0.00634956447018
199	0.00634957688107
200	0.00634958917762
201	0.00634960133693
202	0.00634961335657
203	0.00634962525502
204	0.00634963709062
205	0.00634964885127
206	0.00634966056341
207	0.00634967223551
208	0.00634968385356
209	0.00634969537268
210	0.00634970678171
211	0.00634971809732
212	0.00634972934521
213	0.00634974054508
214	0.00634975170667
215	0.00634976283354
216	0.0063497739276
217	0.00634978495543
218	0.00634979590517
219	0.00634980678444
220	0.00634981761653
221	0.00634982840669
222	0.00634983916218
223	0.00634984989242
224	0.00634986059956
225	0.00634987129321
226	0.00634988196773
227	0.00634989259837
228	0.00634990319315
229	0.00634991376331
230	0.00634992432188
231	0.00634993487265
232	0.00634994541841
233	0.00634995599503
234	0.00634996663129
235	0.00634997733434
236	0.0063499880923
237	0.00634999889442
238	0.0063500097436
239	0.00635002066136
240	0.00635003165259
241	0.00635004270803
242	0.00635005381637
243	0.00635005985449
244	0.00635006593466
245	0.00635007202767
246	0.00635007813593
247	0.00635008426341
248	0.00635009039879
249	0.00635009652679
250	0.00635010263355
251	0.00635010871367
252	0.00635011476729
253	0.00635012079803
254	0.00635012680357
255	0.00635013276492
256	0.00635013867606
257	0.00635014453997
258	0.00635015036507
259	0.00635015615756
260	0.00635016192322
261	0.00635016766243
262	0.00635017337374
263	0.00635017905526
264	0.00635018470525
265	0.00635019032223
266	0.00635019589857
267	0.00635020143019
268	0.00635020691837
269	0.00635021236638
270	0.00635021777712
271	0.00635022315407
272	0.00635022849886
273	0.00635023380972
274	0.00635023908363
275	0.00635024431804
276	0.00635024951136
277	0.00635025461821
278	0.00635025969081
279	0.00635026471073
280	0.00635026968349
281	0.00635027461094
282	0.00635027949484
283	0.00635028433711
284	0.00635028913923
285	0.00635029389581
286	0.006350298613
287	0.0063503032988
288	0.0063503079573
289	0.00635031258871
290	0.00635031719108
291	0.00635032176209
292	0.0063503263
293	0.00635033080367
294	0.0063503352724
295	0.00635033963388
296	0.00635034394077
297	0.00635034819204
298	0.00635035238079
299	0.00635034776438
300	0.00635035328671
301	0.00635035743529
302	0.00635036636311
303	0.00635037347539
304	0.00635038203309
305	0.00635038616689
306	0.00635039014934
307	0.0063503939097
308	0.00635039756903
309	0.00635040119587
310	0.00635040473272
311	0.00635040816771
312	0.00635041152478
313	0.0063504147814
314	0.00635041795222
315	0.0063504210369
316	0.00635042403881
317	0.00635042673345
318	0.00635042936556
319	0.00635043193833
320	0.00635043444068
321	0.00635043686062
322	0.00635043919311
323	0.00635044145165
324	0.00635044363663
325	0.00635044576164
326	0.0063504478428
327	0.00635045501195
328	0.00635046618637
329	0.00635046824638
330	0.00635048339955
331	0.00635049723265
332	0.00635049965816
333	0.00635051699221
334	0.00635053159583
335	0.00635053484659
336	0.00635055314924
337	0.00635055524211
338	0.00635057281804
339	0.00635057491375
340	0.00635059230002
341	0.00635059441933
342	0.00635061059184
343	0.0063506126081
344	0.00635062780475
345	0.00635062982457
346	0.00635064393766
347	0.00635065939399
348	0.00635066107637
349	0.00635067699385
350	0.00635069455883
351	0.00635071260852
352	0.0063507290576
353	0.00635074659047
354	0.00635076259517
355	0.00635077999784
356	0.00635079519081
357	0.00635081271779
358	0.00635082790841
359	0.00635084516177
360	0.00635085990682
361	0.00635087690974
362	0.00635089126936
363	0.00635090817245
364	0.00635092201163
365	0.00635093882452
366	0.00635095236959
367	0.00635096900909
368	0.00635098215853
369	0.00635099856146
370	0.00635101126816
371	0.00635102742517
372	0.00635103969093
373	0.00635105564776
374	0.00635106757871
375	0.00635108324896
376	0.0063510947495
377	0.0063511101646
378	0.00635112125895
379	0.00635113649719
380	0.00635114727007
381	0.00635116256079
382	0.00635117309037
383	0.00635118813172
384	0.00635119886663
385	0.00635121381642
386	0.00635122416298
387	0.00635123905033
388	0.0063512492202
389	0.00635126404589
390	0.00635127392984
391	0.00635128893968
392	0.00635129696943
393	0.0063513121881
394	0.00635132210951
395	0.00635133732563
396	0.00635134629437
397	0.00635136160675
398	0.00635137080111
399	0.00635138607694
400	0.00635139501256
401	0.00635141029342
402	0.00635141922621
403	0.00635143448889
404	0.00635144338463
405	0.00635145860887
406	0.00635146754055
407	0.00635148273243
408	0.00635149163394
409	0.00635150669515
410	0.00635151552566
411	0.006351530411
412	0.0063515390111
413	0.00635155368006
414	0.00635155744187
415	0.0063515608847
416	0.00635156689606
417	0.00635156967639
418	0.00635157281314
419	0.00635158026239
420	0.0063515830946
421	0.00635158999116
422	0.00635159517812
423	0.00635159793818
424	0.00635160233581
425	0.00635160477279
426	0.00635161116464
427	0.00635161314206
428	0.0063516192168
429	0.00635162039298
430	0.00635162969477
431	0.00635163090572
432	0.00635163366658
433	0.00635164281959
434	0.00635164343376
435	0.00635164518188
436	0.00635165385727
437	0.00635165449015
438	0.00635165618472
439	0.00635166450555
440	0.00635166511592
441	0.00635166676808
442	0.00635166816318
443	0.00635168112121
444	0.0063516820713
445	0.006351683049
446	0.00635168459656
447	0.00635168708654
448	0.0063516899754
449	0.00635169256786
450	0.00635169542064
451	0.00635169958294
452	0.00635170453455
453	0.00635171002828
454	0.00635171553795
455	0.00635172064799
456	0.00635172530654
457	0.00635172964446
458	0.00635171993357
459	0.00635172183955
460	0.00635171135237
461	0.00635171689574
462	0.00635171891043
463	0.00635171901734
464	0.00635173237507
465	0.00635173868302
466	0.00635174000272
467	0.00635174301231
468	0.00635174722673
469	0.00635174912925
470	0.0063517693991
471	0.00635179460907
472	0.00635179666288
473	0.00635179864253
474	0.00635180066792
475	0.00635180261731
476	0.00635180456894
477	0.006351806525
478	0.00635180853152
479	0.00635181977641
480	0.00635182187416
481	0.00635182382116
482	0.00635183454537
483	0.00635183661433
484	0.00635184818878
485	0.00635185017141
486	0.00635186163681
487	0.00635186359289
488	0.0063518750427
489	0.0063518769781
490	0.00635188849027
491	0.00635189041217
492	0.0063519020923
493	0.00635190399318
494	0.00635191578526
495	0.00635191769931
496	0.00635193014629
497	0.00635193202887
498	0.00635194456302
499	0.00635194643707
500	0.00635195869432
501	0.00635196055746
502	0.00635197358923
503	0.00635197543006
504	0.00635198812353
505	0.00635198997702
506	0.00635200317432
507	0.00635200500434
