1	0.014648618912
2	0.927114049707
3	0.549552759745
4	1.22889897854
5	0.679378306604
6	0.212658617206
7	0.303058729554
8	0.21470257625
9	0.173337750633
10	0.113163590662
11	0.0716960617612
12	0.0702481404526
13	0.0602354334222
14	0.0474050148012
15	0.0356728234202
16	0.0210783769112
17	0.0157010902755
18	0.0129056637266
19	0.0121950186067
20	0.00841059212246
21	0.00743988230053
22	0.0060498529674
23	0.00469859656852
24	0.00485576703003
25	0.00365746662066
26	0.00305427309051
27	0.0023263866348
28	0.00165137723989
29	0.0014560322574
30	0.00107078618643
31	0.00143134915178
32	0.00114232009999
33	0.00101431888222
34	0.00080347933133
35	0.000682863442302
36	0.000726288982425
37	0.000604778156314
38	0.000572214322784
39	0.000433885411232
40	0.000391075747653
41	0.000362758584012
42	0.000365296397906
43	0.000261662697603
44	0.000249006604869
45	0.00021605380278
46	0.0002089981838
47	0.000172257805931
48	0.000130326795179
49	0.000139211463262
50	0.000155544924195
51	0.000129364248243
52	8.63334695308e-05
53	7.92040963215e-05
54	0.000100790559617
55	9.24108569445e-05
56	9.48067373573e-05
57	5.99041144636e-05
58	5.97459560183e-05
59	5.28310022379e-05
60	4.27747299167e-05
61	3.38270745043e-05
62	2.81283897941e-05
63	2.58552973971e-05
64	2.49468281345e-05
65	2.42010822031e-05
66	2.38255552725e-05
67	2.47399860711e-05
68	2.51448561034e-05
69	2.54928827531e-05
70	2.49646510226e-05
71	2.3918474968e-05
72	2.24247334116e-05
73	2.14172087188e-05
74	2.04798947171e-05
75	1.9803878853e-05
76	1.93756114563e-05
77	1.90984725017e-05
78	1.89146559177e-05
79	1.8721097256e-05
80	1.85316645261e-05
81	1.74198427843e-05
82	1.70043636194e-05
83	1.66399764121e-05
84	1.62440893532e-05
85	8.55714550665e-06
86	1.45065162724e-05
87	7.99058062183e-06
88	7.2581404725e-06
89	1.15610037191e-05
90	1.21761554413e-05
91	7.23066009041e-06
92	1.19154672381e-05
93	6.64782071424e-06
94	1.12736741657e-05
95	6.28064676771e-06
96	5.67502701944e-06
97	1.0431194745e-05
98	5.96246722277e-06
99	5.47992206794e-06
100	5.17651866317e-06
101	5.04265464394e-06
102	4.98461026729e-06
103	4.94490533169e-06
104	4.89941932042e-06
105	4.84179511552e-06
106	4.77345363785e-06
107	4.69926157811e-06
108	4.62495317823e-06
109	4.55456676328e-06
110	4.4900467353e-06
111	4.43157683023e-06
112	4.37833642939e-06
113	4.32951519785e-06
114	4.2840814055e-06
115	4.24123120209e-06
116	4.20070788354e-06
117	4.16229787396e-06
118	4.1260188427e-06
119	4.09177997367e-06
120	4.05948438827e-06
121	4.02910827346e-06
122	4.0016389937e-06
123	3.97916023498e-06
124	3.40872001888e-06
125	3.40998029929e-06
126	3.32198420802e-06
127	3.31319406692e-06
128	3.29327008889e-06
129	3.27326137563e-06
130	3.25453694173e-06
131	3.2353281385e-06
132	3.21498921602e-06
133	3.19146093709e-06
134	3.17133616828e-06
135	3.15004093587e-06
136	3.12808587907e-06
137	3.14202203286e-06
138	3.06661762574e-06
139	3.05234638574e-06
140	3.05483899603e-06
141	3.00120345292e-06
142	2.96025298758e-06
143	2.91884986707e-06
144	2.87442416959e-06
145	2.83749247268e-06
146	2.8122185029e-06
147	2.78886693087e-06
148	2.76387048309e-06
149	2.73274839769e-06
150	2.70214033278e-06
151	2.67352002317e-06
152	2.64806476558e-06
153	2.62388896888e-06
154	2.59983096278e-06
155	2.57500477978e-06
156	2.54929460429e-06
157	2.98591924092e-06
158	2.95770061226e-06
159	2.93536027929e-06
160	2.88050427566e-06
161	2.85978072776e-06
162	2.82070711666e-06
163	2.8009028727e-06
164	2.76789937598e-06
165	2.74425210306e-06
166	2.71320487198e-06
167	2.68867735592e-06
168	2.66151963574e-06
169	2.6352304571e-06
170	2.60844466243e-06
171	2.57098984263e-06
172	2.53675582423e-06
173	2.49962665331e-06
174	2.47856496697e-06
175	2.4471906389e-06
176	2.43019028777e-06
177	2.40068275941e-06
178	2.39402622613e-06
179	2.37576358302e-06
180	2.34864823181e-06
181	2.32847926694e-06
182	2.29442051256e-06
183	2.27346316472e-06
184	2.24264865724e-06
185	2.22606683935e-06
186	2.18777884666e-06
187	4.02420146934e-06
188	3.08849424545e-06
189	2.0723090186e-06
190	2.40272204764e-06
191	2.21500946187e-06
192	2.09948938478e-06
193	1.9462527143e-06
194	1.84698026194e-06
195	1.85495730804e-06
196	1.88947210309e-06
197	1.90052555587e-06
198	1.89253292929e-06
199	1.87932898598e-06
200	1.85952964768e-06
201	1.83732377627e-06
202	1.81462696946e-06
203	1.7936103413e-06
204	1.77833192215e-06
205	1.76444016003e-06
206	1.75323690302e-06
207	1.74212039111e-06
208	1.7306243926e-06
209	1.71670541216e-06
210	1.7018142576e-06
211	1.68733931911e-06
212	1.67385307258e-06
213	1.66145835602e-06
214	1.64997143797e-06
215	1.63911239083e-06
216	1.62865873684e-06
217	1.6169123585e-06
218	1.6053804185e-06
219	1.59433835305e-06
220	1.5851324413e-06
221	1.57591996819e-06
222	1.56706222147e-06
223	1.55864234305e-06
224	1.55022336587e-06
225	1.54194927543e-06
226	1.53336609011e-06
227	1.52411585198e-06
228	1.51551507653e-06
229	1.50791452444e-06
230	1.50124450294e-06
231	1.4946928582e-06
232	1.48790814112e-06
233	1.48227202963e-06
234	1.47706475023e-06
235	1.47197873551e-06
236	1.46728971678e-06
237	1.46297956771e-06
238	1.45791083814e-06
239	1.45211595744e-06
240	1.44584620905e-06
241	1.43931594218e-06
242	1.43272537291e-06
243	1.02447008731e-06
244	9.65816744606e-07
245	9.544595217e-07
246	9.57028780714e-07
247	9.62116016821e-07
248	9.65864964643e-07
249	9.67764141213e-07
250	9.67554230985e-07
251	9.64866612802e-07
252	9.60544778251e-07
253	9.55381160012e-07
254	9.50118118855e-07
255	9.4499162936e-07
256	9.40651843558e-07
257	9.36999303738e-07
258	9.33503354499e-07
259	9.29515034279e-07
260	9.25722736304e-07
261	9.21653384579e-07
262	9.17359664781e-07
263	9.12922622948e-07
264	9.08423022945e-07
265	9.03929350074e-07
266	8.99346429206e-07
267	8.94894077611e-07
268	8.9066879845e-07
269	8.86564289396e-07
270	8.82461087525e-07
271	8.78216170992e-07
272	8.73894750535e-07
273	8.69544895009e-07
274	8.65187723895e-07
275	8.60840668511e-07
276	8.56523660305e-07
277	8.83134822671e-07
278	8.67647744796e-07
279	8.64275129915e-07
280	8.57488573132e-07
281	8.50477065695e-07
282	8.43387944246e-07
283	8.36189503572e-07
284	8.28902009648e-07
285	8.22652224315e-07
286	8.15675807745e-07
287	8.07612573084e-07
288	7.98989624918e-07
289	7.90337050316e-07
290	7.82001616878e-07
291	7.74092164647e-07
292	7.66580437794e-07
293	7.59393664086e-07
294	7.52478295379e-07
295	7.69904407288e-07
296	7.69582921206e-07
297	7.66198574093e-07
298	7.6222917651e-07
299	4.18282072527e-06
300	2.56210708856e-06
301	1.61300000812e-06
302	1.55822717171e-06
303	1.12088142712e-06
304	1.11282959692e-06
305	6.97819075072e-07
306	6.48100779295e-07
307	6.40456534008e-07
308	6.41884276128e-07
309	6.43232763537e-07
310	6.609709943e-07
311	6.70272129468e-07
312	6.47188494549e-07
313	6.33961246545e-07
314	6.20990897503e-07
315	6.09252939153e-07
316	5.98884185505e-07
317	5.45231369656e-07
318	5.39396369009e-07
319	5.35388612496e-07
320	5.32957685065e-07
321	5.30326022881e-07
322	5.27480632651e-07
323	5.24292231661e-07
324	5.20943757674e-07
325	5.17077516053e-07
326	5.12534689399e-07
327	6.57694271771e-07
328	7.2432403577e-07
329	4.81011540516e-07
330	7.17234016862e-07
331	7.19622996596e-07
332	4.68168485691e-07
333	7.08130571313e-07
334	7.09071232145e-07
335	4.60057559731e-07
336	6.90734259285e-07
337	4.44958730874e-07
338	6.67378159001e-07
339	4.42058123128e-07
340	6.71909930834e-07
341	4.40426378298e-07
342	6.72797874534e-07
343	4.3704041636e-07
344	6.66742504446e-07
345	4.3186394443e-07
346	6.57671434395e-07
347	6.8240592488e-07
348	4.08801934544e-07
349	6.5367410958e-07
350	6.67762930076e-07
351	6.79410597629e-07
352	6.68914209245e-07
353	6.64646999334e-07
354	6.61501470505e-07
355	6.55237641895e-07
356	6.53218599841e-07
357	6.48108596197e-07
358	6.47145264744e-07
359	6.41948489893e-07
360	6.41208372873e-07
361	6.36196884284e-07
362	6.35571767322e-07
363	6.30838288705e-07
364	6.29526824443e-07
365	6.26837467203e-07
366	6.24591758362e-07
367	6.22872399025e-07
368	6.19033462494e-07
369	6.18672412543e-07
370	6.12854042685e-07
371	6.14252166927e-07
372	6.0650391851e-07
373	6.10082028954e-07
374	6.00788802285e-07
375	6.05603454908e-07
376	5.94171081843e-07
377	6.00697853899e-07
378	5.87450852625e-07
379	5.96210297945e-07
380	5.8138572999e-07
381	6.09470104594e-07
382	5.91834505279e-07
383	5.87074204337e-07
384	5.83663429596e-07
385	5.76426899236e-07
386	5.71840561408e-07
387	5.66142439597e-07
388	5.61708512707e-07
389	5.55473796377e-07
390	5.49793427136e-07
391	5.71407107182e-07
392	5.22391055736e-07
393	5.68262583802e-07
394	5.51301193422e-07
395	5.67230813177e-07
396	5.41697130805e-07
397	5.63846022893e-07
398	5.40603345e-07
399	5.59644506467e-07
400	5.35181717158e-07
401	5.54586705915e-07
402	5.31637688166e-07
403	5.49489331512e-07
404	5.27761891563e-07
405	5.45622483583e-07
406	5.25174879734e-07
407	5.4315153663e-07
408	5.20385895483e-07
409	5.40353427496e-07
410	5.16798869741e-07
411	5.36997765908e-07
412	5.11653128857e-07
413	5.34536707435e-07
414	1.40096609143e-06
415	5.99731304132e-07
416	7.28831620371e-07
417	1.18648288714e-06
418	4.54800485632e-07
419	8.53210625788e-07
420	1.12989988101e-06
421	6.96935870349e-07
422	6.82189654147e-07
423	1.18427537612e-06
424	4.43237362261e-07
425	1.08581424783e-06
426	6.13774958905e-07
427	7.98260834839e-07
428	8.62697863523e-07
429	7.42235481956e-07
430	8.46396483252e-07
431	7.42484202416e-07
432	8.0113724927e-07
433	9.3123554422e-07
434	5.15789664754e-07
435	7.99260618601e-07
436	8.74735046985e-07
437	5.31173423205e-07
438	7.92654210817e-07
439	8.75561343137e-07
440	5.18300525171e-07
441	7.78818983452e-07
442	5.15975931043e-07
443	1.38189513342e-06
444	6.54475799226e-07
445	5.99757767007e-07
446	5.56662880422e-07
447	5.47013642618e-07
448	3.87542145691e-07
449	4.9929937564e-07
450	5.45813843444e-07
451	4.64314576486e-07
452	4.72142859071e-07
453	4.62225792256e-07
454	4.45357116851e-07
455	4.28864720906e-07
456	4.16759048782e-07
457	4.1063784735e-07
458	3.25111202338e-06
459	1.18127061713e-06
460	2.4326550177e-06
461	2.16519186988e-06
462	1.84787209648e-06
463	1.87732158361e-06
464	1.50901733826e-06
465	7.52558978103e-07
466	5.96450577311e-07
467	3.96406858053e-07
468	3.60250085e-07
469	3.02499868045e-07
470	6.00904783671e-07
471	6.63738836844e-07
472	4.08245684589e-07
473	3.82097844181e-07
474	4.20245764098e-07
475	4.1193480342e-07
476	4.16980471263e-07
477	4.16024038355e-07
478	4.10886918964e-07
479	6.73051162677e-07
480	4.37107614413e-07
481	4.08138592819e-07
482	6.57070410055e-07
483	4.31341214734e-07
484	6.69859689709e-07
485	4.23908619178e-07
486	6.62794739129e-07
487	4.19563270603e-07
488	6.57240384588e-07
489	4.15629000257e-07
490	6.48175476387e-07
491	4.12791818453e-07
492	6.4814887877e-07
493	4.07907801703e-07
494	6.48153132518e-07
495	4.2353585999e-07
496	6.5026417863e-07
497	4.19015540074e-07
498	6.47855385723e-07
499	4.13269530736e-07
500	6.48749370609e-07
501	4.07768712218e-07
502	6.45508902404e-07
503	4.04349254378e-07
504	6.45360131498e-07
505	3.9866491403e-07
506	6.44829935368e-07
507	3.94634404354e-07
