1	-7.71368300231e-06
2	0.00205650837796
3	0.00116474017334
4	0.00438538521507
5	-0.000171840122535
6	-0.00101575921356
7	-0.00116468658466
8	-0.000337351885327
9	7.06621776524e-05
10	0.00114063704761
11	0.000234116143684
12	8.54624261823e-05
13	7.68161322591e-06
14	-2.60517850908e-05
15	-8.30356198654e-05
16	-2.21460934017e-05
17	1.54126565176e-06
18	-1.63149409625e-06
19	-5.83173253431e-07
20	-3.78543842006e-05
21	3.23212019114e-05
22	5.06714170219e-06
23	1.60606686425e-06
24	1.11036782139e-06
25	7.01740921372e-06
26	-7.61045427834e-06
27	-8.19833939158e-07
28	-1.26260791793e-06
29	-4.67878176657e-07
30	-9.86854429734e-07
31	4.22047970574e-06
32	1.47168198864e-06
33	1.2800992153e-06
34	5.31037630581e-07
35	7.39282620505e-07
36	1.39068418948e-06
37	2.4009815955e-06
38	-2.57142553538e-07
39	-2.82839314349e-07
40	-5.9920255741e-07
41	-1.07128225992e-06
42	1.96632666826e-06
43	9.7958926916e-07
44	2.64997607368e-07
45	8.05200607231e-07
46	7.20984531861e-07
47	7.35212523852e-07
48	7.59480250078e-07
49	2.18890273195e-07
50	2.82035348995e-06
51	4.9000655715e-07
52	7.58760090647e-07
53	7.022432665e-07
54	3.42850057306e-07
55	4.50164036304e-07
56	4.85273319056e-07
57	6.46397179999e-07
58	5.89140620698e-07
59	5.48793857368e-07
60	5.05001823367e-07
61	4.50007013379e-07
62	4.11329401969e-07
63	3.87811990094e-07
64	3.67038882616e-07
65	3.44684318014e-07
66	3.19484037304e-07
67	3.0007862152e-07
68	2.89983581251e-07
69	2.78680004718e-07
70	2.71633329114e-07
71	2.63481854981e-07
72	2.59676917303e-07
73	2.45090694805e-07
74	2.39344944021e-07
75	2.36108465311e-07
76	2.35439652108e-07
77	2.38464436754e-07
78	2.41434393283e-07
79	2.43565970085e-07
80	2.49956485286e-07
81	2.7028913716e-07
82	2.73154911083e-07
83	2.76462010289e-07
84	2.77157247657e-07
85	7.42374039945e-08
86	2.31721594073e-07
87	7.24090289849e-08
88	6.86355914686e-08
89	1.57949282016e-07
90	1.86732203105e-07
91	5.8917910412e-08
92	1.87906523799e-07
93	5.31684746697e-08
94	1.87552785414e-07
95	4.99681140292e-08
96	5.11104755836e-08
97	1.88786213291e-07
98	4.42038576742e-08
99	4.45316501095e-08
100	4.1176772805e-08
101	3.98318159472e-08
102	3.87057777524e-08
103	3.70163154042e-08
104	3.48256671493e-08
105	3.25134514283e-08
106	3.03806439367e-08
107	2.83208665227e-08
108	2.6723169127e-08
109	2.53065068103e-08
110	2.40384720931e-08
111	2.2920054885e-08
112	2.19674386279e-08
113	2.11956746936e-08
114	2.06114846007e-08
115	2.02140519785e-08
116	1.99979376562e-08
117	1.99556904572e-08
118	2.00789393496e-08
119	2.03581075281e-08
120	2.07823426146e-08
121	2.13391504144e-08
122	2.19801129326e-08
123	2.28452577923e-08
124	1.35637747321e-08
125	1.4226888504e-08
126	1.2784987616e-08
127	1.36334278207e-08
128	1.43806484202e-08
129	1.53499106956e-08
130	1.64965691853e-08
131	1.76423343177e-08
132	1.86807859671e-08
133	1.97776210552e-08
134	2.06005843457e-08
135	2.14170700016e-08
136	2.22002733625e-08
137	2.34676359308e-08
138	2.32115081103e-08
139	2.42538243729e-08
140	2.48921508192e-08
141	2.51268041088e-08
142	2.4381959964e-08
143	2.37009362285e-08
144	2.30940197361e-08
145	2.29601928912e-08
146	2.31307333533e-08
147	2.33360649882e-08
148	2.34236592748e-08
149	2.31326888825e-08
150	2.28356252426e-08
151	2.26046100171e-08
152	2.24922511823e-08
153	2.24304585459e-08
154	2.23758875021e-08
155	2.22790007157e-08
156	2.21345628807e-08
157	2.91931686097e-08
158	2.85228258589e-08
159	2.82813298956e-08
160	2.70642804967e-08
161	2.66014439895e-08
162	2.58371984049e-08
163	2.54758269887e-08
164	2.48466323646e-08
165	2.44199887546e-08
166	2.39067328731e-08
167	2.35707128693e-08
168	2.32096653482e-08
169	2.28444309275e-08
170	2.24249957731e-08
171	2.16820176295e-08
172	2.09338069426e-08
173	2.02490248365e-08
174	1.98501696565e-08
175	1.93124945317e-08
176	1.90305745164e-08
177	1.85590118675e-08
178	1.83470610167e-08
179	1.80176613073e-08
180	1.75815982578e-08
181	1.72676821964e-08
182	1.67256448142e-08
183	1.63628711392e-08
184	1.58923632421e-08
185	1.56352895046e-08
186	1.52099217373e-08
187	6.48359613349e-08
188	9.76335319641e-08
189	1.09960359953e-08
190	1.78984177731e-08
191	1.4993797871e-08
192	1.61033170578e-08
193	1.52321204063e-08
194	1.39078431199e-08
195	1.25863523237e-08
196	1.26678156717e-08
197	1.25926328507e-08
198	1.24649101239e-08
199	1.24108919947e-08
200	1.22965531792e-08
201	1.21593061435e-08
202	1.20196442631e-08
203	1.18984447686e-08
204	1.18355975952e-08
205	1.17606534962e-08
206	1.17121394683e-08
207	1.1672097257e-08
208	1.16180519085e-08
209	1.15191183805e-08
210	1.14090311596e-08
211	1.13156077163e-08
212	1.12478950629e-08
213	1.11998661754e-08
214	1.11615924588e-08
215	1.1126869125e-08
216	1.10940667721e-08
217	1.10278217893e-08
218	1.09497455812e-08
219	1.08792690201e-08
220	1.08320914071e-08
221	1.07901570836e-08
222	1.07554938536e-08
223	1.07302412983e-08
224	1.07071359812e-08
225	1.069364458e-08
226	1.06745225597e-08
227	1.06306396752e-08
228	1.05947839669e-08
229	1.05701575114e-08
230	1.05585712724e-08
231	1.05507718599e-08
232	1.0545753765e-08
233	1.05766265358e-08
234	1.06362553697e-08
235	1.07030488774e-08
236	1.0757959476e-08
237	1.08021257519e-08
238	1.08491800179e-08
239	1.09177544386e-08
240	1.09912329777e-08
241	1.10554419827e-08
242	1.11083362493e-08
243	6.03811775313e-09
244	6.08017789109e-09
245	6.0930115617e-09
246	6.10825782529e-09
247	6.12747258554e-09
248	6.13538897265e-09
249	6.12799446592e-09
250	6.10676294936e-09
251	6.0801215068e-09
252	6.053612348e-09
253	6.03074099808e-09
254	6.00554480489e-09
255	5.96134505961e-09
256	5.91114744626e-09
257	5.86390989219e-09
258	5.82509950262e-09
259	5.79248840075e-09
260	5.76566095797e-09
261	5.73921058135e-09
262	5.71130502382e-09
263	5.68152424069e-09
264	5.64999173598e-09
265	5.61697655504e-09
266	5.57634279078e-09
267	5.53161583045e-09
268	5.4881817976e-09
269	5.4480104638e-09
270	5.4107435378e-09
271	5.37694345909e-09
272	5.34479403361e-09
273	5.3108619157e-09
274	5.27390669152e-09
275	5.23441034206e-09
276	5.19332326355e-09
277	5.10684649567e-09
278	5.07259490973e-09
279	5.01991934793e-09
280	4.97276408609e-09
281	4.92745126334e-09
282	4.88390007253e-09
283	4.84226656407e-09
284	4.80212391901e-09
285	4.75657892657e-09
286	4.71719248366e-09
287	4.68579930229e-09
288	4.6584989469e-09
289	4.63141209611e-09
290	4.60236329184e-09
291	4.57101629529e-09
292	4.53791084496e-09
293	4.50366309865e-09
294	4.46872863131e-09
295	4.36148942125e-09
296	4.30688589668e-09
297	4.251270411e-09
298	4.18875084805e-09
299	-4.61640734665e-09
300	5.52232357365e-09
301	4.14858016067e-09
302	8.92782490231e-09
303	7.11227720108e-09
304	8.55769481204e-09
305	4.13380664642e-09
306	3.98245069153e-09
307	3.7603624395e-09
308	3.65932117044e-09
309	3.62684650397e-09
310	3.53684449241e-09
311	3.43498981399e-09
312	3.35707743948e-09
313	3.25661841666e-09
314	3.17082013835e-09
315	3.0846784691e-09
316	3.00190883337e-09
317	2.69463558158e-09
318	2.63211313563e-09
319	2.5727724058e-09
320	2.50235335414e-09
321	2.41993735961e-09
322	2.33248457286e-09
323	2.25854669126e-09
324	2.1849808785e-09
325	2.12500272849e-09
326	2.08116184982e-09
327	7.16915082562e-09
328	1.11744238148e-08
329	2.0600066415e-09
330	1.51531738212e-08
331	1.3833100971e-08
332	2.42550388525e-09
333	1.73340470236e-08
334	1.46036246902e-08
335	3.25075580886e-09
336	1.83026490758e-08
337	2.09287397894e-09
338	1.75759330093e-08
339	2.09570300376e-09
340	1.73862721805e-08
341	2.11931172797e-09
342	1.61725129511e-08
343	2.01625906305e-09
344	1.51966445518e-08
345	2.01982578618e-09
346	1.41130861704e-08
347	1.54563279013e-08
348	1.68238390912e-09
349	1.5917480851e-08
350	1.75649817742e-08
351	1.8049688075e-08
352	1.64490797539e-08
353	1.75328680605e-08
354	1.60046988825e-08
355	1.74026713663e-08
356	1.51929708449e-08
357	1.75269780706e-08
358	1.51906272855e-08
359	1.72533514863e-08
360	1.4745051306e-08
361	1.70029188859e-08
362	1.43596192206e-08
363	1.69030961732e-08
364	1.38391770618e-08
365	1.68128942322e-08
366	1.35450641652e-08
367	1.66395019912e-08
368	1.31494433116e-08
369	1.6402930075e-08
370	1.27066994788e-08
371	1.6157006027e-08
372	1.22657607766e-08
373	1.59568282746e-08
374	1.19309498878e-08
375	1.56702564331e-08
376	1.15005413694e-08
377	1.54150963725e-08
378	1.10943464324e-08
379	1.52382446863e-08
380	1.07728777351e-08
381	1.52907166245e-08
382	1.05295851772e-08
383	1.50413446771e-08
384	1.07349174156e-08
385	1.49497836626e-08
386	1.03465598146e-08
387	1.48873483705e-08
388	1.01698791896e-08
389	1.48256813467e-08
390	9.88395189503e-09
391	1.5009842282e-08
392	8.02974812043e-09
393	1.52186712906e-08
394	9.92141046175e-09
395	1.52161239698e-08
396	8.96873688214e-09
397	1.53123799004e-08
398	9.19435760168e-09
399	1.52758281083e-08
400	8.93561942244e-09
401	1.5280868754e-08
402	8.93278478687e-09
403	1.52626846337e-08
404	8.89573643912e-09
405	1.52242416823e-08
406	8.93167665248e-09
407	1.51918797089e-08
408	8.90151583129e-09
409	1.50612051726e-08
410	8.83050538861e-09
411	1.48853497718e-08
412	8.60009094632e-09
413	1.46689675751e-08
414	3.76181046589e-09
415	3.4428291314e-09
416	6.01135290475e-09
417	2.78033366353e-09
418	3.13675086092e-09
419	7.44924643722e-09
420	2.83221348752e-09
421	6.89656311436e-09
422	5.18695725789e-09
423	2.76005852446e-09
424	4.39763052047e-09
425	2.43698250635e-09
426	6.39185026809e-09
427	1.97741926717e-09
428	6.07473938101e-09
429	1.17617817701e-09
430	9.30179539524e-09
431	1.21094472625e-09
432	2.76085882221e-09
433	9.15301081637e-09
434	6.14166531092e-10
435	1.74812002312e-09
436	8.67539321585e-09
437	6.32877392303e-10
438	1.69457668552e-09
439	8.32082876832e-09
440	6.10363895284e-10
441	1.65216327337e-09
442	1.395096216e-09
443	1.29580326217e-08
444	9.50094361759e-10
445	9.77700794868e-10
446	1.54755713118e-09
447	2.48997693772e-09
448	2.88886432162e-09
449	2.59245699818e-09
450	2.85278503664e-09
451	4.16229846485e-09
452	4.95160722684e-09
453	5.49372789909e-09
454	5.5096771447e-09
455	5.11003183816e-09
456	4.65855531981e-09
457	4.33792245517e-09
458	-9.71089374558e-09
459	1.9059761965e-09
460	-1.04871713277e-08
461	5.5433701257e-09
462	2.01468680071e-09
463	1.0691295486e-10
464	1.33577224204e-08
465	6.30795670025e-09
466	1.31969324284e-09
467	3.00959715242e-09
468	4.21441681283e-09
469	1.90251787395e-09
470	2.02698527766e-08
471	2.52099697455e-08
472	2.05380728769e-09
473	1.97965200286e-09
474	2.02539080572e-09
475	1.94938698155e-09
476	1.95163373968e-09
477	1.95605887413e-09
478	2.00651662936e-09
479	1.12448882249e-08
480	2.09775529533e-09
481	1.946996e-09
482	1.07242142911e-08
483	2.06896027924e-09
484	1.15744491128e-08
485	1.9826240977e-09
486	1.14654053631e-08
487	1.95608052527e-09
488	1.14498061387e-08
489	1.9354003146e-09
490	1.15121754424e-08
491	1.92189586124e-09
492	1.16801271929e-08
493	1.900880998e-09
494	1.17920846685e-08
495	1.9140487964e-09
496	1.24469844933e-08
497	1.88257760482e-09
498	1.25341440607e-08
499	1.87404873894e-09
500	1.22572578551e-08
501	1.86313690052e-09
502	1.30317692291e-08
503	1.84083571579e-09
504	1.26934608532e-08
505	1.85349900686e-09
506	1.31972935382e-08
507	1.83002204752e-09
