1	0.0448272277215
2	0.000483158286792
3	0.000575179494689
4	0.00862262580743
5	0.00290232166473
6	0.00106470563432
7	0.00259538218468
8	0.00788880200214
9	0.00528776238433
10	0.00332515774047
11	0.00297354348775
12	0.00532884274036
13	0.0100112083992
14	0.0131225504745
15	0.00933519289992
16	0.00657324134599
17	0.00736608693077
18	0.00625704685872
19	0.00484344326332
20	0.00309854719671
21	0.00280498613146
22	0.00244823542987
23	0.00216964820714
24	0.00261832506268
25	0.00222052634218
26	0.00198214291168
27	0.00156236521103
28	0.00111722390835
29	0.000987409480976
30	0.000731934390378
31	0.000997058478698
32	0.000815834750367
33	0.000746751524694
34	0.00061037986485
35	0.000534507602199
36	0.000582171208452
37	0.000493590581475
38	0.000474163751527
39	0.000364701027137
40	0.000332891299036
41	0.000312302963161
42	0.000318157173072
43	0.000230462150554
44	0.000221968719816
45	0.000194829634683
46	0.000190589471704
47	0.000158709779952
48	0.000121196810538
49	0.000130566536225
50	0.000147039411306
51	0.000123191620731
52	8.28242837814e-05
53	7.65281353063e-05
54	9.80421435436e-05
55	9.04607368775e-05
56	9.3379078871e-05
57	5.93582257768e-05
58	5.95561892684e-05
59	5.2963621254e-05
60	4.3115255452e-05
61	3.42740273624e-05
62	2.86430657246e-05
63	2.64564525345e-05
64	2.5647618847e-05
65	2.49956597183e-05
66	2.47186471025e-05
67	2.5780445149e-05
68	2.63153168309e-05
69	2.67921268412e-05
70	2.634539048e-05
71	2.53434556118e-05
72	2.38548514785e-05
73	2.28714625908e-05
74	2.19536963834e-05
75	2.13082183955e-05
76	2.09237868588e-05
77	2.06987732425e-05
78	2.05721622395e-05
79	2.04326477448e-05
80	2.02953652954e-05
81	1.91422245506e-05
82	1.87479383924e-05
83	1.84063512139e-05
84	1.80264726951e-05
85	9.52631751369e-06
86	1.62012246083e-05
87	8.95113891837e-06
88	8.15572977137e-06
89	1.30298279943e-05
90	1.37628920474e-05
91	8.19682930466e-06
92	1.35480480118e-05
93	7.57993561471e-06
94	1.28914180423e-05
95	7.2015051714e-06
96	6.52533805231e-06
97	1.20268350989e-05
98	6.89250810894e-06
99	6.35181766425e-06
100	6.01596731635e-06
101	5.8755460095e-06
102	5.82272177137e-06
103	5.79091357862e-06
104	5.75198127861e-06
105	5.69838599213e-06
106	5.63169409494e-06
107	5.55756527997e-06
108	5.48275278875e-06
109	5.41206162016e-06
110	5.347848187e-06
111	5.2903894517e-06
112	5.23875928181e-06
113	5.1920326094e-06
114	5.14901164631e-06
115	5.10875574386e-06
116	5.07098383809e-06
117	5.03545552061e-06
118	5.0022170972e-06
119	4.97117760235e-06
120	4.94224058883e-06
121	4.91539253575e-06
122	4.89185852554e-06
123	4.87421488672e-06
124	4.18381522644e-06
125	4.19363647582e-06
126	4.09342165257e-06
127	4.09050862971e-06
128	4.0737131355e-06
129	4.05665093483e-06
130	4.04102527311e-06
131	4.02464569299e-06
132	4.00670748762e-06
133	3.98463187913e-06
134	3.9666464844e-06
135	3.94704329383e-06
136	3.92645776163e-06
137	3.95084650181e-06
138	3.86270478424e-06
139	3.85131392289e-06
140	3.86099234847e-06
141	3.7995688066e-06
142	3.75395138908e-06
143	3.70753681449e-06
144	3.65705338211e-06
145	3.61588672043e-06
146	3.58940007212e-06
147	3.56522051735e-06
148	3.5387948683e-06
149	3.50436940916e-06
150	3.47043624176e-06
151	3.43889547077e-06
152	3.41127681614e-06
153	3.38516840223e-06
154	3.35907774986e-06
155	3.33186101404e-06
156	3.30336507045e-06
157	3.87468214036e-06
158	3.84351429204e-06
159	3.81983541263e-06
160	3.7536619313e-06
161	3.7317882381e-06
162	3.68581911253e-06
163	3.66488441386e-06
164	3.62654443441e-06
165	3.60032485346e-06
166	3.56426293592e-06
167	3.53663184767e-06
168	3.5054150815e-06
169	3.47521454408e-06
170	3.4442338443e-06
171	3.39902739308e-06
172	3.35792561802e-06
173	3.31283974318e-06
174	3.28892002995e-06
175	3.25119789691e-06
176	3.2324622319e-06
177	3.19698459131e-06
178	3.19184912203e-06
179	3.17116843515e-06
180	3.13857057191e-06
181	3.11515325276e-06
182	3.07304409732e-06
183	3.04837079152e-06
184	3.0103734255e-06
185	2.99138258849e-06
186	2.94311477902e-06
187	5.4193557264e-06
188	4.16285649299e-06
189	2.79568302931e-06
190	3.24457704897e-06
191	2.99405015626e-06
192	2.84069582333e-06
193	2.63592641321e-06
194	2.50387871101e-06
195	2.51707408819e-06
196	2.56630894969e-06
197	2.583715294e-06
198	2.57521534563e-06
199	2.55958076018e-06
200	2.53490425276e-06
201	2.50687607431e-06
202	2.47810273599e-06
203	2.45155089277e-06
204	2.43277892999e-06
205	2.41585073627e-06
206	2.40255724178e-06
207	2.38934050095e-06
208	2.37556012694e-06
209	2.35840772934e-06
210	2.33987021605e-06
211	2.32185518373e-06
212	2.30515284675e-06
213	2.28990849745e-06
214	2.27587312086e-06
215	2.26266343629e-06
216	2.24997520616e-06
217	2.23546243458e-06
218	2.22120693499e-06
219	2.20759100651e-06
220	2.19648198858e-06
221	2.18533222587e-06
222	2.17464184498e-06
223	2.16452745022e-06
224	2.15438336884e-06
225	2.14441024429e-06
226	2.13397713825e-06
227	2.12258546282e-06
228	2.11206827809e-06
229	2.10291676253e-06
230	2.09503672714e-06
231	2.08729695113e-06
232	2.07920674302e-06
233	2.07269800236e-06
234	2.06676696493e-06
235	2.06098459607e-06
236	2.05573779828e-06
237	2.0510024388e-06
238	2.0451852078e-06
239	2.0383286305e-06
240	2.03078381675e-06
241	2.0228511544e-06
242	2.0148117563e-06
243	1.44155758494e-06
244	1.35984258366e-06
245	1.34464435595e-06
246	1.34904888956e-06
247	1.35700274801e-06
248	1.36307079367e-06
249	1.36652709299e-06
250	1.36700029198e-06
251	1.36396387632e-06
252	1.35860494363e-06
253	1.35204123466e-06
254	1.34532198219e-06
255	1.33878149838e-06
256	1.33334172815e-06
257	1.32886368451e-06
258	1.32459666364e-06
259	1.31961951272e-06
260	1.31490883505e-06
261	1.30979268097e-06
262	1.30434565631e-06
263	1.2986826813e-06
264	1.29291860451e-06
265	1.28715100042e-06
266	1.2812443842e-06
267	1.27551208405e-06
268	1.2700920828e-06
269	1.26483326303e-06
270	1.25956556316e-06
271	1.25408484454e-06
272	1.24848417155e-06
273	1.2428321705e-06
274	1.23715906283e-06
275	1.23148991854e-06
276	1.22585336051e-06
277	1.26449010041e-06
278	1.242851648e-06
279	1.23855003288e-06
280	1.2293449784e-06
281	1.21980431732e-06
282	1.21013927815e-06
283	1.20030435217e-06
284	1.19032862432e-06
285	1.18183095545e-06
286	1.1722777067e-06
287	1.16114958032e-06
288	1.14920306157e-06
289	1.13720010709e-06
290	1.12563998613e-06
291	1.11468009084e-06
292	1.1042805474e-06
293	1.0943373169e-06
294	1.08477380285e-06
295	1.11030285199e-06
296	1.11024282174e-06
297	1.10575863001e-06
298	1.10042276311e-06
299	6.04087729571e-06
300	3.70118395622e-06
301	2.33070710498e-06
302	2.2521942536e-06
303	1.62054952612e-06
304	1.60939993174e-06
305	1.00951131058e-06
306	9.37873863596e-07
307	9.27088795838e-07
308	9.29427698703e-07
309	9.31649693645e-07
310	9.57616194277e-07
311	9.71368512702e-07
312	9.38180865233e-07
313	9.19264503592e-07
314	9.00707738495e-07
315	8.83926236291e-07
316	8.69120175799e-07
317	7.91471486724e-07
318	7.83211179578e-07
319	7.7759835095e-07
320	7.74271433289e-07
321	7.70649239797e-07
322	7.6671261988e-07
323	7.6227346903e-07
324	7.57597446466e-07
325	7.52164125915e-07
326	7.45741908771e-07
327	9.57186785855e-07
328	1.05441270123e-06
329	7.00387964505e-07
330	1.04460087161e-06
331	1.04832809293e-06
332	6.82176531584e-07
333	1.03207478213e-06
334	1.0336832783e-06
335	6.70825240914e-07
336	1.00741581217e-06
337	6.4910467971e-07
338	9.73789932647e-07
339	6.45161200304e-07
340	9.8083640797e-07
341	6.43061948617e-07
342	9.82560209296e-07
343	6.38393632173e-07
344	9.74133584338e-07
345	6.31099897783e-07
346	9.61284521005e-07
347	9.97642531366e-07
348	5.97770109389e-07
349	9.56031868242e-07
350	9.7683310076e-07
351	9.94070550399e-07
352	9.78907500143e-07
353	9.72854672936e-07
354	9.68439856084e-07
355	9.59455575926e-07
356	9.56682793173e-07
357	9.49379540001e-07
358	9.48147212206e-07
359	9.40709256191e-07
360	9.39798865619e-07
361	9.32625099584e-07
362	9.31878453608e-07
363	9.25105318767e-07
364	9.23347396227e-07
365	9.19566050123e-07
366	9.16432818313e-07
367	9.14069566011e-07
368	9.08592997683e-07
369	9.0821884076e-07
370	8.99830343856e-07
371	9.02035253415e-07
372	8.90805738514e-07
373	8.96209646283e-07
374	8.82702891499e-07
375	8.8992172045e-07
376	8.73263058962e-07
377	8.82996915827e-07
378	8.63661492084e-07
379	8.76677465393e-07
380	8.55012520573e-07
381	8.9645336487e-07
382	8.70647052915e-07
383	8.63775525092e-07
384	8.58886747561e-07
385	8.48364705343e-07
386	8.41739488953e-07
387	8.3347443625e-07
388	8.27067367808e-07
389	8.18005465074e-07
390	8.09756456297e-07
391	8.41709446491e-07
392	7.69614890612e-07
393	8.37312298449e-07
394	8.12432892314e-07
395	8.3602263376e-07
396	7.98498101162e-07
397	8.31259290396e-07
398	7.97100092758e-07
399	8.25285100944e-07
400	7.89314696351e-07
401	8.18040899799e-07
402	7.84291512944e-07
403	8.10730835116e-07
404	7.78772640967e-07
405	8.05229481131e-07
406	7.75149873769e-07
407	8.01782537145e-07
408	7.68271147588e-07
409	7.97847429314e-07
410	7.63160756726e-07
411	7.93083656318e-07
412	7.55742416742e-07
413	7.89635911734e-07
414	2.06977909558e-06
415	8.86149180251e-07
416	1.07702534415e-06
417	1.75349520629e-06
418	6.72231973708e-07
419	1.26125377235e-06
420	1.6704350041e-06
421	1.03047323272e-06
422	1.00877755288e-06
423	1.7514025328e-06
424	6.55574827882e-07
425	1.60613748591e-06
426	9.08000044412e-07
427	1.18103105749e-06
428	1.27651323337e-06
429	1.09836819256e-06
430	1.25265237111e-06
431	1.09896094453e-06
432	1.18589894167e-06
433	1.37862607074e-06
434	7.63652720091e-07
435	1.18347011199e-06
436	1.29536341728e-06
437	7.86659510832e-07
438	1.17402891925e-06
439	1.29696100233e-06
440	7.67814602002e-07
441	1.15386387731e-06
442	7.64517880146e-07
443	2.04774499461e-06
444	9.69898761472e-07
445	8.88897407291e-07
446	8.25103872451e-07
447	8.10871246548e-07
448	5.74525144104e-07
449	7.40266332044e-07
450	8.09298977008e-07
451	6.88516701702e-07
452	7.00185572878e-07
453	6.85537538494e-07
454	6.60575269996e-07
455	6.36166161384e-07
456	6.18259944287e-07
457	6.09228877778e-07
458	4.8238545804e-06
459	1.75279966143e-06
460	3.60994769937e-06
461	3.21319692825e-06
462	2.74252450043e-06
463	2.78638865783e-06
464	2.23985697906e-06
465	1.11708739996e-06
466	8.8541320127e-07
467	5.88489463301e-07
468	5.34843229199e-07
469	4.49130023063e-07
470	8.92229689874e-07
471	9.85579578917e-07
472	6.0623364996e-07
473	5.67437470753e-07
474	6.24124521632e-07
475	6.11815214733e-07
476	6.19343092192e-07
477	6.17956065537e-07
478	6.1035841872e-07
479	9.99848112747e-07
480	6.49376533258e-07
481	6.06372861101e-07
482	9.76263814707e-07
483	6.40911525197e-07
484	9.95369356153e-07
485	6.29933027617e-07
486	9.84972739483e-07
487	6.23539553554e-07
488	9.76817545255e-07
489	6.17754782745e-07
490	9.63441149617e-07
491	6.13598728075e-07
492	9.63496523273e-07
493	6.0639817665e-07
494	9.6359650396e-07
495	6.29691764213e-07
496	9.66827434643e-07
497	6.23030495409e-07
498	9.63337203849e-07
499	6.14544652765e-07
500	9.64756732504e-07
501	6.0642092393e-07
502	9.60026348758e-07
503	6.01390933919e-07
504	9.59892569849e-07
505	5.92990031046e-07
506	9.59190059806e-07
507	5.87047280073e-07
