1	28
2	16
3	18
4	12
5	12
6	14
7	13
8	11
9	11
10	10
11	11
12	10
13	12
14	12
15	11
16	11
17	11
18	11
19	11
20	9
21	10
22	10
23	11
24	10
25	11
26	10
27	9
28	9
29	9
30	9
31	8
32	8
33	7
34	7
35	8
36	7
37	6
38	5
39	5
40	6
41	6
42	5
43	5
44	4
45	5
46	5
47	5
48	5
49	4
50	3
51	4
52	5
53	5
54	4
55	4
56	4
57	5
58	5
59	5
60	5
61	5
62	5
63	5
64	5
65	5
66	5
67	5
68	5
69	5
70	5
71	5
72	5
73	5
74	5
75	5
76	5
77	5
78	5
79	5
80	5
81	5
82	5
83	5
84	5
85	7
86	5
87	7
88	7
89	5
90	5
91	7
92	5
93	7
94	5
95	7
96	7
97	5
98	7
99	7
100	7
101	7
102	7
103	7
104	7
105	7
106	7
107	7
108	7
109	7
110	7
111	7
112	7
113	7
114	7
115	7
116	7
117	7
118	7
119	7
120	7
121	7
122	7
123	7
124	7
125	7
126	7
127	7
128	7
129	7
130	7
131	7
132	7
133	7
134	7
135	7
136	7
137	7
138	7
139	7
140	7
141	7
142	7
143	7
144	7
145	7
146	7
147	7
148	7
149	7
150	7
151	7
152	7
153	7
154	7
155	7
156	7
157	7
158	7
159	7
160	7
161	7
162	7
163	7
164	7
165	7
166	7
167	7
168	7
169	7
170	7
171	7
172	7
173	7
174	7
175	7
176	7
177	7
178	7
179	7
180	7
181	7
182	7
183	7
184	7
185	7
186	7
187	7
188	7
189	9
190	7
191	7
192	7
193	7
194	7
195	7
196	7
197	7
198	7
199	7
200	7
201	7
202	7
203	7
204	7
205	7
206	7
207	7
208	7
209	7
210	7
211	7
212	7
213	7
214	7
215	7
216	7
217	7
218	7
219	7
220	7
221	7
222	7
223	7
224	7
225	7
226	7
227	7
228	7
229	7
230	7
231	7
232	7
233	7
234	7
235	7
236	7
237	7
238	7
239	7
240	7
241	7
242	7
243	9
244	9
245	9
246	9
247	9
248	9
249	9
250	9
251	9
252	9
253	9
254	9
255	9
256	9
257	9
258	9
259	9
260	9
261	9
262	9
263	9
264	9
265	9
266	9
267	9
268	9
269	9
270	9
271	9
272	9
273	9
274	9
275	9
276	9
277	9
278	9
279	9
280	9
281	9
282	9
283	9
284	9
285	9
286	9
287	9
288	9
289	9
290	9
291	9
292	9
293	9
294	9
295	9
296	9
297	9
298	9
299	7
300	8
301	9
302	7
303	7
304	7
305	9
306	9
307	9
308	9
309	9
310	9
311	9
312	9
313	9
314	9
315	9
316	9
317	9
318	9
319	9
320	9
321	9
322	9
323	9
324	9
325	9
326	9
327	7
328	7
329	9
330	7
331	7
332	9
333	7
334	7
335	9
336	7
337	9
338	7
339	9
340	7
341	9
342	7
343	9
344	7
345	9
346	7
347	7
348	9
349	7
350	7
351	7
352	7
353	7
354	7
355	7
356	7
357	7
358	7
359	7
360	7
361	7
362	7
363	7
364	7
365	7
366	7
367	7
368	7
369	7
370	7
371	7
372	7
373	7
374	7
375	7
376	7
377	7
378	7
379	7
380	7
381	7
382	7
383	7
384	7
385	7
386	7
387	7
388	7
389	7
390	7
391	7
392	7
393	7
394	7
395	7
396	7
397	7
398	7
399	7
400	7
401	7
402	7
403	7
404	7
405	7
406	7
407	7
408	7
409	7
410	7
411	7
412	7
413	7
414	9
415	9
416	7
417	9
418	9
419	7
420	9
421	7
422	7
423	9
424	9
425	9
426	9
427	9
428	8
429	11
430	8
431	11
432	9
433	9
434	11
435	9
436	9
437	11
438	9
439	9
440	11
441	9
442	9
443	8
444	11
445	11
446	9
447	7
448	7
449	7
450	7
451	7
452	7
453	7
454	7
455	7
456	7
457	7
458	9
459	11
460	8
461	9
462	9
463	8
464	7
465	7
466	7
467	7
468	7
469	7
470	5
471	5
472	7
473	7
474	7
475	7
476	7
477	7
478	7
479	5
480	7
481	7
482	5
483	7
484	5
485	7
486	5
487	7
488	5
489	7
490	5
491	7
492	5
493	7
494	5
495	7
496	5
497	7
498	5
499	7
500	5
501	7
502	5
503	7
504	5
505	7
506	5
507	7
