1	0.999641905989
2	0.543167198696
3	0.0842582791377
4	0.00756631248302
5	0.00241739967242
6	0.00134987573276
7	0.00114801983862
8	0.0010018861156
9	0.000931907153421
10	0.000866298979469
11	0.000855897556812
12	0.000930350962146
13	0.000981686288472
14	0.000970916782719
15	0.00093858581806
16	0.000901017881778
17	0.000864736722552
18	0.000837617617484
19	0.000823627800587
20	0.000820307762282
21	0.000822001218786
22	0.00082420993529
23	0.00082121910091
24	0.000812842135282
25	0.000801406076733
26	0.000789015378158
27	0.000777337159635
28	0.000766998743736
29	0.000758405220152
30	0.000751002988345
31	0.000744126330839
32	0.000737111142639
33	0.000729805470245
34	0.000722254986253
35	0.000714471411974
36	0.000706646067503
37	0.000698948821863
38	0.000691413870329
39	0.000684143589643
40	0.000677184876533
41	0.000670383592682
42	0.000663704802703
43	0.000657135183013
44	0.000650661933386
45	0.000644279724081
46	0.00063798712156
47	0.000631793611342
48	0.000625710910303
49	0.000619746859117
50	0.000613905605654
51	0.00060818413462
52	0.000602581240667
53	0.000597093232237
54	0.000591714735317
55	0.000586440464639
56	0.000581267132266
57	0.000576190908816
58	0.000571208755572
59	0.000566318581283
60	0.000561519015047
61	0.0005568090097
62	0.000552186701075
63	0.000547650214266
64	0.000543196634572
65	0.000538823189409
66	0.000534527157605
67	0.00053030592905
68	0.000526156789688
69	0.000522077750318
70	0.000518066610673
71	0.000514121482152
72	0.000510240765212
73	0.000506422742821
74	0.000502665799515
75	0.000498968563992
76	0.000495329244843
77	0.000491746257065
78	0.000488218119468
79	0.000484743274843
80	0.000481321691085
81	0.000477951960246
82	0.000474632228616
83	0.00047136104459
84	0.0004681370052
85	0.000464958841403
86	0.00046182517214
87	0.000458735288857
88	0.000455687717235
89	0.000452681589247
90	0.000449716157655
91	0.000446790158411
92	0.00044390247688
93	0.00044105259633
94	0.000438239619901
95	0.000435462624216
96	0.000432720526799
97	0.000430012355299
98	0.000427338015941
99	0.000424696512824
100	0.000422087253159
101	0.000419509608075
102	0.000416962911001
103	0.000414446608679
104	0.000411960059591
105	0.000409502735867
106	0.000407074038727
107	0.000404673429703
108	0.000402300660515
109	0.000399955519714
110	0.000397637214576
111	0.000395345135415
112	0.000393078868694
113	0.0003908377733
114	0.000388621537844
115	0.000386429605364
116	0.000384261514668
117	0.000382116941696
118	0.000379995422533
119	0.000377896553026
120	0.000375819987034
121	0.000373765359161
122	0.00037173230949
123	0.000369720652587
124	0.000367729890151
125	0.00036575959436
126	0.00036380933494
127	0.000361878863334
128	0.00035996787382
129	0.000358076025473
130	0.000356203008707
131	0.000354348520788
132	0.000352512292031
133	0.000350694067802
134	0.000348893527605
135	0.000347110393244
136	0.000345344425939
137	0.000343595305375
138	0.000341862837909
139	0.000340146763728
140	0.000338446839888
141	0.000336762818934
142	0.000335094176396
143	0.000333441084633
144	0.000331803260364
145	0.000330180507606
146	0.0003285725768
147	0.000326979188604
148	0.000325400186802
149	0.000323835403103
150	0.000322284557239
151	0.000320747501644
152	0.000319224179896
153	0.000317714323866
154	0.000316217756316
155	0.000314734306263
156	0.00031326374966
157	0.000311805901536
158	0.000310360649074
159	0.000308927801347
160	0.000307507194455
161	0.000306098518421
162	0.000304701819121
163	0.00030331688147
164	0.000301943561705
165	0.000300581754414
166	0.000299231232934
167	0.000297891945191
168	0.000296563706844
169	0.000295246487637
170	0.000293939943703
171	0.000292644042479
172	0.000291358540208
173	0.000290083393669
174	0.000288818432776
175	0.00028756356161
176	0.000286318690631
177	0.000285083646231
178	0.00028385827387
179	0.000282642503679
180	0.00028143620963
181	0.000280239282759
182	0.000279051574263
183	0.000277872942441
184	0.000276703315221
185	0.000275542569734
186	0.000274390642094
187	0.0002732473458
188	0.000272074206407
189	0.000270909874685
190	0.000269754650844
191	0.000268603206705
192	0.000267455740917
193	0.000266310836434
194	0.000265164563884
195	0.000264026380442
196	0.00026289817699
197	0.000261779107246
198	0.000260668776647
199	0.000259567611703
200	0.000258475424348
201	0.00025739192574
202	0.000256316849961
203	0.000255250338667
204	0.000254191895276
205	0.000253141785737
206	0.000252099861793
207	0.000251065833309
208	0.000250039624272
209	0.000249021269492
210	0.000248010634852
211	0.000247007612543
212	0.000246012132001
213	0.000245024073149
214	0.0002440433696
215	0.000243069931576
216	0.000242103611914
217	0.000241144383037
218	0.000240191987742
219	0.000239246422363
220	0.000238307659494
221	0.000237375658258
222	0.000236450235363
223	0.000235531353862
224	0.000234618952029
225	0.000233712956736
226	0.000232813343171
227	0.000231919963831
228	0.000231032759715
229	0.000230151681144
230	0.000229276623524
231	0.000228407485787
232	0.000227544202098
233	0.000226686848136
234	0.000225835268995
235	0.000224989395729
236	0.000224149179725
237	0.00022331452288
238	0.000222485406005
239	0.000221661753895
240	0.000220843523748
241	0.000220030646642
242	0.000219223052952
243	0.000218420711683
244	0.000217623575769
245	0.000216831559859
246	0.000216044631083
247	0.000215262728965
248	0.000214485784044
249	0.000213713800833
250	0.000212946687883
251	0.000212184400677
252	0.000211426881579
253	0.000210674126661
254	0.000209926035205
255	0.000209182583809
256	0.000208443579192
257	0.000207709115314
258	0.000206979161228
259	0.00020625363231
260	0.00020553252749
261	0.000204815773969
262	0.000204103337129
263	0.000203395177897
264	0.000202691224759
265	0.000201991479741
266	0.000201295877187
267	0.000200604379868
268	0.000199916948117
269	0.000199233525273
270	0.000198554103044
271	0.0001978786583
272	0.000197207097053
273	0.000196539398275
274	0.000195875523866
275	0.000195215288647
276	0.000194558823729
277	0.000193906074476
278	0.000193256938638
279	0.000192611512129
280	0.000191969717111
281	0.000191331525658
282	0.000190696898093
283	0.000190065778593
284	0.000189438103482
285	0.000188813866059
286	0.000188193052026
287	0.00018757562039
288	0.000186961484652
289	0.000186350536848
290	0.000185742896605
291	0.000185138506002
292	0.000184537367165
293	0.000183939445865
294	0.000183344709925
295	0.000182753109615
296	0.000182164649779
297	0.00018157928012
298	0.000180996978279
299	0.000180417678584
300	0.000179816858286
301	0.000179223068385
302	0.000178635655763
303	0.00017805363746
304	0.000177476379226
305	0.000176903402664
306	0.000176334279625
307	0.00017576877847
308	0.00017520667474
309	0.000174647866779
310	0.000174092098187
311	0.000173539258373
312	0.000172989440805
313	0.000172442580451
314	0.000171898608587
315	0.000171357518489
316	0.000170819240819
317	0.000170283705265
318	0.000169750949898
319	0.00016922089402
320	0.000168693436492
321	0.000168168469389
322	0.000167646143472
323	0.00016712641102
324	0.0001666092638
325	0.00016609468493
326	0.00016558264875
327	0.000165073111435
328	0.000164566051427
329	0.00016406147429
330	0.000163559168137
331	0.000163059202388
332	0.00016256162152
333	0.000162066437301
334	0.000161573603967
335	0.00016108313924
336	0.000160594995073
337	0.000160109131278
338	0.000159625544002
339	0.00015914413635
340	0.000158664787346
341	0.000158187666261
342	0.000157712738834
343	0.00015724001498
344	0.000156769458552
345	0.000156300979541
346	0.000155834650196
347	0.000155370450463
348	0.000154908172467
349	0.0001544478715
350	0.000153989632747
351	0.000153533454042
352	0.000153079287286
353	0.000152627161666
354	0.000152176999881
355	0.000151728836999
356	0.000151282596111
357	0.000150838040626
358	0.000150395465393
359	0.000149954823622
360	0.000149516058859
361	0.000149079193463
362	0.000148644194919
363	0.00014821108609
364	0.000147779801602
365	0.000147350127989
366	0.000146922246062
367	0.000146496160744
368	0.000146071867714
369	0.00014564935672
370	0.000145228623709
371	0.000144809619657
372	0.000144392366048
373	0.000143976587859
374	0.000143562524284
375	0.000143150138801
376	0.000142739476141
377	0.000142330484409
378	0.000141923161357
379	0.000141517469365
380	0.000141113303513
381	0.000140710658153
382	0.000140309609677
383	0.000139910176793
384	0.000139512352026
385	0.000139116103713
386	0.00013872139299
387	0.000138328200246
388	0.000137936355976
389	0.000137546046375
390	0.000137157285903
391	0.000136770041215
392	0.00013638429595
393	0.000136000079021
394	0.000135617290165
395	0.000135235800759
396	0.000134855786995
397	0.000134477229403
398	0.000134100120764
399	0.000133724481893
400	0.000133350249402
401	0.000132977364095
402	0.000132605745825
403	0.000132235549117
404	0.000131866729018
405	0.000131499317203
406	0.000131133282858
407	0.000130768643408
408	0.000130405136685
409	0.000130042951917
410	0.000129682149072
411	0.000129322687152
412	0.000128964536157
413	0.000128607727053
414	0.000128252119949
415	0.000127897599441
416	0.000127544868618
417	0.000127193248826
418	0.000126842667729
419	0.000126493756103
420	0.000126145846849
421	0.000125798780147
422	0.000125453395698
423	0.000125109048
424	0.00012476573151
425	0.000124424062558
426	0.000124083348417
427	0.000123743983015
428	0.00012340551355
429	0.000123068568502
430	0.000122732480036
431	0.000122397885453
432	0.000122064190617
433	0.00012173169016
434	0.000121400608116
435	0.00012107031287
436	0.000120741340487
437	0.000120413737846
438	0.000120086862503
439	0.000119761114017
440	0.000119436735808
441	0.000119113125289
442	0.000118790827921
443	0.000118469783564
444	0.000118149918531
445	0.000117830621043
446	0.00011751258536
447	0.000117195780939
448	0.00011688015108
449	0.000116565647092
450	0.000116252033004
451	0.000115939477983
452	0.000115627975283
453	0.000115317516833
454	0.000115008103157
455	0.0001146997057
456	0.00011439223394
457	0.000114085835831
458	0.000113780499836
459	0.000113457514142
460	0.000113157609889
461	0.000112839324993
462	0.000112543120844
463	0.000112228488514
464	0.000111917351667
465	0.000111609250851
466	0.000111303614527
467	0.000111000098117
468	0.000110698411884
469	0.000110398404619
470	0.00011009995464
471	0.000109802891155
472	0.000109507074505
473	0.000109212551706
474	0.000108919276281
475	0.000108627186444
476	0.000108336280426
477	0.000108046444079
478	0.000107757689279
479	0.00010747006238
480	0.000107183559656
481	0.000106898147614
482	0.000106613781214
483	0.000106330352117
484	0.000106048022906
485	0.000105766721796
486	0.000105486453797
487	0.000105207178036
488	0.000104928822733
489	0.000104651445543
490	0.0001043750891
491	0.000104099679275
492	0.000103825281518
493	0.000103551721521
494	0.00010327910793
495	0.000103007425648
496	0.000102736707222
497	0.000102466913065
498	0.000102197933526
499	0.000101929889059
500	0.000101662753831
501	0.000101396520983
502	0.000101131184254
503	0.000100866636627
504	0.00010060299134
505	0.000100340229693
506	0.000100078344703
507	9.98172686708e-05
