1	0.0919113944635
2	0.0452847081317
3	0.00500067090959
4	0.000453818314035
5	0.000166860378211
6	8.24436570648e-05
7	5.97785834769e-05
8	5.38430987258e-05
9	5.58681429269e-05
10	6.02483724471e-05
11	6.66250310101e-05
12	7.51800064662e-05
13	7.88967008961e-05
14	7.79262209783e-05
15	7.54309449437e-05
16	7.26013301613e-05
17	7.01542408873e-05
18	6.85945989018e-05
19	6.81732351408e-05
20	6.85288643143e-05
21	6.90860662299e-05
22	6.94064968873e-05
23	6.928672598e-05
24	6.87550256107e-05
25	6.79789513228e-05
26	6.71199067543e-05
27	6.63048223742e-05
28	6.55837313014e-05
29	6.49846348252e-05
30	6.4463942448e-05
31	6.39755133294e-05
32	6.34694885539e-05
33	6.29334215458e-05
34	6.23708535348e-05
35	6.1781973874e-05
36	6.11817663438e-05
37	6.05866045376e-05
38	5.99977072621e-05
39	5.94291005e-05
40	5.88853514764e-05
41	5.83468951385e-05
42	5.78143959353e-05
43	5.72881706363e-05
44	5.67671032086e-05
45	5.62510996706e-05
46	5.57402741758e-05
47	5.52356485238e-05
48	5.47383708306e-05
49	5.42492586053e-05
50	5.37687293874e-05
51	5.32967436132e-05
52	5.28331964399e-05
53	5.23779812202e-05
54	5.19308341805e-05
55	5.14915017494e-05
56	5.10597361858e-05
57	5.06352834426e-05
58	5.02178972443e-05
59	4.98074867173e-05
60	4.94039803366e-05
61	4.90073202141e-05
62	4.86174370633e-05
63	4.82342213439e-05
64	4.78574982036e-05
65	4.74870853405e-05
66	4.71227732356e-05
67	4.67643883512e-05
68	4.64117376046e-05
69	4.60646487685e-05
70	4.57229692316e-05
71	4.53865623563e-05
72	4.50553110382e-05
73	4.47290931991e-05
74	4.44077903997e-05
75	4.40912977992e-05
76	4.37794865967e-05
77	4.34722398457e-05
78	4.31694432726e-05
79	4.28709764649e-05
80	4.25767415846e-05
81	4.2286634543e-05
82	4.20005457035e-05
83	4.17184633869e-05
84	4.14403101612e-05
85	4.11659570685e-05
86	4.08952766278e-05
87	4.0628222173e-05
88	4.03646645598e-05
89	4.01045488813e-05
90	3.98478072676e-05
91	3.95943397983e-05
92	3.93440484722e-05
93	3.90969051663e-05
94	3.88528011659e-05
95	3.8611718773e-05
96	3.83735509039e-05
97	3.81382558372e-05
98	3.79057909733e-05
99	3.76760638527e-05
100	3.74490450676e-05
101	3.72246758215e-05
102	3.70029064181e-05
103	3.67836946132e-05
104	3.65669861436e-05
105	3.63527345544e-05
106	3.61408974048e-05
107	3.59314290679e-05
108	3.57242876002e-05
109	3.55194352824e-05
110	3.53168293392e-05
111	3.51164315167e-05
112	3.49182333373e-05
113	3.47221937303e-05
114	3.45282670502e-05
115	3.43364095161e-05
116	3.4146580377e-05
117	3.39587536384e-05
118	3.37728901785e-05
119	3.35889546122e-05
120	3.34069212802e-05
121	3.32267555504e-05
122	3.30484281858e-05
123	3.28719125503e-05
124	3.26971736603e-05
125	3.25241971717e-05
126	3.23529584982e-05
127	3.21834206556e-05
128	3.20155504541e-05
129	3.18493217103e-05
130	3.16847056554e-05
131	3.15216844514e-05
132	3.13602307907e-05
133	3.12003201638e-05
134	3.10419342013e-05
135	3.08850460978e-05
136	3.07296359461e-05
137	3.05756818866e-05
138	3.04231627805e-05
139	3.02720583604e-05
140	3.01223506313e-05
141	2.99740201647e-05
142	2.98270435061e-05
143	2.96814137286e-05
144	2.95370951072e-05
145	2.93940832854e-05
146	2.92523560089e-05
147	2.91118908475e-05
148	2.89726720258e-05
149	2.88346839989e-05
150	2.86979111913e-05
151	2.85623349276e-05
152	2.84279427174e-05
153	2.82947166327e-05
154	2.81626397944e-05
155	2.80317019279e-05
156	2.79018843999e-05
157	2.77731710141e-05
158	2.76455521828e-05
159	2.75190101228e-05
160	2.73935277303e-05
161	2.72690963314e-05
162	2.71457101867e-05
163	2.70233497133e-05
164	2.69020011397e-05
165	2.67816554016e-05
166	2.66622932489e-05
167	2.6543906143e-05
168	2.64264818118e-05
169	2.63100116499e-05
170	2.61944764333e-05
171	2.60798658681e-05
172	2.59661696474e-05
173	2.58533797022e-05
174	2.5741483351e-05
175	2.56304699139e-05
176	2.55203316054e-05
177	2.54110534284e-05
178	2.53026231828e-05
179	2.51950357938e-05
180	2.50882768176e-05
181	2.49823373129e-05
182	2.48772012157e-05
183	2.47728628092e-05
184	2.46693127732e-05
185	2.45665399476e-05
186	2.44645395293e-05
187	2.43632952769e-05
188	2.42602542758e-05
189	2.41580192198e-05
190	2.40564342351e-05
191	2.39550905358e-05
192	2.38540361801e-05
193	2.37531706966e-05
194	2.36522133927e-05
195	2.35519043407e-05
196	2.34524144033e-05
197	2.33536843459e-05
198	2.32556940816e-05
199	2.31584751212e-05
200	2.30620151574e-05
201	2.29662902723e-05
202	2.2871279802e-05
203	2.27769993943e-05
204	2.26834103121e-05
205	2.25905334138e-05
206	2.24983567885e-05
207	2.24068564805e-05
208	2.2316028515e-05
209	2.22258714864e-05
210	2.21363801723e-05
211	2.20475466443e-05
212	2.19593614141e-05
213	2.18718166101e-05
214	2.17849068269e-05
215	2.16986242552e-05
216	2.16129582338e-05
217	2.15279041549e-05
218	2.14434438665e-05
219	2.13595766278e-05
220	2.12763004725e-05
221	2.11936104978e-05
222	2.11114916362e-05
223	2.1029940933e-05
224	2.09489528056e-05
225	2.08685216259e-05
226	2.078864581e-05
227	2.07093130263e-05
228	2.06305192964e-05
229	2.05522597374e-05
230	2.0474526956e-05
231	2.03973154589e-05
232	2.03206197021e-05
233	2.02444360171e-05
234	2.01687554823e-05
235	2.00935736982e-05
236	2.00188855602e-05
237	1.99446838696e-05
238	1.98709669644e-05
239	1.97977276529e-05
240	1.97249639033e-05
241	1.96526692937e-05
242	1.95808365052e-05
243	1.95094645041e-05
244	1.94385480108e-05
245	1.93680784864e-05
246	1.92980567374e-05
247	1.9228476515e-05
248	1.91593306721e-05
249	1.90906198077e-05
250	1.9022336412e-05
251	1.89544750483e-05
252	1.88870327629e-05
253	1.8820007697e-05
254	1.87533918051e-05
255	1.86871810164e-05
256	1.86213633576e-05
257	1.8555944659e-05
258	1.84909215073e-05
259	1.84262875207e-05
260	1.83620418406e-05
261	1.82981785385e-05
262	1.82346952275e-05
263	1.81715875809e-05
264	1.81088501106e-05
265	1.80464826129e-05
266	1.79844784035e-05
267	1.79228353092e-05
268	1.78615505559e-05
269	1.78006190101e-05
270	1.77400392126e-05
271	1.76798097258e-05
272	1.76199223012e-05
273	1.75603740919e-05
274	1.75011637785e-05
275	1.74422758406e-05
276	1.73837185927e-05
277	1.73254892446e-05
278	1.72675850334e-05
279	1.72100035815e-05
280	1.71527393839e-05
281	1.70957927132e-05
282	1.70391599292e-05
283	1.69828367175e-05
284	1.6926817633e-05
285	1.68711010291e-05
286	1.68156873264e-05
287	1.67605718037e-05
288	1.67057481916e-05
289	1.66512068544e-05
290	1.65969566748e-05
291	1.65429935069e-05
292	1.6489317664e-05
293	1.64359252024e-05
294	1.63828143603e-05
295	1.63299807693e-05
296	1.62774236221e-05
297	1.62251393969e-05
298	1.61731251986e-05
299	1.61213777598e-05
300	1.60682365355e-05
301	1.60157779514e-05
302	1.59637386341e-05
303	1.59120429301e-05
304	1.5860659344e-05
305	1.58095701818e-05
306	1.57587726838e-05
307	1.5708263003e-05
308	1.56580340361e-05
309	1.56080817244e-05
310	1.55583901802e-05
311	1.55089511119e-05
312	1.5459775538e-05
313	1.54108591499e-05
314	1.53621969778e-05
315	1.53137866449e-05
316	1.52656232546e-05
317	1.52177004989e-05
318	1.51700215632e-05
319	1.51225806489e-05
320	1.50753685354e-05
321	1.502837811e-05
322	1.49816206865e-05
323	1.49350919552e-05
324	1.48887921721e-05
325	1.48427193979e-05
326	1.47968710828e-05
327	1.47512444997e-05
328	1.47058382035e-05
329	1.46606509588e-05
330	1.46156672319e-05
331	1.45708922912e-05
332	1.45263286458e-05
333	1.44819775818e-05
334	1.44378349604e-05
335	1.43939015713e-05
336	1.43501737434e-05
337	1.43066492879e-05
338	1.42633268063e-05
339	1.42201999339e-05
340	1.41772590482e-05
341	1.41345163712e-05
342	1.40919688262e-05
343	1.40496187243e-05
344	1.40074609384e-05
345	1.39654901213e-05
346	1.39237102864e-05
347	1.38821218469e-05
348	1.38407064544e-05
349	1.37994682101e-05
350	1.37584150702e-05
351	1.37175453059e-05
352	1.36768564411e-05
353	1.36363494778e-05
354	1.35960185518e-05
355	1.35558663634e-05
356	1.35158885093e-05
357	1.34760643298e-05
358	1.34364159116e-05
359	1.33969409486e-05
360	1.33576331974e-05
361	1.33184964048e-05
362	1.32795267557e-05
363	1.32407266863e-05
364	1.32020901397e-05
365	1.3163600813e-05
366	1.31252729034e-05
367	1.30871065241e-05
368	1.30491004307e-05
369	1.30112549766e-05
370	1.2973568803e-05
371	1.29360386836e-05
372	1.28986655668e-05
373	1.28614283963e-05
374	1.28243449275e-05
375	1.27874130421e-05
376	1.27506355504e-05
377	1.27140093688e-05
378	1.26775323737e-05
379	1.26412029826e-05
380	1.26050125802e-05
381	1.25689598443e-05
382	1.25330514606e-05
383	1.24972886792e-05
384	1.24616708964e-05
385	1.24261952946e-05
386	1.23908586376e-05
387	1.23556598715e-05
388	1.23205844647e-05
389	1.22856478203e-05
390	1.22508503833e-05
391	1.22161907845e-05
392	1.2181666616e-05
393	1.2147279529e-05
394	1.21130225597e-05
395	1.20788851846e-05
396	1.20448804768e-05
397	1.20110081605e-05
398	1.19772663574e-05
399	1.19436571535e-05
400	1.19101758811e-05
401	1.18768168169e-05
402	1.18435743604e-05
403	1.18104599553e-05
404	1.17774700172e-05
405	1.17446075932e-05
406	1.17118693007e-05
407	1.16792580685e-05
408	1.16467511939e-05
409	1.16143647624e-05
410	1.15821029055e-05
411	1.1549962344e-05
412	1.15179404158e-05
413	1.14860399166e-05
414	1.14542494008e-05
415	1.14225727707e-05
416	1.1391029922e-05
417	1.13595968537e-05
418	1.13282741089e-05
419	1.12970777693e-05
420	1.12659820946e-05
421	1.12349814711e-05
422	1.1204107744e-05
423	1.11733370814e-05
424	1.11426754015e-05
425	1.11121383551e-05
426	1.10817098514e-05
427	1.10513808e-05
428	1.10211572896e-05
429	1.09910476345e-05
430	1.09610403544e-05
431	1.09311440963e-05
432	1.09013526137e-05
433	1.08716618357e-05
434	1.08420819102e-05
435	1.08125981128e-05
436	1.07832256009e-05
437	1.07539603157e-05
438	1.07247862613e-05
439	1.06957080918e-05
440	1.06667366164e-05
441	1.06378593262e-05
442	1.06090918328e-05
443	1.05804342084e-05
444	1.05518698565e-05
445	1.05233828612e-05
446	1.04950014988e-05
447	1.04667289068e-05
448	1.04385602158e-05
449	1.04104923438e-05
450	1.03825069154e-05
451	1.03546167749e-05
452	1.03268218801e-05
453	1.02991214336e-05
454	1.02715148394e-05
455	1.0244000701e-05
456	1.02165710837e-05
457	1.01892377195e-05
458	1.01619999285e-05
459	1.01336038135e-05
460	1.01067920948e-05
461	1.00787141613e-05
462	1.00521627901e-05
463	1.00243374042e-05
464	9.99678296902e-06
465	9.96943581587e-06
466	9.94224636201e-06
467	9.91519729921e-06
468	9.88827645681e-06
469	9.86147866258e-06
470	9.83479983484e-06
471	9.80823051307e-06
472	9.78176308412e-06
473	9.75540284668e-06
474	9.72914771298e-06
475	9.70299392408e-06
476	9.67694218958e-06
477	9.6509845597e-06
478	9.62512169272e-06
479	9.59935669333e-06
480	9.57368976658e-06
481	9.54811793184e-06
482	9.52263807957e-06
483	9.49724209495e-06
484	9.47194229891e-06
485	9.44673402962e-06
486	9.42161660713e-06
487	9.3965881579e-06
488	9.37164208764e-06
489	9.34678348446e-06
490	9.32201582559e-06
491	9.29733323146e-06
492	9.27274025378e-06
493	9.24822424576e-06
494	9.22379327828e-06
495	9.19944628745e-06
496	9.1751855518e-06
497	9.15100877403e-06
498	9.12690558754e-06
499	9.10288766753e-06
500	9.07895144691e-06
501	9.05509719146e-06
502	9.0313239672e-06
503	9.00762316984e-06
504	8.98400425696e-06
505	8.96046535173e-06
506	8.9370059605e-06
507	8.91362110982e-06
