1	0.99999999999
2	0.592941803287
3	0.259137399324
4	0.184279508002
5	0.0355233184447
6	0.120569988018
7	0.407775351672
8	0.113395266669
9	0.0496261230593
10	0.0317568510682
11	0.0611171097876
12	0.0965933699939
13	0.0835468262826
14	0.0468664491095
15	0.0216734544957
16	0.0193039011915
17	0.0215646849237
18	0.0178665903256
19	0.01176166989
20	0.00674107831428
21	0.00586692262755
22	0.00647228693344
23	0.00581300317267
24	0.00424454582059
25	0.00284746847206
26	0.00229589443161
27	0.00235174137927
28	0.00225205255753
29	0.0018237212491
30	0.00143291762205
31	0.00122546581918
32	0.00120252084912
33	0.00118624454872
34	0.00110940107766
35	0.00101831923453
36	0.000947324988774
37	0.000910283692012
38	0.000892846310364
39	0.000869088578021
40	0.000834803161465
41	0.000806590120526
42	0.000779268117771
43	0.000759708782826
44	0.000744595918765
45	0.000728925623872
46	0.000714001784451
47	0.000699307674163
48	0.000684767124781
49	0.000671502707384
50	0.000658963653489
51	0.000646941744196
52	0.000634060746752
53	0.000622270794736
54	0.000610759363353
55	0.000599461922492
56	0.000588988478963
57	0.000578995878617
58	0.000569492589917
59	0.000560117818736
60	0.000550914124276
61	0.000541986641495
62	0.000533389824932
63	0.000525019598975
64	0.000516839713877
65	0.000508860866868
66	0.000501082381753
67	0.000493517707598
68	0.00048615634797
69	0.000478988169048
70	0.000472004554428
71	0.000465198811436
72	0.000458558839386
73	0.000452076715619
74	0.000445732431376
75	0.000439524785378
76	0.000433451519523
77	0.000427511999104
78	0.000421699640184
79	0.000416016902776
80	0.000410456929318
81	0.000405014347887
82	0.000399689015702
83	0.000394467435408
84	0.000389350270878
85	0.000384334236973
86	0.000379445413338
87	0.000374598371076
88	0.000369905634612
89	0.000365279649673
90	0.000360698165162
91	0.000356264263484
92	0.000351954440846
93	0.000347616549399
94	0.000343456293591
95	0.000339291995717
96	0.000335293374122
97	0.000331319427567
98	0.000327369768065
99	0.000323608206644
100	0.000319869402461
101	0.000316181912073
102	0.000312566115627
103	0.000309021196757
104	0.000305537903979
105	0.000302111115109
106	0.000298739915127
107	0.000295423877737
108	0.000292163299408
109	0.000288955727866
110	0.000285800831556
111	0.000282697550545
112	0.000279645179887
113	0.000276642780499
114	0.000273688989244
115	0.000270782686081
116	0.000267922079479
117	0.000265106885174
118	0.000262337885534
119	0.000259613295695
120	0.000256939472112
121	0.000254309201663
122	0.000251716727532
123	0.00024916299038
124	0.000246646071011
125	0.000244164306963
126	0.000241724837187
127	0.000239322807864
128	0.000236953700022
129	0.000234618706324
130	0.00023231784381
131	0.000230050882527
132	0.000227817563889
133	0.000225615399897
134	0.000223445014544
135	0.000221306550538
136	0.000219197979918
137	0.000217119130066
138	0.000215069941656
139	0.000213048866427
140	0.000211056236815
141	0.000209092465014
142	0.000207152641559
143	0.000205243133319
144	0.000203361542906
145	0.00020150470256
146	0.000199673706817
147	0.000197865922751
148	0.000196081525082
149	0.00019432058711
150	0.000192580883203
151	0.000190863962156
152	0.000189168610024
153	0.000187493560849
154	0.000185839009766
155	0.000184204415531
156	0.000182589726258
157	0.000180994790999
158	0.000179424718545
159	0.000177865966912
160	0.000176326876405
161	0.000174808320729
162	0.000173310049648
163	0.000171829640609
164	0.000170367316728
165	0.000168921780518
166	0.000167492812427
167	0.000166080714321
168	0.000164685140661
169	0.000163306041395
170	0.000161943578757
171	0.000160598416253
172	0.000159269383328
173	0.000157955971446
174	0.00015665825527
175	0.000155375711937
176	0.000154108431874
177	0.000152857269364
178	0.000151621174676
179	0.000150399102819
180	0.000149190427272
181	0.000147995348647
182	0.000146814955578
183	0.000145647627873
184	0.000144493432709
185	0.000143351852589
186	0.000142222930679
187	0.000141106367235
188	0.000137351460041
189	0.000134440310448
190	0.000133022455305
191	0.000132294249594
192	0.000131681878181
193	0.000130923873482
194	0.000130002533359
195	0.00012899994393
196	0.000127991622685
197	0.000127005786095
198	0.000126042969503
199	0.000125095615691
200	0.000124157975367
201	0.000123229015341
202	0.00012230923289
203	0.000121399063186
204	0.000120498908248
205	0.000119607722462
206	0.000118725470336
207	0.000117850925554
208	0.000116984028976
209	0.000116125566257
210	0.000115275981276
211	0.000114434969807
212	0.000113602389659
213	0.000112777726185
214	0.000111960901818
215	0.000111151785924
216	0.000110350384676
217	0.000109556556412
218	0.000108770254803
219	0.000107991443223
220	0.000107220742997
221	0.000106456937177
222	0.000105699855569
223	0.000104949819199
224	0.000104206735974
225	0.000103470610339
226	0.000102741391159
227	0.000102018972064
228	0.0001013034704
229	0.000100594560821
230	9.98924046732e-05
231	9.9196930263e-05
232	9.85080487438e-05
233	9.78252677467e-05
234	9.71484585013e-05
235	9.64777240461e-05
236	9.58132314434e-05
237	9.51543936459e-05
238	9.45013244877e-05
239	9.38538649004e-05
240	9.32120464518e-05
241	9.25760013798e-05
242	9.19456612582e-05
243	9.13209890107e-05
244	9.07106653484e-05
245	9.00899634011e-05
246	8.94771935153e-05
247	8.88745714802e-05
248	8.82787493009e-05
249	8.76874994398e-05
250	8.7100436228e-05
251	8.65178745807e-05
252	8.59401510122e-05
253	8.5367442412e-05
254	8.48000016407e-05
255	8.42378614886e-05
256	8.36806201784e-05
257	8.31281718541e-05
258	8.25802767874e-05
259	8.20367862509e-05
260	8.14976670104e-05
261	8.09630702808e-05
262	8.0432991987e-05
263	7.99074152866e-05
264	7.93863363969e-05
265	7.8869584355e-05
266	7.83570647433e-05
267	7.78488335747e-05
268	7.73448477298e-05
269	7.68450856377e-05
270	7.63494740716e-05
271	7.58579465561e-05
272	7.53704695155e-05
273	7.48869447992e-05
274	7.44073699557e-05
275	7.39318845981e-05
276	7.34603602575e-05
277	7.29928017617e-05
278	7.25288867298e-05
279	7.20701996906e-05
280	7.16144664834e-05
281	7.1162129609e-05
282	7.07133423565e-05
283	7.02682039121e-05
284	6.98267185121e-05
285	6.93887802642e-05
286	6.89542053449e-05
287	6.85231009627e-05
288	6.80953809496e-05
289	6.76710980425e-05
290	6.72502792262e-05
291	6.68327529432e-05
292	6.64185794928e-05
293	6.60077960826e-05
294	6.56003142534e-05
295	6.51961154856e-05
296	6.47945832283e-05
297	6.4397185694e-05
298	6.40025704202e-05
299	6.36109166346e-05
300	6.10173363112e-05
301	6.11436866683e-05
302	6.1923216621e-05
303	6.22788705732e-05
304	6.22135989531e-05
305	6.18767834065e-05
306	6.14569294247e-05
307	6.10372327671e-05
308	6.0650043748e-05
309	6.02859691083e-05
310	5.99286431911e-05
311	5.95691604662e-05
312	5.92077061506e-05
313	5.88470017863e-05
314	5.84881401558e-05
315	5.81327708641e-05
316	5.77811766356e-05
317	5.74324586859e-05
318	5.70858596206e-05
319	5.67408181822e-05
320	5.63979317516e-05
321	5.60574682578e-05
322	5.57194746173e-05
323	5.53840490895e-05
324	5.5051250813e-05
325	5.47211597513e-05
326	5.43937567848e-05
327	5.40690600706e-05
328	5.3741436363e-05
329	5.34274259666e-05
330	5.31184555917e-05
331	5.27935551159e-05
332	5.24820103602e-05
333	5.21795484465e-05
334	5.18638172285e-05
335	5.15608751236e-05
336	5.12667210391e-05
337	5.09585544013e-05
338	5.06673153452e-05
339	5.03667963736e-05
340	5.00814453132e-05
341	4.97852657684e-05
342	4.95053403009e-05
343	4.9212961025e-05
344	4.89377911255e-05
345	4.86499160841e-05
346	4.83796403585e-05
347	4.80961064407e-05
348	4.78267580045e-05
349	4.75604919704e-05
350	4.72852725215e-05
351	4.70189358077e-05
352	4.67569554969e-05
353	4.64940842573e-05
354	4.62352750596e-05
355	4.5975597768e-05
356	4.57211786184e-05
357	4.54659860949e-05
358	4.52163183826e-05
359	4.49654521927e-05
360	4.47198047997e-05
361	4.44728772415e-05
362	4.42312716874e-05
363	4.39882755384e-05
364	4.37507068402e-05
365	4.35115647737e-05
366	4.32781268419e-05
367	4.30428865746e-05
368	4.28133494248e-05
369	4.25818275797e-05
370	4.23561427025e-05
371	4.2128320419e-05
372	4.19064430963e-05
373	4.16822485966e-05
374	4.14640917935e-05
375	4.12435104431e-05
376	4.10289537065e-05
377	4.08118409874e-05
378	4.06008131311e-05
379	4.03871314697e-05
380	4.01796080133e-05
381	3.99692905599e-05
382	3.97648477257e-05
383	3.95581027443e-05
384	3.93580781538e-05
385	3.91536730753e-05
386	3.89564293647e-05
387	3.87553966184e-05
388	3.85616063791e-05
389	3.83639526485e-05
390	3.81733462047e-05
391	3.79789049415e-05
392	3.77907149668e-05
393	3.76002790465e-05
394	3.74147337673e-05
395	3.72268943616e-05
396	3.7044855998e-05
397	3.68595685334e-05
398	3.66804940743e-05
399	3.64981080867e-05
400	3.63217363022e-05
401	3.61421721785e-05
402	3.59686855862e-05
403	3.57920223136e-05
404	3.56212685445e-05
405	3.54474038293e-05
406	3.52792441133e-05
407	3.51080911985e-05
408	3.49425417706e-05
409	3.47740826167e-05
410	3.46111292106e-05
411	3.44452936863e-05
412	3.42847866225e-05
413	3.41214710073e-05
414	3.39634196994e-05
415	3.62105631698e-05
416	3.52490061514e-05
417	3.40230529232e-05
418	3.56992481927e-05
419	3.45786202386e-05
420	3.34048825369e-05
421	3.51298343747e-05
422	3.40949149656e-05
423	3.29454026891e-05
424	3.4666322323e-05
425	3.3631776148e-05
426	3.4892988967e-05
427	3.34881101842e-05
428	3.45646534654e-05
429	3.31218837508e-05
430	3.42003317002e-05
431	3.27949929599e-05
432	3.38845416981e-05
433	3.4910251038e-05
434	3.28874771492e-05
435	3.35712392412e-05
436	3.44045775007e-05
437	3.2375749639e-05
438	3.30776530991e-05
439	3.39350905627e-05
440	3.19512975286e-05
441	3.26571930995e-05
442	3.35089908606e-05
443	3.39466258362e-05
444	3.15951354192e-05
445	3.20676728924e-05
446	3.28794472644e-05
447	3.33165221142e-05
448	3.34027925042e-05
449	3.32937787416e-05
450	3.31061264669e-05
451	3.29157475974e-05
452	3.27463550071e-05
453	3.25965040749e-05
454	3.24590784501e-05
455	3.23281378511e-05
456	3.22003811355e-05
457	3.20740751709e-05
458	3.19482979873e-05
459	2.99965486987e-05
460	2.99432604393e-05
461	2.89269329286e-05
462	2.96465058853e-05
463	2.89622969742e-05
464	2.77825609811e-05
465	2.7048743068e-05
466	2.68117164145e-05
467	2.68165268013e-05
468	2.6863309067e-05
469	2.68694763754e-05
470	2.68214461852e-05
471	2.67272970556e-05
472	2.66167098417e-05
473	2.64963583685e-05
474	2.63642833638e-05
475	2.62288733268e-05
476	2.60951467947e-05
477	2.59618600225e-05
478	2.58291329307e-05
479	2.56969304645e-05
480	2.55592858445e-05
481	2.54393115555e-05
482	2.53084509424e-05
483	2.51707563662e-05
484	2.50518556771e-05
485	2.49178332716e-05
486	2.47996994448e-05
487	2.46667532058e-05
488	2.45502758012e-05
489	2.44195921342e-05
490	2.43054154956e-05
491	2.41771634938e-05
492	2.40654095025e-05
493	2.39395958457e-05
494	2.38302195734e-05
495	2.3706951206e-05
496	2.35994586538e-05
497	2.34792773624e-05
498	2.33739933923e-05
499	2.32561232305e-05
500	2.31530686068e-05
501	2.30372090763e-05
502	2.29372072118e-05
503	2.28239917114e-05
504	2.27252417531e-05
505	2.26141285618e-05
506	2.25185116611e-05
507	2.2409671401e-05
