1	0.0705822008597
2	0.0528689510422
3	0.0216635754359
4	0.0162528803693
5	0.00298652145902
6	0.0105685309846
7	0.0362659724119
8	0.0100823770682
9	0.00436205778966
10	0.00269791772666
11	0.00536479613817
12	0.00863201985931
13	0.00747459707587
14	0.00418260300936
15	0.00188494165373
16	0.00166214686176
17	0.00189300137775
18	0.0015707304741
19	0.00102421406248
20	0.000579841783859
21	0.000505101600667
22	0.000570920432528
23	0.000513776424198
24	0.000372189818603
25	0.000243434266963
26	0.000191084974771
27	0.00019494878053
28	0.00018824641481
29	0.000152028677507
30	0.000118142005745
31	0.000100817659732
32	0.000100604177187
33	0.000100092267009
34	9.34162691663e-05
35	8.53338545954e-05
36	7.89833664809e-05
37	7.58037516094e-05
38	7.44930267691e-05
39	7.26883950629e-05
40	6.99495249555e-05
41	6.77782351433e-05
42	6.56598420807e-05
43	6.41504422427e-05
44	6.29929864726e-05
45	6.1747617568e-05
46	6.05295821655e-05
47	5.93226167473e-05
48	5.8124823008e-05
49	5.70408368983e-05
50	5.60349732624e-05
51	5.50553540967e-05
52	5.40044962176e-05
53	5.30419602936e-05
54	5.2102864601e-05
55	5.11841587994e-05
56	5.03284493875e-05
57	4.95065484167e-05
58	4.87198554486e-05
59	4.79347835634e-05
60	4.71643373508e-05
61	4.64182212808e-05
62	4.56961552034e-05
63	4.49939743587e-05
64	4.43081012402e-05
65	4.36378136661e-05
66	4.29840124069e-05
67	4.23470219147e-05
68	4.17269730692e-05
69	4.11229201883e-05
70	4.05345198071e-05
71	3.9960094396e-05
72	3.93989556257e-05
73	3.88506667638e-05
74	3.83140914849e-05
75	3.77893932844e-05
76	3.72758334515e-05
77	3.67734334186e-05
78	3.6282046306e-05
79	3.58010659216e-05
80	3.53303731906e-05
81	3.48695113406e-05
82	3.44185455227e-05
83	3.39764355552e-05
84	3.35435451721e-05
85	3.31192585731e-05
86	3.27059070188e-05
87	3.22943053495e-05
88	3.18973279123e-05
89	3.15054202697e-05
90	3.1116885741e-05
91	3.07419929302e-05
92	3.03782575597e-05
93	3.00096623575e-05
94	2.96574688812e-05
95	2.93031435826e-05
96	2.89647342701e-05
97	2.86273238123e-05
98	2.82911600335e-05
99	2.79712218554e-05
100	2.76522169637e-05
101	2.73372924205e-05
102	2.70284818446e-05
103	2.67254901685e-05
104	2.64279702125e-05
105	2.61353042232e-05
106	2.58474886675e-05
107	2.55644302607e-05
108	2.52860900416e-05
109	2.50122969739e-05
110	2.47429317797e-05
111	2.44781122306e-05
112	2.42176553526e-05
113	2.3961376021e-05
114	2.37091745072e-05
115	2.34610020674e-05
116	2.3216880883e-05
117	2.29766437508e-05
118	2.27402315177e-05
119	2.25073511834e-05
120	2.22779969208e-05
121	2.20521129942e-05
122	2.18295834219e-05
123	2.16104267535e-05
124	2.13946753815e-05
125	2.1181863719e-05
126	2.09726731274e-05
127	2.07666379596e-05
128	2.05633348585e-05
129	2.03629027507e-05
130	2.01655152702e-05
131	1.99711031111e-05
132	1.97794751556e-05
133	1.95906085052e-05
134	1.94044479571e-05
135	1.92209093239e-05
136	1.90399534981e-05
137	1.88615278418e-05
138	1.86856293105e-05
139	1.85120819512e-05
140	1.83409943825e-05
141	1.81723095546e-05
142	1.80056371074e-05
143	1.78413717486e-05
144	1.7679447981e-05
145	1.75195723992e-05
146	1.73616640844e-05
147	1.72056655329e-05
148	1.70515801388e-05
149	1.68994375556e-05
150	1.67493058965e-05
151	1.6601048983e-05
152	1.64546140502e-05
153	1.63099442569e-05
154	1.61670063389e-05
155	1.60258601987e-05
156	1.5886423386e-05
157	1.57486267907e-05
158	1.561295307e-05
159	1.54782039448e-05
160	1.53450552929e-05
161	1.5213782432e-05
162	1.50843192062e-05
163	1.49564432157e-05
164	1.48300892337e-05
165	1.47051463353e-05
166	1.45816907691e-05
167	1.4459656417e-05
168	1.43390503471e-05
169	1.42198315121e-05
170	1.41020247253e-05
171	1.39856395699e-05
172	1.3870634316e-05
173	1.37570272709e-05
174	1.36447668772e-05
175	1.3533797947e-05
176	1.34241126911e-05
177	1.33156657456e-05
178	1.32084207234e-05
179	1.31024091443e-05
180	1.29975465004e-05
181	1.28938606394e-05
182	1.27914233845e-05
183	1.26901045977e-05
184	1.25899180235e-05
185	1.24908333278e-05
186	1.23928530583e-05
187	1.22959686838e-05
188	1.19435988462e-05
189	1.16743210968e-05
190	1.15454585548e-05
191	1.14809758676e-05
192	1.14282479197e-05
193	1.13632960539e-05
194	1.12839593766e-05
195	1.11972583359e-05
196	1.11098429702e-05
197	1.1024312185e-05
198	1.09408071855e-05
199	1.08587245773e-05
200	1.07775666322e-05
201	1.06972406692e-05
202	1.06177556596e-05
203	1.05391725386e-05
204	1.04614595675e-05
205	1.03845223953e-05
206	1.03083385174e-05
207	1.02328130923e-05
208	1.01579214814e-05
209	1.00837242946e-05
210	1.00102553549e-05
211	9.93754333422e-06
212	9.86557955105e-06
213	9.79434176771e-06
214	9.72380792976e-06
215	9.6539504142e-06
216	9.58474464246e-06
217	9.51618682156e-06
218	9.44827741996e-06
219	9.38101724482e-06
220	9.31446193074e-06
221	9.24853054627e-06
222	9.18318236683e-06
223	9.11841714378e-06
224	9.05425896426e-06
225	8.99070196525e-06
226	8.92774460107e-06
227	8.86538033717e-06
228	8.80358654743e-06
229	8.74235760147e-06
230	8.68169362216e-06
231	8.62157039765e-06
232	8.56199452187e-06
233	8.5029689033e-06
234	8.44447112149e-06
235	8.38650361154e-06
236	8.32908583274e-06
237	8.27216810972e-06
238	8.21574469996e-06
239	8.15979545735e-06
240	8.10432708471e-06
241	8.04935152002e-06
242	7.99486397472e-06
243	7.94086633134e-06
244	7.88814287742e-06
245	7.83444783999e-06
246	7.78147660235e-06
247	7.72940277514e-06
248	7.67790682257e-06
249	7.62678914473e-06
250	7.57601269294e-06
251	7.52561980101e-06
252	7.47565704469e-06
253	7.42612580941e-06
254	7.37704617043e-06
255	7.32842150243e-06
256	7.28020461729e-06
257	7.23240107601e-06
258	7.18501210622e-06
259	7.13801204241e-06
260	7.09138903462e-06
261	7.04514726354e-06
262	6.99928571184e-06
263	6.95381611953e-06
264	6.90874140914e-06
265	6.8640442598e-06
266	6.81972102025e-06
267	6.77576405374e-06
268	6.7321727907e-06
269	6.68895407076e-06
270	6.64609072885e-06
271	6.60358272376e-06
272	6.56141858249e-06
273	6.51960018195e-06
274	6.47813956507e-06
275	6.43702805729e-06
276	6.39626696247e-06
277	6.35584097276e-06
278	6.31569197665e-06
279	6.27602221841e-06
280	6.2366015354e-06
281	6.19748247102e-06
282	6.15867285132e-06
283	6.12018229969e-06
284	6.08199919792e-06
285	6.04411929789e-06
286	6.00655085291e-06
287	5.969281651e-06
288	5.93230485858e-06
289	5.89562094108e-06
290	5.85923477421e-06
291	5.82314694041e-06
292	5.78735475426e-06
293	5.75185689576e-06
294	5.7166419312e-06
295	5.68170827555e-06
296	5.64700951352e-06
297	5.61268134567e-06
298	5.57860589793e-06
299	5.54477176203e-06
300	9.65276900735e-06
301	9.65092420512e-06
302	9.76788872183e-06
303	9.82350099162e-06
304	9.81468526556e-06
305	9.76295801744e-06
306	9.69762751102e-06
307	9.63176731835e-06
308	9.5708423474e-06
309	9.51360571807e-06
310	9.45758699772e-06
311	9.40140705704e-06
312	9.34507740245e-06
313	9.28899075815e-06
314	9.23326646375e-06
315	9.17814456396e-06
316	9.12365400676e-06
317	9.06965933945e-06
318	9.01604406108e-06
319	8.96270018701e-06
320	8.90971432603e-06
321	8.8571325911e-06
322	8.80494990532e-06
323	8.75318662815e-06
324	8.70185997285e-06
325	8.65098514303e-06
326	8.60054328955e-06
327	8.55052696086e-06
328	8.50000731173e-06
329	8.45173037081e-06
330	8.40427297071e-06
331	8.35412358654e-06
332	8.30619320573e-06
333	8.25976119534e-06
334	8.21108324191e-06
335	8.16452270443e-06
336	8.11940372876e-06
337	8.07190770292e-06
338	8.02721937203e-06
339	7.9809525454e-06
340	7.93718501906e-06
341	7.89159033733e-06
342	7.84867111897e-06
343	7.80365830071e-06
344	7.76146936721e-06
345	7.71715356068e-06
346	7.67573961392e-06
347	7.63210151002e-06
348	7.59076793833e-06
349	7.5499438998e-06
350	7.507579271e-06
351	7.46668865618e-06
352	7.42648356419e-06
353	7.38610641779e-06
354	7.34635507905e-06
355	7.30645161537e-06
356	7.26736943061e-06
357	7.22814655413e-06
358	7.18980752087e-06
359	7.15126384283e-06
360	7.11353761247e-06
361	7.07559486503e-06
362	7.03849091295e-06
363	7.00115377111e-06
364	6.96467338329e-06
365	6.92792439543e-06
366	6.89206509497e-06
367	6.85589915985e-06
368	6.82063498372e-06
369	6.78503904528e-06
370	6.75035953211e-06
371	6.71532480028e-06
372	6.68122738058e-06
373	6.64674325282e-06
374	6.61320892556e-06
375	6.57926391569e-06
376	6.54627290634e-06
377	6.51285783861e-06
378	6.48040563591e-06
379	6.44750744253e-06
380	6.41558358056e-06
381	6.38319153727e-06
382	6.35172363191e-06
383	6.31987233645e-06
384	6.2890948507e-06
385	6.25758530904e-06
386	6.22722938366e-06
387	6.19623531997e-06
388	6.16639447017e-06
389	6.13589855967e-06
390	6.10653368816e-06
391	6.0765268473e-06
392	6.04751833933e-06
393	6.01812739016e-06
394	5.98950256136e-06
395	5.96048440255e-06
396	5.93239516507e-06
397	5.90376318104e-06
398	5.87612135121e-06
399	5.84791951257e-06
400	5.82068129422e-06
401	5.79290959954e-06
402	5.7661122421e-06
403	5.7387768583e-06
404	5.71238396782e-06
405	5.68546157093e-06
406	5.65945717641e-06
407	5.63293882769e-06
408	5.60731899428e-06
409	5.58120193052e-06
410	5.55596138863e-06
411	5.53022922629e-06
412	5.50535276538e-06
413	5.47999942337e-06
414	9.96778840866e-06
415	5.82348393696e-06
416	5.66745954549e-06
417	9.99266844528e-06
418	5.74471098762e-06
419	5.5627638663e-06
420	9.81525275454e-06
421	5.6556116792e-06
422	5.48740087303e-06
423	9.68402023029e-06
424	5.58334218413e-06
425	9.8920190732e-06
426	5.62243993144e-06
427	9.85332738536e-06
428	5.57145639117e-06
429	9.74820688542e-06
430	5.51429305186e-06
431	9.65424421378e-06
432	9.9804850984e-06
433	5.63315449544e-06
434	9.68678828472e-06
435	9.89260804196e-06
436	5.55408243231e-06
437	9.53957685911e-06
438	9.75041981573e-06
439	5.48022991222e-06
440	9.41753011907e-06
441	9.62948446749e-06
442	9.88492331193e-06
443	5.48541180446e-06
444	9.31745414477e-06
445	9.45987432754e-06
446	9.70331573715e-06
447	9.83458206645e-06
448	9.86179103351e-06
449	9.83104892399e-06
450	9.77684458165e-06
451	9.72161490751e-06
452	9.67243670306e-06
453	9.62896166495e-06
454	9.58913121495e-06
455	9.55122606491e-06
456	9.51427036992e-06
457	9.4777417703e-06
458	9.4413649611e-06
459	8.78095772207e-06
460	8.80533343947e-06
461	8.45841709307e-06
462	8.70834496567e-06
463	8.46584559826e-06
464	8.08579981473e-06
465	7.84963405048e-06
466	7.76990113005e-06
467	7.76716249021e-06
468	7.77946546872e-06
469	7.78104902063e-06
470	7.7672135647e-06
471	7.74010284641e-06
472	7.70841797499e-06
473	7.67411998469e-06
474	7.63658026608e-06
475	7.59828477777e-06
476	7.56070265724e-06
477	7.5234217485e-06
478	7.48644459693e-06
479	7.44973192663e-06
480	7.41147468283e-06
481	7.37856997385e-06
482	7.34243953243e-06
483	7.30430719882e-06
484	7.27182827305e-06
485	7.23483931805e-06
486	7.20261456475e-06
487	7.16595756277e-06
488	7.13423448334e-06
489	7.09824853858e-06
490	7.06719136416e-06
491	7.03190588127e-06
492	7.00153993758e-06
493	6.96694383561e-06
494	6.93724216464e-06
495	6.90335826113e-06
496	6.87416989816e-06
497	6.8411512617e-06
498	6.81255777515e-06
499	6.78016809776e-06
500	6.75217408875e-06
501	6.72032017239e-06
502	6.69317354929e-06
503	6.6620418742e-06
504	6.63519990468e-06
505	6.60462355053e-06
506	6.57863947719e-06
507	6.54866531247e-06
