1	0.0920630302967
2	0.041763254098
3	0.00611863717832
4	0.00166437569174
5	0.00119145915635
6	0.00335703016472
7	0.00456955928925
8	0.00306202842121
9	0.00150055693874
10	0.00062066993423
11	0.000696628500213
12	0.000818577372229
13	0.000664775640554
14	0.000389487179469
15	0.000192406746816
16	0.000190598376984
17	0.000233368548609
18	0.000197312629294
19	0.000126132448037
20	7.54866530593e-05
21	6.71531672082e-05
22	7.76005711864e-05
23	7.20247003572e-05
24	5.35380370761e-05
25	3.76189710549e-05
26	3.10423194776e-05
27	3.13061189816e-05
28	3.11993578115e-05
29	2.92287113341e-05
30	2.66296185196e-05
31	2.58453444584e-05
32	2.57725078526e-05
33	2.55128258514e-05
34	2.47866700032e-05
35	2.37770678497e-05
36	2.28781107296e-05
37	2.22593215184e-05
38	2.18283946388e-05
39	2.15175147829e-05
40	2.1283444932e-05
41	2.10882683447e-05
42	2.08716890378e-05
43	2.06323500047e-05
44	2.03629714461e-05
45	2.0068576494e-05
46	1.9755471758e-05
47	1.94442893892e-05
48	1.91495494584e-05
49	1.88761886656e-05
50	1.86222803166e-05
51	1.83813608588e-05
52	1.8146556483e-05
53	1.79190469347e-05
54	1.76953150725e-05
55	1.74735115842e-05
56	1.72529576769e-05
57	1.7033649677e-05
58	1.68150077395e-05
59	1.66001734646e-05
60	1.6390270608e-05
61	1.61856475059e-05
62	1.59863554038e-05
63	1.57918087874e-05
64	1.56014376109e-05
65	1.54146971625e-05
66	1.52312242246e-05
67	1.5050634079e-05
68	1.48728066494e-05
69	1.46977074976e-05
70	1.4525415285e-05
71	1.43560318928e-05
72	1.41896571882e-05
73	1.40262247316e-05
74	1.38658733863e-05
75	1.3708424875e-05
76	1.35537864588e-05
77	1.34019077131e-05
78	1.32528202845e-05
79	1.31063122779e-05
80	1.29622731792e-05
81	1.28206403474e-05
82	1.26813316041e-05
83	1.25443715223e-05
84	1.24096077593e-05
85	1.22770260774e-05
86	1.21462927008e-05
87	1.20184788502e-05
88	1.1892174199e-05
89	1.17682169708e-05
90	1.16466912778e-05
91	1.15266901838e-05
92	1.14081524314e-05
93	1.12924055585e-05
94	1.11780070425e-05
95	1.10661368275e-05
96	1.09555485605e-05
97	1.08470475727e-05
98	1.07407182306e-05
99	1.06355979487e-05
100	1.05323732884e-05
101	1.0430879919e-05
102	1.03310620586e-05
103	1.02329043405e-05
104	1.01363640302e-05
105	1.00413427601e-05
106	9.94784828232e-06
107	9.85587704443e-06
108	9.76539945252e-06
109	9.67639063676e-06
110	9.58880257746e-06
111	9.50261169183e-06
112	9.41784728595e-06
113	9.33447461435e-06
114	9.25245958074e-06
115	9.17177790386e-06
116	9.09246550023e-06
117	9.01448753872e-06
118	8.93774663573e-06
119	8.86225197878e-06
120	8.78802728275e-06
121	8.71501466194e-06
122	8.64319053601e-06
123	8.57254205395e-06
124	8.50299282003e-06
125	8.43451103463e-06
126	8.36711105556e-06
127	8.30070894322e-06
128	8.23528459065e-06
129	8.17081667704e-06
130	8.10727282156e-06
131	8.0446306198e-06
132	7.98286320783e-06
133	7.92194942406e-06
134	7.86187731628e-06
135	7.80260792806e-06
136	7.74411203593e-06
137	7.68638405037e-06
138	7.62936856525e-06
139	7.57304158228e-06
140	7.5173878258e-06
141	7.4623624658e-06
142	7.40793265902e-06
143	7.35409676117e-06
144	7.30085263545e-06
145	7.24819202366e-06
146	7.19610357617e-06
147	7.1445763831e-06
148	7.0935924641e-06
149	7.04313677317e-06
150	6.99319985025e-06
151	6.9437820609e-06
152	6.89487536002e-06
153	6.84645952204e-06
154	6.79852328755e-06
155	6.75105418504e-06
156	6.70404421902e-06
157	6.65748373664e-06
158	6.61137457e-06
159	6.56569126351e-06
160	6.52041976508e-06
161	6.47557872604e-06
162	6.4311667644e-06
163	6.38716892128e-06
164	6.3435821665e-06
165	6.30042257624e-06
166	6.25768143408e-06
167	6.21534902419e-06
168	6.17341472811e-06
169	6.13186533013e-06
170	6.09069902371e-06
171	6.04990465636e-06
172	6.00948559084e-06
173	5.96943465712e-06
174	5.92974265369e-06
175	5.89041168245e-06
176	5.85144820562e-06
177	5.81284501563e-06
178	5.77460032943e-06
179	5.7366987111e-06
180	5.69912782923e-06
181	5.6618860866e-06
182	5.62496095311e-06
183	5.58835733694e-06
184	5.55206782524e-06
185	5.51609140969e-06
186	5.48042366709e-06
187	9.99941546241e-06
188	9.961940929e-06
189	9.91705003532e-06
190	9.86326185858e-06
191	9.8044709258e-06
192	9.74444564276e-06
193	9.68503842395e-06
194	9.62665959019e-06
195	9.56912698679e-06
196	9.51217876204e-06
197	9.45565783938e-06
198	9.39951694296e-06
199	9.34375605727e-06
200	9.28839392422e-06
201	9.23343907303e-06
202	9.17887817656e-06
203	9.12471598232e-06
204	9.07096196419e-06
205	9.01762404763e-06
206	8.96469763515e-06
207	8.91217294477e-06
208	8.86005854614e-06
209	8.80833714997e-06
210	8.75699987272e-06
211	8.70605220241e-06
212	8.65548567075e-06
213	8.60530082961e-06
214	8.55549678289e-06
215	8.50606585829e-06
216	8.45700837577e-06
217	8.40831350879e-06
218	8.35998407676e-06
219	8.31202524386e-06
220	8.26442486053e-06
221	8.21717853826e-06
222	8.17028824796e-06
223	8.12375186605e-06
224	8.07756446271e-06
225	8.03172106699e-06
226	7.98621958874e-06
227	7.94106256182e-06
228	7.89624575176e-06
229	7.85176200504e-06
230	7.8076116043e-06
231	7.7637893347e-06
232	7.72029004246e-06
233	7.67711860809e-06
234	7.63427189993e-06
235	7.59174529297e-06
236	7.54953757023e-06
237	7.50765068818e-06
238	7.46607742528e-06
239	7.42481056962e-06
240	7.38384750589e-06
241	7.34318329086e-06
242	7.30281528408e-06
243	7.26274556422e-06
244	7.22300409118e-06
245	7.18351037898e-06
246	7.14429508254e-06
247	7.10536239105e-06
248	7.06671534989e-06
249	7.02835607734e-06
250	6.99027849397e-06
251	6.95248215463e-06
252	6.91496472297e-06
253	6.87772096957e-06
254	6.84074494436e-06
255	6.80402793494e-06
256	6.76757341881e-06
257	6.73137992545e-06
258	6.69544746815e-06
259	6.65977239566e-06
260	6.62435683073e-06
261	6.58919806888e-06
262	6.55429182135e-06
263	6.51963662483e-06
264	6.48522884426e-06
265	6.45106865424e-06
266	6.41714977601e-06
267	6.38347248318e-06
268	6.35003667514e-06
269	6.31684076225e-06
270	6.28388520064e-06
271	6.25117116726e-06
272	6.21868921526e-06
273	6.18643610586e-06
274	6.15440973724e-06
275	6.12260750907e-06
276	6.09102795785e-06
277	6.0596702356e-06
278	6.0285248706e-06
279	5.99760143791e-06
280	5.96689292754e-06
281	5.93640022372e-06
282	5.90612365123e-06
283	5.87606874885e-06
284	5.84623754291e-06
285	5.81661876423e-06
286	5.78721083552e-06
287	5.75800792758e-06
288	5.72900734126e-06
289	5.70020775315e-06
290	5.6716048585e-06
291	5.64319795789e-06
292	5.61498399425e-06
293	5.58696114577e-06
294	5.55912693077e-06
295	5.53148127571e-06
296	5.50401793044e-06
297	5.4767403677e-06
298	5.44964301885e-06
299	9.96444646605e-06
300	9.96424469511e-06
301	9.94930082332e-06
302	9.9187869343e-06
303	9.87844225196e-06
304	9.83486297994e-06
305	9.79121006864e-06
306	9.7485718283e-06
307	9.70672812333e-06
308	9.66535318244e-06
309	9.62419327731e-06
310	9.58314676558e-06
311	9.54221233048e-06
312	9.50143257633e-06
313	9.46085039949e-06
314	9.42047605216e-06
315	9.38031451391e-06
316	9.34037176092e-06
317	9.30064887549e-06
318	9.26115284293e-06
319	9.22187422983e-06
320	9.18281820492e-06
321	9.14398443837e-06
322	9.10537200742e-06
323	9.06697959327e-06
324	9.02880539373e-06
325	8.99084802173e-06
326	8.95310798407e-06
327	8.91558235096e-06
328	8.87820276919e-06
329	8.84110719523e-06
330	8.80430413152e-06
331	8.76758627377e-06
332	8.73111385749e-06
333	8.6949291933e-06
334	8.65882934749e-06
335	8.62296599293e-06
336	8.58739044576e-06
337	8.55189407508e-06
338	8.51669989529e-06
339	8.48161594989e-06
340	8.44682439112e-06
341	8.41213253019e-06
342	8.37774241278e-06
343	8.34344390846e-06
344	8.3094491239e-06
345	8.27553866452e-06
346	8.24192981568e-06
347	8.20839709365e-06
348	8.17510700628e-06
349	8.14206111431e-06
350	8.10911341794e-06
351	8.07637795427e-06
352	8.04384027409e-06
353	8.01148306787e-06
354	7.97931977286e-06
355	7.94732207272e-06
356	7.91551446481e-06
357	7.88386624195e-06
358	7.85241090407e-06
359	7.82111377674e-06
360	7.79000674835e-06
361	7.75905751061e-06
362	7.72829632971e-06
363	7.69768954506e-06
364	7.66727144818e-06
365	7.63700279065e-06
366	7.60692201387e-06
367	7.57698902939e-06
368	7.5472417765e-06
369	7.51763913738e-06
370	7.48821988486e-06
371	7.4589419302e-06
372	7.42984544648e-06
373	7.40088523869e-06
374	7.37210684393e-06
375	7.34346384919e-06
376	7.31500060879e-06
377	7.28666950955e-06
378	7.25851783574e-06
379	7.23049677766e-06
380	7.20265366354e-06
381	7.17493755638e-06
382	7.1473929039e-06
383	7.11997445558e-06
384	7.09273696628e-06
385	7.06561571604e-06
386	7.03867110545e-06
387	7.01184011457e-06
388	6.98518408217e-06
389	6.95863934451e-06
390	6.93226956696e-06
391	6.90601132583e-06
392	6.87991910179e-06
393	6.85394664505e-06
394	6.82813611367e-06
395	6.80243835585e-06
396	6.77690414473e-06
397	6.7514807073e-06
398	6.72622326061e-06
399	6.70107138056e-06
400	6.67608481421e-06
401	6.65120438402e-06
402	6.62648675667e-06
403	6.60186943047e-06
404	6.57740982115e-06
405	6.55304842254e-06
406	6.52883988523e-06
407	6.50472931621e-06
408	6.48077372388e-06
409	6.45691604039e-06
410	6.43321108654e-06
411	6.40960146948e-06
412	6.38614150914e-06
413	6.36277474324e-06
414	6.33955602375e-06
415	6.31447033592e-06
416	6.29115802265e-06
417	6.26903131248e-06
418	6.24536199646e-06
419	6.22299484401e-06
420	6.20141505896e-06
421	6.17815382547e-06
422	6.15608860692e-06
423	6.13478816275e-06
424	6.11178246744e-06
425	6.08993599822e-06
426	6.06689491207e-06
427	6.04574535154e-06
428	6.02343873934e-06
429	6.0027318978e-06
430	5.98079606838e-06
431	5.9602407091e-06
432	5.93845057329e-06
433	5.9159512133e-06
434	5.89594123925e-06
435	5.8750338756e-06
436	5.853298456e-06
437	5.83385773037e-06
438	5.81337389273e-06
439	5.79195977964e-06
440	5.77274607191e-06
441	5.75250690782e-06
442	5.73135532448e-06
443	5.71029627626e-06
444	5.6919840856e-06
445	5.67245472296e-06
446	5.65209534895e-06
447	5.63149720981e-06
448	5.61128521468e-06
449	5.59164097794e-06
450	5.57234514964e-06
451	5.55329144633e-06
452	5.53437382986e-06
453	5.51551161779e-06
454	5.49667987639e-06
455	5.47788358723e-06
456	5.45914052229e-06
457	5.44046975582e-06
458	9.97844097618e-06
459	5.45332516983e-06
460	9.9755531099e-06
461	5.4378510659e-06
462	9.92886106216e-06
463	9.9540049671e-06
464	9.96871766136e-06
465	9.9679248021e-06
466	9.95605157698e-06
467	9.93647507906e-06
468	9.91321760714e-06
469	9.88854696177e-06
470	9.86351669915e-06
471	9.83833354564e-06
472	9.81327308851e-06
473	9.78834321956e-06
474	9.76328955146e-06
475	9.7381618604e-06
476	9.71300551087e-06
477	9.68784603137e-06
478	9.66270562799e-06
479	9.6376006226e-06
480	9.61235277851e-06
481	9.5875174029e-06
482	9.56264259839e-06
483	9.53761920639e-06
484	9.51301248373e-06
485	9.48819700259e-06
486	9.46377500272e-06
487	9.43914443838e-06
488	9.41490772055e-06
489	9.39046935243e-06
490	9.36642345269e-06
491	9.34218045583e-06
492	9.31832985943e-06
493	9.29428701444e-06
494	9.27063525227e-06
495	9.2467957245e-06
496	9.22334380658e-06
497	9.19970897734e-06
498	9.17645415e-06
499	9.15302012626e-06
500	9.12996273373e-06
501	9.10673236398e-06
502	9.08387257941e-06
503	9.06083438234e-06
504	9.03816559171e-06
505	9.01532918511e-06
506	8.99285655118e-06
507	8.97021252058e-06
