# Residuals         
# Time              	Ux                  	Uy                  	Uz                  	p                   
0                   	N/A	N/A
1                   	9.999931148710e-01	9.999999999998e-01	1.000000000000e+00	9.999999999856e-01
2                   	9.507083319995e-01	9.669574942415e-01	9.498353730652e-01	6.569673307317e-03
3                   	2.929108002606e-01	5.951175883675e-01	1.356654988620e-01	3.446443571262e-02
4                   	1.650726114277e-02	1.835491257099e-01	6.516842982216e-02	2.112300708702e-01
5                   	5.613345900300e-03	7.021556981267e-02	4.844158632968e-02	2.337614970782e-01
6                   	2.670929844563e-03	5.401613505330e-02	7.344178667695e-02	1.106272873690e-01
7                   	1.740454555592e-03	1.693427015953e-01	2.204997445551e-01	1.242297902957e-01
8                   	1.286585227855e-03	2.123692233999e-01	1.805377462830e-01	2.421174931743e-01
9                   	1.069431229623e-03	7.563556912262e-02	1.211855937974e-01	2.694720968655e-01
10                  	8.681449227529e-04	5.290855751501e-02	1.428970969406e-01	2.183975446736e-01
11                  	7.298264767022e-04	6.800140103020e-02	8.899879337082e-02	2.028701038774e-01
12                  	6.332086011691e-04	2.033905559379e-01	4.873436716837e-02	2.178263016813e-01
13                  	6.038912447025e-04	1.640113767015e-01	4.088805803850e-02	2.364942049115e-01
14                  	6.184520308183e-04	1.038987857372e-01	3.252914129529e-02	2.233558672774e-01
15                  	6.344594297122e-04	9.087978293484e-02	2.482952510499e-02	2.121730641194e-01
16                  	6.071491881090e-04	8.874092698439e-02	1.760297721769e-02	1.952178025091e-01
17                  	6.086128232936e-04	1.243725838235e-01	1.577083127796e-02	1.815761068425e-01
18                  	5.406772996054e-04	1.200032671129e-01	1.828609111395e-02	1.732603369883e-01
19                  	5.279295702037e-04	9.158739981102e-02	1.701970351760e-02	1.726182336769e-01
20                  	5.020877785726e-04	6.958790404385e-02	1.278632097038e-02	1.615601172143e-01
21                  	4.932235514197e-04	5.323684825855e-02	8.761502924899e-03	1.502768556812e-01
22                  	4.747759204617e-04	4.683142195120e-02	6.519357041601e-03	1.382506876007e-01
23                  	4.768786924337e-04	5.163411754911e-02	6.521338757489e-03	1.262526886732e-01
24                  	4.860670892526e-04	4.785323094359e-02	6.672117884720e-03	1.184829708156e-01
25                  	4.948975040707e-04	3.771436642270e-02	6.070375711206e-03	1.192765018680e-01
26                  	4.955768312978e-04	2.850116176158e-02	5.217616861850e-03	1.185530404818e-01
27                  	4.880058338015e-04	2.178245685749e-02	4.623938974028e-03	1.149959981115e-01
28                  	4.861228067270e-04	2.008139072440e-02	4.528253609348e-03	1.086546727892e-01
29                  	4.815352628618e-04	1.913006431683e-02	4.629635736499e-03	1.007791199714e-01
30                  	4.754611696706e-04	1.741020111196e-02	4.575253149905e-03	9.519662082270e-02
31                  	4.713735562095e-04	1.508077526317e-02	4.370356539362e-03	9.400344612437e-02
32                  	4.710275559447e-04	1.344520977948e-02	4.164222373757e-03	9.198847461221e-02
33                  	4.684145788424e-04	1.270165755042e-02	4.071283677800e-03	8.587292907470e-02
34                  	4.672818716661e-04	1.253165563633e-02	4.042240175237e-03	8.211344538336e-02
35                  	4.651551460019e-04	1.209676244643e-02	4.011653963183e-03	7.937724770317e-02
36                  	4.632539381221e-04	1.126665572377e-02	3.962917985750e-03	7.795321351028e-02
37                  	4.595498368704e-04	1.063708497681e-02	3.901597784059e-03	7.818435306137e-02
38                  	4.528610469193e-04	1.006864209099e-02	3.855614054421e-03	7.592689696082e-02
39                  	4.462696402744e-04	9.722282155469e-03	3.826417248550e-03	7.283188252669e-02
40                  	4.401713636528e-04	9.550570784422e-03	3.797127014274e-03	6.966975062457e-02
41                  	4.347224689996e-04	9.360418946906e-03	3.764000495783e-03	6.690814426239e-02
42                  	4.296458863886e-04	9.174708776350e-03	3.736207965961e-03	6.416319657682e-02
43                  	4.245920365530e-04	9.009001236901e-03	3.702928949957e-03	6.168334701594e-02
44                  	4.197286356064e-04	8.848614066470e-03	3.671919755847e-03	5.926403755617e-02
45                  	4.143752707372e-04	8.691259104501e-03	3.642746617756e-03	5.669183059452e-02
46                  	4.088778371808e-04	8.539749452604e-03	3.616119485814e-03	5.407862003992e-02
47                  	4.041744040445e-04	8.404701436425e-03	3.591646660643e-03	5.183936823259e-02
48                  	3.988761134705e-04	8.235586583436e-03	3.564034961615e-03	4.975725987702e-02
49                  	3.936887110329e-04	8.073147834251e-03	3.537463089604e-03	4.767941956583e-02
50                  	3.885779659231e-04	7.919216945618e-03	3.511737359853e-03	4.546789672437e-02
51                  	3.837386577701e-04	7.784839951374e-03	3.486790086784e-03	4.342610657838e-02
52                  	3.793317601007e-04	7.679875537436e-03	3.460604037510e-03	4.188507658034e-02
53                  	3.746408488317e-04	7.563956729710e-03	3.434440379328e-03	4.003610525623e-02
54                  	3.702499351180e-04	7.451786016801e-03	3.409077999316e-03	3.800219734618e-02
55                  	3.660860076593e-04	7.346521439252e-03	3.384470822604e-03	3.604856754535e-02
56                  	3.622207731850e-04	7.239350028639e-03	3.357510549249e-03	3.428572296404e-02
57                  	3.587751937863e-04	7.145546060372e-03	3.333972383401e-03	3.254220253172e-02
58                  	3.563153443797e-04	7.064226848362e-03	3.312490833320e-03	3.138566914431e-02
59                  	3.535855366395e-04	6.957506263953e-03	3.290022048781e-03	2.983949391958e-02
60                  	3.508934794921e-04	6.838815612555e-03	3.266604348377e-03	2.825969300278e-02
61                  	3.486754047953e-04	6.746495984682e-03	3.247067181978e-03	2.673024308903e-02
62                  	3.467415620811e-04	6.655576835934e-03	3.227978600499e-03	2.537582556173e-02
63                  	3.452457902075e-04	6.580628793899e-03	3.207802440422e-03	2.464421975393e-02
64                  	3.434245683280e-04	6.499943573565e-03	3.186806117932e-03	2.346328961497e-02
65                  	3.419573460419e-04	6.423094225638e-03	3.170143157238e-03	2.216962442954e-02
66                  	3.407706984363e-04	6.352324489232e-03	3.154416814138e-03	2.105307940452e-02
67                  	3.394270914351e-04	6.277523873361e-03	3.135365296760e-03	1.997668439453e-02
68                  	3.382758687113e-04	6.205804567633e-03	3.117981433728e-03	1.897725920004e-02
69                  	3.376533813998e-04	6.145618959997e-03	3.099119017036e-03	1.858503842531e-02
70                  	3.360608265755e-04	6.076585439687e-03	3.079570628716e-03	1.774024680863e-02
71                  	3.351407284264e-04	6.017811015617e-03	3.063572224362e-03	1.686789830056e-02
72                  	3.340362112453e-04	5.956310006213e-03	3.043882992243e-03	1.606788798226e-02
73                  	3.333481979375e-04	5.898797971661e-03	3.024591974953e-03	1.533766615155e-02
74                  	3.322480491736e-04	5.849835972707e-03	3.007193256856e-03	1.515851266794e-02
75                  	3.315169986836e-04	5.789308578224e-03	2.987865471216e-03	1.458705391670e-02
76                  	3.303392037769e-04	5.734660451336e-03	2.966227072279e-03	1.398107067390e-02
77                  	3.290165301970e-04	5.681218861519e-03	2.937488666384e-03	1.342056266441e-02
78                  	3.275456057686e-04	5.631306483610e-03	2.911603549363e-03	1.332427230895e-02
79                  	3.263675118762e-04	5.580978279256e-03	2.898021548351e-03	1.288017909114e-02
80                  	3.256694963838e-04	5.536323412388e-03	2.885056033598e-03	1.239436165658e-02
81                  	3.253206273046e-04	5.495346473074e-03	2.874495141844e-03	1.194765665236e-02
82                  	3.249016395458e-04	5.455027560641e-03	2.862065840224e-03	1.153758817383e-02
83                  	3.248015405574e-04	5.419779432870e-03	2.849813426636e-03	1.155418331152e-02
84                  	3.241120145242e-04	5.376326492765e-03	2.832486702108e-03	1.124122150414e-02
85                  	3.236927403067e-04	5.339326284116e-03	2.820035872547e-03	1.090015163845e-02
86                  	3.230221497315e-04	5.301566838659e-03	2.803465494882e-03	1.059513540611e-02
87                  	3.227515493827e-04	5.268455249131e-03	2.790010807438e-03	1.064720507230e-02
88                  	3.222420459590e-04	5.229607006140e-03	2.775388049844e-03	1.040653086748e-02
89                  	3.217252002610e-04	5.194325301000e-03	2.760956628878e-03	1.013273666466e-02
90                  	3.211871850182e-04	5.159313258528e-03	2.745095006278e-03	9.869001181700e-03
91                  	3.207793713342e-04	5.127421254842e-03	2.730747224076e-03	9.888882557722e-03
92                  	3.204606518645e-04	5.091892864952e-03	2.717938627491e-03	9.688850641721e-03
93                  	3.199434159202e-04	5.057101838420e-03	2.700202943694e-03	9.458342709299e-03
94                  	3.196412679911e-04	5.026740746941e-03	2.687273682342e-03	9.458177947101e-03
95                  	3.193170808299e-04	4.992659382072e-03	2.673859830680e-03	9.286254840926e-03
96                  	3.188944617393e-04	4.959319053001e-03	2.656720775856e-03	9.083004992662e-03
97                  	3.187708010274e-04	4.930664893468e-03	2.645079103393e-03	9.048006088005e-03
98                  	3.182856891098e-04	4.896456033305e-03	2.628780005593e-03	8.886834441343e-03
99                  	3.177220109146e-04	4.864958420873e-03	2.614412156567e-03	8.709440106456e-03
100                 	3.172709704174e-04	4.835363782984e-03	2.602014518031e-03	8.538283361373e-03
101                 	3.169207826464e-04	4.805891650125e-03	2.584982624675e-03	8.624311691897e-03
102                 	3.161937126920e-04	4.773975911268e-03	2.572196543306e-03	8.409806326940e-03
103                 	3.154974655832e-04	4.742884980838e-03	2.557410202106e-03	8.334254002978e-03
104                 	3.142864300444e-04	4.711391464478e-03	2.541653987137e-03	8.221879249459e-03
105                 	3.135261914408e-04	4.683562055790e-03	2.529757431077e-03	8.107712207608e-03
106                 	3.131356414538e-04	4.654001729186e-03	2.514044593441e-03	8.076277305871e-03
107                 	3.115730525223e-04	4.623842807173e-03	2.499906812575e-03	7.966021529295e-03
108                 	3.125183373549e-04	4.592264827209e-03	2.485377752582e-03	7.831421259093e-03
109                 	3.096032114793e-04	4.562778225132e-03	2.472853930309e-03	7.780622493601e-03
110                 	3.030955348720e-04	4.532641902494e-03	2.458615155042e-03	7.666855088153e-03
111                 	2.980951279695e-04	4.504096782311e-03	2.446745937837e-03	7.512664578161e-03
112                 	2.944883658219e-04	4.471696645265e-03	2.431650707453e-03	7.495930943624e-03
113                 	2.916137843468e-04	4.445326831899e-03	2.418184558704e-03	7.319990421736e-03
114                 	2.891659338589e-04	4.412651401561e-03	2.405259287226e-03	7.243920026921e-03
115                 	2.870051446399e-04	4.384289119812e-03	2.391728641304e-03	7.146142107021e-03
116                 	2.853383173331e-04	4.357541297339e-03	2.379969666870e-03	7.066324510976e-03
117                 	2.838560739504e-04	4.329347414660e-03	2.367015816311e-03	7.016509510140e-03
118                 	2.822836118116e-04	4.299766062219e-03	2.352312600666e-03	7.002797690945e-03
119                 	2.809580595286e-04	4.275319347973e-03	2.341083832450e-03	6.962330590480e-03
120                 	2.795534737924e-04	4.243794960108e-03	2.327136453159e-03	6.875801510873e-03
121                 	2.782708736988e-04	4.215501037812e-03	2.316768072683e-03	6.795895622852e-03
122                 	2.772537681406e-04	4.188625475647e-03	2.304459610483e-03	6.720935485413e-03
123                 	2.761516754667e-04	4.162046541837e-03	2.290559802718e-03	6.618592310984e-03
124                 	2.751342740090e-04	4.133318452807e-03	2.277989106895e-03	6.534174014626e-03
125                 	2.739918224740e-04	4.108254079691e-03	2.266943632420e-03	6.468466358048e-03
126                 	2.733236748446e-04	4.082676563985e-03	2.254553003265e-03	6.385239738355e-03
127                 	2.724221352042e-04	4.056835742835e-03	2.244279609185e-03	6.314152808315e-03
128                 	2.717927316616e-04	4.029827556432e-03	2.230207790909e-03	6.227681038072e-03
129                 	2.709323447716e-04	4.003096030611e-03	2.219184014012e-03	6.175293652486e-03
130                 	2.701952797201e-04	3.977544153552e-03	2.206007392250e-03	6.097158728594e-03
131                 	2.695011391042e-04	3.953048399863e-03	2.195791866203e-03	6.045493145248e-03
132                 	2.690531305003e-04	3.930401595433e-03	2.184575405734e-03	5.964667968952e-03
133                 	2.685634587482e-04	3.903237694389e-03	2.171387955638e-03	5.877371850880e-03
134                 	2.678509391677e-04	3.879001977415e-03	2.160985238050e-03	5.810111199697e-03
135                 	2.673353501216e-04	3.853839805346e-03	2.148063070076e-03	5.732929083738e-03
136                 	2.665513886173e-04	3.830359330377e-03	2.138644456548e-03	5.686240227218e-03
137                 	2.662022461040e-04	3.807720594367e-03	2.126595990651e-03	5.642108439203e-03
138                 	2.656478242430e-04	3.784054635125e-03	2.116415277120e-03	5.615981843525e-03
139                 	2.652847869559e-04	3.761542487004e-03	2.103517095509e-03	5.566706319845e-03
140                 	2.646120863755e-04	3.735401781450e-03	2.092321038736e-03	5.549357666970e-03
141                 	2.638418890328e-04	3.714576973082e-03	2.081741965401e-03	5.506318383317e-03
142                 	2.635957871590e-04	3.690679407572e-03	2.070788779290e-03	5.469485550276e-03
143                 	2.628796023496e-04	3.668364476086e-03	2.060906234608e-03	5.437280170226e-03
144                 	2.627069798745e-04	3.644894268842e-03	2.048514994102e-03	5.397838997263e-03
145                 	2.618746743709e-04	3.624475653037e-03	2.038877238558e-03	5.333000151377e-03
146                 	2.614887299547e-04	3.598086194766e-03	2.026313469215e-03	5.284392509942e-03
147                 	2.607855040226e-04	3.581801447652e-03	2.018585438260e-03	5.242574112762e-03
148                 	2.605579698194e-04	3.559096449476e-03	2.006881209093e-03	5.168903206379e-03
149                 	2.598311353875e-04	3.535019892592e-03	1.996469913114e-03	5.126445618455e-03
150                 	2.591793337163e-04	3.516837835766e-03	1.986783467570e-03	5.091686032964e-03
151                 	2.589088275971e-04	3.494639129435e-03	1.974578530501e-03	5.032419923501e-03
152                 	2.582609328015e-04	3.474784313527e-03	1.965998479764e-03	5.010078363587e-03
153                 	2.577611130240e-04	3.457529464755e-03	1.957478938469e-03	4.971624291302e-03
154                 	2.577852458845e-04	3.431322073402e-03	1.943712736078e-03	4.944281471494e-03
155                 	2.570621356225e-04	3.412199596441e-03	1.933710076149e-03	4.916634041197e-03
156                 	2.565219268212e-04	3.393451667449e-03	1.924876945014e-03	4.871483655986e-03
157                 	2.561408546569e-04	3.374609192732e-03	1.916909011265e-03	4.832010789339e-03
158                 	2.557250095352e-04	3.358052640098e-03	1.908308023276e-03	4.781550255140e-03
159                 	2.560692470340e-04	3.337194542043e-03	1.897632886614e-03	4.721649343171e-03
160                 	2.561470631057e-04	3.317772002551e-03	1.888351804861e-03	4.676614296239e-03
161                 	2.533735792093e-04	3.308705945845e-03	1.888095507108e-03	4.613956133928e-03
162                 	2.514175833888e-04	3.298143037207e-03	1.888609604203e-03	4.563244448413e-03
163                 	2.510384997598e-04	3.286199683146e-03	1.884177137709e-03	4.519194660510e-03
164                 	2.505952152305e-04	3.272910401310e-03	1.879460367687e-03	4.478236013543e-03
165                 	2.505436645879e-04	3.259056475023e-03	1.873350944037e-03	4.442340391005e-03
166                 	2.505152248512e-04	3.245017325904e-03	1.866151150854e-03	4.386242755647e-03
167                 	2.502417238910e-04	3.226578135251e-03	1.857195139541e-03	4.346066754694e-03
168                 	2.495154446732e-04	3.211703031051e-03	1.850013537161e-03	4.300450703419e-03
169                 	2.491771918583e-04	3.195523267655e-03	1.842417895094e-03	4.254866836605e-03
170                 	2.489060165533e-04	3.178859791380e-03	1.833828988249e-03	4.223958666551e-03
171                 	2.485697888773e-04	3.161609460193e-03	1.824199845321e-03	4.205992765064e-03
172                 	2.477946885919e-04	3.147427670646e-03	1.816492580022e-03	4.186762769999e-03
173                 	2.475073922601e-04	3.132354241383e-03	1.808542451721e-03	4.163871383107e-03
174                 	2.473679697524e-04	3.116471076999e-03	1.799472974616e-03	4.128332785947e-03
175                 	2.470094591414e-04	3.098746285736e-03	1.789841509963e-03	4.085504704287e-03
176                 	2.462913632519e-04	3.083036782323e-03	1.781878555939e-03	4.048349766920e-03
177                 	2.459715879637e-04	3.067412620661e-03	1.773308500733e-03	4.020409504717e-03
178                 	2.456728796460e-04	3.050888855028e-03	1.763472538126e-03	4.001485220869e-03
179                 	2.450096735978e-04	3.035942041859e-03	1.754439117896e-03	3.989407751174e-03
180                 	2.445024653958e-04	3.022523562369e-03	1.746341950128e-03	3.985326740539e-03
181                 	2.444294412738e-04	3.008974928417e-03	1.737533572122e-03	3.985507892160e-03
182                 	2.443739816698e-04	2.993155127018e-03	1.727477011500e-03	3.970285607908e-03
183                 	2.436405504255e-04	2.978848234942e-03	1.719459995395e-03	3.946975872120e-03
184                 	2.435104567417e-04	2.964096223570e-03	1.710914089495e-03	3.919874262668e-03
185                 	2.434404709673e-04	2.948125418159e-03	1.701050405169e-03	3.894123808999e-03
186                 	2.426510503550e-04	2.932923916737e-03	1.692234790547e-03	3.873673903594e-03
187                 	2.422586271802e-04	2.918715557875e-03	1.684159912242e-03	3.858179810954e-03
188                 	2.422416018291e-04	2.903478348637e-03	1.674947719263e-03	3.851799591592e-03
189                 	2.419653827536e-04	2.888265173231e-03	1.665377650092e-03	3.859725573722e-03
190                 	2.414562406745e-04	2.874984888561e-03	1.657588393569e-03	3.874398510431e-03
191                 	2.415762424483e-04	2.859359775946e-03	1.648533324582e-03	3.900854319997e-03
192                 	2.417596831820e-04	2.845298534552e-03	1.638651738676e-03	3.942685432956e-03
193                 	2.411772757474e-04	2.831667206553e-03	1.630805298582e-03	3.973256898342e-03
194                 	2.410846565449e-04	2.817443060979e-03	1.622135436474e-03	3.998052091522e-03
195                 	2.412617754485e-04	2.802778800216e-03	1.612589841423e-03	4.012173761280e-03
196                 	2.405153706894e-04	2.785393199175e-03	1.604647447915e-03	4.032419576808e-03
197                 	2.407877310828e-04	2.773042852384e-03	1.596601719085e-03	4.032901586625e-03
198                 	2.411438838590e-04	2.754038606149e-03	1.586493928620e-03	4.036506690832e-03
199                 	2.406331016457e-04	2.741053181483e-03	1.578992695923e-03	4.032412074266e-03
200                 	2.410868292238e-04	2.725611623604e-03	1.570580381053e-03	3.991145502597e-03
201                 	2.412834733397e-04	2.707105158094e-03	1.560939948420e-03	3.936926698242e-03
202                 	2.405789364124e-04	2.692486342406e-03	1.553660884543e-03	3.851794028408e-03
203                 	2.410403039978e-04	2.675155930548e-03	1.544995037315e-03	3.765390481818e-03
204                 	2.411275628183e-04	2.658391156926e-03	1.535756658561e-03	3.678748138252e-03
205                 	2.407685622492e-04	2.643766580093e-03	1.528031445249e-03	3.589886021389e-03
206                 	2.415359277911e-04	2.627393413007e-03	1.518804508658e-03	3.494221827252e-03
207                 	2.414664141451e-04	2.611751923021e-03	1.510238269638e-03	3.401273367649e-03
208                 	2.412284599890e-04	2.597033340865e-03	1.502175080484e-03	3.317540750833e-03
209                 	2.418035111087e-04	2.580830407609e-03	1.492392568139e-03	3.243508614755e-03
210                 	2.412063405435e-04	2.567700221931e-03	1.484916607340e-03	3.177713707353e-03
211                 	2.417396677369e-04	2.553797718474e-03	1.476502269739e-03	3.116456790179e-03
212                 	2.422194439315e-04	2.539242697703e-03	1.467351860786e-03	3.063392772312e-03
213                 	2.422304441733e-04	2.526536931568e-03	1.459600416339e-03	3.019908416863e-03
214                 	2.430059206669e-04	2.512115867456e-03	1.450097636916e-03	2.987188593972e-03
215                 	2.421664900949e-04	2.499488397950e-03	1.442410382702e-03	2.963520092688e-03
216                 	2.427359871897e-04	2.486661445901e-03	1.434232996835e-03	2.942731839002e-03
217                 	2.434464827137e-04	2.473003446498e-03	1.425160913655e-03	2.927618364747e-03
218                 	2.435191675500e-04	2.461113935899e-03	1.417495642778e-03	2.920352248464e-03
219                 	2.448561407199e-04	2.446933235313e-03	1.407799032174e-03	2.912831241018e-03
220                 	2.438367500900e-04	2.435156516469e-03	1.400277769398e-03	2.910376400145e-03
221                 	2.442184811396e-04	2.422402514315e-03	1.391913137775e-03	2.906487438187e-03
222                 	2.445216253298e-04	2.409715119927e-03	1.383574067221e-03	2.901363036291e-03
223                 	2.448990074570e-04	2.397808442426e-03	1.375709420013e-03	2.890683898284e-03
224                 	2.461922398929e-04	2.384137703204e-03	1.366393562161e-03	2.883830898774e-03
225                 	2.459090124379e-04	2.372726451202e-03	1.358895555991e-03	2.877759228438e-03
226                 	2.466265409903e-04	2.359116480195e-03	1.349550287344e-03	2.872336236520e-03
227                 	2.460580744643e-04	2.348189206346e-03	1.342317590292e-03	2.868471035692e-03
228                 	2.473298555975e-04	2.335711614429e-03	1.333644050735e-03	2.863335758535e-03
229                 	2.477195535755e-04	2.324252957028e-03	1.325845786053e-03	2.859219237329e-03
230                 	2.487471053910e-04	2.312330856166e-03	1.317628450311e-03	2.859414661555e-03
231                 	2.485626936890e-04	2.300679113360e-03	1.309714463705e-03	2.854226605528e-03
232                 	2.489290728938e-04	2.289353593957e-03	1.302083586555e-03	2.858685835672e-03
233                 	2.495567660814e-04	2.277168314191e-03	1.293877940776e-03	2.859973495155e-03
234                 	2.503900249494e-04	2.266042251011e-03	1.286328130363e-03	2.857885279533e-03
235                 	2.508912074145e-04	2.253812882017e-03	1.277989522362e-03	2.848434022959e-03
236                 	2.505093065582e-04	2.243354486864e-03	1.270926302681e-03	2.836874993056e-03
237                 	2.518035682632e-04	2.231129264601e-03	1.262638813333e-03	2.828673787642e-03
238                 	2.522930066588e-04	2.220552632502e-03	1.255451786093e-03	2.822997218897e-03
239                 	2.536921054656e-04	2.208273884534e-03	1.246933173215e-03	2.822061686599e-03
240                 	2.528498526673e-04	2.198134518442e-03	1.239862480846e-03	2.821728074781e-03
241                 	2.541941844363e-04	2.186553320113e-03	1.231605219751e-03	2.830037515203e-03
242                 	2.552271194271e-04	2.176333705611e-03	1.224148307914e-03	2.841419827368e-03
243                 	2.568696041457e-04	2.164956639779e-03	1.215806380452e-03	2.852331796046e-03
244                 	2.555782975814e-04	2.154563120450e-03	1.208406511180e-03	2.852529359681e-03
245                 	2.559520983112e-04	2.143686261918e-03	1.200671263256e-03	2.851099584971e-03
246                 	2.574136122572e-04	2.133015296785e-03	1.192824716232e-03	2.845175973613e-03
247                 	2.578039565955e-04	2.122660196280e-03	1.185257996453e-03	2.843699250286e-03
248                 	2.582778929548e-04	2.111806089271e-03	1.177158099102e-03	2.846773958654e-03
249                 	2.581534892871e-04	2.102634420107e-03	1.170201133132e-03	2.860446908767e-03
250                 	2.611595290519e-04	2.091162431795e-03	1.161330144283e-03	2.887877448234e-03
251                 	2.597589997833e-04	2.083326921618e-03	1.154908278543e-03	2.913008915151e-03
252                 	2.611431694560e-04	2.072737685546e-03	1.147239969064e-03	2.923041914967e-03
253                 	2.633165032184e-04	2.062537893193e-03	1.139827926666e-03	2.929580067447e-03
254                 	2.630290937918e-04	2.052239667933e-03	1.132402196547e-03	2.948234969767e-03
255                 	2.632658052612e-04	2.040576637059e-03	1.124402529906e-03	2.962905837851e-03
256                 	2.630591596231e-04	2.031415337384e-03	1.118069584731e-03	2.973630385468e-03
257                 	2.653336291343e-04	2.020987218803e-03	1.110482033939e-03	2.994683282037e-03
258                 	2.645731011133e-04	2.011434441764e-03	1.103742480484e-03	3.025422498571e-03
259                 	2.652803407816e-04	2.001059341821e-03	1.097132203004e-03	3.050569057138e-03
260                 	2.685746789372e-04	1.988094841494e-03	1.089142338430e-03	3.069826247628e-03
261                 	2.674468594925e-04	1.977056142904e-03	1.082767509385e-03	3.085571158204e-03
262                 	2.703897531697e-04	1.965157202804e-03	1.075779960317e-03	3.083647047272e-03
263                 	2.718214488611e-04	1.952549170254e-03	1.067771201745e-03	3.078022388165e-03
264                 	2.689085435835e-04	1.941488603296e-03	1.061773636103e-03	3.049050583954e-03
265                 	2.708085722163e-04	1.929847463808e-03	1.055194668702e-03	3.001980030978e-03
266                 	2.715641739382e-04	1.917679702177e-03	1.047930404969e-03	2.964546159344e-03
267                 	2.720184728924e-04	1.906248887674e-03	1.041159295401e-03	2.937731075285e-03
268                 	2.737291456715e-04	1.894384198015e-03	1.034398773134e-03	2.908225863921e-03
269                 	2.737764915394e-04	1.883425657965e-03	1.027558899917e-03	2.895741849520e-03
270                 	2.803600692272e-04	1.870898454766e-03	1.019532161436e-03	2.880112698635e-03
271                 	2.771752799680e-04	1.861508475177e-03	1.013170911192e-03	2.861016161697e-03
272                 	2.756596248028e-04	1.851139552762e-03	1.007128133282e-03	2.821133439399e-03
273                 	2.765163849516e-04	1.840825921664e-03	1.000709696342e-03	2.785401729256e-03
274                 	2.776922405160e-04	1.830262357901e-03	9.939952390541e-04	2.752924803795e-03
275                 	2.809859754554e-04	1.818420137638e-03	9.865149548820e-04	2.724839486420e-03
276                 	2.811671691479e-04	1.808249666430e-03	9.801236299921e-04	2.692468604771e-03
277                 	2.850674619405e-04	1.797417865834e-03	9.735793750721e-04	2.644023429193e-03
278                 	2.846105265778e-04	1.787077351740e-03	9.670819448394e-04	2.597555475461e-03
279                 	2.819834697039e-04	1.777523351793e-03	9.607430392832e-04	2.555897522582e-03
280                 	2.825948527134e-04	1.767377391709e-03	9.544007116675e-04	2.519537092272e-03
281                 	2.834564918024e-04	1.756733461731e-03	9.478560968941e-04	2.487983047818e-03
282                 	2.866800209841e-04	1.746222881121e-03	9.410572001150e-04	2.463503842031e-03
283                 	2.886311000183e-04	1.735830708561e-03	9.344091346962e-04	2.439597303233e-03
284                 	2.979775417042e-04	1.724642154359e-03	9.271936889762e-04	2.408379792555e-03
285                 	2.876532419267e-04	1.715598088714e-03	9.211753900025e-04	2.383240944396e-03
286                 	2.886905359598e-04	1.705840533092e-03	9.148127098690e-04	2.362748236452e-03
287                 	2.947099139625e-04	1.695042358531e-03	9.077277786872e-04	2.345839801889e-03
288                 	2.970550289533e-04	1.684219621036e-03	9.005486235780e-04	2.337100991643e-03
289                 	3.006862332079e-04	1.674675190827e-03	8.943233411652e-04	2.319192666048e-03
290                 	2.961696333991e-04	1.665465108482e-03	8.880734390876e-04	2.308193911724e-03
291                 	3.001912399678e-04	1.655595179041e-03	8.813735599497e-04	2.293812348585e-03
292                 	2.999244056584e-04	1.646532867186e-03	8.751253508120e-04	2.286352892747e-03
293                 	3.035032704024e-04	1.637492378805e-03	8.687294827111e-04	2.282770917840e-03
294                 	3.176121064438e-04	1.627589709864e-03	8.616154104901e-04	2.279031057741e-03
295                 	3.066912604775e-04	1.618470580259e-03	8.554630949541e-04	2.276322840201e-03
296                 	3.079915135663e-04	1.609986613140e-03	8.494552810572e-04	2.275281656992e-03
297                 	3.146571679692e-04	1.600583636236e-03	8.429231684670e-04	2.278280945866e-03
298                 	3.280621930968e-04	1.590777305801e-03	8.361403807944e-04	2.280834784203e-03
299                 	3.177761780269e-04	1.581985536120e-03	8.303590465268e-04	2.285976816592e-03
300                 	3.220768609116e-04	1.573165083887e-03	8.244001849511e-04	2.294256987278e-03
301                 	3.381625800436e-04	1.562426779390e-03	8.173622223328e-04	2.306501536671e-03
302                 	3.334235510623e-04	1.553435631569e-03	8.116421513934e-04	2.320594395556e-03
303                 	3.397644515079e-04	1.544639079849e-03	8.058446997157e-04	2.344412538222e-03
304                 	3.600877120858e-04	1.533238816450e-03	7.989700270036e-04	2.363544225417e-03
305                 	3.629631884818e-04	1.523163810958e-03	7.928634353049e-04	2.383991643867e-03
306                 	3.640436185308e-04	1.513009254552e-03	7.870342908413e-04	2.395865667676e-03
307                 	3.514720297085e-04	1.501665550004e-03	7.806645971683e-04	2.399431272926e-03
308                 	2.661873320972e-04	1.503207172030e-03	7.821919577214e-04	2.405568490213e-03
309                 	2.406433216781e-04	1.500617082912e-03	7.806667481542e-04	2.407585472975e-03
310                 	2.350879184360e-04	1.494890449630e-03	7.774659384633e-04	2.379565311172e-03
311                 	2.336504597942e-04	1.486739859241e-03	7.732930596819e-04	2.345308934661e-03
312                 	2.330467868456e-04	1.478549448068e-03	7.686594627720e-04	2.319673481130e-03
313                 	2.324689201904e-04	1.470520406135e-03	7.638587618121e-04	2.291978738634e-03
314                 	2.319542786593e-04	1.462580259750e-03	7.590435441777e-04	2.256779978949e-03
315                 	2.314636488550e-04	1.454158896723e-03	7.540911564161e-04	2.220369089385e-03
316                 	2.310256067591e-04	1.445947811360e-03	7.490788781540e-04	2.184034724031e-03
317                 	2.306495724921e-04	1.437898166329e-03	7.440653825335e-04	2.146364263673e-03
318                 	2.303067485106e-04	1.429945322660e-03	7.390249145549e-04	2.115090102462e-03
319                 	2.299855352523e-04	1.422061220189e-03	7.339524022627e-04	2.090790984825e-03
320                 	2.296796907540e-04	1.414249854577e-03	7.288659988577e-04	2.073468366724e-03
321                 	2.293843847957e-04	1.406487025718e-03	7.237688281143e-04	2.060877336890e-03
322                 	2.290972971759e-04	1.398688813642e-03	7.186677546194e-04	2.050887249529e-03
323                 	2.288106713887e-04	1.390793771581e-03	7.135656914169e-04	2.044356279005e-03
324                 	2.285230275673e-04	1.382891324505e-03	7.084890129566e-04	2.038521300324e-03
325                 	2.282532592257e-04	1.375045715888e-03	7.034674544492e-04	2.029405320615e-03
326                 	2.279808290400e-04	1.367150706787e-03	6.984403577881e-04	2.019276508463e-03
327                 	2.276964504997e-04	1.359339980375e-03	6.933957752334e-04	2.013201765963e-03
328                 	2.274023330972e-04	1.351624520220e-03	6.883458069640e-04	2.012776090517e-03
329                 	2.270989337425e-04	1.344021077325e-03	6.833045478307e-04	2.014956531915e-03
330                 	2.267909484025e-04	1.336496545550e-03	6.782873047030e-04	2.017238882055e-03
331                 	2.264824405044e-04	1.329081124023e-03	6.733087228966e-04	2.020674498834e-03
332                 	2.261755907945e-04	1.321711405241e-03	6.683813604680e-04	2.025081166163e-03
333                 	2.258769487817e-04	1.314339829215e-03	6.635152962086e-04	2.031250318282e-03
334                 	2.255846574794e-04	1.306953278657e-03	6.587115146268e-04	2.039246341497e-03
335                 	2.252980008620e-04	1.299505806929e-03	6.539713221701e-04	2.048454637860e-03
336                 	2.250153486735e-04	1.292006108598e-03	6.492865025543e-04	2.058588215717e-03
337                 	2.247402301328e-04	1.284448224236e-03	6.446511458099e-04	2.069601656647e-03
338                 	2.244667496113e-04	1.276894295129e-03	6.400551846992e-04	2.082483168449e-03
339                 	2.241836985392e-04	1.269345349325e-03	6.354895099609e-04	2.098237856031e-03
340                 	2.238809523996e-04	1.261776139870e-03	6.309577393285e-04	2.113816046179e-03
341                 	2.235774425999e-04	1.254098224370e-03	6.264677727671e-04	2.126840690668e-03
342                 	2.232364350303e-04	1.246382287410e-03	6.220051430918e-04	2.133827169168e-03
343                 	2.229055851141e-04	1.238747331056e-03	6.177060979072e-04	2.123883158615e-03
344                 	2.224883168754e-04	1.230213868284e-03	6.132378073686e-04	2.105978160619e-03
345                 	2.220337512301e-04	1.221791352661e-03	6.087089809294e-04	2.083590187648e-03
346                 	2.215522655494e-04	1.214169189440e-03	6.043313768382e-04	2.048907098491e-03
347                 	2.210485397845e-04	1.205997314592e-03	5.998574173887e-04	2.013133382869e-03
348                 	2.205298840107e-04	1.198122884418e-03	5.953822211735e-04	1.976125573877e-03
349                 	2.199926387953e-04	1.190484681458e-03	5.908914717811e-04	1.942704626002e-03
350                 	2.194463904321e-04	1.183162098237e-03	5.864168602449e-04	1.913394532278e-03
351                 	2.188895502191e-04	1.176107666496e-03	5.820055564302e-04	1.883725254194e-03
352                 	2.183169702689e-04	1.169200677709e-03	5.776327362690e-04	1.857557223089e-03
353                 	2.177218176524e-04	1.162259181069e-03	5.732489827683e-04	1.841901220769e-03
354                 	2.170887963737e-04	1.155296496689e-03	5.688668913990e-04	1.834756431968e-03
355                 	2.164519765565e-04	1.148580580011e-03	5.646216891480e-04	1.823408768853e-03
356                 	2.157940304129e-04	1.141704653130e-03	5.603258364714e-04	1.810890104188e-03
357                 	2.150966745946e-04	1.134668929961e-03	5.560016126605e-04	1.805749228267e-03
358                 	2.143722858013e-04	1.127322842079e-03	5.516752125856e-04	1.795572188306e-03
359                 	2.136286007415e-04	1.120261656449e-03	5.473547954501e-04	1.795336301272e-03
360                 	2.128717288912e-04	1.113482104771e-03	5.430586168415e-04	1.789685201477e-03
361                 	2.121095935253e-04	1.106640121575e-03	5.388008486197e-04	1.788815384121e-03
362                 	2.113451347666e-04	1.099697824265e-03	5.345814431277e-04	1.790942592357e-03
363                 	2.105779202725e-04	1.092803669834e-03	5.304006200446e-04	1.796270826553e-03
364                 	2.098046466620e-04	1.086039991826e-03	5.262587043019e-04	1.805095136308e-03
365                 	2.090141979123e-04	1.079360033188e-03	5.221690449338e-04	1.818989611703e-03
366                 	2.082198697387e-04	1.072880419264e-03	5.182414269348e-04	1.827188829334e-03
367                 	2.074561559421e-04	1.065775342051e-03	5.142533177813e-04	1.835347544365e-03
368                 	2.066953088248e-04	1.059097310475e-03	5.104681224929e-04	1.835180705716e-03
369                 	2.058796321690e-04	1.051415437661e-03	5.065387652073e-04	1.836486265899e-03
370                 	2.050634913895e-04	1.043889689586e-03	5.026107194728e-04	1.837454952518e-03
371                 	2.042395400970e-04	1.036518687913e-03	4.987295937155e-04	1.833192989087e-03
372                 	2.034009156218e-04	1.029040923742e-03	4.948485306985e-04	1.825674329447e-03
373                 	2.025477662556e-04	1.021482718509e-03	4.909601721998e-04	1.817513943105e-03
374                 	2.016903207657e-04	1.013855073184e-03	4.870702423469e-04	1.809382229191e-03
375                 	2.008250447031e-04	1.006248724940e-03	4.831821569639e-04	1.802139818551e-03
376                 	1.999330273790e-04	9.987966220870e-04	4.793078617943e-04	1.796514328518e-03
377                 	1.990087013565e-04	9.919240268779e-04	4.755484274896e-04	1.792141690034e-03
378                 	1.981019996008e-04	9.854256304398e-04	4.719554599942e-04	1.773428430448e-03
379                 	1.971740871591e-04	9.782865598630e-04	4.682247660386e-04	1.748251519093e-03
380                 	1.962188348381e-04	9.710197004993e-04	4.644450452219e-04	1.726310706331e-03
381                 	1.952604655633e-04	9.638501789764e-04	4.606655260122e-04	1.704437724558e-03
382                 	1.943028346275e-04	9.568528333544e-04	4.569033708410e-04	1.680552015270e-03
383                 	1.933422224263e-04	9.499906860699e-04	4.531615722440e-04	1.656651108908e-03
384                 	1.923896310063e-04	9.431651325801e-04	4.494414668562e-04	1.634902647295e-03
385                 	1.914373300781e-04	9.363442624930e-04	4.457484077225e-04	1.617126023758e-03
386                 	1.904826613891e-04	9.295180971697e-04	4.420883186842e-04	1.602870707869e-03
387                 	1.895316779375e-04	9.226886322381e-04	4.384630326302e-04	1.591193802089e-03
388                 	1.885808415378e-04	9.158634041429e-04	4.348751000453e-04	1.580532643931e-03
389                 	1.876283842141e-04	9.090670995199e-04	4.313275856021e-04	1.571897712424e-03
390                 	1.866804854730e-04	9.022973086511e-04	4.278215374679e-04	1.564380681796e-03
391                 	1.857314962444e-04	8.955484868307e-04	4.243574866153e-04	1.558580258699e-03
392                 	1.847877145236e-04	8.888459744105e-04	4.209337494110e-04	1.553259308732e-03
393                 	1.838425081833e-04	8.822305640918e-04	4.175509052648e-04	1.548220799317e-03
394                 	1.828951535416e-04	8.757468545788e-04	4.142149083708e-04	1.541797244929e-03
395                 	1.819336318047e-04	8.694410211258e-04	4.109443573339e-04	1.532744528567e-03
396                 	1.810079401086e-04	8.632627045714e-04	4.077541351351e-04	1.517236248307e-03
397                 	1.801420716821e-04	8.569863017608e-04	4.046054804796e-04	1.494023489630e-03
398                 	1.792586522892e-04	8.506466382513e-04	4.014467986638e-04	1.466810392477e-03
399                 	1.783627561189e-04	8.443329153171e-04	3.982676894093e-04	1.438541264661e-03
400                 	1.774622770970e-04	8.381616138420e-04	3.950801266647e-04	1.409769845744e-03
401                 	1.765647473586e-04	8.321139630101e-04	3.918996795245e-04	1.380291883119e-03
402                 	1.756866699178e-04	8.261766403789e-04	3.887353637546e-04	1.352412269975e-03
403                 	1.748239617002e-04	8.204807825928e-04	3.855891415764e-04	1.334970421972e-03
404                 	1.739781985846e-04	8.147013110176e-04	3.824665804367e-04	1.322472220428e-03
405                 	1.731433167199e-04	8.089639471197e-04	3.793675618428e-04	1.312249837356e-03
406                 	1.723178381342e-04	8.033200795806e-04	3.762922397909e-04	1.304461753184e-03
407                 	1.715001676837e-04	7.977298441712e-04	3.732433982789e-04	1.298291814796e-03
408                 	1.706897008225e-04	7.921723442462e-04	3.702249886913e-04	1.292637792051e-03
409                 	1.698879997378e-04	7.867042290515e-04	3.672411144481e-04	1.288023250533e-03
410                 	1.690931512772e-04	7.812901257908e-04	3.642974793557e-04	1.283420008653e-03
411                 	1.683179303068e-04	7.759056871981e-04	3.613972880991e-04	1.277412788787e-03
412                 	1.675870585831e-04	7.705228134297e-04	3.585378444437e-04	1.268098444866e-03
413                 	1.668757802795e-04	7.651382183204e-04	3.557054559030e-04	1.256249782828e-03
414                 	1.661724011158e-04	7.597961801966e-04	3.528850831615e-04	1.242950930478e-03
415                 	1.654716730331e-04	7.545425470865e-04	3.500692188689e-04	1.229957503043e-03
416                 	1.647717687469e-04	7.493843037999e-04	3.472570749673e-04	1.217139062823e-03
417                 	1.640727310013e-04	7.443113596466e-04	3.444496627846e-04	1.204554136366e-03
418                 	1.633762194518e-04	7.393150216259e-04	3.416504255235e-04	1.192476123256e-03
419                 	1.626845034413e-04	7.343829152336e-04	3.388627968807e-04	1.181552951603e-03
420                 	1.620008224272e-04	7.294982192619e-04	3.360902026999e-04	1.171748798489e-03
421                 	1.613268117800e-04	7.246488318330e-04	3.333364359035e-04	1.162608596559e-03
422                 	1.606653705004e-04	7.198258440479e-04	3.306049402844e-04	1.153319987791e-03
423                 	1.600126393791e-04	7.150225619076e-04	3.278978281807e-04	1.143540451108e-03
424                 	1.593649611289e-04	7.102389990386e-04	3.252155463582e-04	1.133006920540e-03
425                 	1.587211283743e-04	7.054817349289e-04	3.225571341274e-04	1.121953882862e-03
426                 	1.580808279459e-04	7.007476398925e-04	3.199208440059e-04	1.110159063500e-03
427                 	1.574474077479e-04	6.960710655902e-04	3.173046208171e-04	1.098692098205e-03
428                 	1.568195503366e-04	6.914738137678e-04	3.147072526346e-04	1.087752076662e-03
429                 	1.561999582587e-04	6.869303501003e-04	3.121288996290e-04	1.077538752142e-03
430                 	1.555903325808e-04	6.824661411842e-04	3.095693440761e-04	1.068649499995e-03
431                 	1.549865094606e-04	6.780433303550e-04	3.070301267303e-04	1.060963997407e-03
432                 	1.543846419331e-04	6.736519512250e-04	3.045131699839e-04	1.054816306032e-03
433                 	1.537856424791e-04	6.692941075323e-04	3.020201943227e-04	1.050305373781e-03
434                 	1.531964730379e-04	6.649805988040e-04	2.995525805083e-04	1.047455311655e-03
435                 	1.526261032531e-04	6.607083524803e-04	2.971120299245e-04	1.046113387510e-03
436                 	1.520794997823e-04	6.565299875687e-04	2.946964470671e-04	1.046744623420e-03
437                 	1.516161394251e-04	6.523176867323e-04	2.923030785385e-04	1.052123020815e-03
438                 	1.510748953487e-04	6.483020767327e-04	2.899319452627e-04	1.065310820259e-03
439                 	1.502435805229e-04	6.441521346093e-04	2.876326721941e-04	1.041463653349e-03
440                 	1.497995905581e-04	6.403750494954e-04	2.853456910467e-04	1.003184925780e-03
441                 	1.492552611425e-04	6.365445615058e-04	2.830635428688e-04	9.921687182547e-04
442                 	1.486700566098e-04	6.328899680553e-04	2.807873609063e-04	9.913169466581e-04
443                 	1.480996092877e-04	6.292769695188e-04	2.785261654091e-04	9.781555903376e-04
444                 	1.475451176943e-04	6.256086209129e-04	2.762831170853e-04	9.603443519087e-04
445                 	1.469991199388e-04	6.218562845927e-04	2.740581966757e-04	9.420590896468e-04
446                 	1.464572212758e-04	6.180462799849e-04	2.718499640599e-04	9.249495967116e-04
447                 	1.459184595369e-04	6.142099803640e-04	2.696567184883e-04	9.083241716696e-04
448                 	1.453779146433e-04	6.103759696258e-04	2.674776297856e-04	8.920316969464e-04
449                 	1.448373353405e-04	6.065673229154e-04	2.653102619457e-04	8.765204404355e-04
450                 	1.442958280719e-04	6.027673706833e-04	2.631550798313e-04	8.622233052884e-04
451                 	1.437523716708e-04	5.989678644399e-04	2.610121969648e-04	8.490135934121e-04
452                 	1.432063757590e-04	5.951665065414e-04	2.588821528507e-04	8.364979852762e-04
453                 	1.426578521508e-04	5.913602871471e-04	2.567661937734e-04	8.248887200101e-04
454                 	1.421093293735e-04	5.875449944261e-04	2.546658731983e-04	8.134563822124e-04
455                 	1.415572750107e-04	5.837270134125e-04	2.525831490558e-04	8.025806941330e-04
456                 	1.409995579907e-04	5.799241709622e-04	2.505204062653e-04	7.925688630835e-04
457                 	1.404349635156e-04	5.761308622333e-04	2.484802995768e-04	7.832568000365e-04
458                 	1.398613065843e-04	5.723597069802e-04	2.464650353236e-04	7.755251910579e-04
459                 	1.392744193138e-04	5.686028898757e-04	2.444756006396e-04	7.694329025685e-04
460                 	1.386657245349e-04	5.648703585620e-04	2.425126424530e-04	7.636426959615e-04
461                 	1.380168221514e-04	5.611813716967e-04	2.405767880008e-04	7.570321043798e-04
462                 	1.373410264327e-04	5.575340521852e-04	2.386703301442e-04	7.460020156613e-04
463                 	1.366272517158e-04	5.539407581052e-04	2.367930077067e-04	7.280223432558e-04
464                 	1.359336672100e-04	5.504662311507e-04	2.349393019563e-04	7.065762861912e-04
465                 	1.352320141289e-04	5.470902394604e-04	2.331040116906e-04	6.909100401625e-04
466                 	1.345144992560e-04	5.437837682630e-04	2.312866825044e-04	6.811317136276e-04
467                 	1.337777044216e-04	5.405226850858e-04	2.294878849997e-04	6.742020262147e-04
468                 	1.330326754846e-04	5.372916129497e-04	2.277072513606e-04	6.652106706656e-04
469                 	1.322871488045e-04	5.340920726337e-04	2.259452493158e-04	6.539438736829e-04
470                 	1.315492592069e-04	5.309120482363e-04	2.242026939168e-04	6.411539088539e-04
471                 	1.308271427764e-04	5.277324885017e-04	2.224804868610e-04	6.283092568904e-04
472                 	1.301314766131e-04	5.245537242257e-04	2.207802165245e-04	6.162326367966e-04
473                 	1.294632219686e-04	5.213866400405e-04	2.191037498103e-04	6.046799716396e-04
474                 	1.288252662458e-04	5.182316677035e-04	2.174526183612e-04	5.939969010432e-04
475                 	1.282267928239e-04	5.150917847283e-04	2.158264590925e-04	5.834852365517e-04
476                 	1.276684192894e-04	5.119669707244e-04	2.142234011188e-04	5.760973418197e-04
477                 	1.271414597078e-04	5.088380892796e-04	2.126409092974e-04	5.702441883904e-04
478                 	1.266374033402e-04	5.057104312317e-04	2.110770200408e-04	5.649054734069e-04
479                 	1.261285395377e-04	5.025985456223e-04	2.095325455755e-04	5.567795806892e-04
480                 	1.256708931577e-04	4.995441524681e-04	2.080069332944e-04	5.431774867261e-04
481                 	1.252493382150e-04	4.965554341108e-04	2.064923795597e-04	5.286760081203e-04
482                 	1.248579522674e-04	4.936145281137e-04	2.049850318038e-04	5.187097903526e-04
483                 	1.244986220658e-04	4.906989906170e-04	2.034851623305e-04	5.146487740501e-04
484                 	1.241680509227e-04	4.877875586048e-04	2.019952059587e-04	5.108919356704e-04
485                 	1.238620980575e-04	4.848595519237e-04	2.005185501511e-04	5.051738504523e-04
486                 	1.235802519948e-04	4.819052161063e-04	1.990575560108e-04	4.976223968729e-04
487                 	1.233223417123e-04	4.789180110644e-04	1.976129009644e-04	4.901248243718e-04
488                 	1.230920793419e-04	4.758938971101e-04	1.961823452477e-04	4.837487368277e-04
489                 	1.228913152538e-04	4.728500422115e-04	1.947624469856e-04	4.789081460980e-04
490                 	1.226997880899e-04	4.697900068690e-04	1.933527472565e-04	4.756809105420e-04
491                 	1.225018693761e-04	4.667347120679e-04	1.919556961646e-04	4.702310435566e-04
492                 	1.223361942794e-04	4.637233058429e-04	1.905722165862e-04	4.601858367705e-04
493                 	1.221830286857e-04	4.607861975491e-04	1.891978030125e-04	4.496322476639e-04
494                 	1.220410213775e-04	4.579058217468e-04	1.878314712041e-04	4.423666998746e-04
495                 	1.219083135951e-04	4.550587442966e-04	1.864751593044e-04	4.394510944459e-04
496                 	1.217826873880e-04	4.522045949675e-04	1.851290915386e-04	4.354278200781e-04
497                 	1.216621760811e-04	4.493252696652e-04	1.837918980005e-04	4.296400126198e-04
498                 	1.215458876249e-04	4.464098853508e-04	1.824634543596e-04	4.240357528230e-04
499                 	1.214348031706e-04	4.434777668824e-04	1.811463542684e-04	4.207681114716e-04
500                 	1.213316914737e-04	4.405273778824e-04	1.798464836350e-04	4.150456405865e-04
501                 	1.212359407362e-04	4.376565692897e-04	1.785617075045e-04	4.062172244477e-04
502                 	1.211445474141e-04	4.348803586588e-04	1.772871871474e-04	3.991014644950e-04
503                 	1.210544338840e-04	4.321671221956e-04	1.760193683426e-04	3.933700379911e-04
504                 	1.209688784589e-04	4.294863536558e-04	1.747576206332e-04	3.882428310126e-04
505                 	1.208815573518e-04	4.268325120117e-04	1.735070982655e-04	3.839288530183e-04
506                 	1.207927294549e-04	4.241685712091e-04	1.722763690607e-04	3.787260698914e-04
507                 	1.206988476969e-04	4.215741322651e-04	1.710640528901e-04	3.725351919027e-04
508                 	1.205925147808e-04	4.190760143678e-04	1.698635965482e-04	3.662599917311e-04
509                 	1.204855104952e-04	4.166701175862e-04	1.686788291095e-04	3.603147266748e-04
510                 	1.203364501721e-04	4.143225702643e-04	1.675236461362e-04	3.543758533117e-04
511                 	1.201108827829e-04	4.120684226526e-04	1.664047762246e-04	3.483456309104e-04
512                 	1.197588145857e-04	4.099635921478e-04	1.653248001503e-04	3.427404300209e-04
513                 	1.191407383925e-04	4.080621652254e-04	1.643010247315e-04	3.365419757226e-04
514                 	1.178882138149e-04	4.063943091785e-04	1.633430707254e-04	3.279769253033e-04
515                 	1.158158234661e-04	4.048610495610e-04	1.624574798626e-04	3.202909887589e-04
516                 	1.135062257083e-04	4.035021212193e-04	1.616090391832e-04	3.125806165863e-04
517                 	1.114469846365e-04	4.021241548749e-04	1.607734584028e-04	3.066334230319e-04
518                 	1.096438566058e-04	4.007472588323e-04	1.599372222737e-04	3.018549627048e-04
519                 	1.080850030279e-04	3.993574564458e-04	1.590945420032e-04	2.965012608809e-04
520                 	1.067424166336e-04	3.979628792869e-04	1.582465812818e-04	2.912924999827e-04
521                 	1.055661199368e-04	3.965536222369e-04	1.573942307422e-04	2.858909394435e-04
522                 	1.045219265294e-04	3.951317860249e-04	1.565398415667e-04	2.812789627817e-04
523                 	1.035867934056e-04	3.936851247275e-04	1.556824352650e-04	2.768262218959e-04
524                 	1.027470816659e-04	3.922258320300e-04	1.548237959757e-04	2.731549735751e-04
525                 	1.019869241990e-04	3.907398722425e-04	1.539629868261e-04	2.694046067882e-04
526                 	1.012932776557e-04	3.892482768354e-04	1.531024010450e-04	2.662193282884e-04
527                 	1.006567244571e-04	3.877362805942e-04	1.522413290095e-04	2.628067690852e-04
528                 	1.000735554074e-04	3.862243181584e-04	1.513819345127e-04	2.599239139648e-04
529                 	9.953552990189e-05	3.846953003918e-04	1.505233984220e-04	2.567937827829e-04
530                 	9.903983333163e-05	3.831690909563e-04	1.496677467359e-04	2.541631977494e-04
531                 	9.858433228950e-05	3.816283070605e-04	1.488136767992e-04	2.513079276603e-04
532                 	9.816796882186e-05	3.800933202098e-04	1.479627722204e-04	2.488802374130e-04
533                 	9.779327458688e-05	3.785477878362e-04	1.471144269869e-04	2.461952770704e-04
534                 	9.746930536066e-05	3.770116598481e-04	1.462702836276e-04	2.439252597010e-04
535                 	9.717962904127e-05	3.754644857011e-04	1.454292989679e-04	2.414552421139e-04
536                 	9.691190936999e-05	3.739245000099e-04	1.445933138669e-04	2.393596845312e-04
537                 	9.665877111105e-05	3.723750973995e-04	1.437604991595e-04	2.370087554765e-04
538                 	9.642119264903e-05	3.708350062094e-04	1.429318369205e-04	2.349584078060e-04
539                 	9.619576340465e-05	3.692882124188e-04	1.421064527357e-04	2.327131428036e-04
540                 	9.598200085765e-05	3.677495815367e-04	1.412853950218e-04	2.307749704859e-04
541                 	9.577520582538e-05	3.662062586782e-04	1.404678735477e-04	2.286683744720e-04
542                 	9.557655285569e-05	3.646699324057e-04	1.396549436031e-04	2.267795689975e-04
543                 	9.538472442400e-05	3.631307876716e-04	1.388462710292e-04	2.248064631450e-04
544                 	9.520135493029e-05	3.615996400418e-04	1.380422918811e-04	2.230466197023e-04
545                 	9.502266444762e-05	3.600678899339e-04	1.372426498662e-04	2.212056551016e-04
546                 	9.484941058589e-05	3.585429903708e-04	1.364476474271e-04	2.194709492044e-04
547                 	9.468103615625e-05	3.570196067351e-04	1.356569991725e-04	2.176978635191e-04
548                 	9.451797457612e-05	3.555027037523e-04	1.348711894487e-04	2.160847322347e-04
549                 	9.435784514265e-05	3.539878403765e-04	1.340899646291e-04	2.144299808971e-04
550                 	9.420167113068e-05	3.524787501061e-04	1.333139864177e-04	2.128302526154e-04
551                 	9.404895066973e-05	3.509736976099e-04	1.325435709864e-04	2.112238943492e-04
552                 	9.389943237141e-05	3.494744819474e-04	1.317779743829e-04	2.096531634225e-04
553                 	9.375230311039e-05	3.479794025273e-04	1.310173400110e-04	2.080975592692e-04
554                 	9.360622680754e-05	3.464891890232e-04	1.302615274122e-04	2.065474638444e-04
555                 	9.346091344054e-05	3.450039364466e-04	1.295106337345e-04	2.050092383564e-04
556                 	9.331636808218e-05	3.435239938649e-04	1.287646876473e-04	2.034944498875e-04
557                 	9.317277113080e-05	3.420498867077e-04	1.280239194142e-04	2.020174210987e-04
558                 	9.303013864887e-05	3.405807793300e-04	1.272885282076e-04	2.005301700621e-04
559                 	9.288879084457e-05	3.391169073717e-04	1.265583773831e-04	1.989868066403e-04
560                 	9.274870165975e-05	3.376591844475e-04	1.258331341943e-04	1.975014609989e-04
561                 	9.261012802685e-05	3.362076879704e-04	1.251127410665e-04	1.960889692311e-04
562                 	9.247292043767e-05	3.347622874814e-04	1.243972150690e-04	1.947200372661e-04
563                 	9.233707248883e-05	3.333233894645e-04	1.236866838876e-04	1.933522572901e-04
564                 	9.220247739638e-05	3.318906831490e-04	1.229812944922e-04	1.920024115042e-04
565                 	9.206870990968e-05	3.304644569610e-04	1.222809368709e-04	1.906899526143e-04
566                 	9.193548902743e-05	3.290446498893e-04	1.215857233676e-04	1.893919896978e-04
567                 	9.180243563389e-05	3.276309486446e-04	1.208955158575e-04	1.880987351660e-04
568                 	9.166965008363e-05	3.262241387108e-04	1.202098618315e-04	1.868080661411e-04
569                 	9.153838282720e-05	3.248238702304e-04	1.195287019812e-04	1.855668712160e-04
570                 	9.140810335278e-05	3.234312057805e-04	1.188520897654e-04	1.843368680359e-04
571                 	9.127754349938e-05	3.220455066122e-04	1.181802371514e-04	1.830931964186e-04
572                 	9.114588020123e-05	3.206662589550e-04	1.175129703509e-04	1.818546148819e-04
573                 	9.101275430262e-05	3.192945228264e-04	1.168502823136e-04	1.806371124014e-04
574                 	9.087808877024e-05	3.179293060964e-04	1.161921630909e-04	1.794742050076e-04
575                 	9.074070870467e-05	3.165711859825e-04	1.155385599241e-04	1.783072523914e-04
576                 	9.060094199462e-05	3.152201008565e-04	1.148894581406e-04	1.771256781580e-04
577                 	9.045848047316e-05	3.138764946147e-04	1.142448741013e-04	1.759553154844e-04
578                 	9.031350704043e-05	3.125401874147e-04	1.136047064347e-04	1.748009969741e-04
579                 	9.016608295931e-05	3.112101522999e-04	1.129690007876e-04	1.736631841886e-04
580                 	9.001634044965e-05	3.098897861349e-04	1.123379734172e-04	1.725603776657e-04
581                 	8.986417860927e-05	3.085716344158e-04	1.117107904397e-04	1.713962643954e-04
582                 	8.970978125556e-05	3.072621626274e-04	1.110879616484e-04	1.702654218189e-04
583                 	8.955336300732e-05	3.059608862853e-04	1.104697044351e-04	1.691628066307e-04
584                 	8.939490085294e-05	3.046686240458e-04	1.098562725189e-04	1.681036429274e-04
585                 	8.923447844912e-05	3.033797377286e-04	1.092467252413e-04	1.669725660432e-04
586                 	8.907214635580e-05	3.020988944560e-04	1.086415266184e-04	1.658717712232e-04
587                 	8.890807508479e-05	3.008277431242e-04	1.080409166701e-04	1.648243778641e-04
588                 	8.874205519883e-05	2.995594737965e-04	1.074441298567e-04	1.637070882403e-04
589                 	8.857422731952e-05	2.983015132251e-04	1.068518460721e-04	1.626631120535e-04
590                 	8.840468462048e-05	2.970460410600e-04	1.062634048429e-04	1.615776860032e-04
591                 	8.823359611681e-05	2.958012901279e-04	1.056794286458e-04	1.605819685670e-04
592                 	8.806091154468e-05	2.945592897287e-04	1.050992580040e-04	1.595328400405e-04
593                 	8.788656058847e-05	2.933284342830e-04	1.045235245087e-04	1.585533674240e-04
594                 	8.771077678557e-05	2.921002401172e-04	1.039515582133e-04	1.575389889091e-04
595                 	8.753361478446e-05	2.908829107699e-04	1.033842352597e-04	1.565890926778e-04
596                 	8.735521920704e-05	2.896678591168e-04	1.028207235491e-04	1.555856195998e-04
597                 	8.717544187372e-05	2.884627554267e-04	1.022616240328e-04	1.546461126466e-04
598                 	8.699449864103e-05	2.872613435561e-04	1.017062331504e-04	1.536792096449e-04
599                 	8.681244034696e-05	2.860697496314e-04	1.011551704536e-04	1.527618915262e-04
600                 	8.662925782737e-05	2.848832596869e-04	1.006081128586e-04	1.518015867151e-04
601                 	8.644495711417e-05	2.836994930798e-04	1.000649362333e-04	1.508271260389e-04
602                 	8.625970547509e-05	2.825279362084e-04	9.952623537902e-05	1.499434885444e-04
603                 	8.607357827466e-05	2.813602956549e-04	9.899158023204e-05	1.490417047379e-04
604                 	8.588659378861e-05	2.801976968274e-04	9.846047843488e-05	1.480920028054e-04
605                 	8.569873036622e-05	2.790451786302e-04	9.793363668140e-05	1.472368214497e-04
606                 	8.551019837775e-05	2.778986335266e-04	9.741062430424e-05	1.463668309873e-04
607                 	8.532107612281e-05	2.767577438460e-04	9.689122553558e-05	1.454743125761e-04
608                 	8.513130647392e-05	2.756211967182e-04	9.637584664570e-05	1.445370517670e-04
609                 	8.494086267357e-05	2.744930220083e-04	9.586397103582e-05	1.436214615264e-04
610                 	8.475014487063e-05	2.733698736680e-04	9.535594924153e-05	1.427526331936e-04
611                 	8.455905323612e-05	2.722549572958e-04	9.485145059286e-05	1.418953417158e-04
612                 	8.436771693714e-05	2.711443896857e-04	9.435067577347e-05	1.410221042224e-04
613                 	8.417589089446e-05	2.700427082927e-04	9.385333687392e-05	1.401651556307e-04
614                 	8.398389481855e-05	2.689442667456e-04	9.335978684335e-05	1.392992540953e-04
615                 	8.379161084848e-05	2.678530579117e-04	9.287005344128e-05	1.384551282001e-04
616                 	8.359907086744e-05	2.667693592820e-04	9.238372725040e-05	1.376179710872e-04
617                 	8.340622887430e-05	2.656900305343e-04	9.190105618306e-05	1.367773865802e-04
618                 	8.321318741745e-05	2.646165662453e-04	9.142189535646e-05	1.359561385065e-04
619                 	8.302007151980e-05	2.635499817062e-04	9.094633238795e-05	1.351823334125e-04
620                 	8.282659063014e-05	2.624900160925e-04	9.047403779111e-05	1.344032878489e-04
621                 	8.263308810591e-05	2.614350286715e-04	9.000516114579e-05	1.336230581170e-04
622                 	8.243946561482e-05	2.603868650102e-04	8.953984182359e-05	1.328503122816e-04
623                 	8.224582661578e-05	2.593450364081e-04	8.907790327388e-05	1.320914309511e-04
624                 	8.205200231909e-05	2.583088681466e-04	8.861960476358e-05	1.313370914144e-04
625                 	8.185817032036e-05	2.572793581945e-04	8.816459084374e-05	1.305725801826e-04
626                 	8.166434536192e-05	2.562551481849e-04	8.771307371903e-05	1.298126795159e-04
627                 	8.147048939925e-05	2.552372960523e-04	8.726471708950e-05	1.290695516222e-04
628                 	8.127677207246e-05	2.542248063614e-04	8.681984304153e-05	1.283311991743e-04
629                 	8.108301310300e-05	2.532189163380e-04	8.637818311093e-05	1.275839892989e-04
630                 	8.088967747620e-05	2.522181836900e-04	8.593970002107e-05	1.268335320935e-04
631                 	8.069633466423e-05	2.512228832634e-04	8.550486181796e-05	1.261122999297e-04
632                 	8.050329221302e-05	2.502339784269e-04	8.507334219511e-05	1.254030963366e-04
633                 	8.031040144746e-05	2.492502347318e-04	8.464521245941e-05	1.246782462292e-04
634                 	8.011791129369e-05	2.482715950260e-04	8.422059906913e-05	1.239569736023e-04
635                 	7.992580449714e-05	2.472984371600e-04	8.379927946947e-05	1.232447641503e-04
636                 	7.973408869591e-05	2.463312788195e-04	8.338109903757e-05	1.225439283958e-04
637                 	7.954302432106e-05	2.453696558376e-04	8.296599254364e-05	1.218342531692e-04
638                 	7.935234350218e-05	2.444134639911e-04	8.255413473116e-05	1.211221771838e-04
639                 	7.916210829556e-05	2.434625510297e-04	8.214543058775e-05	1.204249810454e-04
640                 	7.897223964426e-05	2.425168409188e-04	8.173976489927e-05	1.197419145324e-04
641                 	7.878281774537e-05	2.415775196994e-04	8.133711776289e-05	1.190566827278e-04
642                 	7.859401115622e-05	2.406430077700e-04	8.093748672032e-05	1.183744843033e-04
643                 	7.840554672921e-05	2.397136520523e-04	8.054079215294e-05	1.176880995679e-04
644                 	7.821773711090e-05	2.387895214081e-04	8.014713952994e-05	1.170128749798e-04
645                 	7.803016566903e-05	2.378701730692e-04	7.975659343929e-05	1.163414285845e-04
646                 	7.784322816481e-05	2.369569927948e-04	7.936895220134e-05	1.156801467496e-04
647                 	7.765671134358e-05	2.360495613031e-04	7.898426021678e-05	1.150138839555e-04
648                 	7.747077505511e-05	2.351469657502e-04	7.860243393029e-05	1.143496388010e-04
649                 	7.728550899292e-05	2.342495707369e-04	7.822347497366e-05	1.136919141528e-04
650                 	7.710066526515e-05	2.333574615025e-04	7.784750592512e-05	1.130571579212e-04
651                 	7.691652084898e-05	2.324706712517e-04	7.747444075006e-05	1.124265335435e-04
652                 	7.673288939836e-05	2.315886670053e-04	7.710424079116e-05	1.117954954875e-04
653                 	7.654979573713e-05	2.307115810369e-04	7.673684891248e-05	1.111684527906e-04
654                 	7.636748096483e-05	2.298399754409e-04	7.637219758458e-05	1.105515178748e-04
655                 	7.618570145177e-05	2.289737984522e-04	7.601042756617e-05	1.099222719913e-04
656                 	7.600490371223e-05	2.281126604187e-04	7.565156441833e-05	1.092924825330e-04
657                 	7.582471272018e-05	2.272564115667e-04	7.529548041867e-05	1.086751368309e-04
658                 	7.564509611914e-05	2.264053128540e-04	7.494215256693e-05	1.080659396738e-04
659                 	7.546646551404e-05	2.255591750702e-04	7.459159742366e-05	1.074491471813e-04
660                 	7.528829194219e-05	2.247185119276e-04	7.424401318575e-05	1.068328739572e-04
661                 	7.511097726235e-05	2.238833887178e-04	7.389941281953e-05	1.062310783930e-04
662                 	7.493430682414e-05	2.230534029770e-04	7.355774166935e-05	1.056296132518e-04
663                 	7.475853705475e-05	2.222286842498e-04	7.321874548188e-05	1.050265276419e-04
664                 	7.458353925170e-05	2.214093048047e-04	7.288237504686e-05	1.044285103363e-04
665                 	7.440924346845e-05	2.205950382475e-04	7.254870409386e-05	1.038474054490e-04
666                 	7.423592794319e-05	2.197862451593e-04	7.221764968033e-05	1.032671197292e-04
667                 	7.406340642205e-05	2.189823926445e-04	7.188913223707e-05	1.026856578312e-04
668                 	7.389154431220e-05	2.181832505172e-04	7.156318995291e-05	1.021050517073e-04
669                 	7.372050158022e-05	2.173887964446e-04	7.123990402946e-05	1.015317480247e-04
670                 	7.355014903567e-05	2.165991794315e-04	7.091911062807e-05	1.009607229716e-04
671                 	7.338074511297e-05	2.158137488599e-04	7.060078780521e-05	1.003955842723e-04
672                 	7.321191349895e-05	2.150327721110e-04	7.028511336946e-05	9.983364014511e-05
673                 	7.304412650501e-05	2.142564151664e-04	6.997189621663e-05	9.927924608955e-05
674                 	7.287723778937e-05	2.134844820283e-04	6.966112801819e-05	9.872094414538e-05
675                 	7.271122423409e-05	2.127168452871e-04	6.935289525074e-05	9.816424802970e-05
676                 	7.254624259940e-05	2.119536482817e-04	6.904709287535e-05	9.761731597707e-05
677                 	7.238203912047e-05	2.111950775326e-04	6.874376247212e-05	9.707583972857e-05
678                 	7.221880894727e-05	2.104411378152e-04	6.844294407478e-05	9.654282763613e-05
679                 	7.205620592990e-05	2.096917768115e-04	6.814476764575e-05	9.600524963606e-05
680                 	7.189455050339e-05	2.089468160061e-04	6.784902351686e-05	9.547958453884e-05
681                 	7.173376646242e-05	2.082060001520e-04	6.755571670363e-05	9.495251390185e-05
682                 	7.157401760816e-05	2.074696141289e-04	6.726488280080e-05	9.442341394375e-05
683                 	7.141513169161e-05	2.067374276896e-04	6.697648569358e-05	9.389090470676e-05
684                 	7.125720725850e-05	2.060099309941e-04	6.669054287719e-05	9.337552013780e-05
685                 	7.110015918322e-05	2.052865275534e-04	6.640710589581e-05	9.285980834795e-05
686                 	7.094421997207e-05	2.045672190397e-04	6.612618065041e-05	9.233949936026e-05
687                 	7.078910148593e-05	2.038522123866e-04	6.584746240042e-05	9.181524967510e-05
688                 	7.063502726671e-05	2.031413034406e-04	6.557092945810e-05	9.131563463465e-05
689                 	7.048186440894e-05	2.024340446796e-04	6.529655966495e-05	9.081569812500e-05
690                 	7.032966762900e-05	2.017306511370e-04	6.502425881186e-05	9.031253656934e-05
691                 	7.017848822240e-05	2.010312178281e-04	6.475405155013e-05	8.982492149689e-05
692                 	7.002797750408e-05	2.003355979762e-04	6.448589186318e-05	8.934918577297e-05
693                 	6.987866144921e-05	1.996437747447e-04	6.421974118169e-05	8.886721930376e-05
694                 	6.973012339926e-05	1.989555026130e-04	6.395559631202e-05	8.838085380820e-05
695                 	6.958268317394e-05	1.982706243517e-04	6.369340914171e-05	8.790037121434e-05
696                 	6.943610982276e-05	1.975893324166e-04	6.343314939558e-05	8.742736202083e-05
697                 	6.929040258962e-05	1.969114384074e-04	6.317480759595e-05	8.694515836155e-05
698                 	6.914575647408e-05	1.962367717696e-04	6.291836598057e-05	8.646211137593e-05
699                 	6.900188929855e-05	1.955658081633e-04	6.266380004548e-05	8.598910551211e-05
700                 	6.885893039691e-05	1.948978388237e-04	6.241114082305e-05	2.429207247070e-04
701                 	6.866986337696e-05	1.889942622390e-04	6.237475554097e-05	2.093240588187e-04
702                 	6.848682450097e-05	1.851625711853e-04	6.226333500427e-05	1.344891912877e-04
703                 	6.830855062992e-05	1.837025629076e-04	6.208079516304e-05	1.119643826054e-04
704                 	6.813386543388e-05	1.833266024763e-04	6.185375917002e-05	1.128881209708e-04
705                 	6.796272727644e-05	1.830852466967e-04	6.161330834647e-05	1.060592039137e-04
706                 	6.779441188549e-05	1.828150443953e-04	6.137272231123e-05	9.616041661203e-05
707                 	6.762870117387e-05	1.823978798750e-04	6.113688935799e-05	8.813347563244e-05
708                 	6.746552858008e-05	1.818894979969e-04	6.090621534529e-05	8.346846900871e-05
709                 	6.730469618604e-05	1.813340450353e-04	6.067945028365e-05	8.145866650703e-05
710                 	6.714631178885e-05	1.807370182157e-04	6.045571814567e-05	8.082487630500e-05
711                 	6.698986914266e-05	1.801054887589e-04	6.023421299394e-05	8.036617843893e-05
712                 	6.683516150698e-05	1.794584608641e-04	6.001435059052e-05	7.960979856093e-05
713                 	6.668270217925e-05	1.788131607745e-04	5.979602978211e-05	7.868594005083e-05
714                 	6.653170142483e-05	1.781824125985e-04	5.957874237409e-05	7.783892287014e-05
715                 	6.638253108732e-05	1.775734153470e-04	5.936241845697e-05	7.713327952228e-05
716                 	6.623525172399e-05	1.769866723443e-04	5.914697208950e-05	7.653985433767e-05
717                 	6.608973691186e-05	1.764138365628e-04	5.893255620228e-05	7.600787127161e-05
718                 	6.594596563089e-05	1.758464535792e-04	5.871921893746e-05	7.552083779033e-05
719                 	6.580378199529e-05	1.752767448118e-04	5.850728259659e-05	7.503508355403e-05
720                 	6.566299190736e-05	1.747032966380e-04	5.829677126222e-05	7.454735386906e-05
721                 	6.552395424477e-05	1.741272278270e-04	5.808770525861e-05	7.408163798524e-05
722                 	6.538621387555e-05	1.735501892389e-04	5.788001536653e-05	7.362915734327e-05
723                 	6.524985402866e-05	1.729736976935e-04	5.767367457587e-05	7.318366619680e-05
724                 	6.511517838362e-05	1.724004489943e-04	5.746863562392e-05	7.274964487059e-05
725                 	6.498162252827e-05	1.718310831985e-04	5.726484022990e-05	7.233567023377e-05
726                 	6.484947623798e-05	1.712662252809e-04	5.706232108153e-05	7.192227367207e-05
727                 	6.471901253813e-05	1.707051950304e-04	5.686117003257e-05	7.150964186138e-05
728                 	6.458979783120e-05	1.701470438797e-04	5.666144044707e-05	7.110602435736e-05
729                 	6.446198181892e-05	1.695912283111e-04	5.646295016040e-05	7.070822871536e-05
730                 	6.433571279137e-05	1.690372997564e-04	5.626567524771e-05	7.030543677885e-05
731                 	6.421095367814e-05	1.684854718864e-04	5.606966458018e-05	6.990679497456e-05
732                 	6.408745270847e-05	1.679351837050e-04	5.587488381554e-05	6.952280136410e-05
733                 	6.396521350955e-05	1.673871029243e-04	5.568131153394e-05	6.913981425435e-05
734                 	6.384430811605e-05	1.668410059279e-04	5.548895148853e-05	6.875128517964e-05
735                 	6.372464550567e-05	1.662973577737e-04	5.529775858410e-05	6.837078664235e-05
736                 	6.360613743236e-05	1.657554821822e-04	5.510773259187e-05	6.800222482161e-05
737                 	6.348883264655e-05	1.652160279553e-04	5.491886708605e-05	6.763235375454e-05
738                 	6.337291141012e-05	1.646790002634e-04	5.473110511066e-05	6.725672251003e-05
739                 	6.329676227962e-05	1.641447770778e-04	5.454449158288e-05	6.689035100514e-05
740                 	6.321991532619e-05	1.636127156918e-04	5.435903089423e-05	6.652821473385e-05
741                 	6.314303124872e-05	1.630825580394e-04	5.417465607785e-05	6.616646362460e-05
742                 	6.306598323388e-05	1.625542768723e-04	5.399142286556e-05	6.581516144850e-05
743                 	6.298878982823e-05	1.620280389879e-04	5.380936579396e-05	6.546454122007e-05
744                 	6.291187043974e-05	1.615042534330e-04	5.362840275526e-05	6.512899401176e-05
745                 	6.283537872538e-05	1.609828427166e-04	5.344865723391e-05	6.478615694184e-05
746                 	6.275904618038e-05	1.604637535149e-04	5.327012220626e-05	6.444319236712e-05
747                 	6.268286341079e-05	1.599470592899e-04	5.309257901327e-05	6.411871594999e-05
748                 	6.260729985027e-05	1.594317555076e-04	5.291608489810e-05	6.379037436298e-05
749                 	6.253232372796e-05	1.589183008467e-04	5.274064099841e-05	6.345938223513e-05
750                 	6.245776556872e-05	1.584067003881e-04	5.256618403579e-05	6.313392502185e-05
751                 	6.238360808815e-05	1.578975271070e-04	5.239274054349e-05	6.280899996419e-05
752                 	6.231040162368e-05	1.573913901322e-04	5.222029936476e-05	6.248988297332e-05
753                 	6.223785178860e-05	1.568874247542e-04	5.204886365731e-05	6.217915740183e-05
754                 	6.216571711296e-05	1.563852425952e-04	5.187841068890e-05	6.186692017719e-05
755                 	6.209445407042e-05	1.558847980030e-04	5.170902525095e-05	6.155485629463e-05
756                 	6.202379166474e-05	1.553883412772e-04	5.154048529169e-05	6.125538101233e-05
757                 	6.195350098929e-05	1.548942089488e-04	5.137301460723e-05	6.095252639434e-05
758                 	6.188386400636e-05	1.544035714787e-04	5.120649241891e-05	6.064779478919e-05
759                 	6.181504480356e-05	1.539158961661e-04	5.104104082673e-05	6.034929832375e-05
760                 	6.174672662513e-05	1.534314390181e-04	5.087653488879e-05	6.006186816626e-05
761                 	6.167879595946e-05	1.529477234546e-04	5.071310886679e-05	5.977002821035e-05
762                 	6.161173693819e-05	1.524673697627e-04	5.055066244833e-05	5.947202520800e-05
763                 	6.154550138576e-05	1.519884318527e-04	5.038922338076e-05	5.917840476164e-05
764                 	6.147967602959e-05	1.515129615685e-04	5.022863984539e-05	5.889140205833e-05
765                 	6.141439780669e-05	1.510395220912e-04	5.006890759523e-05	5.859630801041e-05
766                 	6.135002702291e-05	1.505669941832e-04	4.991016667753e-05	5.829996013048e-05
767                 	6.128622668814e-05	1.500972698933e-04	4.975226901827e-05	5.801462552213e-05
768                 	6.122279027782e-05	1.496292117423e-04	4.959525252316e-05	5.773460381652e-05
769                 	6.116010160716e-05	1.491632265617e-04	4.943911808879e-05	5.744669454251e-05
770                 	6.109802602979e-05	1.486994495306e-04	4.928387785049e-05	5.715901633439e-05
771                 	6.103632537994e-05	1.482375427805e-04	4.912953745505e-05	5.687353916199e-05
772                 	6.097518642392e-05	1.477772638629e-04	4.897606952598e-05	5.659251948190e-05
773                 	6.091488287051e-05	1.473185724557e-04	4.882349860602e-05	5.631212947368e-05
774                 	6.085513183654e-05	1.468626011468e-04	4.867184047051e-05	5.603223592098e-05
775                 	6.079574044900e-05	1.464080652744e-04	4.852107920224e-05	5.575206334214e-05
776                 	6.073707369828e-05	1.459559407167e-04	4.837128993904e-05	5.547360731909e-05
777                 	6.067903123768e-05	1.455051580893e-04	4.822237687935e-05	5.519937513190e-05
778                 	6.062140831831e-05	1.450558821869e-04	4.807427985125e-05	5.492691194861e-05
779                 	6.056419553939e-05	1.446086441973e-04	4.792697810369e-05	5.465604674232e-05
780                 	6.050767328109e-05	1.441631309889e-04	4.778049408502e-05	5.438492990644e-05
781                 	6.045176588461e-05	1.437193012123e-04	4.763482360302e-05	5.411595557742e-05
782                 	6.039615220928e-05	1.432776986742e-04	4.748997574175e-05	5.384572911991e-05
783                 	6.034129199029e-05	1.428376612940e-04	4.734596908483e-05	5.357990480760e-05
784                 	6.028703393459e-05	1.423992628311e-04	4.720282191068e-05	5.330705026668e-05
785                 	6.023297827351e-05	1.419628668683e-04	4.706054151257e-05	5.303219805877e-05
786                 	6.017955803858e-05	1.415288316149e-04	4.691902900146e-05	5.275838875623e-05
787                 	6.012681104989e-05	1.410962024557e-04	4.677840345578e-05	5.249290871898e-05
788                 	6.007436421008e-05	1.406665455878e-04	4.663852873509e-05	5.222867975862e-05
789                 	6.002229323338e-05	1.402391364872e-04	4.649957235146e-05	5.197054133686e-05
790                 	5.997095791618e-05	1.398136190071e-04	4.636148416170e-05	5.171049745844e-05
791                 	5.992015179893e-05	1.393897594845e-04	4.622413878236e-05	5.144773143261e-05
792                 	5.986966780608e-05	1.389673248624e-04	4.608756464699e-05	5.118823169100e-05
793                 	5.981957381080e-05	1.385462857923e-04	4.595174420326e-05	5.092800950270e-05
794                 	5.977015438867e-05	1.381275551063e-04	4.581667133459e-05	5.067305731227e-05
795                 	5.972104631461e-05	1.377107095114e-04	4.568234744781e-05	5.042263789872e-05
796                 	5.967225371569e-05	1.372954398387e-04	4.554880985367e-05	5.017664749934e-05
797                 	5.962418288317e-05	1.368827079831e-04	4.541597810657e-05	4.992700278257e-05
798                 	5.957654617709e-05	1.364706686516e-04	4.528392235154e-05	4.967861665171e-05
799                 	5.952923536772e-05	1.360614182888e-04	4.515258096380e-05	4.942620424450e-05
800                 	5.948222137948e-05	1.356528991057e-04	4.502203411378e-05	4.918565707495e-05
801                 	5.943596115967e-05	1.352467920768e-04	4.489222804195e-05	4.894929817543e-05
802                 	5.938981039362e-05	1.348417362116e-04	4.476328986295e-05	4.871889671898e-05
803                 	5.934394468409e-05	1.344378647449e-04	4.463507224482e-05	4.848484020321e-05
804                 	5.929907644731e-05	1.340367816978e-04	4.450754609892e-05	4.825736768946e-05
805                 	5.925428668110e-05	1.336371374211e-04	4.438072672961e-05	4.803361489984e-05
806                 	5.920983390327e-05	1.332388303412e-04	4.425459211481e-05	4.780840758495e-05
807                 	5.916591662882e-05	1.328423118868e-04	4.412914413905e-05	4.758556706109e-05
808                 	5.912240486875e-05	1.324470223918e-04	4.400442124507e-05	4.736970229344e-05
809                 	5.907922641258e-05	1.320536855662e-04	4.388043264986e-05	4.715811695481e-05
810                 	5.903647164981e-05	1.316618037968e-04	4.375724207222e-05	4.694442825239e-05
811                 	5.899430441863e-05	1.312712038358e-04	4.363485100310e-05	4.673429103925e-05
812                 	5.895249473242e-05	1.308823422870e-04	4.351311560321e-05	4.652371427714e-05
813                 	5.891076935158e-05	1.304953454868e-04	4.339212710199e-05	4.631340384462e-05
814                 	5.886974207494e-05	1.301098083272e-04	4.327178395657e-05	4.610357063550e-05
815                 	5.882904068523e-05	1.297255406803e-04	4.315204732570e-05	4.589437987820e-05
816                 	5.878843256573e-05	1.293422669479e-04	4.303296722275e-05	4.568881438119e-05
817                 	5.874856242873e-05	1.289605104733e-04	4.291450257093e-05	4.548469089808e-05
818                 	5.870906537781e-05	1.285803121016e-04	4.279664339135e-05	4.528073965725e-05
819                 	5.866968311258e-05	1.282016613384e-04	4.267942528739e-05	4.507547231266e-05
820                 	5.863070849982e-05	1.278253326070e-04	4.256282658870e-05	4.486977568117e-05
821                 	5.859230169561e-05	1.274501173781e-04	4.244682629351e-05	4.466474077787e-05
822                 	5.855400782980e-05	1.270759917905e-04	4.233144100216e-05	4.446049740809e-05
823                 	5.851615613438e-05	1.267030156717e-04	4.221675163713e-05	4.425806256992e-05
824                 	5.847881944495e-05	1.263309419006e-04	4.210267867470e-05	4.405734228839e-05
825                 	5.844163221988e-05	1.259603048924e-04	4.198917922567e-05	4.385721355781e-05
826                 	5.840472555683e-05	1.255919446884e-04	4.187627870684e-05	4.365668934332e-05
827                 	5.836832526620e-05	1.252244825556e-04	4.176391668182e-05	4.345393783313e-05
828                 	5.833214185614e-05	1.248586658048e-04	4.165214770609e-05	4.325380636595e-05
829                 	5.829617818528e-05	1.244940867145e-04	4.154092491967e-05	4.305574502642e-05
830                 	5.826068619048e-05	1.241309248417e-04	4.143035307613e-05	4.285957508810e-05
831                 	5.822543889736e-05	1.237690377895e-04	4.132034984826e-05	4.266358255326e-05
832                 	5.819047454294e-05	1.234083651193e-04	4.121097109179e-05	4.246863317140e-05
833                 	5.815587725952e-05	1.230487694175e-04	4.110218510503e-05	4.227376154221e-05
834                 	5.812159080389e-05	1.226904212854e-04	4.099396340442e-05	4.207739680765e-05
835                 	5.808750884816e-05	1.223332849404e-04	4.088628540642e-05	4.188415979340e-05
836                 	5.805369924395e-05	1.219776811297e-04	4.077915643481e-05	4.169146386567e-05
837                 	5.802029202322e-05	1.216230337728e-04	4.067257728237e-05	4.149883557709e-05
838                 	5.798705557303e-05	1.212695996687e-04	4.056653165259e-05	4.130716080374e-05
839                 	5.795407811065e-05	1.209179891520e-04	4.046104988320e-05	4.111518350524e-05
840                 	5.792145117672e-05	1.205674557588e-04	4.035611966681e-05	4.092380160368e-05
841                 	5.788907217952e-05	1.202178619164e-04	4.025181414890e-05	4.073484669049e-05
842                 	5.785683465570e-05	1.198697367663e-04	4.014806598427e-05	4.054789143213e-05
843                 	5.782500680707e-05	1.195226608959e-04	4.004482866680e-05	4.036050240253e-05
844                 	5.779345637617e-05	1.191764787669e-04	3.994208521854e-05	4.017182430726e-05
845                 	5.776190603484e-05	1.188315647577e-04	3.983986047114e-05	3.998759287157e-05
846                 	5.773069392728e-05	1.184879097516e-04	3.973817919807e-05	3.980696429825e-05
847                 	5.769984436415e-05	1.181455637898e-04	3.963701981418e-05	3.962681851777e-05
848                 	5.766898249661e-05	1.178044077945e-04	3.953638888436e-05	3.944570462045e-05
849                 	5.763843516434e-05	1.174644825741e-04	3.943632650802e-05	3.926673380468e-05
850                 	5.760824214264e-05	1.171322961446e-04	3.933691238682e-05	3.916755966354e-05
851                 	5.757794287933e-05	1.167827583621e-04	3.923776676824e-05	3.892792277466e-05
852                 	5.754792670532e-05	1.164535352236e-04	3.913928954450e-05	3.881770671700e-05
853                 	5.751818607442e-05	1.161101975642e-04	3.904112961438e-05	3.858595652790e-05
854                 	5.748844084255e-05	1.157852005803e-04	3.894367150147e-05	3.848778366661e-05
855                 	5.745890156970e-05	1.154500072347e-04	3.884665249217e-05	3.833982836416e-05
856                 	5.742966588812e-05	1.151153303300e-04	3.875012797042e-05	3.818771951545e-05
857                 	5.740042235740e-05	1.147832764883e-04	3.865412752622e-05	3.803618453588e-05
858                 	5.737145315584e-05	1.144532994476e-04	3.855861625156e-05	3.788625516654e-05
859                 	5.734260038619e-05	1.141247016390e-04	3.846358832217e-05	3.774243421200e-05
860                 	5.731379255220e-05	1.137972616500e-04	3.836904525883e-05	3.759708466327e-05
861                 	5.728527884942e-05	1.134704587932e-04	3.827499346573e-05	3.744993440234e-05
862                 	5.725677410209e-05	1.131445944746e-04	3.818143206461e-05	3.730105566981e-05
863                 	5.722830047847e-05	1.128201361844e-04	3.808837496398e-05	3.715176248087e-05
864                 	5.720001609002e-05	1.124968081626e-04	3.799584077442e-05	3.700008591200e-05
865                 	5.717168117738e-05	1.121743227581e-04	3.790374291926e-05	3.684823476337e-05
866                 	5.714353590111e-05	1.118529861420e-04	3.781210914597e-05	3.669868328551e-05
867                 	5.711528682535e-05	1.115330588371e-04	3.772094092599e-05	3.655026550372e-05
868                 	5.708693466718e-05	1.112139667565e-04	3.763024946176e-05	3.640144163846e-05
869                 	5.705894247475e-05	1.108956362377e-04	3.754004758199e-05	3.624998427536e-05
870                 	5.703059678077e-05	1.105787539339e-04	3.745036130156e-05	3.609935721233e-05
871                 	5.700223492344e-05	1.102631168643e-04	3.736112803383e-05	3.594847444134e-05
872                 	5.697400636744e-05	1.099482618788e-04	3.727233436176e-05	3.578943039104e-05
873                 	5.694540910325e-05	1.096345101384e-04	3.718400146178e-05	3.564281157848e-05
874                 	5.691699172007e-05	1.093214065872e-04	3.709612733495e-05	3.549768748791e-05
875                 	5.688856496834e-05	1.090096468618e-04	3.700872982913e-05	3.534197314195e-05
876                 	5.685993392140e-05	1.086996043960e-04	3.692178991329e-05	3.518938830623e-05
877                 	5.683124332313e-05	1.083901971705e-04	3.683527027226e-05	3.504678045554e-05
878                 	5.680251826456e-05	1.080814388262e-04	3.674916227209e-05	3.489492876450e-05
879                 	5.677357273528e-05	1.077737712846e-04	3.666348389446e-05	3.474515120505e-05
880                 	5.674461346007e-05	1.074668157523e-04	3.657825136105e-05	3.459644166318e-05
881                 	5.671569798207e-05	1.071610126895e-04	3.649345847025e-05	3.444799427466e-05
882                 	5.668656653589e-05	1.068569293138e-04	3.640906192739e-05	3.430101648391e-05
883                 	5.665742161948e-05	1.065540820920e-04	3.632507105996e-05	3.415352869863e-05
884                 	5.662811775332e-05	1.062520611139e-04	3.624150680408e-05	3.401323977484e-05
885                 	5.659887086243e-05	1.059503264919e-04	3.615832700877e-05	3.387117241532e-05
886                 	5.656943370673e-05	1.056501028973e-04	3.607555055235e-05	3.371892189643e-05
887                 	5.654006823379e-05	1.053511441819e-04	3.599319492737e-05	3.357747641085e-05
888                 	5.651046557409e-05	1.050528000917e-04	3.591119412263e-05	3.342839142809e-05
889                 	5.648100126240e-05	1.047556262501e-04	3.582964632330e-05	3.328884285615e-05
890                 	5.645147305002e-05	1.044587566748e-04	3.574845705351e-05	3.313932378971e-05
891                 	5.642177447144e-05	1.041638525075e-04	3.566766048886e-05	3.300434164009e-05
892                 	5.639216368854e-05	1.038692132138e-04	3.558720022022e-05	3.285985361547e-05
893                 	5.636229079541e-05	1.035760717725e-04	3.550717910951e-05	3.272590036691e-05
894                 	5.633250331536e-05	1.032837794299e-04	3.542751838852e-05	3.258912414984e-05
895                 	5.630274888802e-05	1.029924543639e-04	3.534817805758e-05	3.244375130817e-05
896                 	5.627314093161e-05	1.027028907009e-04	3.526926189987e-05	3.231151185631e-05
897                 	5.624381042015e-05	1.024135885395e-04	3.519070683291e-05	3.217672759395e-05
898                 	5.621442317985e-05	1.021249826399e-04	3.511251002477e-05	3.204012289203e-05
899                 	5.618516577078e-05	1.018375146301e-04	3.503469908583e-05	3.190461345848e-05
900                 	5.615584005971e-05	1.015511276286e-04	3.495726730410e-05	3.176912395612e-05
901                 	5.612665378626e-05	1.012660730747e-04	3.488017711163e-05	3.163451665953e-05
902                 	5.609751092669e-05	1.009818560022e-04	3.480345134366e-05	3.150006813234e-05
903                 	5.606830416991e-05	1.006985131364e-04	3.472706465468e-05	3.136685921914e-05
904                 	5.603916816662e-05	1.004159103119e-04	3.465101031071e-05	3.123457668199e-05
905                 	5.601009519685e-05	1.001340456211e-04	3.457528692336e-05	3.110329019176e-05
906                 	5.598098048717e-05	9.985340918322e-05	3.449987912154e-05	3.097223084948e-05
