1	1
2	1
3	1
4	1
5	1
6	1
7	1
8	1
9	1
10	1
11	1
12	1
13	1
14	1
15	2
16	2
17	2
18	2
19	2
20	2
21	2
22	2
23	2
24	2
25	2
26	2
27	2
28	2
29	2
30	3
31	3
32	3
33	3
34	3
35	3
36	3
37	3
38	3
39	3
40	3
41	3
42	3
43	4
44	4
45	4
46	4
47	4
48	4
49	4
50	4
51	4
52	4
53	4
54	4
55	5
56	5
57	5
58	5
59	5
60	5
61	5
62	5
63	5
64	5
65	5
66	6
67	6
68	6
69	6
70	6
71	6
72	6
73	6
74	6
75	6
76	6
77	6
78	7
79	7
80	7
81	7
82	7
83	7
84	7
85	7
86	7
87	7
88	7
89	8
90	8
91	8
92	8
93	8
94	8
95	8
96	8
97	8
98	8
99	8
100	8
101	9
102	9
103	9
104	9
105	9
106	9
107	9
108	9
109	9
110	9
111	9
112	10
113	10
114	10
115	10
116	10
117	10
118	10
119	10
120	10
121	10
122	10
123	11
124	11
125	11
126	11
127	11
128	11
129	11
130	11
131	11
132	11
133	11
134	11
135	12
136	12
137	12
138	12
139	12
140	12
141	12
142	12
143	12
144	12
145	12
146	12
147	13
148	13
149	13
150	13
151	13
152	13
153	13
154	13
155	13
156	13
157	13
158	14
159	14
160	14
161	14
162	14
163	14
164	14
165	14
166	14
167	14
168	14
169	14
170	15
171	15
172	15
173	15
174	15
175	15
176	15
177	15
178	15
179	15
180	15
181	16
182	16
183	16
184	16
185	16
186	16
187	16
188	16
189	16
190	16
191	16
192	16
193	17
194	17
195	17
196	17
197	17
198	17
199	17
200	17
201	17
202	17
203	17
204	18
205	18
206	18
207	18
208	18
209	18
210	18
211	18
212	18
213	18
214	18
215	18
216	19
217	19
218	19
219	19
220	19
221	19
222	19
223	19
224	19
225	19
226	19
227	19
228	20
229	20
230	20
231	20
232	20
233	20
234	20
235	20
236	20
237	20
238	20
239	21
240	21
241	21
242	21
243	21
244	21
245	21
246	21
247	21
248	21
249	21
250	21
251	22
252	22
253	22
254	22
255	22
256	22
257	22
258	22
259	22
260	22
261	22
262	22
263	23
264	23
265	23
266	23
267	23
268	23
269	23
270	23
271	23
272	23
273	23
274	24
275	24
276	24
277	24
278	24
279	24
280	24
281	24
282	24
283	24
284	24
285	24
286	25
287	25
288	25
289	25
290	25
291	25
292	25
293	25
294	25
295	25
296	25
297	25
298	26
299	26
300	26
301	26
302	26
303	26
304	26
305	26
306	26
307	26
308	26
309	27
310	27
311	27
312	27
313	27
314	27
315	27
316	27
317	27
318	27
319	27
320	28
321	28
322	28
323	28
324	28
325	28
326	28
327	28
328	28
329	28
330	28
331	28
332	29
333	29
334	29
335	29
336	29
337	29
338	29
339	29
340	29
341	29
342	29
343	30
344	30
345	30
346	30
347	30
348	30
349	30
350	30
351	30
352	30
353	30
354	30
355	31
356	31
357	31
358	31
359	31
360	31
361	31
362	31
363	31
364	31
365	31
366	32
367	32
368	32
369	32
370	32
371	32
372	32
373	32
374	32
375	32
376	32
377	32
378	33
379	33
380	33
381	33
382	33
383	33
384	33
385	33
386	33
387	33
388	33
389	33
390	34
391	34
392	34
393	34
394	34
395	34
396	34
397	34
398	34
399	34
400	34
401	35
402	35
403	35
404	35
405	35
406	35
407	35
408	35
409	35
410	35
411	35
412	36
413	36
414	36
415	36
416	36
417	36
418	36
419	36
420	36
421	36
422	36
423	37
424	37
425	37
426	37
427	37
428	37
429	37
430	37
431	37
432	37
433	37
434	37
435	38
436	38
437	38
438	38
439	38
440	38
441	38
442	38
443	38
444	38
445	38
446	39
447	39
448	39
449	39
450	39
451	39
452	39
453	39
454	39
455	39
456	39
457	40
458	40
459	40
460	40
461	40
462	40
463	40
464	40
465	40
466	40
467	40
468	41
469	41
470	41
471	41
472	41
473	41
474	41
475	41
476	41
477	41
478	41
479	42
480	42
481	42
482	42
483	42
484	42
485	42
486	42
487	42
488	42
489	42
490	43
491	43
492	43
493	43
494	43
495	43
496	43
497	43
498	43
499	43
500	44
501	44
502	44
503	44
504	44
505	44
506	44
507	44
508	44
509	44
510	44
511	45
512	45
513	45
514	45
515	45
516	45
517	45
518	45
519	45
520	45
521	45
522	46
523	46
524	46
525	46
526	46
527	46
528	46
529	46
530	46
531	46
532	46
533	47
534	47
535	47
536	47
537	47
538	47
539	47
540	47
541	47
542	47
543	47
544	48
545	48
546	48
547	48
548	48
549	48
550	48
551	48
552	48
553	48
554	48
555	48
556	49
557	49
558	49
559	49
560	49
561	49
562	49
563	49
564	49
565	49
566	49
567	50
568	50
569	50
570	50
571	50
572	50
573	50
574	50
575	50
576	50
577	50
578	50
579	51
580	51
581	51
582	51
583	51
584	51
585	51
586	51
587	51
588	51
589	51
590	52
591	52
592	52
593	52
594	52
595	52
596	52
597	52
598	52
599	52
600	52
601	53
602	53
603	53
604	53
605	53
606	53
607	53
608	53
609	53
610	53
611	53
612	54
613	54
614	54
615	54
616	54
617	54
618	54
619	54
620	54
621	54
622	54
623	55
624	55
625	55
626	55
627	55
628	55
629	55
630	55
631	55
632	55
633	55
634	55
635	56
636	56
637	56
638	56
639	56
640	56
641	56
642	56
643	56
644	56
645	56
646	57
647	57
648	57
649	57
650	57
651	57
652	57
653	57
654	57
655	57
656	57
657	58
658	58
659	58
660	58
661	58
662	58
663	58
664	58
665	58
666	58
667	58
668	58
669	59
670	59
671	59
672	59
673	59
674	59
675	59
676	59
677	59
678	59
679	59
680	60
681	60
682	60
683	60
684	60
685	60
686	60
687	60
688	60
689	60
690	60
691	61
692	61
693	61
694	61
695	61
696	61
697	61
698	61
699	61
700	61
701	61
702	62
703	62
704	62
705	62
706	62
707	62
708	62
709	62
710	62
711	62
712	62
713	62
714	63
715	63
716	63
717	63
718	63
719	63
720	63
721	63
722	63
723	63
724	63
725	64
726	64
727	64
728	64
729	64
730	64
731	64
732	64
733	64
734	64
735	64
736	64
737	65
738	65
739	65
740	65
741	65
742	65
743	65
744	65
745	65
746	65
747	65
748	66
749	66
750	66
751	66
752	66
753	66
754	66
755	66
756	66
757	66
758	66
759	66
760	67
761	67
762	67
763	67
764	67
765	67
766	67
767	67
768	67
769	67
770	67
771	68
772	68
773	68
774	68
775	68
776	68
777	68
778	68
779	68
780	68
781	68
782	68
783	69
784	69
785	69
786	69
787	69
788	69
789	69
790	69
791	69
792	69
793	69
794	70
795	70
796	70
797	70
798	70
799	70
800	70
801	70
802	70
803	70
804	70
805	71
806	71
807	71
808	71
809	71
810	71
811	71
812	71
813	71
814	71
815	71
816	72
817	72
818	72
819	72
820	72
821	72
822	72
823	72
824	72
825	72
826	72
827	72
828	73
829	73
830	73
831	73
832	73
833	73
834	73
835	73
836	73
837	73
838	73
839	74
840	74
841	74
842	74
843	74
844	74
845	74
846	74
847	74
848	74
849	74
850	75
851	75
852	75
853	75
854	75
855	75
856	75
857	75
858	75
859	75
860	75
861	75
862	76
863	76
864	76
865	76
866	76
867	76
868	76
869	76
870	76
871	76
872	76
873	77
874	77
875	77
876	77
877	77
878	77
879	77
880	77
881	77
882	77
883	77
884	77
885	78
886	78
887	78
888	78
889	78
890	78
891	78
892	78
893	78
894	78
895	78
896	79
897	79
898	79
899	79
900	79
901	79
902	79
903	79
904	79
905	79
906	79
907	80
908	80
909	80
910	80
911	80
912	80
913	80
914	80
915	80
916	80
917	80
918	80
919	81
920	81
921	81
922	81
923	81
924	81
925	81
926	81
927	81
928	81
929	81
930	82
931	82
932	82
933	82
934	82
935	82
936	82
937	82
938	82
939	82
940	82
941	82
942	83
943	83
944	83
945	83
946	83
947	83
948	83
949	83
950	83
951	83
952	83
953	84
954	84
955	84
956	84
957	84
958	84
959	84
960	84
961	84
962	84
963	84
964	84
965	85
966	85
967	85
968	85
969	85
970	85
971	85
972	85
973	85
974	85
975	85
976	85
977	86
978	86
979	86
980	86
981	86
982	86
983	86
984	86
985	86
986	86
987	86
988	86
989	87
990	87
991	87
992	87
993	87
994	87
995	87
996	87
997	87
998	87
999	87
1000	88
1001	88
1002	88
1003	88
1004	88
1005	88
1006	88
1007	88
1008	88
1009	88
1010	88
1011	89
1012	89
1013	89
1014	89
1015	89
1016	89
1017	89
1018	89
1019	89
1020	89
1021	90
1022	90
1023	90
1024	90
1025	90
1026	90
1027	90
1028	90
1029	90
1030	90
1031	90
1032	90
1033	91
1034	91
1035	91
1036	91
1037	91
1038	91
1039	91
1040	91
1041	91
1042	91
1043	91
1044	91
1045	91
1046	92
1047	92
1048	92
1049	92
1050	92
1051	92
1052	92
1053	92
1054	92
1055	92
1056	92
1057	92
1058	92
1059	93
1060	93
1061	93
1062	93
1063	93
1064	93
1065	93
1066	93
1067	93
1068	93
1069	93
1070	93
1071	94
1072	94
1073	94
1074	94
1075	94
1076	94
1077	94
1078	94
1079	94
1080	94
1081	94
1082	95
1083	95
1084	95
1085	95
1086	95
1087	95
1088	95
1089	95
1090	95
1091	95
1092	95
1093	95
1094	96
1095	96
1096	96
1097	96
1098	96
1099	96
1100	96
1101	96
1102	96
1103	96
1104	96
1105	97
1106	97
1107	97
1108	97
1109	97
1110	97
1111	97
1112	97
1113	97
1114	97
1115	97
1116	97
1117	97
1118	98
1119	98
1120	98
1121	98
1122	98
1123	98
1124	98
1125	98
1126	98
1127	98
1128	98
1129	98
1130	98
1131	99
1132	99
1133	99
1134	99
1135	99
1136	99
1137	99
1138	99
1139	99
1140	99
1141	99
1142	99
1143	100
1144	100
1145	100
1146	100
1147	100
1148	100
1149	100
1150	100
1151	100
1152	100
1153	100
1154	100
1155	100
1156	101
1157	101
1158	101
1159	101
1160	101
1161	101
1162	101
1163	101
1164	101
1165	101
1166	101
1167	101
1168	101
1169	102
1170	102
1171	102
1172	102
1173	102
1174	102
1175	102
1176	102
1177	102
1178	102
1179	102
1180	103
1181	103
1182	103
1183	103
1184	103
1185	103
1186	103
1187	103
1188	103
1189	103
1190	103
1191	104
1192	104
1193	104
1194	104
1195	104
1196	104
1197	104
1198	104
1199	104
1200	104
1201	105
1202	105
1203	105
1204	105
1205	105
1206	105
1207	105
1208	105
1209	105
1210	105
1211	105
1212	105
1213	105
1214	106
1215	106
1216	106
1217	106
1218	106
1219	106
1220	106
1221	106
1222	106
1223	106
1224	106
1225	107
1226	107
1227	107
1228	107
1229	107
1230	107
1231	107
1232	107
1233	107
1234	107
1235	107
1236	107
1237	107
1238	107
1239	108
1240	108
1241	108
1242	108
1243	108
1244	108
1245	108
1246	108
1247	108
1248	108
1249	108
1250	108
1251	108
1252	109
1253	109
1254	109
1255	109
1256	109
1257	109
1258	109
1259	109
1260	109
1261	109
1262	109
1263	109
1264	110
1265	110
1266	110
1267	110
1268	110
1269	110
1270	110
1271	110
1272	110
1273	110
1274	110
1275	110
1276	110
1277	111
1278	111
1279	111
1280	111
1281	111
1282	111
1283	111
1284	111
1285	111
1286	111
1287	111
1288	111
1289	111
1290	112
1291	112
1292	112
1293	112
1294	112
1295	112
1296	112
1297	112
1298	112
1299	112
1300	112
1301	112
1302	113
1303	113
1304	113
1305	113
1306	113
1307	113
1308	113
1309	113
1310	113
1311	113
1312	113
1313	113
1314	113
1315	114
1316	114
1317	114
1318	114
1319	114
1320	114
1321	114
1322	114
1323	114
1324	114
1325	114
1326	114
1327	115
1328	115
1329	115
1330	115
1331	115
1332	115
1333	115
1334	115
1335	115
1336	115
1337	115
1338	116
1339	116
1340	116
1341	116
1342	116
1343	116
1344	116
1345	116
1346	116
1347	116
1348	116
1349	116
1350	116
1351	117
1352	117
1353	117
1354	117
1355	117
1356	117
1357	117
1358	117
1359	117
1360	117
1361	117
1362	117
1363	118
1364	118
1365	118
1366	118
1367	118
1368	118
1369	118
1370	118
1371	118
1372	118
1373	118
1374	118
1375	119
1376	119
1377	119
1378	119
1379	119
1380	119
1381	119
1382	119
1383	119
1384	119
1385	119
1386	119
1387	120
1388	120
1389	120
1390	120
1391	120
1392	120
1393	120
1394	120
1395	120
1396	120
1397	120
1398	120
1399	121
1400	121
1401	121
1402	121
1403	121
1404	121
1405	121
1406	121
1407	121
1408	121
1409	121
1410	121
1411	122
1412	122
1413	122
1414	122
1415	122
1416	122
1417	122
1418	122
1419	122
1420	122
1421	122
1422	122
1423	123
1424	123
1425	123
1426	123
1427	123
1428	123
1429	123
1430	123
1431	123
1432	123
1433	123
1434	124
1435	124
1436	124
1437	124
1438	124
1439	124
1440	124
1441	124
1442	124
1443	124
1444	124
1445	124
1446	125
1447	125
1448	125
1449	125
1450	125
1451	125
1452	125
1453	125
1454	125
1455	125
1456	125
1457	125
1458	126
1459	126
1460	126
1461	126
1462	126
1463	126
1464	126
1465	126
1466	126
1467	126
1468	126
1469	127
1470	127
1471	127
1472	127
1473	127
1474	127
1475	127
1476	127
1477	127
1478	127
1479	127
1480	127
1481	128
1482	128
1483	128
1484	128
1485	128
1486	128
1487	128
1488	128
1489	128
1490	128
1491	128
1492	129
1493	129
1494	129
1495	129
1496	129
1497	129
1498	129
1499	129
1500	129
1501	129
1502	129
1503	129
1504	130
1505	130
1506	130
1507	130
1508	130
1509	130
1510	130
1511	130
1512	130
1513	130
1514	130
1515	131
1516	131
1517	131
1518	131
1519	131
1520	131
1521	131
1522	131
1523	131
1524	131
1525	131
1526	132
1527	132
1528	132
1529	132
1530	132
1531	132
1532	132
1533	132
1534	132
1535	132
1536	132
1537	132
1538	133
1539	133
1540	133
1541	133
1542	133
1543	133
1544	133
1545	133
1546	133
1547	133
1548	133
1549	133
1550	134
1551	134
1552	134
1553	134
1554	134
1555	134
1556	134
1557	134
1558	134
1559	134
1560	134
1561	134
1562	135
1563	135
1564	135
1565	135
1566	135
1567	135
1568	135
1569	135
1570	135
1571	135
1572	135
1573	135
1574	136
1575	136
1576	136
1577	136
1578	136
1579	136
1580	136
1581	136
1582	136
1583	136
1584	136
1585	136
1586	137
1587	137
1588	137
1589	137
1590	137
1591	137
1592	137
1593	137
1594	137
1595	137
1596	137
1597	137
1598	138
1599	138
1600	138
1601	138
1602	138
1603	138
1604	138
1605	138
1606	138
1607	138
1608	138
1609	139
1610	139
1611	139
1612	139
1613	139
1614	139
1615	139
1616	139
1617	139
1618	139
1619	139
1620	139
1621	140
1622	140
1623	140
1624	140
1625	140
1626	140
1627	140
1628	140
1629	140
1630	140
1631	140
1632	140
1633	141
1634	141
1635	141
1636	141
1637	141
1638	141
1639	141
1640	141
1641	141
1642	141
1643	141
1644	142
1645	142
1646	142
1647	142
1648	142
1649	142
1650	142
1651	142
1652	142
1653	142
1654	142
1655	142
1656	143
1657	143
1658	143
1659	143
1660	143
1661	143
1662	143
1663	143
1664	143
1665	143
1666	143
1667	143
1668	144
1669	144
1670	144
1671	144
1672	144
1673	144
1674	144
1675	144
1676	144
1677	144
1678	144
1679	144
1680	145
1681	145
1682	145
1683	145
1684	145
1685	145
1686	145
1687	145
1688	145
1689	145
1690	145
1691	145
1692	146
1693	146
1694	146
1695	146
1696	146
1697	146
1698	146
1699	146
1700	146
1701	146
1702	146
1703	146
1704	147
1705	147
1706	147
1707	147
1708	147
1709	147
1710	147
1711	147
1712	147
1713	147
1714	147
1715	147
1716	148
1717	148
1718	148
1719	148
1720	148
1721	148
1722	148
1723	148
1724	148
1725	148
1726	148
1727	148
1728	149
1729	149
1730	149
1731	149
1732	149
1733	149
1734	149
1735	149
1736	149
1737	149
1738	149
1739	149
1740	150
1741	150
1742	150
1743	150
1744	150
1745	150
1746	150
1747	150
1748	150
1749	150
1750	150
1751	150
1752	150
1753	151
1754	151
1755	151
1756	151
1757	151
1758	151
1759	151
1760	151
1761	151
1762	151
1763	151
1764	151
1765	152
1766	152
1767	152
1768	152
1769	152
1770	152
1771	152
1772	152
1773	152
1774	152
1775	152
1776	152
1777	153
1778	153
1779	153
1780	153
1781	153
1782	153
1783	153
1784	153
1785	153
1786	153
1787	153
1788	153
1789	154
1790	154
1791	154
1792	154
1793	154
1794	154
1795	154
1796	154
1797	154
1798	154
1799	154
1800	154
1801	155
1802	155
1803	155
1804	155
1805	155
1806	155
1807	155
1808	155
1809	155
1810	155
1811	155
1812	155
1813	156
1814	156
1815	156
1816	156
1817	156
1818	156
1819	156
1820	156
1821	156
1822	156
1823	156
1824	156
1825	157
1826	157
1827	157
1828	157
1829	157
1830	157
1831	157
1832	157
1833	157
1834	157
1835	157
1836	157
1837	157
1838	158
1839	158
1840	158
1841	158
1842	158
1843	158
1844	158
1845	158
1846	158
1847	158
1848	158
1849	158
1850	159
1851	159
1852	159
1853	159
1854	159
1855	159
1856	159
1857	159
1858	159
1859	159
1860	159
1861	159
1862	160
1863	160
1864	160
1865	160
1866	160
1867	160
1868	160
1869	160
1870	160
1871	160
1872	160
1873	160
1874	161
1875	161
1876	161
1877	161
1878	161
1879	161
1880	161
1881	161
1882	161
1883	161
1884	161
1885	161
1886	161
1887	162
1888	162
1889	162
1890	162
1891	162
1892	162
1893	162
1894	162
1895	162
1896	162
1897	162
1898	162
1899	163
1900	163
1901	163
1902	163
1903	163
1904	163
1905	163
1906	163
1907	163
1908	163
1909	163
1910	163
1911	164
1912	164
1913	164
1914	164
1915	164
1916	164
1917	164
1918	164
1919	164
1920	164
1921	164
1922	164
1923	165
1924	165
1925	165
1926	165
1927	165
1928	165
1929	165
1930	165
1931	165
1932	165
1933	165
1934	165
1935	166
1936	166
1937	166
1938	166
1939	166
1940	166
1941	166
1942	166
1943	166
1944	166
1945	166
1946	166
1947	167
1948	167
1949	167
1950	167
1951	167
1952	167
1953	167
1954	167
1955	167
1956	167
1957	167
1958	168
1959	168
1960	168
1961	168
1962	168
1963	168
1964	168
1965	168
1966	168
1967	168
1968	168
1969	168
1970	168
1971	169
1972	169
1973	169
1974	169
1975	169
1976	169
1977	169
1978	169
1979	169
1980	169
1981	169
1982	169
1983	170
1984	170
1985	170
1986	170
1987	170
1988	170
1989	170
1990	170
1991	170
1992	170
1993	170
1994	170
1995	171
1996	171
1997	171
1998	171
1999	171
2000	171
2001	171
2002	171
2003	171
2004	171
2005	171
2006	171
2007	172
2008	172
2009	172
2010	172
2011	172
2012	172
2013	172
2014	172
2015	172
2016	172
2017	172
2018	172
2019	173
2020	173
2021	173
2022	173
2023	173
2024	173
2025	173
2026	173
2027	173
2028	173
2029	173
2030	173
2031	174
2032	174
2033	174
2034	174
2035	174
2036	174
2037	174
2038	174
2039	174
2040	174
2041	174
2042	174
2043	175
2044	175
2045	175
2046	175
2047	175
2048	175
2049	175
2050	175
2051	175
2052	175
2053	175
2054	175
2055	175
2056	176
2057	176
2058	176
2059	176
2060	176
2061	176
2062	176
2063	176
2064	176
2065	176
2066	176
2067	176
2068	177
2069	177
2070	177
2071	177
2072	177
2073	177
2074	177
2075	177
2076	177
2077	177
2078	177
2079	177
2080	178
2081	178
2082	178
2083	178
2084	178
2085	178
2086	178
2087	178
2088	178
2089	178
2090	178
2091	178
2092	178
2093	179
2094	179
2095	179
2096	179
2097	179
2098	179
2099	179
2100	179
2101	179
2102	179
2103	179
2104	179
2105	180
2106	180
2107	180
2108	180
2109	180
2110	180
2111	180
2112	180
2113	180
2114	180
2115	180
2116	180
2117	181
2118	181
2119	181
2120	181
2121	181
2122	181
2123	181
2124	181
2125	181
2126	181
2127	181
2128	182
2129	182
2130	182
2131	182
