1	-0.000279621437401
2	1.68087312153
3	0.0627326210565
4	1.08478279969
5	1.52140758235
6	0.405094242677
7	-2.42232635922
8	-4.37691150565
9	-4.04149066795
10	-3.70172386167
11	-3.72725300467
12	-3.38647160518
13	-3.36210892962
14	-3.28490196546
15	-3.4560710584
16	-3.36423229597
17	-3.477060393
18	-3.5534317842
19	-3.56182065888
20	-3.5600515202
21	-3.52959506514
22	-3.51858519218
23	-3.49174015312
24	-3.46726383301
25	-3.46099435217
26	-3.47215453578
27	-3.51486783642
28	-3.52056906207
29	-3.52769930108
30	-3.51067556186
31	-3.49947482015
32	-3.49137369693
33	-3.48184766056
34	-3.47858317588
35	-3.47140078198
36	-3.4647113439
37	-3.46955934859
38	-3.47308875416
39	-3.4773727912
40	-3.47794785128
41	-3.48245505144
42	-3.48190263021
43	-3.48014780857
44	-3.47875926913
45	-3.47313852637
46	-3.4695307516
47	-3.46378271348
48	-3.46114002669
49	-3.45830933926
50	-3.45640862622
51	-3.45421221614
52	-3.45305673348
53	-3.45215871218
54	-3.45149645694
55	-3.45096399954
56	-3.44820483832
57	-3.44525644349
58	-3.44411475973
59	-3.44326557819
60	-3.44208394135
61	-3.44091426498
62	-3.44040048022
63	-3.4398589822
64	-3.43941159388
65	-3.43892342495
66	-3.43850677768
67	-3.43814988111
68	-3.43789877282
69	-3.43745727233
70	-3.43647585072
71	-3.43596733707
72	-3.43530727466
73	-3.43494411705
74	-3.43450870298
75	-3.43417160078
76	-3.43386275201
77	-3.43340395516
78	-3.43331594871
79	-3.43294225278
80	-3.43283854223
81	-3.4323199464
82	-3.43211731168
83	-3.43188816981
84	-3.43165348534
85	-3.43148292897
86	-3.43132575525
87	-3.43123519672
88	-3.43113294501
89	-3.43110814533
90	-3.43092152649
91	-3.4306346458
92	-3.43060152272
93	-3.43057609011
94	-3.43053109401
95	-3.43059021576
96	-3.4304659778
97	-3.43038254271
98	-3.43026213149
99	-3.43017112785
100	-3.43009286662
101	-3.42999999392
102	-3.43002333431
103	-3.43003176535
104	-3.43005415826
105	-3.43003208263
106	-3.42987898543
107	-3.42989877673
108	-3.4298456364
109	-3.42979118275
110	-3.42973388891
111	-3.42969736447
112	-3.4296665893
113	-3.42962614048
114	-3.42963121706
115	-3.4296168049
116	-3.42958767975
117	-3.42956129897
118	-3.42955253628
119	-3.42954541617
120	-3.4295102961
121	-3.42949554543
122	-3.42951439192
123	-3.4295129627
124	-3.42948853901
125	-3.42942461404
126	-3.42943341251
127	-3.42939661091
128	-3.42934610284
129	-3.42931381157
130	-3.42930484103
131	-3.42927447121
132	-3.42928784879
133	-3.42928700546
134	-3.42926805563
135	-3.42926542904
136	-3.42923601479
137	-3.42922408711
138	-3.42920174867
139	-3.42918991873
140	-3.42917476752
141	-3.42915847484
142	-3.42914911102
143	-3.42914101828
144	-3.42912303059
145	-3.42909207117
146	-3.42906506971
147	-3.42905236838
148	-3.4290585264
149	-3.42904800437
150	-3.42905772117
151	-3.42902156242
152	-3.42902815712
153	-3.42903952581
154	-3.42901797444
155	-3.42900067233
156	-3.42898539734
157	-3.42898913319
158	-3.42898811749
159	-3.42899348575
160	-3.4289941346
161	-3.42899350738
162	-3.42896297144
163	-3.42893155714
164	-3.42890087111
165	-3.42889431517
166	-3.42889406167
167	-3.42889623322
168	-3.42889494886
169	-3.42889532818
170	-3.42889343624
171	-3.42889198111
172	-3.42888580507
173	-3.42888897592
174	-3.42888781403
175	-3.42889002189
176	-3.42889316348
177	-3.42889244343
178	-3.42888778621
179	-3.42885897006
180	-3.428852156
181	-3.42886226841
182	-3.42883292619
183	-3.4287896035
184	-3.42876513689
185	-3.42876321454
186	-3.42873616515
187	-3.42873607509
188	-3.42871312164
189	-3.42871457941
190	-3.42869277034
191	-3.42867214435
192	-3.42867137347
193	-3.42864825139
194	-3.42864334712
195	-3.42862244706
196	-3.42860676031
197	-3.42860760742
198	-3.42858859904
199	-3.42858602538
200	-3.42858797813
201	-3.428586458
202	-3.42858538018
203	-3.42858662148
204	-3.4285669414
205	-3.42856827094
206	-3.42857220992
207	-3.42854655806
208	-3.42854898114
209	-3.42853220528
210	-3.42853010204
211	-3.42851370065
212	-3.42849349929
213	-3.42848572905
214	-3.42848242588
215	-3.42846328486
216	-3.4284455449
217	-3.42844105657
218	-3.42843780086
219	-3.42842225449
220	-3.42841691745
221	-3.42839942278
222	-3.4283970429
223	-3.42838239508
224	-3.42837686002
225	-3.42836187852
226	-3.42835824731
227	-3.42834489495
228	-3.42834311116
229	-3.42833207876
230	-3.42833035619
231	-3.42831640945
232	-3.42831432228
233	-3.42829515424
234	-3.42829319086
235	-3.42829092632
236	-3.42828756508
237	-3.42828301953
238	-3.42827036906
239	-3.42826511223
240	-3.42826120512
241	-3.42824459116
242	-3.4282397851
243	-3.42822567539
244	-3.42822066612
245	-3.42821551035
246	-3.42820994006
247	-3.42820479475
248	-3.42819993287
249	-3.42819399064
250	-3.42818871854
251	-3.42818400331
252	-3.42818096364
253	-3.42817889697
254	-3.42817685627
255	-3.42817389337
256	-3.42817076227
257	-3.42817065385
258	-3.42817135909
259	-3.4281717444
260	-3.42817310447
261	-3.42817214818
262	-3.42816076384
263	-3.42815609781
264	-3.42815363281
265	-3.42815386697
266	-3.42815092882
267	-3.42814671348
268	-3.42814761076
269	-3.42814662723
270	-3.42815014268
271	-3.42815340679
272	-3.42815653594
273	-3.42816116927
274	-3.42816310388
275	-3.42816501109
276	-3.42816697762
277	-3.42816959909
278	-3.42817178009
279	-3.4281734092
280	-3.42817478404
281	-3.42817218635
282	-3.42817289403
283	-3.42817385421
284	-3.42816948602
285	-3.42817181572
286	-3.42817469544
287	-3.42817750598
288	-3.4281807354
289	-3.42818397664
290	-3.42818732789
291	-3.42819059119
292	-3.42819188198
293	-3.42819242919
294	-3.42819330551
295	-3.42819361596
296	-3.42819443947
297	-3.42819208994
298	-3.42818999818
299	-3.42818811647
300	-3.42818938166
301	-3.42819131875
302	-3.42819397403
303	-3.42819653367
304	-3.4281988212
305	-3.42820117503
306	-3.42820574162
307	-3.42820836526
308	-3.42821044837
309	-3.42821141573
310	-3.42821254909
311	-3.42821340261
312	-3.42821220236
313	-3.42821242543
314	-3.42821329611
315	-3.42821031089
316	-3.42820840747
317	-3.42820949073
318	-3.42821139858
319	-3.42821275034
320	-3.42821426425
321	-3.4282157657
322	-3.42821776153
323	-3.42821984309
324	-3.42822155309
325	-3.4282231527
326	-3.4282243707
327	-3.42822507703
328	-3.42822240456
329	-3.42822026475
330	-3.42822040654
331	-3.42822112328
332	-3.42822288307
333	-3.42822390463
334	-3.428224924
335	-3.42822609465
336	-3.42822764391
337	-3.42822943934
338	-3.42823093769
339	-3.42823238783
340	-3.42823342132
341	-3.42823074515
342	-3.42822840647
343	-3.42822815059
344	-3.42822792385
345	-3.42822864337
346	-3.42823031986
347	-3.42822897656
348	-3.42822767366
349	-3.42822646969
350	-3.42822534574
351	-3.42822645005
352	-3.42822447725
353	-3.42822271315
354	-3.42822089863
355	-3.42821831799
356	-3.42821735772
357	-3.4282175183
358	-3.42821867923
359	-3.42821580979
360	-3.42821676196
361	-3.42821425622
362	-3.42821468428
363	-3.42821275888
364	-3.42821157929
365	-3.42820943849
366	-3.42820763104
367	-3.4282058059
368	-3.42820330705
369	-3.42820163295
370	-3.42820060335
371	-3.42820090197
372	-3.42820023782
373	-3.42819911954
374	-3.42819834305
375	-3.42819655808
376	-3.42819644138
377	-3.42819489914
378	-3.42819467267
379	-3.42819342335
380	-3.42819278384
381	-3.4281939599
382	-3.42819472197
383	-3.42819507457
384	-3.42819529356
385	-3.42819335915
386	-3.42819385269
387	-3.42819421872
388	-3.42819457928
389	-3.42819512847
390	-3.42819550947
391	-3.42819575293
392	-3.4281957611
393	-3.42819587571
394	-3.42819616227
395	-3.42819654729
396	-3.42819686502
397	-3.42819721886
398	-3.42819739335
399	-3.42819744115
400	-3.42819652196
401	-3.4281968492
402	-3.42819549981
403	-3.42819448027
404	-3.42819378598
405	-3.42819340187
406	-3.42819356157
407	-3.42819344926
408	-3.42819261006
409	-3.42819257784
410	-3.42819163786
411	-3.42819045029
412	-3.4281883334
413	-3.4281870395
414	-3.42818679849
415	-3.42818641713
416	-3.42818649718
417	-3.42818632899
418	-3.42818617911
419	-3.4281863818
420	-3.42818608285
421	-3.42818482344
422	-3.42818477592
423	-3.42818480681
424	-3.42818478085
425	-3.42818492027
426	-3.42818381773
427	-3.42818232826
428	-3.42818168941
429	-3.42818128995
430	-3.42818044303
431	-3.42818020213
432	-3.42817981315
433	-3.42818022994
434	-3.42817994513
435	-3.42817967958
436	-3.42817947315
437	-3.4281792138
438	-3.42817894846
439	-3.42817873257
440	-3.42817846444
441	-3.42817828088
442	-3.42817767456
443	-3.42817734907
444	-3.42817703653
445	-3.42817680312
446	-3.4281763595
447	-3.42817590105
448	-3.42817553471
449	-3.42817548971
450	-3.42817572196
451	-3.42817586718
452	-3.42817583235
453	-3.42817571065
454	-3.42817560504
455	-3.42817535554
456	-3.42817501061
457	-3.42817490546
458	-3.42817446767
459	-3.42817439769
460	-3.4281740863
461	-3.42817381267
462	-3.42817347952
463	-3.42817315828
464	-3.42817293121
465	-3.428172689
466	-3.42817240867
467	-3.42817215885
468	-3.4281717341
469	-3.42817151791
470	-3.42817127818
471	-3.42817104238
472	-3.42817080171
473	-3.42817037906
474	-3.42817018473
475	-3.42816999007
476	-3.42816974502
477	-3.4281695291
478	-3.42816928219
479	-3.42816885363
480	-3.42816868159
481	-3.42816847353
482	-3.42816826633
483	-3.42816806108
484	-3.42816785508
485	-3.42816763618
486	-3.42816743192
487	-3.42816728167
488	-3.42816711819
489	-3.42816694541
490	-3.42816677706
491	-3.42816661095
492	-3.42816644156
493	-3.42816627647
494	-3.42816610996
495	-3.42816594908
496	-3.42816578631
497	-3.42816562831
498	-3.4281654682
499	-3.42816532293
500	-3.42816516367
501	-3.42816502002
502	-3.42816486292
503	-3.42816472146
504	-3.4281645666
505	-3.42816442721
506	-3.42816427445
507	-3.42816413707
508	-3.42816398663
509	-3.42816385282
510	-3.42816370439
511	-3.42816357244
512	-3.42816383437
513	-3.42816401671
514	-3.42816387524
515	-3.42816368568
516	-3.42816355817
517	-3.42816342235
518	-3.42816330154
519	-3.42816317061
520	-3.42816303734
521	-3.42816290072
522	-3.42816276922
523	-3.42816263644
524	-3.42816250977
525	-3.42816237923
526	-3.42816225477
527	-3.42816245768
528	-3.42816260233
529	-3.4281623971
530	-3.42816225609
531	-3.42816245039
532	-3.42816263648
533	-3.42816276788
534	-3.42816257084
535	-3.42816244323
536	-3.42816263363
537	-3.42816281219
538	-3.42816293514
539	-3.42816305543
540	-3.42816278925
541	-3.42816264946
542	-3.42816283161
543	-3.42816300696
544	-3.42816312493
545	-3.42816324549
546	-3.42816314949
547	-3.42816331447
548	-3.42816349091
549	-3.42816362833
550	-3.42816333898
551	-3.4281632026
552	-3.42816338457
553	-3.42816355215
554	-3.42816366505
555	-3.42816378306
556	-3.42816370046
557	-3.42816385408
558	-3.42816402959
559	-3.42816416723
560	-3.42816409086
561	-3.42816425384
562	-3.42816442754
563	-3.42816456463
564	-3.42816448642
565	-3.42816464436
566	-3.42816481824
567	-3.42816495699
568	-3.42816487869
569	-3.42816503555
570	-3.42816520874
571	-3.42816534828
572	-3.42816526826
573	-3.42816541901
574	-3.42816559291
575	-3.42816573525
576	-3.42816565283
577	-3.42816580345
578	-3.42816597935
579	-3.42816613416
580	-3.42816604626
581	-3.42816619707
582	-3.42816637536
583	-3.42816653256
584	-3.42816643894
585	-3.42816658703
586	-3.42816673402
587	-3.42816663276
588	-3.42816676937
589	-3.42816694355
590	-3.42816709412
591	-3.42816698815
592	-3.42816713051
593	-3.42816728494
594	-3.4281674463
595	-3.42816732948
596	-3.42816746406
597	-3.42816761934
598	-3.42816778321
599	-3.42816766394
600	-3.42816780115
601	-3.42816796047
602	-3.42816811879
603	-3.42816799005
604	-3.42816812717
605	-3.42816828988
606	-3.42816812841
607	-3.42816826088
608	-3.42816842248
609	-3.4281685807
610	-3.42816873076
611	-3.42816858263
612	-3.42816871741
613	-3.42816888948
614	-3.42816904191
615	-3.42816888286
616	-3.42816901093
617	-3.42816918092
618	-3.4281690176
619	-3.42816914431
620	-3.42816931116
621	-3.4281691495
622	-3.42816927503
623	-3.42816944163
624	-3.42816927603
625	-3.42816939536
626	-3.42816955743
627	-3.42816939002
628	-3.42816950518
629	-3.42816966653
630	-3.42816949734
631	-3.4281688123
632	-3.42816901117
633	-3.42816916096
634	-3.42816899102
635	-3.42816907456
636	-3.42816914576
637	-3.42816862822
638	-3.42816878694
639	-3.42816896318
640	-3.42816878538
641	-3.42816821425
642	-3.42816837135
643	-3.42816852863
644	-3.42816865224
645	-3.42816876471
646	-3.42816888145
647	-3.42816900466
648	-3.42816913197
649	-3.42816926078
650	-3.42816938947
651	-3.42816951714
652	-3.42816964331
653	-3.42816976776
654	-3.42816989048
655	-3.42817001159
656	-3.42816965326
657	-3.4281693939
658	-3.42816881658
659	-3.42816898603
660	-3.42816885253
661	-3.42816831146
662	-3.42816793339
663	-3.42816765968
664	-3.42816705581
665	-3.42816724402
666	-3.42816706573
667	-3.42816654002
668	-3.42816653902
669	-3.42816603342
670	-3.42816594653
671	-3.42816568315
672	-3.42816543441
673	-3.42816489294
674	-3.42816494169
675	-3.42816448492
676	-3.42816440588
677	-3.42816418688
678	-3.42816402558
679	-3.42816354019
680	-3.42816298174
681	-3.42816258537
682	-3.42816244492
683	-3.428162236
684	-3.42816173316
685	-3.42816118631
686	-3.42816058172
687	-3.42816040901
688	-3.42815984749
689	-3.42815974126
690	-3.42815920503
691	-3.42815897755
692	-3.42815845479
693	-3.42815822784
694	-3.42815771919
695	-3.42815749438
696	-3.42815698938
697	-3.42815641547
698	-3.42815577229
699	-3.42815551659
700	-3.42815496092
701	-3.42815440387
702	-3.42815387832
703	-3.42815376875
704	-3.42815353242
705	-3.42815340936
706	-3.42815318516
707	-3.42815264956
708	-3.42815208081
709	-3.42815160406
710	-3.42815119814
711	-3.4281506257
712	-3.42815005278
713	-3.42814950413
714	-3.42814930753
715	-3.42814906278
716	-3.4281488582
717	-3.4281483683
718	-3.4281477983
719	-3.42814719801
720	-3.42814695749
721	-3.42814675341
722	-3.42814658305
723	-3.42814609756
724	-3.42814554349
725	-3.42814495281
726	-3.42814435599
727	-3.42814377161
728	-3.42814319527
729	-3.42814262986
730	-3.42814207866
731	-3.42814154252
732	-3.42814101688
733	-3.42814049516
734	-3.42813997273
735	-3.42813944833
736	-3.42813892339
737	-3.42813840054
738	-3.42813788238
739	-3.42813737053
740	-3.42813686529
741	-3.42813636578
742	-3.42813587054
743	-3.42813537814
744	-3.42813488776
745	-3.42813439926
746	-3.428133913
747	-3.42813359707
748	-3.42813340297
749	-3.42813323249
750	-3.42813306724
751	-3.42813290315
752	-3.42813273828
753	-3.42813257282
754	-3.42813240677
755	-3.42813224018
756	-3.42813207303
757	-3.42813190522
758	-3.42813173668
759	-3.42813156737
760	-3.42813139734
761	-3.42813122663
762	-3.42813105527
763	-3.42813088331
764	-3.42813071075
765	-3.42813053763
766	-3.42813036395
767	-3.4281301897
768	-3.42813001488
769	-3.42812983949
770	-3.42812966344
771	-3.42812948556
772	-3.42812930603
773	-3.42812912516
774	-3.4281289414
775	-3.42812875657
776	-3.42812857093
777	-3.42812838448
778	-3.42812819729
779	-3.42812800937
780	-3.42812782076
781	-3.42812763166
782	-3.42812744182
783	-3.4281272512
784	-3.42812705982
785	-3.42812686769
786	-3.42812667486
787	-3.42812648134
788	-3.42812628716
789	-3.42812609231
790	-3.4281258968
791	-3.42812570063
792	-3.42812550378
793	-3.42812530625
794	-3.428125108
795	-3.42812490901
796	-3.42812470922
797	-3.42812450857
798	-3.42812430698
799	-3.42812410432
800	-3.42812390034
801	-3.42812368728
802	-3.42812348348
803	-3.42812328389
804	-3.42812307815
805	-3.42812288097
806	-3.42812267696
807	-3.4281224725
808	-3.4281222713
809	-3.42812207236
810	-3.4281218709
811	-3.42812166763
812	-3.42812145657
813	-3.42812124453
814	-3.42812103179
815	-3.42812082449
816	-3.42812061643
817	-3.42812040748
818	-3.42812019762
819	-3.42811998685
820	-3.42811977517
821	-3.42811956256
822	-3.42811934983
823	-3.42811913598
824	-3.42811892112
825	-3.42811870538
826	-3.42811848882
827	-3.42811827149
828	-3.42811805341
829	-3.42811783458
830	-3.42811761501
831	-3.4281173947
832	-3.42811717365
833	-3.42811695187
834	-3.42811672938
835	-3.42811650622
836	-3.42811628244
837	-3.42811605809
838	-3.42811583321
839	-3.42811560785
840	-3.42811538203
841	-3.42811515575
842	-3.428114929
843	-3.42811470175
844	-3.42811447273
845	-3.42811424278
846	-3.4281140118
847	-3.42811377987
848	-3.42811354708
849	-3.42811331357
850	-3.42811307944
851	-3.42811284475
852	-3.42811260951
853	-3.42811237291
854	-3.42811213577
855	-3.42811189799
856	-3.4281116595
857	-3.42811142033
858	-3.42811118052
859	-3.42811094018
860	-3.4281106994
861	-3.42811045828
862	-3.42811021693
863	-3.4281099754
864	-3.42810973374
865	-3.42810949196
866	-3.42810925004
867	-3.42810900797
868	-3.42810876572
869	-3.42810852331
870	-3.42810828074
871	-3.42810803805
872	-3.42810779531
873	-3.42810755255
874	-3.42810730983
875	-3.42810706789
876	-3.42810682593
877	-3.428106584
878	-3.42810634214
879	-3.42810610032
880	-3.42810585855
881	-3.42810561683
882	-3.42810537457
883	-3.42810513248
884	-3.4281048905
885	-3.42810464852
886	-3.42810440621
887	-3.42810416292
888	-3.42810391917
889	-3.42810367547
890	-3.42810343204
891	-3.42810318893
892	-3.42810294603
893	-3.42810270324
894	-3.42810246048
895	-3.42810221772
896	-3.42810197495
897	-3.42810173219
898	-3.42810148946
899	-3.42810124678
900	-3.42810100414
901	-3.42810076154
902	-3.42810051898
903	-3.42810027643
904	-3.42810003393
905	-3.42809979149
906	-3.42809954915
907	-3.42809930695
908	-3.42809906495
909	-3.42809882318
910	-3.42809858166
911	-3.42809834043
912	-3.42809809949
913	-3.42809785883
914	-3.42809761844
915	-3.4280973783
916	-3.42809713839
917	-3.42809689847
918	-3.42809665914
919	-3.42809642035
920	-3.42809618201
921	-3.42809594401
922	-3.42809570627
923	-3.42809546876
924	-3.42809523151
925	-3.42809499454
926	-3.4280947579
927	-3.42809452162
928	-3.42809428572
929	-3.42809405019
930	-3.42809381503
931	-3.42809358025
932	-3.42809334582
933	-3.42809311175
934	-3.42809287805
935	-3.42809264473
936	-3.4280924118
937	-3.42809218016
938	-3.42809194897
939	-3.42809171819
940	-3.42809148781
941	-3.42809125778
942	-3.4280910281
943	-3.42809079877
944	-3.4280905698
945	-3.4280903412
946	-3.42809011299
947	-3.42808988518
948	-3.42808965779
949	-3.4280894308
950	-3.42808920422
951	-3.42808897804
952	-3.42808875226
953	-3.42808852688
954	-3.42808830193
955	-3.42808807742
956	-3.42808785343
957	-3.42808762997
958	-3.42808740708
959	-3.42808718477
960	-3.42808696307
961	-3.42808674197
962	-3.42808652148
963	-3.42808630159
964	-3.4280860823
965	-3.42808586361
966	-3.42808564856
967	-3.42808543436
968	-3.42808522094
969	-3.42808500823
970	-3.4280847962
971	-3.42808458485
972	-3.4280843742
973	-3.42808416426
974	-3.42808395506
975	-3.42808374662
976	-3.42808353894
977	-3.42808333203
978	-3.4280831259
979	-3.42808292054
980	-3.42808271595
981	-3.42808251212
982	-3.42808230907
983	-3.42808210677
984	-3.42808190524
985	-3.42808170446
986	-3.42808150445
987	-3.4280813052
988	-3.42808110671
989	-3.42808090899
990	-3.42808071204
991	-3.42808051587
992	-3.42808032048
993	-3.42808012588
994	-3.42807993208
995	-3.42807973907
996	-3.42807954686
997	-3.42807935546
998	-3.42807916485
999	-3.42807897505
1000	-3.42807878605
1001	-3.42807859786
1002	-3.42807841044
1003	-3.4280782833
1004	-3.42807816479
1005	-3.42807804942
1006	-3.42807793913
1007	-3.42807783073
1008	-3.42807772332
1009	-3.42807761701
1010	-3.42807750798
1011	-3.42807739958
1012	-3.42807728698
1013	-3.42807716885
1014	-3.42807704862
1015	-3.42807692729
1016	-3.42807680667
1017	-3.42807668788
1018	-3.42807657132
1019	-3.4280764673
1020	-3.4280763891
1021	-3.42807625467
1022	-3.42807611833
1023	-3.428075946
1024	-3.42807570257
1025	-3.42807541991
1026	-3.42807525662
1027	-3.42807516775
1028	-3.42807505349
1029	-3.42807495874
1030	-3.42807486706
1031	-3.42807477002
1032	-3.42807466728
1033	-3.42807455559
1034	-3.42807445312
1035	-3.42807433218
1036	-3.42807422811
1037	-3.42807407905
1038	-3.42807398294
1039	-3.42807388524
1040	-3.4280737268
1041	-3.42807361959
1042	-3.42807351762
1043	-3.42807342002
1044	-3.4280732672
1045	-3.42807317017
1046	-3.42807307929
1047	-3.42807299109
1048	-3.42807286183
1049	-3.42807280909
1050	-3.42807271378
1051	-3.42807265364
1052	-3.42807255305
1053	-3.42807244893
1054	-3.42807236398
1055	-3.4280722306
1056	-3.42807215184
1057	-3.42807202858
1058	-3.42807194193
1059	-3.42807185528
1060	-3.42807173052
1061	-3.42807165215
1062	-3.42807153202
1063	-3.42807140646
1064	-3.42807131578
1065	-3.42807122853
1066	-3.4280711038
1067	-3.4280710274
1068	-3.42807091052
1069	-3.42807077896
1070	-3.42807069294
1071	-3.4280706076
1072	-3.42807048248
1073	-3.42807035361
1074	-3.42807026974
1075	-3.42807018704
1076	-3.4280700669
1077	-3.42806994297
1078	-3.4280698204
1079	-3.42806973452
1080	-3.42806959947
1081	-3.42806951749
1082	-3.4280693841
1083	-3.42806925659
1084	-3.4280691709
1085	-3.42806904093
1086	-3.42806891687
1087	-3.42806883489
1088	-3.42806870994
1089	-3.42806858004
1090	-3.42806849988
1091	-3.42806837915
1092	-3.42806825491
1093	-3.42806812588
1094	-3.4280680452
1095	-3.42806792477
1096	-3.42806779973
1097	-3.42806768197
1098	-3.42806760323
1099	-3.42806748347
1100	-3.42806735922
1101	-3.42806724302
1102	-3.42806716578
1103	-3.4280670484
1104	-3.42806692956
1105	-3.42806680731
1106	-3.4280666941
1107	-3.42806660655
1108	-3.42806649756
1109	-3.42806641148
1110	-3.4280663049
1111	-3.4280661955
1112	-3.42806608382
1113	-3.42806599621
1114	-3.42806588861
1115	-3.42806577924
1116	-3.42806566877
1117	-3.42806555703
1118	-3.42806546922
1119	-3.42806536276
1120	-3.42806525523
1121	-3.42806514711
1122	-3.42806503832
1123	-3.42806492899
1124	-3.4280648192
1125	-3.42806470905
1126	-3.42806459866
1127	-3.42806451334
1128	-3.42806441118
1129	-3.42806430923
1130	-3.42806420813
1131	-3.42806410798
1132	-3.428064009
1133	-3.42806391129
1134	-3.42806380736
1135	-3.4280637042
1136	-3.42806360191
1137	-3.42806350057
1138	-3.42806340018
1139	-3.42806330067
1140	-3.42806320197
1141	-3.42806310403
1142	-3.42806300684
1143	-3.42806291046
1144	-3.428062815
1145	-3.42806272063
1146	-3.42806262753
1147	-3.42806253592
1148	-3.42806244599
1149	-3.42806235796
1150	-3.42806227202
1151	-3.42806218831
1152	-3.428062107
1153	-3.42806202817
1154	-3.4280619519
1155	-3.42806187823
1156	-3.42806180715
1157	-3.42806173862
1158	-3.42806167257
1159	-3.42806160887
1160	-3.4280615474
1161	-3.42806148823
1162	-3.42806143127
1163	-3.42806137623
1164	-3.42806132283
1165	-3.42806127301
1166	-3.42806122458
1167	-3.42806117735
1168	-3.42806113118
1169	-3.428061086
1170	-3.42806104177
1171	-3.42806099851
1172	-3.42806095889
1173	-3.42806092056
1174	-3.42806088352
1175	-3.42806084775
1176	-3.4280608133
1177	-3.42806078021
1178	-3.42806075046
1179	-3.42806072248
1180	-3.42806069627
1181	-3.42806067275
1182	-3.42806065103
1183	-3.42806063109
1184	-3.42806061292
1185	-3.42806059654
1186	-3.42806058195
1187	-3.42806056821
1188	-3.42806055623
1189	-3.42806054596
1190	-3.42806053737
1191	-3.42806053042
1192	-3.42806052508
1193	-3.42806052127
1194	-3.42806051894
1195	-3.42806049137
1196	-3.42806048219
1197	-3.42806047211
1198	-3.4280604615
1199	-3.42806045082
1200	-3.42806044071
1201	-3.42806043186
1202	-3.42806042499
1203	-3.42806042073
1204	-3.428060394
1205	-3.42806038722
1206	-3.42806038219
1207	-3.42806037949
1208	-3.42806035376
1209	-3.42806034809
1210	-3.42806034451
1211	-3.42806031844
1212	-3.42806031218
1213	-3.42806030807
1214	-3.42806030701
1215	-3.42806028334
1216	-3.42806028133
1217	-3.42806025712
1218	-3.42806025305
1219	-3.42806025164
1220	-3.4280602284
1221	-3.42806022617
1222	-3.42806022738
1223	-3.42806020608
1224	-3.4280602076
1225	-3.42806018636
1226	-3.42806018728
1227	-3.42806016578
1228	-3.42806016563
1229	-3.42806016915
1230	-3.42806014981
1231	-3.42806015429
1232	-3.42806013547
1233	-3.42806014051
1234	-3.42806012201
1235	-3.42806012707
1236	-3.42806010859
1237	-3.42806011357
1238	-3.42806009527
1239	-3.42806010061
1240	-3.42806008279
1241	-3.42806006305
1242	-3.42806006488
1243	-3.4280600711
1244	-3.42806005463
1245	-3.42806003673
1246	-3.4280600172
1247	-3.4280600193
1248	-3.42806000056
1249	-3.42806000478
1250	-3.42805998782
1251	-3.42805996981
1252	-3.42805995067
1253	-3.42805995396
1254	-3.42805993677
1255	-3.42805991856
1256	-3.42805989943
1257	-3.42805987939
1258	-3.42805988092
1259	-3.42805986356
1260	-3.42805984569
1261	-3.42805982741
1262	-3.42805980871
1263	-3.42805978957
1264	-3.42805977004
1265	-3.42805975019
1266	-3.42805973013
1267	-3.42805971003
1268	-3.42805969008
1269	-3.42805967043
1270	-3.4280596512
1271	-3.42805963249
1272	-3.42805961432
1273	-3.42805959667
1274	-3.42805957949
1275	-3.42805956272
1276	-3.42805954625
1277	-3.42805953001
1278	-3.42805951392
1279	-3.42805949791
1280	-3.42805948193
1281	-3.42805946595
1282	-3.42805944996
1283	-3.42805943398
1284	-3.42805941804
1285	-3.42805940217
1286	-3.42805938642
1287	-3.42805937085
1288	-3.42805935547
1289	-3.42805929263
1290	-3.42805932838
1291	-3.42805935872
1292	-3.42805933309
1293	-3.42805935003
1294	-3.42805929544
1295	-3.42805923354
1296	-3.42805923274
1297	-3.42805917983
1298	-3.42805912679
1299	-3.42805906636
1300	-3.42805899862
1301	-3.42805890958
1302	-3.42805882486
1303	-3.42805876719
1304	-3.42805876579
1305	-3.42805880611
1306	-3.42805879834
1307	-3.42805879134
1308	-3.42805882045
1309	-3.4280588186
1310	-3.42805881175
1311	-3.42805880979
1312	-3.42805880005
1313	-3.42805879218
1314	-3.42805878706
1315	-3.42805878324
1316	-3.42805878029
1317	-3.42805877662
1318	-3.42805879309
1319	-3.42805881792
1320	-3.42805881359
1321	-3.42805880401
1322	-3.42805879468
1323	-3.42805878707
1324	-3.42805880232
1325	-3.42805877556
1326	-3.42805879427
1327	-3.4280587874
1328	-3.42805879517
1329	-3.42805880134
1330	-3.42805881956
1331	-3.42805879702
1332	-3.42805881858
1333	-3.4280587997
1334	-3.42805877839
1335	-3.42805875472
1336	-3.42805872918
1337	-3.42805870235
1338	-3.42805867464
1339	-3.42805864621
1340	-3.42805865864
1341	-3.42805863451
1342	-3.4280586101
1343	-3.42805863025
1344	-3.4280586095
1345	-3.4280585882
1346	-3.42805856565
1347	-3.42805854158
1348	-3.42805851595
1349	-3.42805853004
1350	-3.42805850699
1351	-3.42805848262
1352	-3.42805845714
1353	-3.42805843041
1354	-3.42805844501
1355	-3.42805842217
1356	-3.42805839834
1357	-3.42805837349
1358	-3.42805834732
1359	-3.42805836388
1360	-3.42805834096
1361	-3.42805831782
1362	-3.42805829367
1363	-3.42805826816
1364	-3.42805828419
1365	-3.42805826088
1366	-3.42805823722
1367	-3.4280582125
1368	-3.42805818651
1369	-3.428058201
1370	-3.42805817747
1371	-3.4280581538
1372	-3.42805812932
1373	-3.42805810378
1374	-3.4280581195
1375	-3.42805809661
1376	-3.42805807367
1377	-3.42805804991
1378	-3.42805802505
1379	-3.42805799908
1380	-3.42805801296
1381	-3.42805798969
1382	-3.42805796647
1383	-3.42805794257
1384	-3.42805791776
1385	-3.42805793375
1386	-3.42805791172
1387	-3.42805788972
1388	-3.42805786695
1389	-3.42805784312
1390	-3.42805781821
1391	-3.42805783289
1392	-3.42805781049
1393	-3.4280577881
1394	-3.42805776494
1395	-3.42805774076
1396	-3.42805771557
1397	-3.4280577295
1398	-3.42805770675
1399	-3.42805768411
1400	-3.42805766073
1401	-3.42805763638
1402	-3.42805761008
1403	-3.42805762287
1404	-3.42805759924
1405	-3.4280575749
1406	-3.42805755042
1407	-3.42805752491
1408	-3.42805749835
1409	-3.42805750974
1410	-3.42805748452
1411	-3.42805745933
1412	-3.42805743327
1413	-3.42805740612
1414	-3.42805741793
1415	-3.4280573913
1416	-3.42805736463
1417	-3.42805733697
1418	-3.42805735194
1419	-3.42805732422
1420	-3.42805729641
1421	-3.42805726436
1422	-3.42805723064
1423	-3.42805723687
1424	-3.42805720409
1425	-3.42805716979
1426	-3.4280571787
1427	-3.42805714573
1428	-3.42805711127
1429	-3.42805707595
1430	-3.42805708403
1431	-3.42805704733
1432	-3.42805701128
1433	-3.4280570207
1434	-3.42805698354
1435	-3.42805694721
1436	-3.42805691046
1437	-3.42805691589
1438	-3.42805687806
1439	-3.4280568412
1440	-3.42805684775
1441	-3.42805681021
1442	-3.42805677368
1443	-3.42805678245
1444	-3.42805674502
1445	-3.42805670876
1446	-3.42805667231
1447	-3.42805667763
1448	-3.42805664016
1449	-3.42805660382
1450	-3.42805661022
1451	-3.42805657324
1452	-3.42805653735
1453	-3.4280565458
1454	-3.42805650913
1455	-3.42805647368
1456	-3.42805643807
1457	-3.42805644306
1458	-3.42805640648
1459	-3.42805637096
1460	-3.42805637702
1461	-3.42805634068
1462	-3.42805630537
1463	-3.42805631342
1464	-3.42805627713
1465	-3.42805624205
1466	-3.42805620777
1467	-3.42805621245
1468	-3.42805617634
1469	-3.4280561862
1470	-3.4280561505
1471	-3.42805611691
1472	-3.42805608336
1473	-3.42805608935
1474	-3.42805605401
1475	-3.42805606446
1476	-3.4280560298
1477	-3.42805599726
1478	-3.42805596471
1479	-3.42805597024
1480	-3.42805593613
1481	-3.42805594592
1482	-3.42805591265
1483	-3.4280558813
1484	-3.42805589151
1485	-3.4280558588
1486	-3.42805582802
1487	-3.42805583728
1488	-3.42805580598
1489	-3.42805577554
1490	-3.42805578322
1491	-3.42805575223
1492	-3.42805576375
1493	-3.42805573339
1494	-3.42805570383
1495	-3.42805571628
1496	-3.42805568613
1497	-3.42805565676
1498	-3.42805566686
1499	-3.428055637
1500	-3.42805564824
1501	-3.42805561936
1502	-3.42805559119
1503	-3.4280556032
1504	-3.42805557481
1505	-3.42805559039
1506	-3.42805553623
1507	-3.42805559798
1508	-3.42805563442
1509	-3.4280556098
1510	-3.42805562809
1511	-3.42805559237
1512	-3.4280555362
1513	-3.42805555557
1514	-3.42805553425
1515	-3.42805550039
1516	-3.42805546382
1517	-3.42805542325
1518	-3.42805547053
1519	-3.42805539445
1520	-3.42805536999
1521	-3.42805534589
1522	-3.4280552935
1523	-3.42805525125
1524	-3.42805520005
1525	-3.42805514853
1526	-3.42805512805
1527	-3.42805514686
1528	-3.42805517556
1529	-3.42805518339
1530	-3.4280551875
1531	-3.42805524199
1532	-3.42805525569
1533	-3.42805525502
1534	-3.42805525392
1535	-3.42805526166
1536	-3.4280552373
1537	-3.42805524642
1538	-3.4280552211
1539	-3.42805523008
1540	-3.4280552031
1541	-3.42805520811
1542	-3.42805517948
1543	-3.42805518559
1544	-3.42805515649
1545	-3.42805516968
1546	-3.42805514051
1547	-3.42805515642
1548	-3.42805512745
1549	-3.42805514553
1550	-3.42805511596
1551	-3.42805513496
1552	-3.42805510162
1553	-3.4280551201
1554	-3.42805508645
1555	-3.42805510328
1556	-3.42805507266
1557	-3.42805508235
1558	-3.42805505124
1559	-3.42805505651
1560	-3.42805502754
1561	-3.42805502701
1562	-3.42805499854
1563	-3.42805499599
1564	-3.42805496799
1565	-3.42805496434
1566	-3.42805493672
1567	-3.42805493283
1568	-3.42805490537
1569	-3.42805490183
1570	-3.42805487461
1571	-3.42805487178
1572	-3.42805484484
1573	-3.42805484278
1574	-3.42805481629
1575	-3.42805481555
1576	-3.42805478936
1577	-3.42805478778
1578	-3.42805476327
1579	-3.42805476131
1580	-3.42805473802
1581	-3.42805473806
1582	-3.42805474694
1583	-3.42805471704
1584	-3.4280547148
1585	-3.42805472462
1586	-3.42805469193
1587	-3.42805469026
1588	-3.42805470019
1589	-3.4280546668
1590	-3.42805466501
1591	-3.42805467381
1592	-3.42805464376
1593	-3.42805464068
1594	-3.42805464788
1595	-3.42805461755
1596	-3.42805461282
1597	-3.42805461834
1598	-3.42805458788
1599	-3.42805458135
1600	-3.42805458444
1601	-3.42805455931
1602	-3.42805455111
1603	-3.42805454707
1604	-3.42805455054
1605	-3.42805455696
1606	-3.42805456647
1607	-3.42805458004
1608	-3.42805459893
1609	-3.42805459403
1610	-3.42805459012
1611	-3.4280545915
1612	-3.42805459662
1613	-3.42805460421
1614	-3.4280546146
1615	-3.42805462874
1616	-3.42805464745
1617	-3.42805468234
1618	-3.42805468173
1619	-3.42805468376
1620	-3.42805468994
1621	-3.4280546971
1622	-3.42805470305
1623	-3.4280547073
1624	-3.42805471024
1625	-3.4280547123
1626	-3.42805471384
1627	-3.42805471509
1628	-3.42805471611
1629	-3.42805471694
1630	-3.4280547175
1631	-3.42805471776
1632	-3.42805471807
1633	-3.4280547196
1634	-3.42805472361
1635	-3.42805472956
1636	-3.42805473725
1637	-3.42805474878
1638	-3.42805476269
1639	-3.42805477882
1640	-3.42805479612
1641	-3.42805481275
1642	-3.42805482712
1643	-3.42805483006
1644	-3.42805482995
1645	-3.42805482723
1646	-3.4280548218
1647	-3.42805481435
1648	-3.42805480415
1649	-3.42805479149
1650	-3.42805477456
1651	-3.42805475337
1652	-3.42805473043
1653	-3.42805470188
1654	-3.42805466541
1655	-3.42805461975
1656	-3.42805456424
1657	-3.42805450727
1658	-3.42805445802
1659	-3.42805437171
1660	-3.42805432116
1661	-3.42805423666
1662	-3.42805418787
1663	-3.42805410972
1664	-3.42805406518
1665	-3.42805399485
1666	-3.42805392912
1667	-3.4280538472
1668	-3.4280538034
1669	-3.42805372749
1670	-3.42805364189
1671	-3.42805356636
1672	-3.42805348462
1673	-3.42805343213
1674	-3.42805335968
1675	-3.42805328812
1676	-3.42805321411
1677	-3.42805316679
1678	-3.42805309923
1679	-3.42805302703
1680	-3.42805298084
1681	-3.42805291438
1682	-3.42805284668
1683	-3.42805280329
1684	-3.42805273884
1685	-3.42805267399
1686	-3.42805263757
1687	-3.42805257425
1688	-3.42805250355
1689	-3.42805245875
1690	-3.42805239568
1691	-3.42805232966
1692	-3.42805226788
1693	-3.42805220328
1694	-3.42805213681
1695	-3.42805209061
1696	-3.42805202868
1697	-3.42805196565
1698	-3.42805190394
1699	-3.42805184
1700	-3.42805177403
1701	-3.42805172725
1702	-3.42805166388
1703	-3.4280515999
1704	-3.42805153357
1705	-3.42805146729
1706	-3.42805139878
1707	-3.42805132922
1708	-3.42805125743
1709	-3.42805120939
1710	-3.42805114076
1711	-3.42805107324
1712	-3.42805100436
1713	-3.42805093295
1714	-3.42805085866
1715	-3.42805081199
1716	-3.42805074138
1717	-3.4280506731
1718	-3.42805060418
1719	-3.42805053363
1720	-3.42805046118
1721	-3.42805038678
1722	-3.42805031046
1723	-3.42805023236
1724	-3.42805015261
1725	-3.42805007134
1726	-3.42804998864
1727	-3.42804990456
1728	-3.42804981913
1729	-3.42804973241
1730	-3.42804964446
1731	-3.42804955536
1732	-3.42804949565
1733	-3.42804941721
1734	-3.4280493438
1735	-3.42804927213
1736	-3.42804920087
1737	-3.42804912933
1738	-3.42804905721
1739	-3.42804898456
1740	-3.42804891167
1741	-3.42804883893
1742	-3.42804876675
1743	-3.42804869543
1744	-3.42804862512
1745	-3.4280485553
1746	-3.42804848855
1747	-3.42804842268
1748	-3.42804835737
1749	-3.42804829232
1750	-3.42804822722
1751	-3.42804816179
1752	-3.42804809577
1753	-3.42804802894
1754	-3.42804796111
1755	-3.42804789216
1756	-3.42804782199
1757	-3.42804775058
1758	-3.42804767791
1759	-3.42804760399
1760	-3.42804752889
1761	-3.42804745264
1762	-3.42804737531
1763	-3.42804729697
1764	-3.4280472177
1765	-3.42804713798
1766	-3.42804705914
1767	-3.42804697973
1768	-3.42804689963
1769	-3.4280468188
1770	-3.42804673722
1771	-3.42804665487
1772	-3.42804657062
1773	-3.42804648518
1774	-3.42804639863
1775	-3.42804631238
1776	-3.42804622649
1777	-3.42804614023
1778	-3.42804605363
1779	-3.42804596677
1780	-3.42804587977
1781	-3.42804579277
1782	-3.42804570737
1783	-3.42804562329
1784	-3.42804553999
1785	-3.42804545748
1786	-3.42804537582
1787	-3.42804529628
1788	-3.42804521868
1789	-3.42804514239
1790	-3.42804506871
1791	-3.42804499727
1792	-3.42804492742
1793	-3.42804486005
1794	-3.4280447959
1795	-3.42804473458
1796	-3.42804467571
1797	-3.42804461958
1798	-3.42804456547
1799	-3.42804451405
1800	-3.42804446451
1801	-3.4280444179
1802	-3.42804437408
1803	-3.42804433219
1804	-3.42804429302
1805	-3.4280442558
1806	-3.42804422153
1807	-3.42804419
1808	-3.42804416053
1809	-3.42804413401
1810	-3.42804411012
1811	-3.42804408843
1812	-3.42804406976
1813	-3.42804405355
1814	-3.42804403943
1815	-3.42804402812
1816	-3.42804401902
1817	-3.42804401174
1818	-3.42804400675
1819	-3.42804400323
1820	-3.42804400114
1821	-3.42804400091
1822	-3.4280440016
1823	-3.42804400287
1824	-3.42804400487
1825	-3.42804400754
1826	-3.42804401128
1827	-3.42804401578
1828	-3.42804402128
1829	-3.42804402736
1830	-3.42804403374
1831	-3.42804404069
1832	-3.4280440473
1833	-3.42804405334
1834	-3.4280440594
1835	-3.42804406508
1836	-3.42804407063
1837	-3.42804407562
1838	-3.4280440798
1839	-3.4280440835
1840	-3.42804408633
1841	-3.42804408852
1842	-3.42804408968
1843	-3.42804408957
1844	-3.42804408856
1845	-3.42804408635
1846	-3.42804408275
1847	-3.42804407819
1848	-3.42804407242
1849	-3.42804406577
1850	-3.42804404616
1851	-3.42804403726
1852	-3.42804402492
1853	-3.42804401253
1854	-3.42804399152
1855	-3.42804397803
1856	-3.42804396422
1857	-3.42804394353
1858	-3.42804392996
1859	-3.42804391662
1860	-3.4280438881
1861	-3.42804387263
1862	-3.42804385758
1863	-3.42804383582
1864	-3.42804382185
1865	-3.42804380848
1866	-3.42804378765
1867	-3.42804377476
1868	-3.42804376242
1869	-3.42804374253
1870	-3.42804373103
1871	-3.42804372059
1872	-3.42804369765
1873	-3.42804368791
1874	-3.42804367973
1875	-3.42804366608
1876	-3.42804366136
1877	-3.42804365728
1878	-3.42804364612
1879	-3.42804364435
1880	-3.4280436441
1881	-3.42804363719
1882	-3.42804363989
1883	-3.42804362968
1884	-3.42804363358
1885	-3.42804365076
1886	-3.42804365463
1887	-3.42804367694
1888	-3.4280436812
1889	-3.42804370934
1890	-3.42804371644
1891	-3.42804374856
1892	-3.42804376441
1893	-3.42804380114
1894	-3.42804381674
1895	-3.4280438565
1896	-3.42804387444
1897	-3.42804391655
1898	-3.42804393611
1899	-3.42804393676
1900	-3.42804393951
1901	-3.4280439631
1902	-3.42804396006
1903	-3.42804397156
1904	-3.42804396129
1905	-3.42804396389
1906	-3.42804395432
1907	-3.42804395225
1908	-3.42804394056
1909	-3.42804393628
1910	-3.42804392376
1911	-3.42804391968
1912	-3.42804390555
1913	-3.42804390052
1914	-3.42804388517
1915	-3.42804387861
1916	-3.4280438645
1917	-3.42804385958
1918	-3.42804384567
1919	-3.42804384051
1920	-3.4280438288
1921	-3.42804382685
1922	-3.42804381656
1923	-3.42804381808
1924	-3.42804380991
1925	-3.42804381289
1926	-3.42804380867
1927	-3.42804381881
1928	-3.42804381869
1929	-3.42804383378
1930	-3.42804383812
1931	-3.42804386783
1932	-3.42804387993
1933	-3.42804391734
1934	-3.4280439371
1935	-3.42804398195
1936	-3.42804400861
1937	-3.42804401304
1938	-3.42804402238
1939	-3.42804405425
1940	-3.42804406143
1941	-3.4280440933
1942	-3.42804410393
1943	-3.42804413466
1944	-3.42804414531
1945	-3.42804417524
1946	-3.42804418557
1947	-3.42804421327
1948	-3.42804422408
1949	-3.42804425266
1950	-3.42804426311
1951	-3.42804429183
1952	-3.42804430207
1953	-3.42804433105
1954	-3.4280443415
1955	-3.42804437136
1956	-3.4280443827
1957	-3.42804441426
1958	-3.4280444273
1959	-3.42804446134
1960	-3.42804447708
1961	-3.42804451426
1962	-3.42804453311
1963	-3.42804453396
1964	-3.42804453576
1965	-3.4280445584
1966	-3.42804456189
1967	-3.4280445843
1968	-3.42804458792
1969	-3.42804460965
1970	-3.4280446136
1971	-3.42804463534
1972	-3.42804463973
1973	-3.42804466053
1974	-3.42804466656
1975	-3.42804469006
1976	-3.42804469734
1977	-3.42804469724
1978	-3.42804472143
1979	-3.42804472839
1980	-3.42804473466
1981	-3.428044763
1982	-3.42804477433
1983	-3.428044786
1984	-3.42804478272
1985	-3.42804478458
1986	-3.428044777
1987	-3.42804479709
1988	-3.42804479692
1989	-3.42804479657
1990	-3.42804481697
1991	-3.42804482206
1992	-3.42804482766
1993	-3.42804485524
1994	-3.4280448653
1995	-3.42804487566
1996	-3.42804487025
1997	-3.42804487224
1998	-3.42804486575
1999	-3.42804488405
2000	-3.4280448832
2001	-3.42804488142
2002	-3.42804489923
2003	-3.42804490141
2004	-3.42804490328
2005	-3.42804492388
2006	-3.42804493021
2007	-3.42804493665
2008	-3.42804496494
2009	-3.42804497582
2010	-3.42804498698
2011	-3.42804498265
2012	-3.4280449858
2013	-3.42804498112
2014	-3.42804500199
2015	-3.428045004
2016	-3.42804500577
2017	-3.42804502836
2018	-3.4280450357
2019	-3.42804504353
2020	-3.4280450375
2021	-3.42804503826
2022	-3.42804503107
2023	-3.42804504818
2024	-3.42804504717
2025	-3.42804504562
2026	-3.42804506349
2027	-3.42804506656
2028	-3.42804506974
2029	-3.42804509196
2030	-3.4280451004
2031	-3.42804510935
2032	-3.42804510452
2033	-3.42804509997
2034	-3.42804509884
2035	-3.42804508858
2036	-3.42804510593
2037	-3.42804510568
2038	-3.42804510611
2039	-3.42804510701
2040	-3.42804509772
2041	-3.42804509329
2042	-3.42804508852
2043	-3.42804508315
2044	-3.42804509484
2045	-3.42804509426
2046	-3.42804509482
2047	-3.42804509607
2048	-3.42804511625
2049	-3.42804512363
2050	-3.4280451323
2051	-3.42804514189
2052	-3.42804513656
2053	-3.42804513254
2054	-3.42804513271
2055	-3.42804513163
2056	-3.42804512344
2057	-3.42804510997
2058	-3.42804510075
2059	-3.42804509012
2060	-3.42804509846
2061	-3.42804509258
2062	-3.42804508754
2063	-3.42804508306
2064	-3.42804509898
2065	-3.42804510127
2066	-3.42804510504
2067	-3.42804511002
2068	-3.42804510314
2069	-3.42804510264
2070	-3.42804510243
2071	-3.42804510186
2072	-3.42804510119
2073	-3.42804512954
2074	-3.42804513797
2075	-3.42804514808
2076	-3.42804515951
2077	-3.42804517177
2078	-3.42804516662
2079	-3.4280451643
2080	-3.42804516624
2081	-3.42804516718
2082	-3.42804516779
2083	-3.42804515957
2084	-3.42804514786
2085	-3.42804514137
2086	-3.42804513399
2087	-3.42804512607
2088	-3.42804514063
2089	-3.42804513979
2090	-3.42804514054
2091	-3.42804514249
2092	-3.42804514525
2093	-3.42804514865
2094	-3.42804515285
2095	-3.4280451582
2096	-3.42804516543
2097	-3.42804517893
2098	-3.42804519561
2099	-3.42804521643
2100	-3.42804525086
2101	-3.42804529232
2102	-3.42804534213
2103	-3.42804540071
2104	-3.42804546789
2105	-3.4280455429
2106	-3.4280455788
2107	-3.42804563823
2108	-3.42804567256
2109	-3.42804571931
2110	-3.42804576064
2111	-3.42804581095
2112	-3.42804585961
2113	-3.42804590822
2114	-3.42804595744
2115	-3.42804599512
2116	-3.42804604403
2117	-3.42804609225
2118	-3.4280460527
2119	-3.4280460764
2120	-3.42804611778
2121	-3.42804614472
2122	-3.42804617119
2123	-3.4280461318
2124	-3.42804615657
2125	-3.42804617982
2126	-3.42804620924
2127	-3.42804616144
2128	-3.42804616831
2129	-3.42804619513
2130	-3.42804614546
2131	-3.42804615332
