1	0.021927010898
2	208.691407839
3	150.772330981
4	291.232729982
5	118.540576213
6	59.9039153576
7	123.494203257
8	88.7794514523
9	44.8518351284
10	21.694327888
11	32.4519452687
12	31.0490564692
13	15.5428101392
14	20.1280807341
15	13.4316033097
16	15.8272456055
17	16.0431588301
18	10.419996722
19	3.9871485707
20	5.38076148747
21	6.25620184869
22	5.05899259859
23	6.61688885082
24	4.13487030698
25	4.28195619407
26	3.25979052203
27	4.96140800437
28	3.55015808076
29	2.48971214732
30	3.25915169215
31	2.73406129628
32	1.88978692444
33	2.31081147882
34	1.10700162333
35	0.817754046643
36	1.35126914688
37	1.93464412838
38	1.3910834928
39	0.734507618361
40	0.597958496305
41	1.1984389424
42	0.987880391565
43	0.451306459901
44	0.400044291508
45	0.516676291497
46	0.444101519451
47	0.429751212138
48	0.285320222415
49	0.529340323846
50	0.312072681042
51	0.383435687737
52	0.176844960533
53	0.206425168776
54	0.110166589996
55	0.119315739865
56	0.242960338115
57	0.194604782827
58	0.121242975465
59	0.118297067192
60	0.0979084259139
61	0.180917073994
62	0.131363616816
63	0.124159891537
64	0.139124708039
65	0.118103173984
66	0.105835778024
67	0.088056270769
68	0.0499584085009
69	0.0555808211148
70	0.0472252797911
71	0.0832122049397
72	0.0510475872762
73	0.0517596541951
74	0.0630668848698
75	0.0513853311325
76	0.049059948695
77	0.0578481074221
78	0.0509143224139
79	0.0581540621578
80	0.0253653429906
81	0.0397215646228
82	0.0329475239451
83	0.0316566345104
84	0.0308002295157
85	0.0203137640399
86	0.0383586033199
87	0.0319644038219
88	0.0317757749716
89	0.0149169642414
90	0.0274469152323
91	0.013558227218
92	0.0132292313469
93	0.012076861646
94	0.0181734041379
95	0.0132295443682
96	0.0178344789081
97	0.0137692103086
98	0.00937067102614
99	0.00825338658881
100	0.0097471758458
101	0.00921336455225
102	0.0107826016533
103	0.00896516386163
104	0.00964296649387
105	0.0073148328277
106	0.00903964327609
107	0.00942384680593
108	0.00834484085955
109	0.00778711773506
110	0.00647473778311
111	0.00669563496203
112	0.00679073793288
113	0.00620743417
114	0.00713653416
115	0.00702038189815
116	0.00647762099966
117	0.00474190094375
118	0.00447815325407
119	0.00417762561093
120	0.00517057392061
121	0.00406031598072
122	0.00599448497945
123	0.00672768929007
124	0.00613226560871
125	0.00633304057036
126	0.00615902756894
127	0.00349557929981
128	0.00534502371963
129	0.00287432467147
130	0.00557224838403
131	0.00473043050427
132	0.0035839239754
133	0.00294577132591
134	0.00387016209739
135	0.0034869625707
136	0.00422596374803
137	0.00382886961505
138	0.00233381887863
139	0.00385968499698
140	0.0041289670654
141	0.00400301809341
142	0.00355332646019
143	0.00310876535587
144	0.00348699458315
145	0.00338742950084
146	0.00288001145389
147	0.00244834071503
148	0.00209788444524
149	0.00257296206221
150	0.00199154456644
151	0.00409234164122
152	0.00255685027759
153	0.00280074727745
154	0.00401136455824
155	0.00203076696298
156	0.00215611497996
157	0.00202268274331
158	0.00164678123064
159	0.00173261428743
160	0.00182776106863
161	0.00171716593505
162	0.00288561007263
163	0.00371948763342
164	0.00412431125123
165	0.00204424693346
166	0.00198656825571
167	0.00181264567577
168	0.00189928347174
169	0.00177962779996
170	0.00151443323812
171	0.00159631516485
172	0.00206954703912
173	0.00174208440233
174	0.00155914504171
175	0.00147585077846
176	0.00153916234056
177	0.00156624726209
178	0.00179888556372
179	0.00333839786854
180	0.00207197134816
181	0.00165482137365
182	0.00304012124351
183	0.00342508637949
184	0.00200267266472
185	0.00166466856059
186	0.0029189402774
187	0.00152713554203
188	0.00318511986613
189	0.00123328630052
190	0.00305968795646
191	0.00285412821857
192	0.00140914748305
193	0.0032616299283
194	0.00124855252656
195	0.00304483972067
196	0.00298138828771
197	0.00148637004671
198	0.00270474399089
199	0.00143848102776
200	0.00113442886339
201	0.00116536955805
202	0.00116720206257
203	0.00117400559862
204	0.00249762195917
205	0.00134297359254
206	0.00126223439818
207	0.00238748472209
208	0.00159568086364
209	0.00235191023616
210	0.00127377607587
211	0.00214646333897
212	0.00240679385324
213	0.00112521815722
214	0.00100628595813
215	0.00190886920088
216	0.00219915722164
217	0.000952836577897
218	0.000778599051481
219	0.00198438091818
220	0.00077646542107
221	0.00209651476772
222	0.000835479801753
223	0.00207401406624
224	0.000859551113359
225	0.00207000582635
226	0.000906668847658
227	0.00196303103519
228	0.00097574779989
229	0.00187083422034
230	0.00115309818204
231	0.0018284262213
232	0.00104150853574
233	0.00180582394255
234	0.00106061281716
235	0.000834610105817
236	0.000705483396235
237	0.000666638882584
238	0.00158955519627
239	0.000799355045445
240	0.000713486974834
241	0.00156767734079
242	0.000732730414421
243	0.00151864887242
244	0.000735068422695
245	0.000649772401138
246	0.000677725861587
247	0.000647702517777
248	0.000626484107242
249	0.000581664512399
250	0.000610919421036
251	0.000622141671755
252	0.000669072082331
253	0.000668858176142
254	0.000659813783819
255	0.000666843270051
256	0.000656618309635
257	0.000677801414074
258	0.000603328188215
259	0.000609581309326
260	0.000611486732381
261	0.00057575179873
262	0.00116015318713
263	0.000880418444649
264	0.000661221692739
265	0.000567171707927
266	0.000496462415742
267	0.000568307990345
268	0.000560656497143
269	0.000510708116205
270	0.000552243620374
271	0.000546191635051
272	0.000554840770677
273	0.000532771098858
274	0.000537190371144
275	0.000514888954621
276	0.000532709043251
277	0.000547636786389
278	0.000505548219506
279	0.000510120156113
280	0.000474935375191
281	0.000439882850482
282	0.000433533011951
283	0.000429877738159
284	0.000512758041213
285	0.000497857238672
286	0.000537161432724
287	0.00053768700198
288	0.000529002865511
289	0.000513183182926
290	0.000491538351484
291	0.000490742787654
292	0.000456032384387
293	0.00041983693406
294	0.000395735867057
295	0.000373134303467
296	0.000374811062551
297	0.000409180615284
298	0.000386071145448
299	0.000360446738278
300	0.000331257074666
301	0.00034962467016
302	0.000370602918604
303	0.000401640098985
304	0.000421171931298
305	0.000418029552211
306	0.000423199270598
307	0.000439297719656
308	0.00040561241063
309	0.000363529773839
310	0.000333010525563
311	0.000317946701585
312	0.000326421674945
313	0.000291553183038
314	0.000292591155681
315	0.000289442371894
316	0.000297504986974
317	0.000316728234361
318	0.000360034872736
319	0.000370931720307
320	0.000377103538922
321	0.000366957518863
322	0.000364758732593
323	0.000354936759753
324	0.000323221959267
325	0.000294167478094
326	0.000268950686014
327	0.000257397929165
328	0.00026268714496
329	0.000265367334579
330	0.000238553735587
331	0.000272934283966
332	0.000323750374484
333	0.000330244656829
334	0.000324647112722
335	0.000316089194755
336	0.000308802969329
337	0.000319106287032
338	0.000313598738902
339	0.000291843311049
340	0.000264703808904
341	0.000212749938752
342	0.000232868000209
343	0.000231990971384
344	0.000237472910425
345	0.000262634490839
346	0.000297002045442
347	0.000160755582107
348	0.000118172416236
349	0.000219468734736
350	0.00017196260241
351	0.00019922782794
352	0.000245890119964
353	0.000243894310904
354	0.000237088191482
355	0.000210153264566
356	0.00016654301234
357	0.000200409222023
358	0.000235250462162
359	0.000191063707895
360	0.000229041123098
361	0.000149910376884
362	0.000159314388259
363	0.000222467161206
364	9.82533149028e-05
365	0.000174939726385
366	0.000155635170782
367	0.00019262248266
368	0.000193576526533
369	0.00014632411197
370	8.81132230703e-05
371	0.00019661772263
372	7.58625002508e-05
373	9.32211956016e-05
374	8.22400370283e-05
375	0.000174192118885
376	0.000106682545124
377	0.000179222186849
378	0.000158623712679
379	0.000119966412074
380	8.02777710675e-05
381	0.000164921281414
382	0.000159710405155
383	0.000119648117448
384	0.000100615733133
385	0.00015645442472
386	0.000108062345413
387	0.00012151255467
388	0.000126550720725
389	0.000126931754299
390	0.000107862985148
391	0.000101679973303
392	9.25062000994e-05
393	9.45941671431e-05
394	9.39708860302e-05
395	0.000107928413237
396	0.000104473041331
397	0.000107981544165
398	9.2168867428e-05
399	8.3119683734e-05
400	6.67442891118e-05
401	9.81826672983e-05
402	8.47582492642e-05
403	7.28850063995e-05
404	7.41901372346e-05
405	7.78065468698e-05
406	8.78668585863e-05
407	7.25022502997e-05
408	6.31959960276e-05
409	8.80111411091e-05
410	7.24803375992e-05
411	8.88752229139e-05
412	0.000104189141189
413	9.72135977335e-05
414	5.76722440021e-05
415	9.57932244133e-05
416	6.72355086078e-05
417	7.38106873446e-05
418	7.62959570061e-05
419	8.44484283774e-05
420	4.12405180499e-05
421	6.58725901361e-05
422	8.5971652939e-05
423	7.61812236987e-05
424	8.28681221752e-05
425	7.75834202247e-05
426	5.92569715804e-05
427	5.28196572745e-05
428	7.0676097723e-05
429	5.07657967576e-05
430	6.50104942275e-05
431	3.67809312264e-05
432	3.58422578451e-05
433	7.81991479861e-05
434	3.75517074524e-05
435	3.74828254852e-05
436	2.96328477278e-05
437	3.11217633435e-05
438	3.00973155166e-05
439	3.34172772125e-05
440	3.01111856758e-05
441	5.64087480765e-05
442	6.70593961124e-05
443	6.17144110243e-05
444	5.4831422114e-05
445	5.17923234748e-05
446	6.16571783073e-05
447	5.58930780792e-05
448	6.41210280514e-05
449	5.49089966241e-05
450	5.8605215879e-05
451	3.62569605283e-05
452	4.63718140177e-05
453	4.68247165182e-05
454	5.02654869585e-05
455	5.68475430791e-05
456	4.56506609552e-05
457	5.38588809638e-05
458	4.52709388342e-05
459	4.81261519199e-05
460	2.44712184884e-05
461	3.61164934738e-05
462	3.94345649374e-05
463	3.4954948435e-05
464	4.38556431627e-05
465	4.59900780248e-05
466	2.49343055286e-05
467	3.62563931871e-05
468	3.24980249627e-05
469	4.30473992587e-05
470	4.32288758327e-05
471	2.24294066982e-05
472	3.5375208564e-05
473	3.17355051819e-05
474	4.04704952378e-05
475	4.07200415148e-05
476	2.2275774117e-05
477	3.30341073437e-05
478	3.46681044569e-05
479	3.15422586263e-05
480	2.25341089043e-05
481	3.64355830928e-05
482	3.4257455822e-05
483	2.13073896593e-05
484	3.18610898053e-05
485	3.32433720638e-05
486	2.09549118706e-05
487	2.66140404853e-05
488	2.26119065553e-05
489	2.73380239386e-05
490	2.21110907598e-05
491	2.6791426693e-05
492	2.21850555714e-05
493	2.67333432128e-05
494	2.18961845767e-05
495	2.63573588051e-05
496	2.15245506926e-05
497	2.59963461674e-05
498	2.12407604954e-05
499	2.48674272726e-05
500	2.10620123617e-05
501	2.46067576966e-05
502	2.08427401288e-05
503	2.43038805962e-05
504	2.0624795188e-05
505	2.39969751845e-05
506	2.04138420507e-05
507	2.36957866599e-05
508	2.01941756702e-05
509	2.32590449429e-05
510	2.00054503313e-05
511	2.29779695064e-05
512	4.37387760096e-05
513	4.33449871811e-05
514	3.62387248599e-05
515	2.44502293232e-05
516	2.11463855821e-05
517	2.07564499194e-05
518	2.07527967492e-05
519	2.06926425812e-05
520	2.14574666038e-05
521	2.0817048248e-05
522	2.14134576283e-05
523	2.02952593921e-05
524	2.1064973085e-05
525	1.97520236641e-05
526	2.08402306286e-05
527	4.1427354994e-05
528	4.11153504995e-05
529	3.30608200517e-05
530	2.27859521751e-05
531	3.95945186621e-05
532	3.9950654355e-05
533	4.02643059539e-05
534	3.27873152592e-05
535	2.12873878982e-05
536	3.84147870712e-05
537	3.89392286343e-05
538	3.92582372845e-05
539	3.99325392164e-05
540	3.02433004924e-05
541	1.97974994233e-05
542	3.68382699951e-05
543	3.75061619329e-05
544	3.78220288924e-05
545	3.90496368573e-05
546	2.13905075788e-05
547	3.81244763102e-05
548	3.78192659178e-05
549	3.79077519282e-05
550	2.77281927248e-05
551	1.88399406552e-05
552	3.54228547119e-05
553	3.60417961058e-05
554	3.63288806194e-05
555	3.7518809219e-05
556	1.99169984321e-05
557	3.64138096472e-05
558	3.65075012085e-05
559	3.6732287761e-05
560	1.90637470417e-05
561	3.58116650265e-05
562	3.5908612678e-05
563	3.62039413062e-05
564	1.87398642622e-05
565	3.53859703798e-05
566	3.56225164889e-05
567	3.59275108858e-05
568	1.81500095179e-05
569	3.48253518141e-05
570	3.51495102345e-05
571	3.54782883682e-05
572	1.77039789496e-05
573	3.43575640227e-05
574	3.47202338444e-05
575	3.50781880931e-05
576	1.73248660532e-05
577	3.37999588541e-05
578	3.43088213181e-05
579	3.51363514815e-05
580	1.69774138309e-05
581	3.33044012121e-05
582	3.39433858679e-05
583	3.48555591517e-05
584	1.6609353576e-05
585	3.29644153122e-05
586	3.43084094029e-05
587	1.68336954022e-05
588	3.29857832541e-05
589	3.38260664675e-05
590	3.41406128825e-05
591	1.70356639193e-05
592	3.20979114854e-05
593	3.37315272895e-05
594	3.3810751906e-05
595	1.69527130738e-05
596	3.16962598507e-05
597	3.34652652478e-05
598	3.34943178247e-05
599	1.66084851046e-05
600	3.10566701139e-05
601	3.28718931422e-05
602	3.31321691996e-05
603	1.65607101954e-05
604	3.04300394913e-05
605	3.23476854878e-05
606	1.73638191734e-05
607	3.02485436443e-05
608	3.23036354072e-05
609	3.24469182299e-05
610	3.24811479175e-05
611	1.60721596054e-05
612	2.87855088311e-05
613	3.07846055938e-05
614	3.18853680219e-05
615	1.6701052522e-05
616	2.87950552996e-05
617	3.10180415995e-05
618	1.65914807996e-05
619	2.8664600452e-05
620	3.0950251645e-05
621	1.63141988981e-05
622	2.84194535928e-05
623	3.06945475498e-05
624	1.62402566892e-05
625	2.8094788103e-05
626	3.04878598529e-05
627	1.60846369598e-05
628	2.77440270713e-05
629	3.01930853069e-05
630	1.5937642242e-05
631	2.52590981228e-05
632	2.92473461097e-05
633	3.04269362046e-05
634	1.52850748025e-05
635	1.9295867039e-05
636	1.84167722487e-05
637	2.9787536259e-05
638	2.85812798734e-05
639	2.97798009572e-05
640	1.57906429455e-05
641	2.98005869273e-05
642	2.88720855799e-05
643	2.9541875872e-05
644	2.97004093004e-05
645	2.95030746323e-05
646	2.92987825423e-05
647	2.91302204795e-05
648	2.89874109464e-05
649	2.88587097484e-05
650	2.87374830643e-05
651	2.86200252517e-05
652	2.85014317272e-05
653	2.83765225679e-05
654	2.82429043128e-05
655	2.81013587807e-05
656	2.77698622682e-05
657	1.82872277345e-05
658	2.64205128122e-05
659	2.66710404521e-05
660	1.76084245331e-05
661	2.34681646131e-05
662	2.09351459797e-05
663	1.54316802925e-05
664	2.68891867178e-05
665	2.54916695377e-05
666	1.46595015273e-05
667	2.34846008026e-05
668	2.66645543839e-05
669	2.57613292381e-05
670	1.438662968e-05
671	1.52661191161e-05
672	1.4016487302e-05
673	2.32057754255e-05
674	2.70124098797e-05
675	2.67306898098e-05
676	1.45091324683e-05
677	1.4845405905e-05
678	1.33681407056e-05
679	2.13185919024e-05
680	2.65402052345e-05
681	2.14068042836e-05
682	1.5147233515e-05
683	1.50382358418e-05
684	2.20674844402e-05
685	2.52132945604e-05
686	2.14535159028e-05
687	2.44930635087e-05
688	2.27871244555e-05
689	2.37166222556e-05
690	2.14401031744e-05
691	1.74010501541e-05
692	2.10791696343e-05
693	1.62907035959e-05
694	2.1125847316e-05
695	1.5965039448e-05
696	2.10405355529e-05
697	2.45754330747e-05
698	2.19318606226e-05
699	1.90542197538e-05
700	2.14575135879e-05
701	2.45153130241e-05
702	2.52514267374e-05
703	1.45503876161e-05
704	2.18091440673e-05
705	1.2223534392e-05
706	2.15987622306e-05
707	2.17781080408e-05
708	2.41949833904e-05
709	2.23611268431e-05
710	2.47202776549e-05
711	2.0223154018e-05
712	2.33568617868e-05
713	2.3693631914e-05
714	1.85484329375e-05
715	2.29368264219e-05
716	2.35142502527e-05
717	2.00142551465e-05
718	2.12086009636e-05
719	2.23385607693e-05
720	1.6153301089e-05
721	2.27912503398e-05
722	2.38343873695e-05
723	2.00098825635e-05
724	2.05875538368e-05
725	2.10694481243e-05
726	2.1542768774e-05
727	2.17114826537e-05
728	2.15528989664e-05
729	2.10103057964e-05
730	2.03740369168e-05
731	1.98178760616e-05
732	1.94681031188e-05
733	1.93167085912e-05
734	1.92959758507e-05
735	1.93164496943e-05
736	1.93108011498e-05
737	1.92427603783e-05
738	1.91083933668e-05
739	1.89270901499e-05
740	1.87295014708e-05
741	1.8543268957e-05
742	1.8383645953e-05
743	1.82518695792e-05
744	1.81394016108e-05
745	1.80352157739e-05
746	1.79298543164e-05
747	2.15485344756e-05
748	2.14074018548e-05
749	2.14854245104e-05
750	2.11575001251e-05
751	2.11232548186e-05
752	2.10835341029e-05
753	2.10523038909e-05
754	2.09751334026e-05
755	2.08612597641e-05
756	2.07241218023e-05
757	2.05848834593e-05
758	2.04556681633e-05
759	2.0340381696e-05
760	2.02360507176e-05
761	2.01375345141e-05
762	2.00403702599e-05
763	1.99417193599e-05
764	1.98404808002e-05
765	1.9736901889e-05
766	1.96321441034e-05
767	1.95276894543e-05
768	1.94234750281e-05
769	1.93207959433e-05
770	1.92196839856e-05
771	1.91169112036e-05
772	1.90245653039e-05
773	1.89396211313e-05
774	1.88759255713e-05
775	1.87847582066e-05
776	1.86924715832e-05
777	1.85998870751e-05
778	1.85089248947e-05
779	1.84191286676e-05
780	1.83300027948e-05
781	1.82699671386e-05
782	1.81762135128e-05
783	1.80860358531e-05
784	1.79966985881e-05
785	1.79084167571e-05
786	1.78214829761e-05
787	1.77358499113e-05
788	1.76512657235e-05
789	1.75674128488e-05
790	1.7484300509e-05
791	1.74020386983e-05
792	1.73209755887e-05
793	1.72414026521e-05
794	1.71633373657e-05
795	1.70874967821e-05
796	1.70144084227e-05
797	1.6944282715e-05
798	1.68770381231e-05
799	1.68125614621e-05
800	1.67509629984e-05
801	1.66846081251e-05
802	1.65987625843e-05
803	1.65879861862e-05
804	1.65421024807e-05
805	1.64359385872e-05
806	1.64272466744e-05
807	1.63335023019e-05
808	1.62576443643e-05
809	1.62385878193e-05
810	1.6161980554e-05
811	1.60875688878e-05
812	1.60475948847e-05
813	1.59820441382e-05
814	1.59213601136e-05
815	1.58380983122e-05
816	1.57825062269e-05
817	1.5721858404e-05
818	1.56580435438e-05
819	1.5593175749e-05
820	1.55287973489e-05
821	1.5466761721e-05
822	1.54223119961e-05
823	1.53601251714e-05
824	1.53015501713e-05
825	1.52440624486e-05
826	1.51871500433e-05
827	1.51310445574e-05
828	1.50755013672e-05
829	1.50204825337e-05
830	1.49661133509e-05
831	1.4912282449e-05
832	1.48586422173e-05
833	1.48051202407e-05
834	1.47514317554e-05
835	1.46970878883e-05
836	1.46418629413e-05
837	1.45857080208e-05
838	1.45289527228e-05
839	1.44722328804e-05
840	1.44160133369e-05
841	1.43615860063e-05
842	1.43099252415e-05
843	1.42615421666e-05
844	1.4258301596e-05
845	1.42126753949e-05
846	1.41734520401e-05
847	1.41391684974e-05
848	1.41103123175e-05
849	1.40862019441e-05
850	1.40654890036e-05
851	1.40462389809e-05
852	1.402706136e-05
853	1.39876269414e-05
854	1.39696522345e-05
855	1.39492184589e-05
856	1.39283170394e-05
857	1.39054606984e-05
858	1.38800528566e-05
859	1.38512175965e-05
860	1.38185759936e-05
861	1.37820220503e-05
862	1.37418674031e-05
863	1.36987347076e-05
864	1.36534994628e-05
865	1.36071570536e-05
866	1.35605301048e-05
867	1.35143365989e-05
868	1.3468963344e-05
869	1.34242758367e-05
870	1.33801257021e-05
871	1.33362242251e-05
872	1.32921494716e-05
873	1.32477031127e-05
874	1.32029209228e-05
875	1.31739184736e-05
876	1.31274980389e-05
877	1.30823649893e-05
878	1.3038532739e-05
879	1.29966842333e-05
880	1.29560837779e-05
881	1.29159237079e-05
882	1.28623078618e-05
883	1.28225962719e-05
884	1.27792412299e-05
885	1.27392077518e-05
886	1.27106852063e-05
887	1.27093816184e-05
888	1.26938521695e-05
889	1.26627198675e-05
890	1.26229347319e-05
891	1.25813873642e-05
892	1.25425697431e-05
893	1.25082274116e-05
894	1.24784493983e-05
895	1.24523994268e-05
896	1.24293860899e-05
897	1.24084997227e-05
898	1.2389194465e-05
899	1.23714724198e-05
900	1.23550886562e-05
901	1.23400713605e-05
902	1.23262755797e-05
903	1.23131887621e-05
904	1.22999739878e-05
905	1.22856952335e-05
906	1.22694064228e-05
907	1.22505772443e-05
908	1.22291506423e-05
909	1.22055369052e-05
910	1.21805321235e-05
911	1.21551151754e-05
912	1.21302712269e-05
913	1.21066864672e-05
914	1.20852065737e-05
915	1.20660394032e-05
916	1.20480816238e-05
917	1.20263603855e-05
918	1.20050128385e-05
919	1.19855174582e-05
920	1.19640608236e-05
921	1.19420035116e-05
922	1.19186240589e-05
923	1.189419201e-05
924	1.18690857486e-05
925	1.18440884618e-05
926	1.18199378252e-05
927	1.17969565329e-05
928	1.17750143838e-05
929	1.17535611887e-05
930	1.17318775502e-05
931	1.17088766824e-05
932	1.16861027879e-05
933	1.16621116708e-05
934	1.16380059822e-05
935	1.16148503733e-05
936	1.15935377024e-05
937	1.16063589503e-05
938	1.15923766374e-05
939	1.15821463323e-05
940	1.15737385636e-05
941	1.1566935404e-05
942	1.15612987202e-05
943	1.1556627607e-05
944	1.15527915068e-05
945	1.15497524824e-05
946	1.15474483096e-05
947	1.15459771109e-05
948	1.15455845577e-05
949	1.15465310757e-05
950	1.15487039053e-05
951	1.1551512648e-05
952	1.1554043044e-05
953	1.15547077375e-05
954	1.15519139626e-05
955	1.15441301773e-05
956	1.15299570747e-05
957	1.15109868354e-05
958	1.14885529361e-05
959	1.14639967074e-05
960	1.14385883254e-05
961	1.14134174359e-05
962	1.13892648301e-05
963	1.13664831398e-05
964	1.13450810284e-05
965	1.13246780235e-05
966	1.13310998751e-05
967	1.13122663384e-05
968	1.12932439806e-05
969	1.12725409199e-05
970	1.12506064488e-05
971	1.12293300574e-05
972	1.12101398226e-05
973	1.11932356855e-05
974	1.117855211e-05
975	1.11660344273e-05
976	1.11554030663e-05
977	1.11461680817e-05
978	1.11376596236e-05
979	1.11291845285e-05
980	1.11201100557e-05
981	1.11100071172e-05
982	1.10986073453e-05
983	1.10858669475e-05
984	1.10720399795e-05
985	1.10575134751e-05
986	1.10428272682e-05
987	1.10284818008e-05
988	1.10149702678e-05
989	1.10025657449e-05
990	1.09912246531e-05
991	1.09807150727e-05
992	1.09705723984e-05
993	1.09602310604e-05
994	1.09490949084e-05
995	1.09366078817e-05
996	1.09224197723e-05
997	1.09065013194e-05
998	1.08890067732e-05
999	1.08703516501e-05
1000	1.08510431961e-05
1001	1.08315845189e-05
1002	1.08164083192e-05
1003	8.1676928086e-06
1004	9.80618114832e-06
1005	1.08728131131e-05
1006	6.41531564343e-06
1007	9.06292078847e-06
1008	1.00464462927e-05
1009	6.0819594544e-06
1010	8.82719739084e-06
1011	9.95171266738e-06
1012	1.06040412271e-05
1013	1.08041735131e-05
1014	1.08427238881e-05
1015	1.07940270328e-05
1016	1.0733991469e-05
1017	1.06871407787e-05
1018	1.06590799209e-05
1019	2.24892137842e-05
1020	2.14865836413e-05
1021	2.07024985901e-05
1022	2.32259852974e-05
1023	2.35125227004e-05
1024	1.49871469633e-05
1025	1.17356399976e-05
1026	8.40677784736e-06
1027	1.32935288043e-05
1028	1.20054049869e-05
1029	1.16408495177e-05
1030	1.12845968106e-05
1031	1.13572070272e-05
1032	1.17750003413e-05
1033	8.77506482982e-06
1034	1.06164565795e-05
1035	6.19889077747e-06
1036	5.09175947291e-06
1037	1.12881613888e-05
1038	7.85959876273e-06
1039	9.10650579295e-06
1040	1.08153506313e-05
1041	8.00361910846e-06
1042	8.50735446883e-06
1043	9.27828890414e-06
1044	1.03227721889e-05
1045	7.98411428653e-06
1046	8.77164328904e-06
1047	5.65842826923e-06
1048	1.00969333799e-05
1049	9.82660386438e-06
1050	5.16639278272e-06
1051	1.00398014891e-05
1052	9.55473924975e-06
1053	5.80149954088e-06
1054	5.1338299358e-06
1055	1.01027455691e-05
1056	4.73301982272e-06
1057	9.57378175646e-06
1058	7.59311849738e-06
1059	5.27039154126e-06
1060	9.62190844516e-06
1061	4.63656184773e-06
1062	9.1831124915e-06
1063	9.77068696117e-06
1064	7.21129107851e-06
1065	5.11160453207e-06
1066	9.50689573344e-06
1067	4.62359596288e-06
1068	9.17778381606e-06
1069	9.74104999151e-06
1070	7.44692260514e-06
1071	5.32925375962e-06
1072	9.52611617627e-06
1073	9.81829323575e-06
1074	7.30304040467e-06
1075	5.22575481407e-06
1076	9.31525744798e-06
1077	9.62402130468e-06
1078	9.39022041266e-06
1079	7.01016546978e-06
1080	9.64829491131e-06
1081	8.01069616532e-06
1082	9.69381650414e-06
1083	9.69896024063e-06
1084	6.87177183864e-06
1085	9.40491138812e-06
1086	9.54597197425e-06
1087	6.98445725704e-06
1088	9.39585723192e-06
1089	9.47075428689e-06
1090	7.06412474893e-06
1091	9.34680958366e-06
1092	9.38205884336e-06
1093	9.06305337697e-06
1094	6.84429738618e-06
1095	9.25438082838e-06
1096	9.26117294025e-06
1097	8.97452300461e-06
1098	6.69480439878e-06
1099	9.08468838618e-06
1100	9.11058624992e-06
1101	8.83955158717e-06
1102	6.59716764099e-06
1103	8.89438720137e-06
1104	8.95866721953e-06
1105	8.68110628671e-06
1106	8.58909482997e-06
1107	9.81029105814e-06
1108	8.54521151229e-06
1109	9.57438723968e-06
1110	8.45901326991e-06
1111	8.34214602e-06
1112	8.37017009608e-06
1113	9.52836427569e-06
1114	8.34440501623e-06
1115	8.2114486074e-06
1116	8.2300119653e-06
1117	8.19597147125e-06
1118	9.3428383374e-06
1119	8.16470932684e-06
1120	8.0201377954e-06
1121	8.03003764858e-06
1122	8.00548981511e-06
1123	7.97638482647e-06
1124	7.94456053491e-06
1125	7.91379178848e-06
1126	7.86972780923e-06
1127	8.9420570887e-06
1128	7.84427971673e-06
1129	7.70365371778e-06
1130	7.70109889149e-06
1131	7.67376943396e-06
1132	7.6409645189e-06
1133	7.60588826721e-06
1134	7.56884029864e-06
1135	7.53467099334e-06
1136	7.5040002747e-06
1137	7.47354541493e-06
1138	7.44343796976e-06
1139	7.41324784017e-06
1140	7.38293477013e-06
1141	7.3524536448e-06
1142	7.3220713025e-06
1143	7.29209972146e-06
1144	7.2624327661e-06
1145	7.23304332697e-06
1146	7.20390571683e-06
1147	7.17495172252e-06
1148	7.14610060348e-06
1149	7.11724673963e-06
1150	7.08831247096e-06
1151	7.0592355927e-06
1152	7.03004702058e-06
1153	7.00076946546e-06
1154	6.97150813639e-06
1155	6.94241154996e-06
1156	6.91365827846e-06
1157	6.8854406342e-06
1158	6.85793838968e-06
1159	6.83129275896e-06
1160	6.80560418998e-06
1161	6.7697233504e-06
1162	6.74655651539e-06
1163	6.72439961634e-06
1164	6.70244537069e-06
1165	6.68405430516e-06
1166	6.66324011295e-06
1167	6.64263876399e-06
1168	6.62241715822e-06
1169	6.60255325353e-06
1170	6.58300506858e-06
1171	6.56371863228e-06
1172	6.54557081329e-06
1173	6.52751324694e-06
1174	6.50898921251e-06
1175	6.49053265314e-06
1176	6.4720549482e-06
1177	6.45356246663e-06
1178	6.44098150424e-06
1179	6.42306559202e-06
1180	6.40493935513e-06
1181	6.38574722461e-06
1182	6.36845205841e-06
1183	6.35109409056e-06
1184	6.33419434234e-06
1185	6.31774905518e-06
1186	6.30176262857e-06
1187	6.24851268719e-06
1188	6.22887784747e-06
1189	6.21257625215e-06
1190	6.1966402558e-06
1191	6.1812360365e-06
1192	6.16595371081e-06
1193	6.15048115386e-06
1194	6.13443623905e-06
1195	6.64566673403e-06
1196	6.09519669478e-06
1197	6.06116029455e-06
1198	6.04326378231e-06
1199	6.02530948525e-06
1200	6.00576672498e-06
1201	5.98522287908e-06
1202	5.96462884562e-06
1203	5.94436768163e-06
1204	6.42654381389e-06
1205	5.90008694905e-06
1206	5.8646731238e-06
1207	5.84458236931e-06
1208	6.33927489371e-06
1209	5.82273167529e-06
1210	5.82699451915e-06
1211	6.31195969424e-06
1212	5.80050800353e-06
1213	5.75499002898e-06
1214	5.72044705397e-06
1215	6.215834519e-06
1216	5.66030712827e-06
1217	6.11907165476e-06
1218	5.59504128172e-06
1219	5.56475886466e-06
1220	6.05285433505e-06
1221	5.52965524357e-06
1222	5.50310679568e-06
1223	6.04484261907e-06
1224	5.47357199926e-06
1225	5.99825414485e-06
1226	5.43154952116e-06
1227	5.93694186141e-06
1228	5.39266399856e-06
1229	5.36994865874e-06
1230	5.94650987414e-06
1231	5.34770629182e-06
1232	5.92727370354e-06
1233	5.31478343902e-06
1234	5.8983168094e-06
1235	5.28765659151e-06
1236	5.86337102708e-06
1237	5.25740512989e-06
1238	5.83200587938e-06
1239	5.2280200634e-06
1240	5.81088800535e-06
1241	5.73439147433e-06
1242	5.17648864382e-06
1243	5.16383931467e-06
1244	5.7855670579e-06
1245	5.72589349814e-06
1246	5.65004246929e-06
1247	5.10636819211e-06
1248	5.63416208231e-06
1249	5.08716687753e-06
1250	5.6641952298e-06
1251	5.62604199143e-06
1252	5.56671917889e-06
1253	5.03658122862e-06
1254	5.59873342161e-06
1255	5.55825745257e-06
1256	5.50708612966e-06
1257	5.45520187083e-06
1258	4.97410080741e-06
1259	5.50995090626e-06
1260	5.48898794231e-06
1261	5.46022166363e-06
1262	5.42876823458e-06
1263	5.39741329824e-06
1264	5.36756804102e-06
1265	5.34164752112e-06
1266	5.32176811598e-06
1267	5.30895850083e-06
1268	5.30342082369e-06
1269	5.30450982825e-06
1270	5.31121729622e-06
1271	5.32202709125e-06
1272	5.33533748962e-06
1273	5.34932371159e-06
1274	5.36231842829e-06
1275	5.37295642864e-06
1276	5.38029105267e-06
1277	5.38388687213e-06
1278	5.38372542534e-06
1279	5.38025534288e-06
1280	5.37427039424e-06
1281	5.36671693662e-06
1282	5.35859745824e-06
1283	5.35071361762e-06
1284	5.34377406424e-06
1285	5.33821284637e-06
1286	5.33422956717e-06
1287	5.33179289848e-06
1288	5.33068391438e-06
1289	2.2045127545e-05
1290	1.48745450335e-05
1291	1.17595294396e-05
1292	1.17231083847e-05
1293	1.07307359245e-05
1294	1.22761211307e-05
1295	1.69382915803e-05
1296	1.43275683805e-05
1297	1.18811276043e-05
1298	1.0642256407e-05
1299	1.09914811386e-05
1300	8.56719704632e-06
1301	6.20305083156e-06
1302	7.44554384254e-06
1303	7.9059933619e-06
1304	7.75859117341e-06
1305	5.946989927e-06
1306	5.28491175331e-06
1307	4.9228240923e-06
1308	9.03074926495e-06
1309	6.56490821904e-06
1310	4.92656853211e-06
1311	4.25725152065e-06
1312	5.16892391955e-06
1313	5.03933472292e-06
1314	4.94989781667e-06
1315	4.95943425837e-06
1316	5.02963350813e-06
1317	5.07783503452e-06
1318	9.68564931676e-06
1319	9.13831864997e-06
1320	5.92178016148e-06
1321	4.60315186001e-06
1322	5.23493437614e-06
1323	5.09662344012e-06
1324	9.6253422767e-06
1325	9.67956482943e-06
1326	8.58035335955e-06
1327	6.67618691402e-06
1328	4.07872139247e-06
1329	3.88489943511e-06
1330	9.455886316e-06
1331	9.45758382837e-06
1332	8.39394776052e-06
1333	9.59288668493e-06
1334	9.54430413133e-06
1335	9.56574647996e-06
1336	9.55404945636e-06
1337	9.50968261935e-06
1338	9.43761195196e-06
1339	9.35393288701e-06
1340	8.48080152528e-06
1341	9.51384980128e-06
1342	9.36981196031e-06
1343	8.43051742122e-06
1344	9.58010094814e-06
1345	9.40267613174e-06
1346	9.32929785411e-06
1347	9.24378978625e-06
1348	9.15696627075e-06
1349	8.2957675971e-06
1350	9.37021575234e-06
1351	9.22538808876e-06
1352	9.18500532574e-06
1353	9.1360030784e-06
1354	8.27817030219e-06
1355	9.40239656715e-06
1356	9.2563597994e-06
1357	9.21258274663e-06
1358	9.15301118571e-06
1359	8.26258660475e-06
1360	9.40593864324e-06
1361	9.2178730236e-06
1362	9.14935171374e-06
1363	9.06803911218e-06
1364	8.21056898991e-06
1365	9.28351440965e-06
1366	9.09192559883e-06
1367	9.0214847879e-06
1368	8.94426504028e-06
1369	8.12907696494e-06
1370	9.16537832864e-06
1371	8.98871550406e-06
1372	8.92920996976e-06
1373	8.8609844483e-06
1374	8.03666549985e-06
1375	9.10239687012e-06
1376	8.91973078427e-06
1377	8.85488368321e-06
1378	8.77734255908e-06
1379	8.69538409147e-06
1380	7.90278368998e-06
1381	8.89977622859e-06
1382	8.71902700202e-06
1383	8.65495780114e-06
1384	8.58191664837e-06
1385	7.76870591858e-06
1386	8.80968940571e-06
1387	8.62372945595e-06
1388	8.55884697014e-06
1389	8.48431221676e-06
1390	8.40842064008e-06
1391	7.62704407117e-06
1392	8.63576550936e-06
1393	8.46261119818e-06
1394	8.41235066214e-06
1395	8.3528271167e-06
1396	8.29123854407e-06
1397	7.54849229141e-06
1398	8.53862387984e-06
1399	8.37016714075e-06
1400	8.32506156177e-06
1401	8.26874501561e-06
1402	8.21916356917e-06
1403	7.49008015472e-06
1404	8.47485701057e-06
1405	8.31111323335e-06
1406	8.29480371752e-06
1407	8.23821331271e-06
1408	8.18458074005e-06
1409	7.5142043884e-06
1410	8.469038921e-06
1411	8.30628266862e-06
1412	8.28261003089e-06
1413	8.25155614698e-06
1414	7.61445422116e-06
1415	8.58055996648e-06
1416	8.41756153003e-06
1417	8.39469851642e-06
1418	7.73236772752e-06
1419	8.73400122618e-06
1420	8.54744656647e-06
1421	8.55357548681e-06
1422	8.51509844633e-06
1423	7.94823753709e-06
1424	8.78290009844e-06
1425	8.66060837613e-06
1426	8.07574870962e-06
1427	8.96895177431e-06
1428	8.82930178298e-06
1429	8.78489334721e-06
1430	8.21684034382e-06
1431	9.07235739433e-06
1432	8.88922723113e-06
1433	8.30395376658e-06
1434	9.15981740398e-06
1435	8.95429967437e-06
1436	8.86676487428e-06
1437	8.33589098356e-06
1438	9.04849378743e-06
1439	8.84998040062e-06
1440	8.31307725764e-06
1441	9.04185585997e-06
1442	8.83985083634e-06
1443	8.26523554435e-06
1444	9.03916848128e-06
1445	8.81546787018e-06
1446	8.71128255058e-06
1447	8.19567752258e-06
1448	8.86575960981e-06
1449	8.66022362262e-06
1450	8.13938205287e-06
1451	8.83009170698e-06
1452	8.6201410731e-06
1453	8.0634763809e-06
1454	8.79573334364e-06
1455	8.56821354525e-06
1456	8.46460798618e-06
1457	7.97828759197e-06
1458	8.61698794227e-06
1459	8.4260024264e-06
1460	7.95190759189e-06
1461	8.61804510523e-06
1462	8.43386657636e-06
1463	7.93446077114e-06
1464	8.63721698012e-06
1465	8.43436933851e-06
1466	8.34541608279e-06
1467	7.905060368e-06
1468	8.49584665678e-06
1469	7.87888509718e-06
1470	8.59007709527e-06
1471	8.36971227065e-06
1472	8.26116658499e-06
1473	7.79020287152e-06
1474	8.37201029665e-06
1475	7.73320143833e-06
1476	8.42252870295e-06
1477	8.19218186032e-06
1478	8.07380809674e-06
1479	7.60978262851e-06
1480	8.16504873375e-06
1481	7.55015012778e-06
1482	8.21493264576e-06
1483	8.00305794543e-06
1484	7.47062810839e-06
1485	8.14313422065e-06
1486	7.93024994423e-06
1487	7.41708085903e-06
1488	8.06696855154e-06
1489	7.86992661852e-06
1490	7.40593302585e-06
1491	8.01739167755e-06
1492	7.40546088891e-06
1493	8.10782944628e-06
1494	7.90261422019e-06
1495	7.41039983622e-06
1496	8.06113285678e-06
1497	7.8520346241e-06
1498	7.39809127234e-06
1499	7.98371576015e-06
1500	7.3695201519e-06
1501	8.03582760416e-06
1502	7.8160643317e-06
1503	7.31715110083e-06
1504	7.93125802471e-06
1505	7.24791185702e-06
1506	1.61462604612e-05
1507	9.84981157916e-06
1508	1.02150000579e-05
1509	1.18584319195e-05
1510	8.92577757361e-06
1511	1.09235370636e-05
1512	1.5783112805e-05
1513	1.32972160845e-05
1514	8.40135298906e-06
1515	9.65921470607e-06
1516	9.91845345868e-06
1517	7.91897616981e-06
1518	1.71810659883e-05
1519	1.25197443103e-05
1520	8.42203141969e-06
1521	7.7925457551e-06
1522	1.00483784528e-05
1523	7.95688493126e-06
1524	5.72142736306e-06
1525	9.15472761156e-06
1526	8.60990074741e-06
1527	9.08583578621e-06
1528	7.31812523877e-06
1529	6.98563676231e-06
1530	6.69398845131e-06
1531	9.62448169833e-06
1532	8.04525061328e-06
1533	8.87209879616e-06
1534	6.98009217751e-06
1535	8.80104824792e-06
1536	7.03075001945e-06
1537	8.9150485648e-06
1538	6.71055679231e-06
1539	8.82442453265e-06
1540	6.7221143763e-06
1541	8.76018496747e-06
1542	6.88230550199e-06
1543	8.67696053239e-06
1544	6.99311031533e-06
1545	8.69254089998e-06
1546	7.0371348264e-06
1547	8.50113454814e-06
1548	7.03690856087e-06
1549	8.30099676972e-06
1550	7.02727359914e-06
1551	8.12951914177e-06
1552	6.97016454612e-06
1553	8.01073968725e-06
1554	6.91911156974e-06
1555	7.96685193507e-06
1556	6.8818204338e-06
1557	7.95028518804e-06
1558	6.82592745687e-06
1559	7.89928470168e-06
1560	6.7245504617e-06
1561	7.95828289775e-06
1562	6.702555881e-06
1563	8.02366001015e-06
1564	6.70734071736e-06
1565	8.08601925705e-06
1566	6.7344695979e-06
1567	8.13844082408e-06
1568	6.78881552588e-06
1569	8.18043805783e-06
1570	6.84318652833e-06
1571	8.21277080251e-06
1572	6.89428078033e-06
1573	8.22696900674e-06
1574	6.91079739888e-06
1575	8.28672229472e-06
1576	6.86759224968e-06
1577	8.10285061533e-06
1578	6.66542600448e-06
1579	7.95345176956e-06
1580	6.46790544009e-06
1581	7.80983709698e-06
1582	9.5026630492e-06
1583	6.73035532489e-06
1584	7.67694574245e-06
1585	9.37191038912e-06
1586	6.99176066461e-06
1587	7.62746360484e-06
1588	9.32747052084e-06
1589	7.13182675058e-06
1590	7.65296823641e-06
1591	9.35799105863e-06
1592	7.19953259501e-06
1593	7.6839299262e-06
1594	9.43386000506e-06
1595	7.25417099026e-06
1596	7.73870010856e-06
1597	9.54353978684e-06
1598	7.26380893881e-06
1599	7.70208580248e-06
1600	9.463571385e-06
1601	6.95135759171e-06
1602	7.40265178916e-06
1603	8.95584098159e-06
1604	9.35701148662e-06
1605	9.28270159681e-06
1606	9.20568220011e-06
1607	9.20037281915e-06
1608	9.23812321074e-06
1609	6.43436096629e-06
1610	6.96681068754e-06
1611	8.29985116627e-06
1612	9.06108644031e-06
1613	9.253683105e-06
1614	9.28009364587e-06
1615	9.33288605603e-06
1616	9.41300411083e-06
1617	9.55012819944e-06
1618	6.84798142772e-06
1619	7.4864885709e-06
1620	8.74718070696e-06
1621	9.13587074144e-06
1622	9.04918522423e-06
1623	8.85389494745e-06
1624	8.69477006481e-06
1625	8.59595124556e-06
1626	8.53837284547e-06
1627	8.5193219415e-06
1628	8.53151696853e-06
1629	8.55133349588e-06
1630	8.58876117301e-06
1631	8.66883266234e-06
1632	8.89044961194e-06
1633	9.23628367408e-06
1634	9.47568946645e-06
1635	9.48996560711e-06
1636	9.38975002361e-06
1637	9.21504051627e-06
1638	8.93614202294e-06
1639	8.5965474802e-06
1640	8.24444029754e-06
1641	7.92369611322e-06
1642	7.70287953299e-06
1643	7.7101064789e-06
1644	8.05526373628e-06
1645	8.40729613284e-06
1646	8.5800903081e-06
1647	8.51069872958e-06
1648	8.24896681154e-06
1649	7.8372289263e-06
1650	7.48164399144e-06
1651	7.55548968447e-06
1652	8.08454950075e-06
1653	8.36961733263e-06
1654	8.35593582763e-06
1655	8.29833456777e-06
1656	8.56145407983e-06
1657	8.97460749933e-06
1658	7.14914688125e-06
1659	8.2974000716e-06
1660	7.28535234916e-06
1661	9.16805548149e-06
1662	7.18860354183e-06
1663	9.10674691983e-06
1664	6.46610947448e-06
1665	8.68401845825e-06
1666	9.49001110163e-06
1667	9.63958545312e-06
1668	5.59218604743e-06
1669	6.98761526826e-06
1670	9.3758561133e-06
1671	8.19974756943e-06
1672	8.88852266955e-06
1673	8.58697383741e-06
1674	8.02810746187e-06
1675	7.36491220455e-06
1676	8.09096532693e-06
1677	8.30845843328e-06
1678	7.63735291042e-06
1679	9.65065637014e-06
1680	8.67256294828e-06
1681	7.71296957913e-06
1682	9.62376777448e-06
1683	8.66088159734e-06
1684	7.58195336786e-06
1685	9.46809065412e-06
1686	8.54640364895e-06
1687	7.4778096101e-06
1688	9.30759354127e-06
1689	8.12280868557e-06
1690	7.4181469115e-06
1691	9.22506206464e-06
1692	7.11098522129e-06
1693	7.52985585496e-06
1694	9.20644089164e-06
1695	7.76276702424e-06
1696	7.25801840455e-06
1697	8.94842385905e-06
1698	6.7345026047e-06
1699	7.33084052771e-06
1700	8.91661099691e-06
1701	7.59872179103e-06
1702	7.05440955584e-06
1703	8.69755593526e-06
1704	9.59667187761e-06
1705	6.56458158071e-06
1706	7.33605790545e-06
1707	8.7505008574e-06
1708	9.49049237559e-06
1709	7.65657460614e-06
1710	6.9799586693e-06
1711	8.48801736614e-06
1712	9.32142378478e-06
1713	9.55535124995e-06
1714	9.63669990347e-06
1715	7.1851755915e-06
1716	7.10735180153e-06
1717	8.40541296425e-06
1718	9.10697574866e-06
1719	9.2885944619e-06
1720	9.34898945354e-06
1721	9.38750090872e-06
1722	9.41029579246e-06
1723	9.41300527304e-06
1724	9.39563248272e-06
1725	9.36240924803e-06
1726	9.32063541906e-06
1727	9.27563186652e-06
1728	9.22997853613e-06
1729	9.18489930143e-06
1730	9.14112768243e-06
1731	9.1040337995e-06
1732	6.70640291751e-06
1733	6.53517523607e-06
1734	7.73084597246e-06
1735	8.42265301226e-06
1736	8.61679229433e-06
1737	8.67766438081e-06
1738	8.71737705787e-06
1739	8.75617667264e-06
1740	8.79065656275e-06
1741	8.8040254038e-06
1742	8.79758556069e-06
1743	8.78043768879e-06
1744	8.76116760824e-06
1745	8.63355173831e-06
1746	8.69690408028e-06
1747	8.67333822956e-06
1748	8.64415852949e-06
1749	8.61413477154e-06
1750	8.58290329454e-06
1751	8.54986835904e-06
1752	8.51498162135e-06
1753	8.47893550814e-06
1754	8.44290631765e-06
1755	8.40799692895e-06
1756	8.37503068667e-06
1757	8.3445634251e-06
1758	8.31676958746e-06
1759	8.29160547485e-06
1760	8.26894552207e-06
1761	8.24852428377e-06
1762	8.22996392624e-06
1763	8.21287429728e-06
1764	8.19684379874e-06
1765	8.07253633712e-06
1766	8.14000425025e-06
1767	8.12382605172e-06
1768	8.10567157644e-06
1769	8.08968110977e-06
1770	8.0745103552e-06
1771	8.0593789071e-06
1772	8.09122429378e-06
1773	8.06407473331e-06
1774	8.04136284484e-06
1775	7.91509540676e-06
1776	7.97557320304e-06
1777	7.9522276716e-06
1778	7.92725754424e-06
1779	7.90425100122e-06
1780	7.8822791817e-06
1781	7.86081774192e-06
1782	7.73825046003e-06
1783	7.79767453935e-06
1784	7.7754139001e-06
1785	7.75424056222e-06
1786	7.73702901382e-06
1787	7.62199976435e-06
1788	7.68727951427e-06
1789	7.67393449207e-06
1790	7.55914022649e-06
1791	7.62606574933e-06
1792	7.61753993425e-06
1793	7.5090829146e-06
1794	7.45746496037e-06
1795	7.53690615305e-06
1796	7.43648142441e-06
1797	7.50869958392e-06
1798	7.42195540572e-06
1799	7.48649197186e-06
1800	7.39640549931e-06
1801	7.3733666656e-06
1802	7.43748682651e-06
1803	7.34056162514e-06
1804	7.3973515883e-06
1805	7.30123706333e-06
1806	7.27167557632e-06
1807	7.32810901896e-06
1808	7.23249145273e-06
1809	7.20508082308e-06
1810	7.26053099326e-06
1811	7.15510225242e-06
1812	7.12911269368e-06
1813	7.19759793184e-06
1814	7.09550835893e-06
1815	7.07282737036e-06
1816	7.18173449389e-06
1817	7.07348361006e-06
1818	7.05023775583e-06
1819	7.12117368003e-06
1820	7.01186658436e-06
1821	6.98777536813e-06
1822	7.06081475406e-06
1823	7.02255170701e-06
1824	7.0105199603e-06
1825	6.99939023005e-06
1826	6.92002067425e-06
1827	6.96114787517e-06
1828	6.88223376525e-06
1829	6.92390298138e-06
1830	6.91046340932e-06
1831	6.83427998867e-06
1832	6.90887111232e-06
1833	6.87331507579e-06
1834	6.7947731567e-06
1835	6.83815535964e-06
1836	6.76340587497e-06
1837	6.80621215152e-06
1838	6.79665939482e-06
1839	6.7224516331e-06
1840	6.76349406869e-06
1841	6.69069871895e-06
1842	6.73364436962e-06
1843	6.72599395946e-06
1844	6.65338776645e-06
1845	6.69464439293e-06
1846	6.68826245424e-06
1847	6.61464679749e-06
1848	6.65747231553e-06
1849	6.58404204361e-06
1850	9.6269207526e-06
1851	8.28372049981e-06
1852	6.80764013978e-06
1853	6.46942106509e-06
1854	9.35421440044e-06
1855	7.78494124347e-06
1856	6.67570039642e-06
1857	9.60542217045e-06
1858	7.72068084093e-06
1859	6.71146663037e-06
1860	9.51743305038e-06
1861	7.66526580625e-06
1862	6.59767707176e-06
1863	9.45883806153e-06
1864	7.58492883952e-06
1865	6.61808281654e-06
1866	9.36908390952e-06
1867	7.50290041073e-06
1868	6.56627102291e-06
1869	9.30152463406e-06
1870	7.45772411517e-06
1871	6.4187514811e-06
1872	9.21650379275e-06
1873	7.41864853255e-06
1874	6.39225020701e-06
1875	9.19489453212e-06
1876	7.45223718313e-06
1877	6.46404765924e-06
1878	9.16275990013e-06
1879	7.34035695258e-06
1880	6.44198232605e-06
1881	9.10526080469e-06
1882	7.28625907124e-06
1883	9.63690253167e-06
1884	7.51153863209e-06
1885	6.47987099722e-06
1886	9.05018446252e-06
1887	7.24068445467e-06
1888	9.47271521907e-06
1889	7.52373988681e-06
1890	9.59015667265e-06
1891	7.46095678324e-06
1892	9.56116606126e-06
1893	7.34488650334e-06
1894	9.42465298212e-06
1895	7.31637668867e-06
1896	9.37617585612e-06
1897	7.28475716754e-06
1898	9.34516517504e-06
1899	7.91544225265e-06
1900	9.26543544272e-06
1901	7.04626460538e-06
1902	9.29043403741e-06
1903	7.29303388843e-06
1904	9.31985067394e-06
1905	7.14418153578e-06
1906	9.28873002785e-06
1907	7.05532800798e-06
1908	9.24141693964e-06
1909	7.00695681873e-06
1910	9.19068393794e-06
1911	7.09173594251e-06
1912	9.19690923301e-06
1913	7.0792030466e-06
1914	9.17254243497e-06
1915	6.90538337263e-06
1916	9.12084510937e-06
1917	7.00968594677e-06
1918	9.10026456329e-06
1919	6.8519250793e-06
1920	9.05776584704e-06
1921	6.94163750261e-06
1922	9.04862298313e-06
1923	6.94379992371e-06
1924	9.01754115004e-06
1925	6.78825759233e-06
1926	8.97034162794e-06
1927	6.88705042635e-06
1928	8.94356774825e-06
1929	6.8796039986e-06
1930	8.91702670042e-06
1931	6.88163364267e-06
1932	8.87401921316e-06
1933	6.8624443566e-06
1934	8.83743059111e-06
1935	6.84405594688e-06
1936	8.80329243465e-06
1937	7.56134815471e-06
1938	8.66295021428e-06
1939	6.49801132191e-06
1940	8.72510289676e-06
1941	6.80448890533e-06
1942	8.80651518257e-06
1943	6.72507211005e-06
1944	8.73667844432e-06
1945	6.71091127886e-06
1946	8.68567214058e-06
1947	6.55006571613e-06
1948	8.66441789079e-06
1949	6.62780064695e-06
1950	8.64182253288e-06
1951	6.60879223962e-06
1952	8.62617943536e-06
1953	6.58095269325e-06
1954	8.58933085191e-06
1955	6.55998768089e-06
1956	8.55323341106e-06
1957	6.54127222513e-06
1958	8.52193777935e-06
1959	6.52302386934e-06
1960	8.49623438229e-06
1961	6.5001800444e-06
1962	8.46562875194e-06
1963	7.10032644262e-06
1964	8.33467528795e-06
1965	6.20707956438e-06
1966	8.43202095381e-06
1967	6.41649192662e-06
1968	8.44987521522e-06
1969	6.37199631285e-06
1970	8.40673278267e-06
1971	6.3676697873e-06
1972	8.35967182832e-06
1973	6.21684526789e-06
1974	8.3267651007e-06
1975	6.30661489525e-06
1976	8.30670040795e-06
1977	9.64173702877e-06
1978	7.08200703858e-06
1979	8.62159795063e-06
1980	9.63430355452e-06
1981	6.97276976423e-06
1982	8.53222906345e-06
1983	9.52646915135e-06
1984	7.65912974136e-06
1985	8.44167283846e-06
1986	9.299229639e-06
1987	6.83040038915e-06
1988	8.48518652633e-06
1989	9.51991702669e-06
1990	6.80725608412e-06
1991	8.37270440621e-06
1992	9.32094903664e-06
1993	6.84503165194e-06
1994	8.30129358314e-06
1995	9.27043414188e-06
1996	7.25239970216e-06
1997	8.2330346813e-06
1998	9.06703263011e-06
1999	6.62093689875e-06
2000	8.25847312872e-06
2001	9.29377185533e-06
2002	6.62778855083e-06
2003	8.18685482131e-06
2004	9.13195416544e-06
2005	6.53399304175e-06
2006	8.14012947283e-06
2007	9.09892957387e-06
2008	6.67927166977e-06
2009	8.13483229176e-06
2010	9.07913578087e-06
2011	7.11213580814e-06
2012	8.08128298395e-06
2013	8.88765116387e-06
2014	6.4641595003e-06
2015	8.09758992749e-06
2016	9.09325853407e-06
2017	6.47876990606e-06
2018	8.01745178553e-06
2019	8.91601332114e-06
2020	6.88704767528e-06
2021	7.96561048784e-06
2022	8.76019331669e-06
2023	6.37040927519e-06
2024	7.99824921597e-06
2025	8.96111884219e-06
2026	6.3684555539e-06
2027	7.91299165404e-06
2028	8.7942402322e-06
2029	6.27466618003e-06
2030	7.85258606464e-06
2031	8.74834668512e-06
2032	6.7676077236e-06
2033	7.75438808582e-06
2034	8.67611532925e-06
2035	9.59272062004e-06
2036	6.69975774741e-06
2037	7.98921538422e-06
2038	8.66692847365e-06
2039	9.5263006005e-06
2040	7.13370329111e-06
2041	7.87653391648e-06
2042	8.49623584267e-06
2043	9.34087889737e-06
2044	6.43700160841e-06
2045	7.84232960983e-06
2046	8.56368201343e-06
2047	9.42923379901e-06
2048	6.50060749078e-06
2049	7.76597914111e-06
2050	8.40341367007e-06
2051	9.24209231878e-06
2052	6.9781839425e-06
2053	7.62768488319e-06
2054	8.30684221997e-06
2055	9.13979791632e-06
2056	6.75235395493e-06
2057	7.55865854837e-06
2058	8.27110382838e-06
2059	9.13709260727e-06
2060	6.3055476297e-06
2061	7.63655958553e-06
2062	8.29664076517e-06
2063	9.1315491011e-06
2064	6.32240068661e-06
2065	7.56797820226e-06
2066	8.20189096311e-06
2067	9.03055732458e-06
2068	6.76392052066e-06
2069	7.52346593992e-06
2070	8.10315799447e-06
2071	8.9074486724e-06
2072	9.58787794755e-06
2073	6.43584697049e-06
2074	7.56870479382e-06
2075	8.07589696467e-06
2076	8.82219846233e-06
2077	9.46593600352e-06
2078	7.02832392487e-06
2079	7.44759186064e-06
2080	7.96090201254e-06
2081	8.6681063769e-06
2082	9.34047147444e-06
2083	6.80887241037e-06
2084	7.35593499466e-06
2085	7.8764234836e-06
2086	8.6019716237e-06
2087	9.28806185013e-06
2088	6.26095812492e-06
2089	7.37971659365e-06
2090	7.86009595062e-06
2091	8.58526234144e-06
2092	9.20943538772e-06
2093	9.53569752544e-06
2094	9.58779032126e-06
2095	9.51713842812e-06
2096	9.42596666178e-06
2097	9.35473379666e-06
2098	9.24197944547e-06
2099	9.16306460439e-06
2100	9.12175058998e-06
2101	9.0734083362e-06
2102	9.03998843261e-06
2103	9.01705536091e-06
2104	9.00394098568e-06
2105	8.9995654849e-06
2106	9.5440928099e-06
2107	8.59615209902e-06
2108	9.32865331686e-06
2109	8.5757756863e-06
2110	8.75166935686e-06
2111	9.05141426053e-06
2112	9.00107181363e-06
2113	8.92182324044e-06
2114	8.85369333739e-06
2115	8.74196029411e-06
2116	8.89319846466e-06
2117	8.82657765567e-06
2118	1.4123653333e-05
2119	7.9285763438e-06
2120	7.3553811286e-06
2121	9.055474748e-06
2122	8.76938748984e-06
2123	1.3751993765e-05
2124	7.51186927627e-06
2125	7.70616957383e-06
2126	7.01743835948e-06
2127	1.27266048948e-05
2128	7.79196253009e-06
2129	7.9939047053e-06
2130	1.05374641352e-05
2131	7.40102345198e-06
