1	0.0572562251193
2	0.0864354401248
3	0.00753948997506
4	0.00657714314929
5	0.00180525559398
6	0.0172882610237
7	0.0262473729513
8	0.0068207981826
9	0.00264873841165
10	0.0107433216647
11	0.0451751789402
12	0.0101267092982
13	0.0034922106492
14	0.00448666929809
15	0.0105381119555
16	0.0165369663189
17	0.00671763311402
18	0.00508027077179
19	0.00949517112955
20	0.00710474344422
21	0.00448851812381
22	0.00331028360663
23	0.00236214911608
24	0.00250764395249
25	0.00231301391802
26	0.00176516467046
27	0.00141879699187
28	0.00123923430652
29	0.00118396861205
30	0.00131401540107
31	0.0013589881545
32	0.00125681538267
33	0.00120055091566
34	0.00109737535249
35	0.00101717208484
36	0.000870470538505
37	0.000770206377077
38	0.000708089754566
39	0.000674022884499
40	0.000683738148366
41	0.000705071199513
42	0.000672602698767
43	0.000617986588226
44	0.000559471994212
45	0.00048598895702
46	0.000419212518348
47	0.000375138604781
48	0.000345455591554
49	0.000363503895817
50	0.000361078668152
51	0.000392138731826
52	0.000371514710363
53	0.000351897858971
54	0.000318065412342
55	0.000287884777377
56	0.000255816480789
57	0.000241930088963
58	0.00024228847035
59	0.000250476247655
60	0.000244923920451
61	0.00023966354245
62	0.000223640812577
63	0.000207315093084
64	0.000187827588284
65	0.000176490703768
66	0.000169063414579
67	0.000171190628845
68	0.000173984283664
69	0.000179763671184
70	0.000182236752807
71	0.00017855253733
72	0.000170576794266
73	0.000164069642799
74	0.000157736228355
75	0.000152107226118
76	0.000149686190535
77	0.000148687889622
78	0.000149184391574
79	0.000145713471734
80	0.000143629727216
81	0.000139508180911
82	0.000135774066654
83	0.000133460955048
84	0.000131437917625
85	0.000131253701637
86	0.000130863251105
87	0.000131250185855
88	0.000130944045033
89	0.000130662724961
90	0.000129541078654
91	0.000128877316331
92	0.000126139983164
93	0.000124515613112
94	0.000123433720018
95	0.000122729602837
96	0.000120875349418
97	0.000121000533803
98	0.000119472779534
99	0.000118766382399
100	0.000117652243243
101	0.000116670633842
102	0.000115387119968
103	0.000113653705727
104	0.000111850138068
105	0.000111082699565
106	0.000110697671531
107	0.000110493943294
108	0.00010960698481
109	0.000108716970411
110	0.000107874460507
111	0.000106919777784
112	0.000105717049001
113	0.000104852638065
114	0.00010418893745
115	0.000103625733817
116	0.0001029383606
117	0.000102626139786
118	0.000101953027209
119	0.000101782453562
120	0.000100908935756
121	0.00010017231534
122	9.96217821254e-05
123	9.89976479763e-05
124	9.87721254511e-05
125	9.83140380923e-05
126	9.78100888198e-05
127	9.7321467786e-05
128	9.67936008313e-05
129	9.63412573418e-05
130	9.57624194753e-05
131	9.5285151777e-05
132	9.4831894756e-05
133	9.4287060061e-05
134	9.39234066277e-05
135	9.33593939488e-05
136	9.3052418722e-05
137	9.25841372633e-05
138	9.21975568024e-05
139	9.17595747809e-05
140	9.13891694246e-05
141	9.09565535933e-05
142	9.05973202242e-05
143	9.01429193432e-05
144	8.97401256251e-05
145	8.93332895768e-05
146	8.88842708208e-05
147	8.8383367523e-05
148	8.79743314221e-05
149	8.73266681259e-05
150	8.67980015639e-05
151	8.63226506783e-05
152	8.59279098853e-05
153	8.53234004339e-05
154	8.49359037809e-05
155	8.46513323356e-05
156	8.40276714275e-05
157	8.33252756477e-05
158	8.24697330997e-05
159	8.17876433037e-05
160	8.11348133125e-05
161	8.06980500685e-05
162	8.03254330107e-05
163	7.96727344996e-05
164	7.91084899318e-05
165	7.86112456196e-05
166	7.81649367473e-05
167	7.75394989531e-05
168	7.72092635695e-05
169	7.69450440386e-05
170	7.6700183265e-05
171	7.63383074139e-05
172	7.61704910501e-05
173	7.60254969087e-05
174	7.59963431298e-05
175	7.57723977311e-05
176	7.54064406492e-05
177	7.51763426256e-05
178	7.50000611182e-05
179	7.47657957545e-05
180	7.46357517182e-05
181	7.45473574127e-05
182	7.44975575235e-05
183	7.43619606179e-05
184	7.39439713153e-05
185	7.36127295913e-05
186	7.34143618208e-05
187	7.32085642244e-05
188	7.28586353827e-05
189	7.2654793955e-05
190	7.22995033017e-05
191	7.1831422517e-05
192	7.15869310235e-05
193	7.1223239818e-05
194	7.09798843853e-05
195	7.05175454165e-05
196	7.02516712063e-05
197	6.98854829356e-05
198	6.97196279596e-05
199	6.96447850148e-05
200	6.92945159222e-05
201	6.90816564751e-05
202	6.89478927266e-05
203	6.87361010247e-05
204	6.86769747343e-05
205	6.84920676499e-05
206	6.82424641408e-05
207	6.80003020696e-05
208	6.78689820621e-05
209	6.75698212073e-05
210	6.73481648621e-05
211	6.70603120514e-05
212	6.68771460828e-05
213	6.63904225207e-05
214	6.60087060204e-05
215	6.58419345703e-05
216	6.56489778816e-05
217	6.53322888021e-05
218	6.49783159791e-05
219	6.4680078107e-05
220	6.43716167883e-05
221	6.4060786328e-05
222	6.37419315895e-05
223	6.35189987989e-05
224	6.33924503268e-05
225	6.31470062065e-05
226	6.29462608791e-05
227	6.26305553366e-05
228	6.24311397398e-05
229	6.20306357141e-05
230	6.18519101219e-05
231	6.15386773765e-05
232	6.13553614723e-05
233	6.08718146808e-05
234	6.06962998369e-05
235	6.04301617783e-05
236	6.02007103857e-05
237	5.9988088993e-05
238	5.96491714443e-05
239	5.93478551132e-05
240	5.90049081454e-05
241	5.86997933491e-05
242	5.85445485683e-05
243	5.83194328692e-05
244	5.80940880586e-05
245	5.77425679627e-05
246	5.73427110006e-05
247	5.70252452104e-05
248	5.67791323413e-05
249	5.64709036138e-05
250	5.61779456601e-05
251	5.59340240866e-05
252	5.5571778875e-05
253	5.52385783924e-05
254	5.48341909293e-05
255	5.43449738157e-05
256	5.40457667223e-05
257	5.3858515021e-05
258	5.35573101454e-05
259	5.32120339313e-05
260	5.2801474599e-05
261	5.24045368605e-05
262	5.20601008655e-05
263	5.18246263319e-05
264	5.14786828443e-05
265	5.12520444919e-05
266	5.10053397438e-05
267	5.06622840711e-05
268	5.02008746744e-05
269	4.97927932594e-05
270	4.94064876685e-05
271	4.90575982058e-05
272	4.87268476842e-05
273	4.84676450596e-05
274	4.82675734171e-05
275	4.82060577734e-05
276	4.82397897861e-05
277	4.83241073948e-05
278	4.84572765721e-05
279	4.86321739663e-05
280	4.87519981417e-05
281	4.87907515947e-05
282	4.89592735431e-05
283	4.91772713288e-05
284	4.93208956416e-05
285	4.9518209613e-05
286	4.96548804363e-05
287	4.9779990505e-05
288	4.98884052591e-05
289	5.04516003047e-05
290	5.11122848103e-05
291	5.14469357201e-05
292	5.21593225741e-05
293	5.2835037902e-05
294	5.3395829609e-05
295	5.39601119796e-05
296	5.43984663358e-05
297	5.50269431634e-05
298	5.5523636454e-05
299	5.57727974028e-05
300	5.61117783459e-05
301	5.64557181475e-05
302	5.67337767463e-05
303	5.69734877841e-05
304	5.70985037882e-05
305	5.70308085169e-05
306	5.73187714159e-05
307	5.73663621955e-05
308	5.72465944134e-05
309	5.73805479953e-05
310	5.76811403301e-05
311	5.78210078897e-05
312	5.78606821137e-05
313	5.77591361949e-05
314	5.78232413073e-05
315	5.77780400518e-05
316	5.77697993036e-05
317	5.79024864493e-05
318	5.80156994933e-05
319	5.77540725659e-05
320	5.79810824453e-05
321	5.80366339773e-05
322	5.80685651852e-05
323	5.78878555845e-05
324	5.7741372768e-05
325	5.78078725421e-05
326	5.7860843865e-05
327	5.77917132245e-05
328	5.77125716658e-05
329	5.76240377346e-05
330	5.73055394925e-05
331	5.74549078865e-05
332	5.74928525454e-05
333	5.714155879e-05
334	5.74032064934e-05
335	5.74800292503e-05
336	5.74113909075e-05
337	5.71454256479e-05
338	5.70607590863e-05
339	5.69555312181e-05
340	5.69497729299e-05
341	5.68241800812e-05
342	5.69181129776e-05
343	5.68033540144e-05
344	5.67589365187e-05
345	5.68011078964e-05
346	5.64514576213e-05
347	5.67401325103e-05
348	5.65537501907e-05
349	5.6705787005e-05
350	5.6783823727e-05
351	5.66960068465e-05
352	5.65427452423e-05
353	5.6447952316e-05
354	5.65610873427e-05
355	5.67428927534e-05
356	5.68384253582e-05
357	5.70746683674e-05
358	5.72273380109e-05
359	5.72614291272e-05
360	5.72457104661e-05
361	5.71046805583e-05
362	5.73053225529e-05
363	5.74918778628e-05
364	5.75128693523e-05
365	5.70441891409e-05
366	5.74417341081e-05
367	5.78400597841e-05
368	5.80901926107e-05
369	5.81907378881e-05
370	5.82984947769e-05
371	5.84211924424e-05
372	5.85294631125e-05
373	5.8610973105e-05
374	5.87396037595e-05
375	5.87256660992e-05
376	5.87760062074e-05
377	5.8926844411e-05
378	5.88078559553e-05
379	5.88091791076e-05
380	5.9207300552e-05
381	5.9483642777e-05
382	5.9592679394e-05
383	5.9504475816e-05
384	5.91289833995e-05
385	5.96059379429e-05
386	5.99074704726e-05
387	6.00062049049e-05
388	5.98851923679e-05
389	5.92796585823e-05
390	5.9877404322e-05
391	6.02910929471e-05
392	6.04580620705e-05
393	6.06616661309e-05
394	6.09014277919e-05
395	6.1092166441e-05
396	6.12324753316e-05
397	6.13191073066e-05
398	6.13254410295e-05
399	6.12960972706e-05
400	6.15580449871e-05
401	6.19913252704e-05
402	6.22477506825e-05
403	6.23030603791e-05
404	6.22080247803e-05
405	6.24315077719e-05
406	6.24428233507e-05
407	6.26685533736e-05
408	6.28289323901e-05
409	6.30927977898e-05
410	6.33465413655e-05
411	6.35079364957e-05
412	6.35716354189e-05
413	6.37071054551e-05
414	6.38845598422e-05
415	6.38794877963e-05
416	6.3941334624e-05
417	6.41183538086e-05
418	6.42525161506e-05
419	6.44438264337e-05
420	6.41131154428e-05
421	6.44081353406e-05
422	6.43780741272e-05
423	6.40613588336e-05
424	6.42564712003e-05
425	6.4350957875e-05
426	6.44282885936e-05
427	6.41645658304e-05
428	6.41643306411e-05
429	6.39669544836e-05
430	6.33706549263e-05
431	6.33467428852e-05
432	6.30164751981e-05
433	6.21386345547e-05
434	6.24028964997e-05
435	6.2492484983e-05
436	6.29408168257e-05
437	6.34036207133e-05
438	6.39646843112e-05
439	6.43735884282e-05
440	6.50433100747e-05
441	6.53973711795e-05
442	6.60448576798e-05
443	6.64129906714e-05
444	6.64715250956e-05
445	6.61262100601e-05
446	6.64764868332e-05
447	6.66499789372e-05
448	6.69095567835e-05
449	6.71185685423e-05
450	6.759051551e-05
451	6.77630919451e-05
452	6.77001958338e-05
453	6.78939624923e-05
454	6.77021871073e-05
455	6.7769462515e-05
456	6.76299783232e-05
457	6.69402157583e-05
458	6.7724278758e-05
459	7.0827799641e-05
460	7.23353976796e-05
461	7.32624590906e-05
462	7.39210219435e-05
463	7.44349608e-05
464	7.48622776756e-05
465	7.52249123627e-05
466	7.55510993777e-05
467	7.58423286891e-05
468	7.61159108946e-05
469	7.63766587363e-05
470	7.66172158586e-05
471	7.68500757791e-05
472	7.70712299445e-05
473	7.72900335129e-05
474	7.75054907243e-05
475	7.77081296042e-05
476	7.79082160476e-05
477	7.81003328413e-05
478	7.82915040481e-05
479	7.84782032145e-05
480	7.86647516562e-05
481	7.88367985549e-05
482	7.90125244622e-05
483	7.91818278873e-05
484	7.93510786378e-05
485	7.95213764531e-05
486	7.96875554128e-05
487	7.98539763636e-05
488	8.00211788859e-05
489	8.01862410527e-05
490	8.03486622044e-05
491	8.05118286749e-05
492	8.06723925939e-05
493	8.08325135727e-05
494	8.09893458782e-05
495	8.1145505881e-05
496	8.12984112066e-05
497	8.14508515079e-05
498	8.16007354536e-05
499	8.17509807987e-05
500	8.18996574581e-05
501	8.20493085405e-05
502	8.2198165084e-05
503	8.23485527486e-05
504	8.2498246782e-05
505	8.26491509901e-05
506	8.27988712935e-05
507	8.29489993574e-05
508	8.30971816226e-05
509	8.32451558669e-05
510	8.33908439909e-05
511	8.35360829027e-05
512	8.36790879283e-05
513	8.38209036791e-05
514	8.39636452662e-05
515	8.41071211707e-05
516	8.42459096362e-05
517	8.43884966093e-05
518	8.45324941759e-05
519	8.4677193142e-05
520	8.48220958109e-05
521	8.49669106494e-05
522	8.51116419489e-05
523	8.52557205027e-05
524	8.53993089536e-05
525	8.55417021757e-05
526	8.56833503036e-05
527	8.5823623617e-05
528	8.59623735825e-05
529	8.61022103743e-05
530	8.62433443995e-05
531	8.63787384793e-05
532	8.65182169194e-05
533	8.66598889495e-05
534	8.68026231698e-05
535	8.6947781705e-05
536	8.70868699653e-05
537	8.7229619052e-05
538	8.73738083404e-05
539	8.75176572141e-05
540	8.76600027176e-05
541	8.78033330509e-05
542	8.79390746204e-05
543	8.80779314702e-05
544	8.82175939852e-05
545	8.83569284587e-05
546	8.84959895302e-05
547	8.86355868637e-05
548	8.87738021085e-05
549	8.89146242644e-05
550	8.90574699189e-05
551	8.92048229186e-05
552	8.93442905524e-05
553	8.94880864176e-05
554	8.96324473156e-05
555	8.97762975719e-05
556	8.99189767936e-05
557	9.00611393839e-05
558	9.01997962144e-05
559	9.03395135286e-05
560	9.04795763493e-05
561	9.06215246089e-05
562	9.07604548113e-05
563	9.09017820009e-05
564	9.10445915764e-05
565	9.11904264478e-05
566	9.13336865136e-05
567	9.14790747499e-05
568	9.16251083314e-05
569	9.17729677399e-05
570	9.1916639935e-05
571	9.20612243847e-05
572	9.22053511322e-05
573	9.23507743585e-05
574	9.24916970213e-05
575	9.26339918127e-05
576	9.2776614711e-05
577	9.29219858747e-05
578	9.30642210364e-05
579	9.3209294458e-05
580	9.3355940098e-05
581	9.3505732218e-05
582	9.36523991897e-05
583	9.38011088232e-05
584	9.39502669648e-05
585	9.41011121498e-05
586	9.42475425751e-05
587	9.43951041859e-05
588	9.45433339361e-05
589	9.46881165495e-05
590	9.48339881127e-05
591	9.49801942398e-05
592	9.51291318458e-05
593	9.52752448777e-05
594	9.54242895985e-05
595	9.55741849888e-05
596	9.57275441223e-05
597	9.58782747577e-05
598	9.60313781132e-05
599	9.61840324906e-05
600	9.63387577151e-05
601	9.64894667251e-05
602	9.66413657508e-05
603	9.67922254986e-05
604	9.69448244916e-05
605	9.7093653755e-05
606	9.72444447493e-05
607	9.73974007898e-05
608	9.75483638666e-05
609	9.77020360945e-05
610	9.78567364933e-05
611	9.80128104795e-05
612	9.81722527803e-05
613	9.83285569314e-05
614	9.84861467989e-05
615	9.86439026763e-05
616	9.88025549128e-05
617	9.8957531323e-05
618	9.91135058603e-05
619	9.92708671903e-05
620	9.9425103805e-05
621	9.95809154548e-05
622	9.97392248264e-05
623	9.98955168522e-05
624	0.000100054467169
625	0.000100216570444
626	0.000100377125391
627	0.000100539450041
628	0.00010070421803
629	0.000100866366605
630	0.000101029134915
631	0.000101193434091
632	0.000101352580876
633	0.000101515094226
634	0.000101679268366
635	0.00010184135792
636	0.000102004250863
637	0.000102164851097
638	0.000102321334016
639	0.000102498116556
640	0.000102666571483
641	0.000102833316881
642	0.000102992485524
643	0.000103169641085
644	0.000103341383052
645	0.000103507918734
646	0.000103675961411
647	0.000103844649088
648	0.000104013437598
649	0.000104181990453
650	0.000104350700668
651	0.000104520062671
652	0.00010469050378
653	0.000104862346955
654	0.000105035619737
655	0.000105210186803
656	0.000105385717646
657	0.000105566191557
658	0.000105734994955
659	0.000105906676045
660	0.000106093452218
661	0.000106269507155
662	0.000106433841688
663	0.000106622462297
664	0.00010679461938
665	0.00010696184806
666	0.000107149180118
667	0.000107329634087
668	0.000107497666709
669	0.000107688697046
670	0.00010786868494
671	0.00010806189282
672	0.000108241931128
673	0.000108421867231
674	0.000108597439218
675	0.000108791686053
676	0.000108971803345
677	0.000109163871909
678	0.000109343569699
679	0.00010952398351
680	0.000109699527515
681	0.000109893950735
682	0.000110092026215
683	0.000110281836554
684	0.000110468551403
685	0.00011064642003
686	0.000110846714059
687	0.000111049017056
688	0.000111238829963
689	0.000111423633609
690	0.000111621684427
691	0.000111807436076
692	0.000112009623191
693	0.0001121924086
694	0.000112398541999
695	0.000112582803872
696	0.000112792469401
697	0.000112979358536
698	0.000113185208514
699	0.000113392123246
700	0.000113592083294
701	0.000113782026634
702	0.000113987471894
703	0.000114191634133
704	0.00011440077991
705	0.000114592211446
706	0.000114803348664
707	0.000114995868954
708	0.000115202572805
709	0.000115414206977
710	0.00011563215459
711	0.000115827110478
712	0.000116031526445
713	0.000116249145822
714	0.000116462888287
715	0.000116680675652
716	0.000116883257438
717	0.000117095461289
718	0.000117306571013
719	0.000117524014319
720	0.000117738573303
721	0.000117958657309
722	0.000118163517769
723	0.000118381592886
724	0.000118601576256
725	0.00011882572272
726	0.000119047539125
727	0.000119268791568
728	0.000119489976475
729	0.000119711661044
730	0.000119933602215
731	0.000120156472913
732	0.000120380276734
733	0.000120605159745
734	0.000120831288957
735	0.000121058892997
736	0.000121287973168
737	0.000121518407148
738	0.00012174998202
739	0.000121982509371
740	0.000122215701386
741	0.000122449334282
742	0.000122683258386
743	0.000122917678537
744	0.000123152525177
745	0.000123387997092
746	0.000123624393217
747	0.000123861962228
748	0.000124101940937
749	0.000124341898379
750	0.000124584097199
751	0.000124828670864
752	0.000125074510229
753	0.000125320516594
754	0.000125566694003
755	0.000125813217217
756	0.000126060089655
757	0.000126307379471
758	0.000126555277566
759	0.000126804082544
760	0.000127054116145
761	0.000127305791927
762	0.000127559237073
763	0.000127814317547
764	0.000128070851156
765	0.000128328549816
766	0.000128587096929
767	0.00012884649487
768	0.000129106467371
769	0.000129366858107
770	0.00012962780576
771	0.000129889483068
772	0.000130152234298
773	0.000130416365025
774	0.000130682148381
775	0.000130949594929
776	0.000131218573147
777	0.000131489005837
778	0.000131760478855
779	0.000132033080711
780	0.000132306460957
781	0.000132580454957
782	0.000132855167586
783	0.000133130744695
784	0.000133407425773
785	0.000133685429104
786	0.00013396495058
787	0.000134246119667
788	0.000134528854624
789	0.000134813076164
790	0.000135098617174
791	0.000135385554764
792	0.000135673091911
793	0.000135960527238
794	0.000136248160011
795	0.000136536158574
796	0.000136824609537
797	0.000137113749219
798	0.000137403668333
799	0.000137694575806
800	0.000137986164795
801	0.000138278634232
802	0.000138571756693
803	0.000138865600205
804	0.000139159215154
805	0.00013945352836
806	0.000139747137574
807	0.000140040721644
808	0.000140335115894
809	0.000140629022732
810	0.000140923218626
811	0.000141217769776
812	0.000141512361903
813	0.000141807130458
814	0.000142101940978
815	0.000142396399415
816	0.000142690119892
817	0.000142982962612
818	0.000143274889394
819	0.000143565838635
820	0.000143855429163
821	0.000144143673866
822	0.000144430300349
823	0.000144714758559
824	0.000144996910648
825	0.000145275083629
826	0.000145547286575
827	0.000145769191961
828	0.000145880915336
829	0.000145972335127
830	0.000146048137508
831	0.000146112192205
832	0.000146165619577
833	0.000146209169507
834	0.000146244351495
835	0.000146273522318
836	0.0001462972304
837	0.000146315906373
838	0.000146329149467
839	0.000146337561382
840	0.000146341873258
841	0.000146342027594
842	0.000146338793522
843	0.00014633166953
844	0.000146320782661
845	0.000146307628475
846	0.000146292102761
847	0.000146274291565
848	0.000146254610577
849	0.000146232916334
850	0.000146208235675
851	0.000146181091997
852	0.000146151426294
853	0.000146119522049
854	0.000146085434025
855	0.00014604907715
856	0.000146010944848
857	0.000145970446952
858	0.000145928398605
859	0.000145885298818
860	0.000145841404621
861	0.000145795707223
862	0.000145748196446
863	0.000145698576238
864	0.000145646142755
865	0.000145591280316
866	0.000145534393563
867	0.000145476057792
868	0.000145416630888
869	0.000145356270497
870	0.000145295420458
871	0.000145233714458
872	0.00014517060344
873	0.000145105997572
874	0.000145039087635
875	0.000144970411229
876	0.000144899738714
877	0.000144827451644
878	0.000144753803569
879	0.000144679508691
880	0.00014460410461
881	0.000144527630475
882	0.000144450885511
883	0.000144373692262
884	0.000144294753706
885	0.000144214465833
886	0.000144132787912
887	0.000144049460789
888	0.000143964476123
889	0.000143877985702
890	0.000143790259352
891	0.000143701854549
892	0.000143613055746
893	0.000143524158716
894	0.00014343488731
895	0.000143345022162
896	0.00014325429924
897	0.000143162439706
898	0.000143068673543
899	0.0001429730185
900	0.000142875748627
901	0.000142777310376
902	0.000142677953616
903	0.000142578482092
904	0.000142479152671
905	0.000142380166175
906	0.00014228115368
907	0.000142181279642
908	0.000142080501841
909	0.000141978212169
910	0.000141874215512
911	0.000141768303926
912	0.000141660936915
913	0.000141552785832
914	0.000141444197088
915	0.000141335786592
916	0.000141227666997
917	0.000141120354225
918	0.000141013318488
919	0.000140905866609
920	0.000140796748561
921	0.000140685895189
922	0.000140573421223
923	0.000140459280376
924	0.000140344121693
925	0.000140228127568
926	0.000140111909621
927	0.000139996115434
928	0.000139881018874
929	0.000139766594378
930	0.000139652592024
931	0.000139538081194
932	0.000139422189163
933	0.000139304521001
934	0.000139184878196
935	0.000139063711902
936	0.000138941601207
937	0.000138818851514
938	0.000138696174725
939	0.000138574037013
940	0.000138452616882
941	0.000138332232273
942	0.000138211954466
943	0.000138091134803
944	0.000137969568358
945	0.000137846579723
946	0.000137722126187
947	0.000137596210493
948	0.000137468847181
949	0.000137340289463
950	0.000137211485726
951	0.000137083141014
952	0.000136955579868
953	0.000136829079292
954	0.000136703320378
955	0.000136577467128
956	0.000136451378061
957	0.000136324179171
958	0.000136195419955
959	0.000136065220248
960	0.000135933683058
961	0.000135800923823
962	0.000135667586011
963	0.00013553435217
964	0.000135401613807
965	0.000135269692453
966	0.000135138328069
967	0.000135007134377
968	0.000134876043919
969	0.00013474449912
970	0.000134612075295
971	0.000134478537301
972	0.000134343783672
973	0.000134207514784
974	0.000134070042526
975	0.000133932023659
976	0.000133794147264
977	0.00013365692725
978	0.000133520556887
979	0.000133385270296
980	0.000133250768812
981	0.000133116358293
982	0.000132981524633
983	0.000132845619983
984	0.000132708423727
985	0.00013256989137
986	0.000132429911886
987	0.000132288636636
988	0.00013214673205
989	0.000132004626237
990	0.000131862821862
991	0.000131721798912
992	0.000131581505568
993	0.000131442117539
994	0.000131303340357
995	0.000131164603877
996	0.000131025572763
997	0.00013088567103
998	0.000130744849506
999	0.000130602696373
1000	0.000130459178468
1001	0.000130314437564
1002	0.000130169019374
1003	0.000130023412017
1004	0.000129881407521
1005	0.0001297417909
1006	0.000129591955025
1007	0.00012944022615
1008	0.000129304269185
1009	0.000129164604703
1010	0.000129014675033
1011	0.000128877048963
1012	0.000128734159241
1013	0.000128586317096
1014	0.00012843768639
1015	0.000128288853245
1016	0.000128140188234
1017	0.000127991392726
1018	0.000127842687432
1019	0.000127694385163
1020	0.000125078267758
1021	0.000125333577906
1022	0.000123283062946
1023	0.000121976052919
1024	0.000120944007205
1025	0.000120445520227
1026	0.000120350154562
1027	0.000120461701704
1028	0.000120562260008
1029	0.000120595900929
1030	0.00012053572248
1031	0.000120402556294
1032	0.000120230673373
1033	0.000120049689566
1034	0.000119868204489
1035	0.000119717926455
1036	0.0001195678666
1037	0.000119424411481
1038	0.00011928325667
1039	0.00011913528209
1040	0.000118995270116
1041	0.000118832989885
1042	0.000118684617374
1043	0.000118542279982
1044	0.00011838825252
1045	0.00011822921341
1046	0.000118082808832
1047	0.00011794321293
1048	0.000117786315504
1049	0.000117638498636
1050	0.000117491733844
1051	0.000117349093024
1052	0.00011720294168
1053	0.000117057424763
1054	0.000116903102871
1055	0.000116759701411
1056	0.000116618606088
1057	0.000116469780356
1058	0.000116332312474
1059	0.000116183776429
1060	0.000116037776459
1061	0.000115885739904
1062	0.000115735166804
1063	0.000115593134819
1064	0.000115438379933
1065	0.000115295337381
1066	0.000115143701781
1067	0.000114989095557
1068	0.000114835614355
1069	0.000114693013805
1070	0.000114537777832
1071	0.000114395481158
1072	0.000114245870132
1073	0.0001140944517
1074	0.000113943298029
1075	0.000113804394914
1076	0.000113657063413
1077	0.000113506209973
1078	0.000113354777157
1079	0.000113209758989
1080	0.000113067036535
1081	0.000112914956466
1082	0.000112761379898
1083	0.000112611245195
1084	0.000112452539252
1085	0.000112310552183
1086	0.00011215654627
1087	0.000111996689176
1088	0.000111852981076
1089	0.000111699010886
1090	0.000111539903687
1091	0.000111397530436
1092	0.000111245537015
1093	0.000111088203339
1094	0.000110942369026
1095	0.000110798642889
1096	0.000110646101969
1097	0.000110487559338
1098	0.000110340283661
1099	0.000110194977855
1100	0.000110039954785
1101	0.000109878574101
1102	0.000109728082191
1103	0.000109579654726
1104	0.00010942193189
1105	0.000109258433757
1106	0.000109106414976
1107	0.000108952334476
1108	0.000108797512872
1109	0.000108643123599
1110	0.000108487885401
1111	0.000108333864296
1112	0.000108179769832
1113	0.000108025892971
1114	0.000107872168159
1115	0.000107719177533
1116	0.000107565043558
1117	0.00010741025118
1118	0.000107255066956
1119	0.000107098964132
1120	0.000106942888875
1121	0.000106785242907
1122	0.000106626806196
1123	0.000106468123738
1124	0.000106309047914
1125	0.000106149863613
1126	0.000105990628182
1127	0.000105831479728
1128	0.000105672384142
1129	0.000105514356735
1130	0.000105356037245
1131	0.000105197959019
1132	0.000105040484195
1133	0.00010488303424
1134	0.000104725314049
1135	0.000104567329152
1136	0.000104409004937
1137	0.000104250117465
1138	0.000104090546609
1139	0.000103930087288
1140	0.000103768698962
1141	0.000103606546679
1142	0.000103443646086
1143	0.000103280182733
1144	0.000103116239236
1145	0.000102951931662
1146	0.000102787357073
1147	0.000102622761844
1148	0.000102458349519
1149	0.00010229416996
1150	0.000102130238919
1151	0.000101966509246
1152	0.000101802960752
1153	0.000101639464276
1154	0.000101475886988
1155	0.000101312201771
1156	0.000101148240573
1157	0.000100983780404
1158	0.000100818625866
1159	0.000100652808331
1160	0.000100486400726
1161	0.000100319341431
1162	0.000100151577119
1163	9.998321208e-05
1164	9.98143009311e-05
1165	9.9645109662e-05
1166	9.94758254244e-05
1167	9.93066823785e-05
1168	9.91377825315e-05
1169	9.89691164221e-05
1170	9.88006659787e-05
1171	9.86325797892e-05
1172	9.84647838563e-05
1173	9.8297172975e-05
1174	9.8129507903e-05
1175	9.79617324865e-05
1176	9.77937183113e-05
1177	9.76253361263e-05
1178	9.74565084675e-05
1179	9.728706657e-05
1180	9.7116957738e-05
1181	9.69462063939e-05
1182	9.67746987225e-05
1183	9.66025112789e-05
1184	9.64297852297e-05
1185	9.62567959822e-05
1186	9.60837131595e-05
1187	9.59106411071e-05
1188	9.57376260367e-05
1189	9.55648525568e-05
1190	9.53921341645e-05
1191	9.52196055019e-05
1192	9.50474305518e-05
1193	9.4875564745e-05
1194	9.47038386235e-05
1195	9.45321323549e-05
1196	9.43601521877e-05
1197	9.41886687906e-05
1198	9.40161992271e-05
1199	9.38434015314e-05
1200	9.36701784625e-05
1201	9.34964471466e-05
1202	9.33221398368e-05
1203	9.31472360794e-05
1204	9.29717975516e-05
1205	9.2795741906e-05
1206	9.26200984294e-05
1207	9.24435776433e-05
1208	9.22669589589e-05
1209	9.20902210075e-05
1210	9.19143313315e-05
1211	9.17380403362e-05
1212	9.15618633032e-05
1213	9.13867065005e-05
1214	9.12111947295e-05
1215	9.1035748199e-05
1216	9.08601556886e-05
1217	9.06851120463e-05
1218	9.05090832519e-05
1219	9.03333406283e-05
1220	9.01566862197e-05
1221	8.99794246542e-05
1222	8.98023403301e-05
1223	8.96243132783e-05
1224	8.94456713156e-05
1225	8.92672804305e-05
1226	8.9087819097e-05
1227	8.89086551129e-05
1228	8.87285542803e-05
1229	8.85491375882e-05
1230	8.83693297313e-05
1231	8.81894567588e-05
1232	8.80106831269e-05
1233	8.78314011127e-05
1234	8.76532808274e-05
1235	8.74746101256e-05
1236	8.72967966291e-05
1237	8.71183393842e-05
1238	8.69406116402e-05
1239	8.67620819335e-05
1240	8.65839972439e-05
1241	8.64047934364e-05
1242	8.62256868899e-05
1243	8.60462312847e-05
1244	8.58656035466e-05
1245	8.5684301948e-05
1246	8.55031920431e-05
1247	8.53216026242e-05
1248	8.51397806601e-05
1249	8.49570565286e-05
1250	8.47749767782e-05
1251	8.45921869713e-05
1252	8.4410120444e-05
1253	8.42282070744e-05
1254	8.40465603811e-05
1255	8.38645212125e-05
1256	8.36834271148e-05
1257	8.35024788262e-05
1258	8.33215590564e-05
1259	8.3140729992e-05
1260	8.29591926296e-05
1261	8.27781008888e-05
1262	8.259653349e-05
1263	8.24144670748e-05
1264	8.22318471273e-05
1265	8.20486876331e-05
1266	8.18650360043e-05
1267	8.1680910105e-05
1268	8.14963149428e-05
1269	8.13114441971e-05
1270	8.11264055247e-05
1271	8.0941251835e-05
1272	8.0756085119e-05
1273	8.05710628608e-05
1274	8.03862299128e-05
1275	8.02016638195e-05
1276	8.00173532842e-05
1277	7.98333271589e-05
1278	7.96494363398e-05
1279	7.94656083729e-05
1280	7.92818981849e-05
1281	7.90980436953e-05
1282	7.89138403473e-05
1283	7.87292277894e-05
1284	7.85442399366e-05
1285	7.83587010971e-05
1286	7.81726135134e-05
1287	7.79859860119e-05
1288	7.77989040936e-05
1289	7.76114816513e-05
1290	7.44904920524e-05
1291	7.46987388289e-05
1292	7.52296571235e-05
1293	7.32113091381e-05
1294	7.42250427149e-05
1295	7.21760802626e-05
1296	7.05849105545e-05
1297	7.21430231372e-05
1298	7.10239708321e-05
1299	7.00691131337e-05
1300	6.90058198393e-05
1301	6.82925542966e-05
1302	6.7915270437e-05
1303	6.78036426959e-05
1304	6.78159252195e-05
1305	6.78188471363e-05
1306	6.77682214845e-05
1307	6.76526804063e-05
1308	6.748923358e-05
1309	6.73073942125e-05
1310	6.71057826108e-05
1311	6.69177831936e-05
1312	6.6744610743e-05
1313	6.65776815429e-05
1314	6.64143524659e-05
1315	6.6251332596e-05
1316	6.60872851823e-05
1317	6.59218873853e-05
1318	6.57554761769e-05
1319	6.55902843124e-05
1320	6.54225167601e-05
1321	6.52510636443e-05
1322	6.50877898141e-05
1323	6.49270636036e-05
1324	6.47637249959e-05
1325	6.46010982658e-05
1326	6.44353776465e-05
1327	6.42686723032e-05
1328	6.40985598813e-05
1329	6.39387813685e-05
1330	6.37796923284e-05
1331	6.3619605638e-05
1332	6.3453940491e-05
1333	6.32864092666e-05
1334	6.31201971355e-05
1335	6.29565101495e-05
1336	6.27937540379e-05
1337	6.26312667028e-05
1338	6.24686025047e-05
1339	6.23056394657e-05
1340	6.21425063513e-05
1341	6.19792147747e-05
1342	6.18161456034e-05
1343	6.16533224327e-05
1344	6.14899985883e-05
1345	6.13266132606e-05
1346	6.11632046852e-05
1347	6.09992489296e-05
1348	6.08349958556e-05
1349	6.06705518995e-05
1350	6.05059085977e-05
1351	6.03412730967e-05
1352	6.01769935364e-05
1353	6.00124655328e-05
1354	5.98479727924e-05
1355	5.96835154616e-05
1356	5.95195086226e-05
1357	5.93562454308e-05
1358	5.91929299912e-05
1359	5.90297284058e-05
1360	5.88664994964e-05
1361	5.87034310863e-05
1362	5.85406090303e-05
1363	5.83772886177e-05
1364	5.82135856991e-05
1365	5.80494592963e-05
1366	5.78851876397e-05
1367	5.7721042341e-05
1368	5.75563011658e-05
1369	5.73911740247e-05
1370	5.72257483297e-05
1371	5.70603052264e-05
1372	5.68951508715e-05
1373	5.67297861092e-05
1374	5.65645000175e-05
1375	5.63993002145e-05
1376	5.62344434067e-05
1377	5.60701381807e-05
1378	5.59057566958e-05
1379	5.57413808413e-05
1380	5.55769559784e-05
1381	5.54122999533e-05
1382	5.52474985047e-05
1383	5.50827465662e-05
1384	5.49176152766e-05
1385	5.47520419886e-05
1386	5.45859522692e-05
1387	5.44195931893e-05
1388	5.42531512875e-05
1389	5.4086197018e-05
1390	5.39190051281e-05
1391	5.37517559015e-05
1392	5.35844366883e-05
1393	5.34173488929e-05
1394	5.32507144366e-05
1395	5.30841000524e-05
1396	5.29176081283e-05
1397	5.27512273249e-05
1398	5.2584846898e-05
1399	5.2418537245e-05
1400	5.22523639926e-05
1401	5.20859156255e-05
1402	5.19190873016e-05
1403	5.17518485091e-05
1404	5.15841206009e-05
1405	5.14160267359e-05
1406	5.12478176011e-05
1407	5.10790752108e-05
1408	5.09100504052e-05
1409	5.07408129525e-05
1410	5.05714517298e-05
1411	5.04021015973e-05
1412	5.02331675053e-05
1413	5.00642476802e-05
1414	4.98954633042e-05
1415	4.972686498e-05
1416	4.9558247607e-05
1417	4.93899353289e-05
1418	4.92213659823e-05
1419	4.90524880992e-05
1420	4.88828754848e-05
1421	4.87130691196e-05
1422	4.85424789335e-05
1423	4.83711194328e-05
1424	4.8199083916e-05
1425	4.80260476594e-05
1426	4.78528360473e-05
1427	4.76792281467e-05
1428	4.7505031967e-05
1429	4.73314698009e-05
1430	4.71584120582e-05
1431	4.69863399823e-05
1432	4.68148840937e-05
1433	4.66448646153e-05
1434	4.6475772315e-05
1435	4.63067072955e-05
1436	4.61382011592e-05
1437	4.59694392136e-05
1438	4.5800527068e-05
1439	4.56307795584e-05
1440	4.54612970476e-05
1441	4.52922047424e-05
1442	4.51233807372e-05
1443	4.49563516534e-05
1444	4.47914240574e-05
1445	4.46283343841e-05
1446	4.44679330943e-05
1447	4.43094056778e-05
1448	4.41524508621e-05
1449	4.39957600441e-05
1450	4.383950857e-05
1451	4.36828725197e-05
1452	4.35247465102e-05
1453	4.33658040058e-05
1454	4.32056793705e-05
1455	4.3043653304e-05
1456	4.28807011782e-05
1457	4.27164804783e-05
1458	4.25513653015e-05
1459	4.23848860658e-05
1460	4.22181476211e-05
1461	4.20513395636e-05
1462	4.18834412904e-05
1463	4.17153298223e-05
1464	4.1546676099e-05
1465	4.13767942486e-05
1466	4.120677521e-05
1467	4.10363996175e-05
1468	4.08657710741e-05
1469	4.06944204117e-05
1470	4.05234870338e-05
1471	4.0351946169e-05
1472	4.01808374742e-05
1473	4.00096286447e-05
1474	3.98382173828e-05
1475	3.96660380527e-05
1476	3.94942060512e-05
1477	3.93216784008e-05
1478	3.91495122739e-05
1479	3.89771579194e-05
1480	3.88046319106e-05
1481	3.86313675539e-05
1482	3.84582958267e-05
1483	3.82844878307e-05
1484	3.81107861647e-05
1485	3.79367635312e-05
1486	3.77619121533e-05
1487	3.75870333545e-05
1488	3.74117908307e-05
1489	3.72356114913e-05
1490	3.70592932475e-05
1491	3.68825256709e-05
1492	3.67047285387e-05
1493	3.65268890221e-05
1494	3.63480039324e-05
1495	3.61689034719e-05
1496	3.59892318625e-05
1497	3.58083802728e-05
1498	3.5627276702e-05
1499	3.54454345091e-05
1500	3.52623670454e-05
1501	3.50789848949e-05
1502	3.48943244905e-05
1503	3.47092248423e-05
1504	3.45232318293e-05
1505	3.43357338446e-05
1506	3.41479048579e-05
1507	3.10103168289e-05
1508	3.1180885491e-05
1509	3.17914522594e-05
1510	2.97700890498e-05
1511	3.07816922486e-05
1512	2.87708557903e-05
1513	2.711908424e-05
1514	2.87879257111e-05
1515	2.77261398896e-05
1516	2.67591652403e-05
1517	2.57038526225e-05
1518	2.50148228533e-05
1519	2.78141010488e-05
1520	2.74921724963e-05
1521	2.67820346812e-05
1522	2.56615604774e-05
1523	2.48060386983e-05
1524	2.43049847597e-05
1525	2.4112338922e-05
1526	2.40973866988e-05
1527	2.41734648954e-05
1528	2.42101642055e-05
1529	2.41955488825e-05
1530	2.41323027348e-05
1531	2.40294987861e-05
1532	2.39111407029e-05
1533	2.37794753782e-05
1534	2.36640350248e-05
1535	2.35489836772e-05
1536	2.3446722451e-05
1537	2.33437166191e-05
1538	2.32452384885e-05
1539	2.31429177928e-05
1540	2.30414037693e-05
1541	2.293645911e-05
1542	2.28320824163e-05
1543	2.27258968658e-05
1544	2.26200360469e-05
1545	2.25136672016e-05
1546	2.24068042644e-05
1547	2.23003110366e-05
1548	2.21922297942e-05
1549	2.20865633747e-05
1550	2.19792461416e-05
1551	2.18742025845e-05
1552	2.17658539046e-05
1553	2.16600114077e-05
1554	2.15501995412e-05
1555	2.14434239913e-05
1556	2.13314641153e-05
1557	2.12255922679e-05
1558	2.11134819815e-05
1559	2.10064536168e-05
1560	2.08921318188e-05
1561	2.07840346428e-05
1562	2.06693129301e-05
1563	2.05618282049e-05
1564	2.04449200497e-05
1565	2.03358898021e-05
1566	2.02168964793e-05
1567	2.01074549539e-05
1568	1.99871804364e-05
1569	1.98779375798e-05
1570	1.97573123462e-05
1571	1.96462811906e-05
1572	1.95233373074e-05
1573	1.94103068535e-05
1574	1.92852322557e-05
1575	1.91714214159e-05
1576	1.90465422782e-05
1577	1.89317773118e-05
1578	1.88040719345e-05
1579	1.86862426547e-05
1580	1.85555023892e-05
1581	1.8435958775e-05
1582	1.83021629595e-05
1583	1.81718925093e-05
1584	1.80487177548e-05
1585	1.79121764046e-05
1586	1.77776217543e-05
1587	1.76479936995e-05
1588	1.75048667609e-05
1589	1.73632852716e-05
1590	1.7225257397e-05
1591	1.707585354e-05
1592	1.69271836008e-05
1593	1.67817786806e-05
1594	1.66264348406e-05
1595	1.64702637704e-05
1596	1.63141508769e-05
1597	1.61637668234e-05
1598	1.60354192062e-05
1599	1.59210069051e-05
1600	1.58139992796e-05
1601	1.57224011489e-05
1602	1.56586910105e-05
1603	1.56148113456e-05
1604	1.55768100454e-05
1605	1.5534925158e-05
1606	1.5493136796e-05
1607	1.54509536266e-05
1608	1.54109021892e-05
1609	1.53710779749e-05
1610	1.53319070877e-05
1611	1.52951634977e-05
1612	1.52587155157e-05
1613	1.52229335274e-05
1614	1.52018417488e-05
1615	1.52015741183e-05
1616	1.52402246438e-05
1617	1.52697951796e-05
1618	1.52926783356e-05
1619	1.53193833684e-05
1620	1.53428070282e-05
1621	1.5378599222e-05
1622	1.5414637207e-05
1623	1.54544316783e-05
1624	1.54911946823e-05
1625	1.55275389627e-05
1626	1.55620237181e-05
1627	1.55938914138e-05
1628	1.56258208941e-05
1629	1.56550257477e-05
1630	1.56830848617e-05
1631	1.57090470559e-05
1632	1.57337440151e-05
1633	1.57612963189e-05
1634	1.57910926744e-05
1635	1.5817915972e-05
1636	1.58410679215e-05
1637	1.58608030525e-05
1638	1.58772565744e-05
1639	1.58915245945e-05
1640	1.59043388638e-05
1641	1.59149666911e-05
1642	1.59226353908e-05
1643	1.59282364865e-05
1644	1.59400219985e-05
1645	1.59513013597e-05
1646	1.59569263945e-05
1647	1.595698872e-05
1648	1.59544085099e-05
1649	1.59451572238e-05
1650	1.59453199998e-05
1651	1.5994233951e-05
1652	1.60538953749e-05
1653	1.61419973317e-05
1654	1.62432051507e-05
1655	1.63725718515e-05
1656	1.65358802042e-05
1657	1.67241354562e-05
1658	1.69349884433e-05
1659	1.71233242058e-05
1660	1.72774084293e-05
1661	1.74091539267e-05
1662	1.75285480084e-05
1663	1.76344336244e-05
1664	1.77322966456e-05
1665	1.78207639867e-05
1666	1.79035912556e-05
1667	1.79809046578e-05
1668	1.805216829e-05
1669	1.81182834899e-05
1670	1.81792515074e-05
1671	1.82378509945e-05
1672	1.8299066671e-05
1673	1.83484149765e-05
1674	1.83951712465e-05
1675	1.84392187738e-05
1676	1.84853155181e-05
1677	1.8524639684e-05
1678	1.85632968829e-05
1679	1.8598224948e-05
1680	1.86328075699e-05
1681	1.86681648163e-05
1682	1.86969401784e-05
1683	1.8725825551e-05
1684	1.87540381138e-05
1685	1.87786731051e-05
1686	1.88035538293e-05
1687	1.88284380434e-05
1688	1.88487180205e-05
1689	1.88694567532e-05
1690	1.88893345618e-05
1691	1.89066081194e-05
1692	1.89243437512e-05
1693	1.8941414786e-05
1694	1.89560611382e-05
1695	1.89708217555e-05
1696	1.89843393665e-05
1697	1.89958762662e-05
1698	1.90079180942e-05
1699	1.90189567635e-05
1700	1.90287322217e-05
1701	1.90385758049e-05
1702	1.90469420322e-05
1703	1.90539533005e-05
1704	1.90614880819e-05
1705	1.90687770512e-05
1706	1.90730895917e-05
1707	1.90782529133e-05
1708	1.90835997003e-05
1709	1.90884069487e-05
1710	1.90904844975e-05
1711	1.90925322381e-05
1712	1.90953432855e-05
1713	1.90980272765e-05
1714	1.90996103845e-05
1715	1.91001450706e-05
1716	1.90972003858e-05
1717	1.90971251659e-05
1718	1.90977323721e-05
1719	1.90979727315e-05
1720	1.90969241958e-05
1721	1.90947077712e-05
1722	1.90917916767e-05
1723	1.90885282179e-05
1724	1.90850587031e-05
1725	1.90813747008e-05
1726	1.90774039845e-05
1727	1.90730808556e-05
1728	1.90683740656e-05
1729	1.906329185e-05
1730	1.90578609732e-05
1731	1.90521100596e-05
1732	1.90460707701e-05
1733	1.90372484698e-05
1734	1.90306804837e-05
1735	1.90251543987e-05
1736	1.90194817554e-05
1737	1.90126120644e-05
1738	1.90046975315e-05
1739	1.89962208848e-05
1740	1.89875483016e-05
1741	1.89788226992e-05
1742	1.89700161567e-05
1743	1.8961033371e-05
1744	1.89517878571e-05
1745	1.89422389239e-05
1746	1.89322955918e-05
1747	1.89222664023e-05
1748	1.89119763106e-05
1749	1.8901453336e-05
1750	1.88907379114e-05
1751	1.8879851684e-05
1752	1.88687929912e-05
1753	1.88575534763e-05
1754	1.88461256387e-05
1755	1.88345070284e-05
1756	1.88227006959e-05
1757	1.88107109092e-05
1758	1.87985415651e-05
1759	1.87862013098e-05
1760	1.87736928942e-05
1761	1.87610212554e-05
1762	1.87481899896e-05
1763	1.87352005199e-05
1764	1.87220521473e-05
1765	1.87087472566e-05
1766	1.86951929502e-05
1767	1.86816731279e-05
1768	1.86679635563e-05
1769	1.86540690569e-05
1770	1.86400099824e-05
1771	1.86258123512e-05
1772	1.86114937485e-05
1773	1.85970650906e-05
1774	1.85824825324e-05
1775	1.85677710866e-05
1776	1.85528588265e-05
1777	1.85380290425e-05
1778	1.85230367094e-05
1779	1.85078869857e-05
1780	1.84926099984e-05
1781	1.84772268616e-05
1782	1.84617442823e-05
1783	1.84460856799e-05
1784	1.84305037416e-05
1785	1.84147607103e-05
1786	1.83988740608e-05
1787	1.83828727556e-05
1788	1.83666950758e-05
1789	1.83506193329e-05
1790	1.83344009188e-05
1791	1.83179526862e-05
1792	1.83016232097e-05
1793	1.82851438579e-05
1794	1.82684354542e-05
1795	1.82517433625e-05
1796	1.82351335975e-05
1797	1.82182416122e-05
1798	1.82014089705e-05
1799	1.81843133772e-05
1800	1.81673230313e-05
1801	1.81500934812e-05
1802	1.81328692705e-05
1803	1.81157311373e-05
1804	1.8098318116e-05
1805	1.80810000623e-05
1806	1.80634268678e-05
1807	1.80458648619e-05
1808	1.80284039708e-05
1809	1.80106697957e-05
1810	1.79929375684e-05
1811	1.79753052405e-05
1812	1.79574026111e-05
1813	1.7939506882e-05
1814	1.79217050663e-05
1815	1.7903627634e-05
1816	1.78855635927e-05
1817	1.78676049016e-05
1818	1.78493468944e-05
1819	1.78311132172e-05
1820	1.78129996032e-05
1821	1.77946247976e-05
1822	1.7776271412e-05
1823	1.77580188945e-05
1824	1.77395761304e-05
1825	1.77210857894e-05
1826	1.77025699295e-05
1827	1.76839669357e-05
1828	1.76654609417e-05
1829	1.76468160683e-05
1830	1.76282286917e-05
1831	1.76095523292e-05
1832	1.75907532755e-05
1833	1.75720789613e-05
1834	1.75532461849e-05
1835	1.75343392794e-05
1836	1.75155238542e-05
1837	1.74966045965e-05
1838	1.74777347114e-05
1839	1.74587936012e-05
1840	1.74397462079e-05
1841	1.74207543804e-05
1842	1.74016703145e-05
1843	1.73826282892e-05
1844	1.73635359491e-05
1845	1.73443571037e-05
1846	1.73252246151e-05
1847	1.73060581028e-05
1848	1.72868156769e-05
1849	1.7267613103e-05
1850	1.72483456428e-05
1851	1.72201193854e-05
1852	1.72076529904e-05
1853	1.71924887406e-05
1854	1.71747513678e-05
1855	1.71476906559e-05
1856	1.71333209322e-05
1857	1.71164156771e-05
1858	1.70885499841e-05
1859	1.70744643128e-05
1860	1.70580656854e-05
1861	1.70312404994e-05
1862	1.70168809565e-05
1863	1.69999564186e-05
1864	1.69723260659e-05
1865	1.69579077675e-05
1866	1.69411967586e-05
1867	1.69140897534e-05
1868	1.68995546525e-05
1869	1.68826409128e-05
1870	1.68551854791e-05
1871	1.68406736874e-05
1872	1.68237811535e-05
1873	1.67963707717e-05
1874	1.67819646289e-05
1875	1.6765044868e-05
1876	1.67376333768e-05
1877	1.67230993456e-05
1878	1.67060853656e-05
1879	1.66786964518e-05
1880	1.66640262691e-05
1881	1.66469910195e-05
1882	1.66195812663e-05
1883	1.66049207024e-05
1884	1.6580764294e-05
1885	1.65668891891e-05
1886	1.65496266671e-05
1887	1.65216921725e-05
1888	1.65066682351e-05
1889	1.6482344616e-05
1890	1.6468307543e-05
1891	1.64435906192e-05
1892	1.64292978212e-05
1893	1.64047420064e-05
1894	1.63901081092e-05
1895	1.63651163668e-05
1896	1.63504717878e-05
1897	1.63255201992e-05
1898	1.63109212776e-05
1899	1.62860020736e-05
1900	1.62719240707e-05
1901	1.62466616962e-05
1902	1.62319664911e-05
1903	1.62070873672e-05
1904	1.6192630727e-05
1905	1.61678256159e-05
1906	1.61531362882e-05
1907	1.6128479812e-05
1908	1.61137290171e-05
1909	1.60890424927e-05
1910	1.60743002258e-05
1911	1.60495830597e-05
1912	1.60348312326e-05
1913	1.60101206574e-05
1914	1.59953587261e-05
1915	1.59706825512e-05
1916	1.59558925834e-05
1917	1.59312720793e-05
1918	1.59165394565e-05
1919	1.58919455034e-05
1920	1.5877179092e-05
1921	1.58525988264e-05
1922	1.58378262379e-05
1923	1.58132669346e-05
1924	1.579852443e-05
1925	1.577397732e-05
1926	1.57592009606e-05
1927	1.57346749508e-05
1928	1.57199360229e-05
1929	1.56954409042e-05
1930	1.56807375146e-05
1931	1.56562525743e-05
1932	1.56415534873e-05
1933	1.56170485998e-05
1934	1.56023650148e-05
1935	1.55778848094e-05
1936	1.55632487911e-05
1937	1.5538793734e-05
1938	1.55246906336e-05
1939	1.54996766755e-05
1940	1.54849778707e-05
1941	1.54604699725e-05
1942	1.54460565262e-05
1943	1.54218754283e-05
1944	1.5407196578e-05
1945	1.53829363958e-05
1946	1.53682648389e-05
1947	1.5343980338e-05
1948	1.53292613706e-05
1949	1.53050316444e-05
1950	1.52904342403e-05
1951	1.52662324653e-05
1952	1.52516093962e-05
1953	1.52274495098e-05
1954	1.52128318455e-05
1955	1.51887163366e-05
1956	1.51741214339e-05
1957	1.51500424263e-05
1958	1.51354670182e-05
1959	1.51114190035e-05
1960	1.50968576859e-05
1961	1.50728310989e-05
1962	1.50583044869e-05
1963	1.50343035922e-05
1964	1.50202285763e-05
1965	1.49957439446e-05
1966	1.49812098548e-05
1967	1.49573299553e-05
1968	1.49428990026e-05
1969	1.49191402831e-05
1970	1.49045749516e-05
1971	1.48807879914e-05
1972	1.48662891606e-05
1973	1.48425172956e-05
1974	1.48279888698e-05
1975	1.4804265421e-05
1976	1.47898496069e-05
1977	1.4766147248e-05
1978	1.47463565028e-05
1979	1.47331995801e-05
1980	1.47098208609e-05
1981	1.46903985798e-05
1982	1.46768308636e-05
1983	1.46531614821e-05
1984	1.46335437925e-05
1985	1.46202193946e-05
1986	1.45961712579e-05
1987	1.45761817821e-05
1988	1.45628790393e-05
1989	1.45394168966e-05
1990	1.45200637351e-05
1991	1.45063540197e-05
1992	1.44829122005e-05
1993	1.44635233304e-05
1994	1.44499974414e-05
1995	1.44265675518e-05
1996	1.440716661e-05
1997	1.43938822787e-05
1998	1.43702419912e-05
1999	1.43505929798e-05
2000	1.43374798748e-05
2001	1.4314267195e-05
2002	1.42950373096e-05
2003	1.42814489205e-05
2004	1.42582080486e-05
2005	1.4238964424e-05
2006	1.42255428902e-05
2007	1.42023695352e-05
2008	1.41831952099e-05
2009	1.41698902122e-05
2010	1.41467166347e-05
2011	1.41275454396e-05
2012	1.41145113281e-05
2013	1.40911714539e-05
2014	1.40717956534e-05
2015	1.40588422182e-05
2016	1.40359829811e-05
2017	1.40170420598e-05
2018	1.40035665306e-05
2019	1.39807004716e-05
2020	1.39617683025e-05
2021	1.39487376243e-05
2022	1.39257047821e-05
2023	1.39065563622e-05
2024	1.38936166133e-05
2025	1.3870947484e-05
2026	1.38521686582e-05
2027	1.38387900954e-05
2028	1.38161346255e-05
2029	1.37974051569e-05
2030	1.37842221939e-05
2031	1.37616336363e-05
2032	1.37429551333e-05
2033	1.37300540886e-05
2034	1.37071355336e-05
2035	1.36884496342e-05
2036	1.36707512e-05
2037	1.36580309035e-05
2038	1.36359007069e-05
2039	1.36170633276e-05
2040	1.35992095454e-05
2041	1.35862120048e-05
2042	1.35637722853e-05
2043	1.35448726181e-05
2044	1.35271767834e-05
2045	1.35143081731e-05
2046	1.34921944916e-05
2047	1.34735417294e-05
2048	1.34558632492e-05
2049	1.34427338403e-05
2050	1.34207992895e-05
2051	1.34022558938e-05
2052	1.33847139317e-05
2053	1.33719732941e-05
2054	1.33497184918e-05
2055	1.3331188218e-05
2056	1.33138189751e-05
2057	1.33012377911e-05
2058	1.32791796764e-05
2059	1.32607918115e-05
2060	1.32434635702e-05
2061	1.32306415182e-05
2062	1.32089736706e-05
2063	1.31906528335e-05
2064	1.31732639159e-05
2065	1.31603462301e-05
2066	1.31387355242e-05
2067	1.31204976036e-05
2068	1.31032374614e-05
2069	1.30906955309e-05
2070	1.30690258561e-05
2071	1.30507843788e-05
2072	1.30336266975e-05
2073	1.30171717161e-05
2074	1.30041348956e-05
2075	1.29826519814e-05
2076	1.29644003217e-05
2077	1.29471334518e-05
2078	1.29306257601e-05
2079	1.2917859764e-05
2080	1.28961065262e-05
2081	1.28780030513e-05
2082	1.28610389775e-05
2083	1.28448019111e-05
2084	1.2832131868e-05
2085	1.28105918929e-05
2086	1.2792619349e-05
2087	1.2775691661e-05
2088	1.27594655259e-05
2089	1.27465632072e-05
2090	1.27254690083e-05
2091	1.27076235008e-05
2092	1.2690684225e-05
2093	1.26744526062e-05
2094	1.26581741241e-05
2095	1.26416622349e-05
2096	1.26248723039e-05
2097	1.2607913496e-05
2098	1.25909541111e-05
2099	1.25739386478e-05
2100	1.25569204265e-05
2101	1.25399878669e-05
2102	1.25231176084e-05
2103	1.25063330413e-05
2104	1.2489641135e-05
2105	1.24730330497e-05
2106	1.2456495608e-05
2107	1.24407854429e-05
2108	1.24231820775e-05
2109	1.24071219372e-05
2110	1.23897554764e-05
2111	1.23728016082e-05
2112	1.23565162803e-05
2113	1.2340246246e-05
2114	1.23239334723e-05
2115	1.23075565923e-05
2116	1.2290856921e-05
2117	1.22745514824e-05
2118	1.22581901645e-05
2119	9.56544283437e-06
2120	9.79170485699e-06
2121	1.04358901897e-05
2122	1.1390204399e-05
2123	1.20763696656e-05
2124	9.83385162041e-06
2125	1.00831599306e-05
2126	1.06560763993e-05
2127	1.14791154848e-05
2128	9.35798682232e-06
2129	9.90486214123e-06
2130	1.06112590307e-05
2131	8.73625108153e-06
