1	1
2	0.993191832411
3	0.0779116404189
4	0.0183470067448
5	0.0721920562035
6	0.191201005442
7	0.177080269648
8	0.0557971863807
9	0.0403996227082
10	0.1117863642
11	0.188747491045
12	0.0812207492074
13	0.0420096400751
14	0.0447937492775
15	0.0519005402855
16	0.0384785276887
17	0.0254786371635
18	0.0227774475643
19	0.0268717791023
20	0.0291256669822
21	0.0294709336387
22	0.0252953475675
23	0.0215177590049
24	0.0192657330824
25	0.0168245098117
26	0.0142758649969
27	0.0125629599018
28	0.0115331159183
29	0.0122071177314
30	0.0134225569716
31	0.0141945244264
32	0.0143077074993
33	0.0136779553147
34	0.0124978677888
35	0.011019848127
36	0.00978900805968
37	0.00885855786986
38	0.0084741827679
39	0.00882884779997
40	0.00925044126804
41	0.00941369177255
42	0.00924931747147
43	0.00890374253316
44	0.00838794677719
45	0.00784545310888
46	0.00744190389482
47	0.00721202357062
48	0.00722660088261
49	0.00735568638818
50	0.00745115757052
51	0.0074405405495
52	0.00731585339491
53	0.00708689880815
54	0.00683163783427
55	0.00658653256709
56	0.00640437160482
57	0.00632455069169
58	0.00639181588211
59	0.00647250528691
60	0.00648353039865
61	0.00643371454547
62	0.00634293296606
63	0.00621890731952
64	0.00610716514119
65	0.00601441302189
66	0.00596922651735
67	0.00597236806269
68	0.00599829520293
69	0.00600812897958
70	0.00599645695844
71	0.00596459636435
72	0.00591276782137
73	0.00586063889942
74	0.00582292134293
75	0.00580249810131
76	0.00580672878632
77	0.0058131564642
78	0.00582861662647
79	0.00581778588407
80	0.00580220056348
81	0.00577550054306
82	0.00576097540239
83	0.00574629667706
84	0.00573885929671
85	0.00573610011172
86	0.00574280294062
87	0.00575114608671
88	0.00575742710679
89	0.00576376477352
90	0.00576988467946
91	0.0057829587061
92	0.0057900315912
93	0.00579872465068
94	0.00580965314058
95	0.00582463351468
96	0.00583584896028
97	0.00584610884784
98	0.00585493550307
99	0.00585966893806
100	0.00586544842983
101	0.0058739962927
102	0.00588019090325
103	0.00588545464329
104	0.00589713923989
105	0.00591022111554
106	0.00591061430154
107	0.00590364819835
108	0.00585411641692
109	0.00578027371798
110	0.00570584532521
111	0.00562739089689
112	0.0055516727375
113	0.00546706816114
114	0.00538812211253
115	0.00530911214639
116	0.00522243002508
117	0.00514287997389
118	0.00506130163519
119	0.00498827247758
120	0.00491361661139
121	0.00483219078709
122	0.00475760198309
123	0.00468127361677
124	0.00460506899002
125	0.00453153018514
126	0.00445600291102
127	0.00438259386907
128	0.00431308239916
129	0.00424233908536
130	0.00417087100715
131	0.00409936278634
132	0.00403008790114
133	0.00396289337927
134	0.0038971353247
135	0.00382617190434
136	0.0037629236961
137	0.00369832019228
138	0.00363434285744
139	0.00357477434247
140	0.0035146358321
141	0.00345547190133
142	0.00339807368
143	0.00334353436975
144	0.00328801669035
145	0.00323403306807
146	0.0031826299068
147	0.00313011698252
148	0.00308142477323
149	0.00303136934027
150	0.00297939366753
151	0.00292992165448
152	0.00288234853114
153	0.00283273589174
154	0.00278574234468
155	0.00273893188191
156	0.00269392740535
157	0.00265040303034
158	0.002604718758
159	0.0025613110047
160	0.00251602026927
161	0.00247139682881
162	0.00243083656802
163	0.00238784205718
164	0.00234527498226
165	0.00230279479631
166	0.00226268449032
167	0.0022235853435
168	0.00218850513543
169	0.00215587269035
170	0.00212376918522
171	0.00209212636322
172	0.00206193750507
173	0.00203122029034
174	0.00200254947353
175	0.00197624242463
176	0.00194851408953
177	0.00192084674429
178	0.00189430880044
179	0.00186754843805
180	0.00184036826316
181	0.00181686497822
182	0.00179364624263
183	0.0017701356865
184	0.00174614826899
185	0.00172295884127
186	0.00169960687926
187	0.00167751293116
188	0.00165448802772
189	0.00163289221763
190	0.00161154448782
191	0.00158871524653
192	0.00156741370825
193	0.00154539489531
194	0.00152581663162
195	0.00150475173499
196	0.0014839164661
197	0.00146372728107
198	0.0014442763597
199	0.00142642369922
200	0.00140703971864
201	0.00138799483948
202	0.00136985832536
203	0.0013509001423
204	0.00133353448809
205	0.00131587914544
206	0.00129870534182
207	0.00128209406514
208	0.00126614800417
209	0.00125055721392
210	0.00123578544251
211	0.00122114675732
212	0.00120826631633
213	0.00119332825745
214	0.00117816288046
215	0.00116450744732
216	0.00115052173189
217	0.00113602008833
218	0.00112242733893
219	0.00110808286686
220	0.00109378803344
221	0.00107909782458
222	0.00106404727102
223	0.00105054879194
224	0.00103855429625
225	0.00102608286745
226	0.00101375739385
227	0.00100101173692
228	0.000987682842804
229	0.00097467429367
230	0.000961722946133
231	0.000949822924924
232	0.000939650614095
233	0.000928670809126
234	0.000918809548599
235	0.000909235683173
236	0.000898777130361
237	0.000889321176974
238	0.000878729720336
239	0.000868715293371
240	0.000857493887512
241	0.000847476495458
242	0.000836885654224
243	0.000826771967197
244	0.000816799982633
245	0.000806692446494
246	0.000796050087606
247	0.000784259088982
248	0.000774634848738
249	0.000765508171139
250	0.000756431456479
251	0.000746948313551
252	0.000737830734345
253	0.000727520986687
254	0.000718235666534
255	0.000709259027829
256	0.000702011328843
257	0.000694817551823
258	0.00068722649676
259	0.000678605138067
260	0.000669289300749
261	0.000659706200337
262	0.000650052758865
263	0.000642387215585
264	0.000634893661979
265	0.000626337895792
266	0.000617118585477
267	0.000609018993279
268	0.000600883543045
269	0.000592038591445
270	0.000584136902394
271	0.000576353769712
272	0.000568394074944
273	0.000562386500713
274	0.000557484344758
275	0.000554156490605
276	0.000552636999088
277	0.0005523570639
278	0.000550545167743
279	0.000550764629655
280	0.000550430602192
281	0.000547807674194
282	0.000546829068608
283	0.00054588578073
284	0.00054482592784
285	0.000545251252227
286	0.000544404289139
287	0.000543064476956
288	0.000541044055117
289	0.00054562625582
290	0.00055222161141
291	0.000555712406225
292	0.000563449211429
293	0.000570587933588
294	0.000576193597361
295	0.000581643521069
296	0.000585302700645
297	0.000591123870572
298	0.000594539215138
299	0.000594331593984
300	0.000595511271337
301	0.000597093869699
302	0.000597841696943
303	0.000597487376073
304	0.000595603523609
305	0.000591525800948
306	0.000592180090775
307	0.000589845274534
308	0.00058732750905
309	0.000587608728851
310	0.000589168094378
311	0.000588960281787
312	0.000587648074336
313	0.000583736998727
314	0.000581442161638
315	0.000577051482246
316	0.000573288391241
317	0.000571612195306
318	0.000569143207431
319	0.000562929689764
320	0.000562449495215
321	0.000560167601757
322	0.000556085888715
323	0.000551744673858
324	0.000548108752393
325	0.0005467773781
326	0.000544730486279
327	0.000541161165952
328	0.000537734310763
329	0.000533813521281
330	0.000526262119147
331	0.000525430579115
332	0.00052206934049
333	0.000514364542529
334	0.000514486236837
335	0.000512229790299
336	0.000508057252666
337	0.000501669893475
338	0.000499267827777
339	0.000494419080931
340	0.000491332328878
341	0.000487506684583
342	0.000485905249837
343	0.000481368438109
344	0.000478134770314
345	0.000475336723423
346	0.000467812802725
347	0.000468131097646
348	0.000463071854972
349	0.000461264470702
350	0.000458648077593
351	0.00045522073436
352	0.000452431777849
353	0.000447736721459
354	0.000446417478416
355	0.000445580599897
356	0.000441574000222
357	0.000440810838901
358	0.000440485615806
359	0.000438623292586
360	0.000435388640023
361	0.00043068774676
362	0.000429420484289
363	0.000428103939641
364	0.000425984936696
365	0.000423119002875
366	0.000420126536021
367	0.000418225538799
368	0.00041861365245
369	0.000417753030003
370	0.000416806979592
371	0.000415559007232
372	0.000413894443201
373	0.000411665825612
374	0.000409616366472
375	0.000408034506098
376	0.000405642568624
377	0.000401052010757
378	0.000397766049229
379	0.000394738375242
380	0.000396878864139
381	0.000397184916372
382	0.000395521657868
383	0.00039200103969
384	0.000386446338303
385	0.000387441437765
386	0.000386106165624
387	0.000384193432356
388	0.000380440459027
389	0.000374057463824
390	0.000375319661643
391	0.000376538427591
392	0.000376422802446
393	0.000374158349452
394	0.00037351364236
395	0.000372612662341
396	0.000371377542944
397	0.000369360139061
398	0.000366689465933
399	0.000364869983536
400	0.000363066697092
401	0.000364093191012
402	0.000363791359486
403	0.000361843799005
404	0.000358482477492
405	0.000357995493358
406	0.000355177754206
407	0.000354006944618
408	0.000353043378488
409	0.000352586194782
410	0.00035202852238
411	0.000351047448087
412	0.000349203119422
413	0.000347519329819
414	0.000346248682778
415	0.000343180116373
416	0.000341278004567
417	0.000339730701067
418	0.000338529609725
419	0.000337972691623
420	0.000333000942959
421	0.000332893753841
422	0.00032989490052
423	0.000324701961991
424	0.000323831132156
425	0.000321952163146
426	0.000319807368403
427	0.000315463782631
428	0.00031303325716
429	0.000308918080274
430	0.000304619999123
431	0.000298757944691
432	0.000293559316312
433	0.000284819623904
434	0.000284366966002
435	0.000282482698779
436	0.000283153607389
437	0.000283648225777
438	0.000285068328521
439	0.000285516023337
440	0.000287797701338
441	0.00028773077524
442	0.000289778181556
443	0.00028986821352
444	0.000287724824662
445	0.000282656232737
446	0.000282236787398
447	0.000280891703489
448	0.00028016863543
449	0.000279112838157
450	0.000279520119362
451	0.000278238400628
452	0.000275317039425
453	0.000273939594797
454	0.000269970846934
455	0.000267758766709
456	0.000264205481955
457	0.000256956820602
458	0.000259111198647
459	0.000277225839444
460	0.000285083068632
461	0.000289024164289
462	0.000291125206962
463	0.000292229363324
464	0.000292739820635
465	0.000292869008353
466	0.000292741910951
467	0.000292435640333
468	0.00029200574855
469	0.000291483299475
470	0.000290889348482
471	0.000290244343436
472	0.000289560379755
473	0.00028884915262
474	0.000288112081673
475	0.000287348365673
476	0.000286562070902
477	0.000285754391381
478	0.000284929928546
479	0.000284086304505
480	0.000283225328721
481	0.000282345624642
482	0.000281457119486
483	0.000280560702459
484	0.000279659517342
485	0.000278759367489
486	0.00027786133546
487	0.000276965718989
488	0.000276075630469
489	0.000275188588453
490	0.000274304928672
491	0.000273420619647
492	0.000272534742922
493	0.000271643195032
494	0.000270746803193
495	0.000269843200209
496	0.000268935156336
497	0.000268021817909
498	0.000267107268778
499	0.000266192356232
500	0.000265281933551
501	0.000264376771221
502	0.000263480873482
503	0.0002625928733
504	0.000261714240589
505	0.000260841250947
506	0.00025997359315
507	0.000259106744257
508	0.000258240394547
509	0.00025737078639
510	0.000256498863061
511	0.00025562241636
512	0.000254744064016
513	0.000253864234707
514	0.000252983960031
515	0.00025210692195
516	0.000251234982151
517	0.000250373220561
518	0.000249521142374
519	0.000248678347394
520	0.000247843324437
521	0.000247014357203
522	0.000246188912282
523	0.000245365036496
524	0.000244540280829
525	0.000243713683179
526	0.000242883906076
527	0.000242051814078
528	0.000241218291396
529	0.000240383885677
530	0.000239551686506
531	0.000238724180867
532	0.000237905516458
533	0.000237095070839
534	0.000236294171621
535	0.000235502247029
536	0.000234717215503
537	0.000233938388304
538	0.000233161192124
539	0.000232384260876
540	0.000231605870889
541	0.000230825219023
542	0.000230042053808
543	0.000229257500477
544	0.000228471650286
545	0.000227687075925
546	0.000226906327194
547	0.000226130878526
548	0.000225365363564
549	0.0002246087243
550	0.000223861053318
551	0.000223121513733
552	0.000222387431114
553	0.000221656940813
554	0.000220926828166
555	0.000220195865067
556	0.000219462918671
557	0.000218726737583
558	0.000217989923235
559	0.000217251716073
560	0.000216514078642
561	0.000215778920147
562	0.000215050214234
563	0.00021432831815
564	0.00021361487566
565	0.000212909783492
566	0.000212213685855
567	0.000211523100936
568	0.000210836134086
569	0.00021015038688
570	0.00020946533219
571	0.000208778083051
572	0.000208088282282
573	0.000207395889838
574	0.000206702994185
575	0.000206009749646
576	0.000205318586183
577	0.000204631819267
578	0.000203952729948
579	0.000203281260424
580	0.000202618170356
581	0.000201962563049
582	0.000201313909256
583	0.000200668702663
584	0.000200025101961
585	0.000199381260725
586	0.000198736634374
587	0.000198089177497
588	0.000197438970373
589	0.000196788175747
590	0.000196136685003
591	0.000195486881861
592	0.000194841159748
593	0.000194202461891
594	0.000193570973275
595	0.00019294729886
596	0.000192331169403
597	0.000191721745594
598	0.000191115514585
599	0.000190510698893
600	0.000189905886724
601	0.000189300159121
602	0.000188691568309
603	0.000188080308754
604	0.000187467689614
605	0.000186855531952
606	0.000186244677841
607	0.00018563756519
608	0.00018503719241
609	0.000184443600492
610	0.000183857496998
611	0.00018327866391
612	0.000182705583632
613	0.000182136251042
614	0.000181567896294
615	0.000180998845415
616	0.000180428338372
617	0.000179855992646
618	0.000179280799983
619	0.000178703907936
620	0.000178127597474
621	0.00017755280128
622	0.000176982127961
623	0.00017641811764
624	0.000175860861643
625	0.000175310921858
626	0.000174767947203
627	0.000174229199939
628	0.00017369315667
629	0.000173158358472
630	0.000172622206575
631	0.000172083995259
632	0.00017154423162
633	0.000171001333945
634	0.000170456892819
635	0.000169913531733
636	0.000169373086752
637	0.000168838232407
638	0.000168309317062
639	0.000167786075956
640	0.000167269213618
641	0.000166758346575
642	0.000166251984645
643	0.000165747459052
644	0.000165242621486
645	0.000164736164299
646	0.000164227620066
647	0.000163716941283
648	0.000163204519941
649	0.000162691463059
650	0.000162179588231
651	0.000161671087531
652	0.000161167939495
653	0.000160671373377
654	0.000160181589183
655	0.000159697775614
656	0.000159218324286
657	0.000158740094578
658	0.000158265301941
659	0.000157788155214
660	0.000157307719421
661	0.000156824987875
662	0.000156340285946
663	0.000155854205633
664	0.000155370144501
665	0.000154888452012
666	0.000154410757023
667	0.00015393899321
668	0.000153474568942
669	0.000153016485873
670	0.000152562298042
671	0.00015211047383
672	0.00015166000741
673	0.000151208752886
674	0.000150755408402
675	0.000150299340674
676	0.000149840914756
677	0.000149380468038
678	0.000148921043734
679	0.00014846423058
680	0.000148011580293
681	0.000147564642241
682	0.000147124314756
683	0.000146688579658
684	0.000146258395469
685	0.000145831226568
686	0.000145404670264
687	0.000144977551145
688	0.000144547647226
689	0.000144114526399
690	0.000143680470696
691	0.000143243943735
692	0.00014280853014
693	0.000142375215702
694	0.000141946162795
695	0.00014152302776
696	0.000141105818042
697	0.000140694437879
698	0.000140286652953
699	0.00013988185182
700	0.000139476436749
701	0.000139069928525
702	0.000138661634805
703	0.000138250844089
704	0.000137837543972
705	0.000137423615051
706	0.000137010529748
707	0.000136600498668
708	0.000136194193609
709	0.000135793822747
710	0.000135398535215
711	0.000135008955201
712	0.000134622905432
713	0.000134238424725
714	0.000133853663283
715	0.000133467183201
716	0.000133077943412
717	0.000132687050302
718	0.000132293539992
719	0.000131899509061
720	0.000131506948698
721	0.000131118065366
722	0.000130735057722
723	0.000130357790595
724	0.000129985310695
725	0.000129616785221
726	0.000129250360026
727	0.00012888420964
728	0.000128516711169
729	0.000128146873279
730	0.000127774587798
731	0.000127400310022
732	0.00012702522719
733	0.000126651112405
734	0.000126279979082
735	0.000125913532298
736	0.00012555264865
737	0.000125197138354
738	0.000124845793845
739	0.000124496810199
740	0.000124148281548
741	0.000123798556466
742	0.00012344654374
743	0.000123091825781
744	0.000122734830805
745	0.000122376706228
746	0.000122019286367
747	0.000121664645117
748	0.000121314643322
749	0.000120970819083
750	0.000120632110902
751	0.000120297341378
752	0.000119964653822
753	0.000119632161498
754	0.000119298232609
755	0.000118961851936
756	0.000118622730833
757	0.000118281389447
758	0.000117939141216
759	0.000117597842812
760	0.000117259590842
761	0.000116926091018
762	0.000116598130269
763	0.000116275292783
764	0.00011595617864
765	0.000115638866534
766	0.000115321409003
767	0.000115002224248
768	0.000114680445668
769	0.0001143559156
770	0.000114029344674
771	0.000113702217078
772	0.000113376596371
773	0.00011305451631
774	0.000112737449345
775	0.000112425748653
776	0.000112118607946
777	0.000111814355578
778	0.000111510993952
779	0.000111206725123
780	0.00011090026646
781	0.000110591041324
782	0.000110279328906
783	0.000109966272088
784	0.000109653699998
785	0.000109343706411
786	0.000109038128415
787	0.000108737793751
788	0.000108442358267
789	0.00010815043786
790	0.000107860081483
791	0.000107569355079
792	0.000107276745819
793	0.000106981433648
794	0.000106683449165
795	0.000106383676552
796	0.00010608378474
797	0.000105785917055
798	0.00010549196957
799	0.00010520310575
800	0.000104919228584
801	0.000104639131529
802	0.000104360934004
803	0.000104082666956
804	0.000103802818499
805	0.000103520160054
806	0.000103234826009
807	0.000102947664907
808	0.000102659996454
809	0.000102374113553
810	0.00010209199115
811	0.00010181477654
812	0.000101542473092
813	0.00010127394354
814	0.000101007305013
815	0.000100740584985
816	0.000100472162716
817	0.00010020111998
818	9.99273934577e-05
819	9.96518131077e-05
820	9.93760046571e-05
821	9.91020398788e-05
822	9.88318407694e-05
823	9.85665569109e-05
824	9.83059634954e-05
825	9.80488250929e-05
826	9.779323925e-05
827	9.75372703525e-05
828	9.72794099487e-05
829	9.70188791745e-05
830	9.67557894392e-05
831	9.64911276304e-05
832	9.62266243511e-05
833	9.59643509697e-05
834	9.57060715985e-05
835	9.54526287946e-05
836	9.52035887853e-05
837	9.49574855391e-05
838	9.47123764677e-05
839	9.44664200986e-05
840	9.42183013047e-05
841	9.39674762105e-05
842	9.37143402067e-05
843	9.3460115566e-05
844	9.32066735394e-05
845	9.29560495598e-05
846	9.27096960868e-05
847	9.24679928288e-05
848	9.22301318777e-05
849	9.19944321988e-05
850	9.17589701582e-05
851	9.15221005624e-05
852	9.12828159197e-05
853	9.1040957949e-05
854	9.079719004e-05
855	9.05531013333e-05
856	9.03106131061e-05
857	9.00715328532e-05
858	8.98368778252e-05
859	8.96065089007e-05
860	8.9379206383e-05
861	8.91531574345e-05
862	8.89265647533e-05
863	8.86980785982e-05
864	8.84670866005e-05
865	8.82338093613e-05
866	8.7999342223e-05
867	8.77654161109e-05
868	8.75339116089e-05
869	8.73062728342e-05
870	8.70829734381e-05
871	8.68633288582e-05
872	8.66458156582e-05
873	8.64286318107e-05
874	8.62102163545e-05
875	8.59896036486e-05
876	8.57666411296e-05
877	8.55418881483e-05
878	8.53167602703e-05
879	8.50930402025e-05
880	8.48723981093e-05
881	8.46558004721e-05
882	8.44431473272e-05
883	8.42333088139e-05
884	8.40246885191e-05
885	8.38156093626e-05
886	8.36048247062e-05
887	8.33917734346e-05
888	8.31766607807e-05
889	8.2960454049e-05
890	8.27446784485e-05
891	8.25310743335e-05
892	8.23209288829e-05
893	8.21146840459e-05
894	8.19117733946e-05
895	8.1710863746e-05
896	8.15103609698e-05
897	8.13088686168e-05
898	8.11054718055e-05
899	8.08999531559e-05
900	8.06928310536e-05
901	8.04852643525e-05
902	8.02787988818e-05
903	8.00749350822e-05
904	7.98745833522e-05
905	7.96777887186e-05
906	7.94837150537e-05
907	7.92909734606e-05
908	7.90981079915e-05
909	7.89039576309e-05
910	7.87078930939e-05
911	7.85099519996e-05
912	7.83108399974e-05
913	7.81117634245e-05
914	7.79141633369e-05
915	7.77192928146e-05
916	7.75277749145e-05
917	7.73394158529e-05
918	7.71532961459e-05
919	7.69680922032e-05
920	7.67825022301e-05
921	7.65955576197e-05
922	7.64068223979e-05
923	7.62164570841e-05
924	7.60252114019e-05
925	7.5834215438e-05
926	7.56447682168e-05
927	7.5457945264e-05
928	7.52742338468e-05
929	7.50933829683e-05
930	7.49145188499e-05
931	7.47364421333e-05
932	7.45579930535e-05
933	7.43783252583e-05
934	7.41970527823e-05
935	7.40143044678e-05
936	7.38307056654e-05
937	7.36472808511e-05
938	7.34651855215e-05
939	7.32853987856e-05
940	7.31084158683e-05
941	7.29341017552e-05
942	7.27617511527e-05
943	7.25903473843e-05
944	7.24188234767e-05
945	7.22463486497e-05
946	7.20724826057e-05
947	7.18972237059e-05
948	7.17210404343e-05
949	7.1544719109e-05
950	7.13692581962e-05
951	7.11955913844e-05
952	7.1024349403e-05
953	7.08556550084e-05
954	7.06890784866e-05
955	7.05238235138e-05
956	7.03589562659e-05
957	7.019361341e-05
958	7.00272183404e-05
959	6.98595431825e-05
960	6.96907510542e-05
961	6.95213611029e-05
962	6.93521471065e-05
963	6.91839789658e-05
964	6.90176138151e-05
965	6.88535052813e-05
966	6.86916276318e-05
967	6.85315248717e-05
968	6.83724714234e-05
969	6.82136685957e-05
970	6.80544089595e-05
971	6.78942370939e-05
972	6.77329555678e-05
973	6.75707163894e-05
974	6.74079719605e-05
975	6.72453710768e-05
976	6.70836592809e-05
977	6.69235084103e-05
978	6.67653146983e-05
979	6.66091285144e-05
980	6.64546410751e-05
981	6.63012697076e-05
982	6.61483422636e-05
983	6.59951947732e-05
984	6.58413662584e-05
985	6.56866045688e-05
986	6.55309456044e-05
987	6.53746434346e-05
988	6.52181839455e-05
989	6.50621864287e-05
990	6.49072558982e-05
991	6.47538899801e-05
992	6.46023309581e-05
993	6.44524849506e-05
994	6.43040117578e-05
995	6.41563896732e-05
996	6.40090441972e-05
997	6.38614584074e-05
998	6.37132546547e-05
999	6.35642564986e-05
1000	6.34145043184e-05
1001	6.32642309155e-05
1002	6.31138582151e-05
1003	6.29638972242e-05
1004	6.28147380857e-05
1005	6.26666220564e-05
1006	6.25202772699e-05
1007	6.23766951043e-05
1008	6.22332484742e-05
1009	6.2090341783e-05
1010	6.19489009307e-05
1011	6.18065217843e-05
1012	6.16634715053e-05
1013	6.15200134761e-05
1014	6.13761193369e-05
1015	6.12318418644e-05
1016	6.10873819494e-05
1017	6.09430645072e-05
1018	6.0799273128e-05
1019	6.06564021113e-05
1020	6.08018495082e-05
1021	6.06341723983e-05
1022	6.06730012593e-05
1023	6.06828702102e-05
1024	6.06285165821e-05
1025	6.05127222508e-05
1026	6.03526124604e-05
1027	6.01768060264e-05
1028	6.00101402606e-05
1029	5.98573192034e-05
1030	5.97196682075e-05
1031	5.95936154465e-05
1032	5.9473950948e-05
1033	5.93562466121e-05
1034	5.92391452357e-05
1035	5.91185511479e-05
1036	5.8995524461e-05
1037	5.88705247645e-05
1038	5.87436307845e-05
1039	5.86156043319e-05
1040	5.84867511433e-05
1041	5.83585395765e-05
1042	5.82288172471e-05
1043	5.80991964456e-05
1044	5.79698312156e-05
1045	5.78417180465e-05
1046	5.77126761152e-05
1047	5.75842524539e-05
1048	5.74575582052e-05
1049	5.73309538005e-05
1050	5.72048721493e-05
1051	5.70801419119e-05
1052	5.69554752893e-05
1053	5.68316470016e-05
1054	5.67096930215e-05
1055	5.65880736988e-05
1056	5.64663211681e-05
1057	5.63452673777e-05
1058	5.6224095948e-05
1059	5.6102531028e-05
1060	5.59818131397e-05
1061	5.5860475018e-05
1062	5.5738912863e-05
1063	5.56169524398e-05
1064	5.54945327646e-05
1065	5.53716685124e-05
1066	5.52497854426e-05
1067	5.51275878093e-05
1068	5.50057455525e-05
1069	5.48841837299e-05
1070	5.47631030471e-05
1071	5.46426285626e-05
1072	5.45239816881e-05
1073	5.44056906575e-05
1074	5.42880232133e-05
1075	5.41708309138e-05
1076	5.40549615668e-05
1077	5.39388384199e-05
1078	5.38225854104e-05
1079	5.37063778127e-05
1080	5.35896112601e-05
1081	5.34732727699e-05
1082	5.33559323911e-05
1083	5.32390863268e-05
1084	5.31216393588e-05
1085	5.30039315882e-05
1086	5.28869413466e-05
1087	5.27698016629e-05
1088	5.2652912857e-05
1089	5.25372185259e-05
1090	5.24218371929e-05
1091	5.23070687429e-05
1092	5.21936315959e-05
1093	5.20804963446e-05
1094	5.19680649998e-05
1095	5.18557402685e-05
1096	5.17442581567e-05
1097	5.16324159928e-05
1098	5.15206645237e-05
1099	5.14084345416e-05
1100	5.12965818284e-05
1101	5.11840578972e-05
1102	5.1071460167e-05
1103	5.09583957478e-05
1104	5.08459006657e-05
1105	5.07331029506e-05
1106	5.0620668413e-05
1107	5.05086517534e-05
1108	5.03971981295e-05
1109	5.02862888408e-05
1110	5.01760956257e-05
1111	5.00664885494e-05
1112	4.99575224266e-05
1113	4.98490933191e-05
1114	4.97411541828e-05
1115	4.96334116477e-05
1116	4.95258084115e-05
1117	4.94182085716e-05
1118	4.93105179217e-05
1119	4.92027079558e-05
1120	4.90946210649e-05
1121	4.89863569171e-05
1122	4.8877942271e-05
1123	4.87694780174e-05
1124	4.86610594578e-05
1125	4.85528018421e-05
1126	4.84448405943e-05
1127	4.83372998957e-05
1128	4.8230332295e-05
1129	4.81238724898e-05
1130	4.80180202589e-05
1131	4.79127549262e-05
1132	4.78080358323e-05
1133	4.77037666045e-05
1134	4.75998338348e-05
1135	4.74961081326e-05
1136	4.73924742291e-05
1137	4.72888332137e-05
1138	4.71850964956e-05
1139	4.70811983518e-05
1140	4.69771252731e-05
1141	4.68728933229e-05
1142	4.67685537371e-05
1143	4.66641948955e-05
1144	4.65598798933e-05
1145	4.6455718744e-05
1146	4.63518326545e-05
1147	4.62483207629e-05
1148	4.61452698806e-05
1149	4.60427393258e-05
1150	4.59407587377e-05
1151	4.58393185789e-05
1152	4.57383606e-05
1153	4.56377992706e-05
1154	4.55375500982e-05
1155	4.54375045363e-05
1156	4.53375682049e-05
1157	4.52376654247e-05
1158	4.51377029853e-05
1159	4.5037638953e-05
1160	4.49374393128e-05
1161	4.48370957174e-05
1162	4.47366419717e-05
1163	4.46361324506e-05
1164	4.4535644995e-05
1165	4.44352661915e-05
1166	4.43350802533e-05
1167	4.42351887716e-05
1168	4.41356785522e-05
1169	4.40366222362e-05
1170	4.39380794572e-05
1171	4.38400282823e-05
1172	4.37424434229e-05
1173	4.36452690454e-05
1174	4.35484280981e-05
1175	4.34518320699e-05
1176	4.33553863139e-05
1177	4.32590094476e-05
1178	4.31626308441e-05
1179	4.30661810431e-05
1180	4.29696207148e-05
1181	4.28729407645e-05
1182	4.27761473174e-05
1183	4.26792901881e-05
1184	4.2582406023e-05
1185	4.2485563975e-05
1186	4.23888490066e-05
1187	4.22923361438e-05
1188	4.21961173978e-05
1189	4.21002466438e-05
1190	4.20047860546e-05
1191	4.19097729574e-05
1192	4.18152045982e-05
1193	4.17210546071e-05
1194	4.16272638515e-05
1195	4.1533785539e-05
1196	4.14405878128e-05
1197	4.13474692122e-05
1198	4.12543940851e-05
1199	4.11613039462e-05
1200	4.10681467071e-05
1201	4.09748862469e-05
1202	4.08815118849e-05
1203	4.07880404049e-05
1204	4.06944870812e-05
1205	4.06009627837e-05
1206	4.05074124719e-05
1207	4.04139846331e-05
1208	4.03207676257e-05
1209	4.02278520786e-05
1210	4.01352005538e-05
1211	4.0042919572e-05
1212	3.99510958131e-05
1213	3.98596257962e-05
1214	3.97685464982e-05
1215	3.96778102761e-05
1216	3.95873979202e-05
1217	3.94971333433e-05
1218	3.94070404109e-05
1219	3.93169803293e-05
1220	3.92269119358e-05
1221	3.91368505752e-05
1222	3.9046644575e-05
1223	3.89563319987e-05
1224	3.88659829321e-05
1225	3.87754974234e-05
1226	3.86850336607e-05
1227	3.85945317386e-05
1228	3.8504162018e-05
1229	3.84139013273e-05
1230	3.83238785159e-05
1231	3.82342365601e-05
1232	3.81448641591e-05
1233	3.80559124197e-05
1234	3.79672825938e-05
1235	3.78790659115e-05
1236	3.77911074507e-05
1237	3.77034744916e-05
1238	3.76159750566e-05
1239	3.75286564231e-05
1240	3.74413460224e-05
1241	3.73540999753e-05
1242	3.72668305429e-05
1243	3.71794113283e-05
1244	3.70918941858e-05
1245	3.70043480685e-05
1246	3.69167014327e-05
1247	3.68289924873e-05
1248	3.67412328912e-05
1249	3.66535977804e-05
1250	3.65660520649e-05
1251	3.6478758353e-05
1252	3.63917373721e-05
1253	3.63050232372e-05
1254	3.62185981175e-05
1255	3.61325780374e-05
1256	3.60468785871e-05
1257	3.59614622955e-05
1258	3.58762927244e-05
1259	3.57912624822e-05
1260	3.57064262385e-05
1261	3.56216389391e-05
1262	3.55368358142e-05
1263	3.5452014535e-05
1264	3.53671091623e-05
1265	3.52821073581e-05
1266	3.51969995295e-05
1267	3.51117999279e-05
1268	3.50265437345e-05
1269	3.49412879354e-05
1270	3.48560928176e-05
1271	3.47710028297e-05
1272	3.4686088582e-05
1273	3.46014251475e-05
1274	3.45170418655e-05
1275	3.44329648826e-05
1276	3.43492048057e-05
1277	3.4265748145e-05
1278	3.41825771919e-05
1279	3.40996375033e-05
1280	3.40168721774e-05
1281	3.39342169382e-05
1282	3.38516024628e-05
1283	3.3768985858e-05
1284	3.36863011899e-05
1285	3.36035206628e-05
1286	3.35206336626e-05
1287	3.34376344612e-05
1288	3.33545552566e-05
1289	3.32714335054e-05
1290	3.35060213472e-05
1291	3.34092316442e-05
1292	3.32089539336e-05
1293	3.33129594808e-05
1294	3.3129362711e-05
1295	3.32151029889e-05
1296	3.33139759002e-05
1297	3.30430828425e-05
1298	3.30238911493e-05
1299	3.30555635283e-05
1300	3.30756274459e-05
1301	3.30553804481e-05
1302	3.29941740658e-05
1303	3.29065367397e-05
1304	3.28102607206e-05
1305	3.27178246721e-05
1306	3.26332255283e-05
1307	3.25568847594e-05
1308	3.24859757203e-05
1309	3.24167077518e-05
1310	3.23492201564e-05
1311	3.22805337515e-05
1312	3.22100631976e-05
1313	3.21380570578e-05
1314	3.20648466779e-05
1315	3.19909264335e-05
1316	3.19167071534e-05
1317	3.18424305091e-05
1318	3.17682300091e-05
1319	3.16934631923e-05
1320	3.16191687259e-05
1321	3.1546370526e-05
1322	3.14734224704e-05
1323	3.14005830411e-05
1324	3.13279097075e-05
1325	3.12546135073e-05
1326	3.11816672229e-05
1327	3.1109070581e-05
1328	3.10377869834e-05
1329	3.09660133274e-05
1330	3.08941078202e-05
1331	3.08213597737e-05
1332	3.07486892254e-05
1333	3.06761532392e-05
1334	3.06036938433e-05
1335	3.05314941151e-05
1336	3.04595225922e-05
1337	3.03877846014e-05
1338	3.0316248521e-05
1339	3.02448709594e-05
1340	3.01735949463e-05
1341	3.0102342067e-05
1342	3.00310290013e-05
1343	2.99597613321e-05
1344	2.98884049308e-05
1345	2.98168914283e-05
1346	2.97453914353e-05
1347	2.96737900658e-05
1348	2.96020983342e-05
1349	2.95303410306e-05
1350	2.94585360525e-05
1351	2.93866903785e-05
1352	2.93149650595e-05
1353	2.92433243703e-05
1354	2.9171820963e-05
1355	2.91004846631e-05
1356	2.90292884989e-05
1357	2.89583746201e-05
1358	2.88876494496e-05
1359	2.8817070516e-05
1360	2.87465823239e-05
1361	2.86760852754e-05
1362	2.86056658397e-05
1363	2.85351862652e-05
1364	2.84646141613e-05
1365	2.83938999672e-05
1366	2.83229783762e-05
1367	2.82519936688e-05
1368	2.8180865641e-05
1369	2.81096449888e-05
1370	2.80383428017e-05
1371	2.79669751811e-05
1372	2.78957184445e-05
1373	2.78245601869e-05
1374	2.77535588933e-05
1375	2.76827180006e-05
1376	2.76120175292e-05
1377	2.75415764147e-05
1378	2.74713071691e-05
1379	2.74011470598e-05
1380	2.73310311347e-05
1381	2.72608833313e-05
1382	2.71906392588e-05
1383	2.71203495504e-05
1384	2.70499093704e-05
1385	2.69793127608e-05
1386	2.69085149354e-05
1387	2.68375030898e-05
1388	2.67664457911e-05
1389	2.66952873025e-05
1390	2.66241014375e-05
1391	2.65529449024e-05
1392	2.64818493245e-05
1393	2.64108170827e-05
1394	2.63400116231e-05
1395	2.62693852568e-05
1396	2.61989233901e-05
1397	2.61285908575e-05
1398	2.60583279464e-05
1399	2.59880538279e-05
1400	2.59178840511e-05
1401	2.58475873047e-05
1402	2.57771275049e-05
1403	2.57064747153e-05
1404	2.56355952893e-05
1405	2.55644608091e-05
1406	2.54932064753e-05
1407	2.54218009355e-05
1408	2.53503241704e-05
1409	2.52788279411e-05
1410	2.52073158455e-05
1411	2.51358520646e-05
1412	2.50645589491e-05
1413	2.49933870198e-05
1414	2.49223774855e-05
1415	2.485152311e-05
1416	2.47807973746e-05
1417	2.47101416043e-05
1418	2.46394006144e-05
1419	2.45684647823e-05
1420	2.44972634735e-05
1421	2.44258134425e-05
1422	2.43540155868e-05
1423	2.42818275016e-05
1424	2.42092110802e-05
1425	2.41362282072e-05
1426	2.40630673356e-05
1427	2.39897520616e-05
1428	2.39164036133e-05
1429	2.38432736486e-05
1430	2.3770467785e-05
1431	2.36981393903e-05
1432	2.36265178649e-05
1433	2.35554856484e-05
1434	2.34848027801e-05
1435	2.34143669266e-05
1436	2.33440210571e-05
1437	2.32735483634e-05
1438	2.32028291146e-05
1439	2.31319197083e-05
1440	2.30609583006e-05
1441	2.29901302375e-05
1442	2.29198421898e-05
1443	2.28503755294e-05
1444	2.27818930678e-05
1445	2.27146330729e-05
1446	2.26486062258e-05
1447	2.25835886619e-05
1448	2.25192182187e-05
1449	2.24552010967e-05
1450	2.23911867973e-05
1451	2.23268156765e-05
1452	2.2261931666e-05
1453	2.21964388957e-05
1454	2.21301770864e-05
1455	2.20631898414e-05
1456	2.19955207161e-05
1457	2.19272227581e-05
1458	2.18584604744e-05
1459	2.17892772878e-05
1460	2.17197550213e-05
1461	2.16498831398e-05
1462	2.15797239784e-05
1463	2.15092266042e-05
1464	2.14383010044e-05
1465	2.13669852047e-05
1466	2.12952909349e-05
1467	2.12232377265e-05
1468	2.11509531231e-05
1469	2.10785475782e-05
1470	2.10059886261e-05
1471	2.09333283321e-05
1472	2.08605685559e-05
1473	2.07876143248e-05
1474	2.07144418106e-05
1475	2.06410673919e-05
1476	2.05674712248e-05
1477	2.04937335979e-05
1478	2.04198524996e-05
1479	2.03458029535e-05
1480	2.02715297576e-05
1481	2.01970487304e-05
1482	2.01223109645e-05
1483	2.00473498088e-05
1484	1.99721419627e-05
1485	1.98966057696e-05
1486	1.9820788884e-05
1487	1.97446737128e-05
1488	1.96682142239e-05
1489	1.95914172544e-05
1490	1.95142641615e-05
1491	1.94366929256e-05
1492	1.93587439937e-05
1493	1.9280406164e-05
1494	1.92016385886e-05
1495	1.91224382286e-05
1496	1.904272395e-05
1497	1.89625326855e-05
1498	1.88818972496e-05
1499	1.88007025431e-05
1500	1.87189594958e-05
1501	1.86366212604e-05
1502	1.85537217239e-05
1503	1.84702348711e-05
1504	1.83860667079e-05
1505	1.83012500808e-05
1506	1.82157342075e-05
1507	1.84777066949e-05
1508	1.83979219249e-05
1509	1.82006054494e-05
1510	1.83320376185e-05
1511	1.81579916169e-05
1512	1.82706383881e-05
1513	1.84113305134e-05
1514	1.81465664652e-05
1515	1.81472503036e-05
1516	1.82083047565e-05
1517	1.8263117646e-05
1518	1.82782712023e-05
1519	1.7891589217e-05
1520	1.78080432476e-05
1521	1.78404813459e-05
1522	1.79008344088e-05
1523	1.79332324613e-05
1524	1.79218327941e-05
1525	1.78764539142e-05
1526	1.78112410179e-05
1527	1.77362606629e-05
1528	1.76653602175e-05
1529	1.75991088236e-05
1530	1.75373932208e-05
1531	1.74787355385e-05
1532	1.7420385708e-05
1533	1.73624063607e-05
1534	1.73026952739e-05
1535	1.72416943309e-05
1536	1.71783298364e-05
1537	1.71143864302e-05
1538	1.70488343971e-05
1539	1.69833908994e-05
1540	1.69168214808e-05
1541	1.68504838774e-05
1542	1.67831612335e-05
1543	1.6715900469e-05
1544	1.66476688638e-05
1545	1.65793055829e-05
1546	1.65099754337e-05
1547	1.64403847311e-05
1548	1.63698851063e-05
1549	1.63001793561e-05
1550	1.62302371007e-05
1551	1.61604393136e-05
1552	1.608977362e-05
1553	1.60185913517e-05
1554	1.59466527635e-05
1555	1.58740334669e-05
1556	1.58007075814e-05
1557	1.57280518084e-05
1558	1.56547476542e-05
1559	1.55805110257e-05
1560	1.55056424516e-05
1561	1.54297054442e-05
1562	1.5354597179e-05
1563	1.5278388482e-05
1564	1.52015939494e-05
1565	1.51235097583e-05
1566	1.50451307302e-05
1567	1.49660216163e-05
1568	1.48865637069e-05
1569	1.48070765609e-05
1570	1.47272084867e-05
1571	1.46457732888e-05
1572	1.45639110809e-05
1573	1.44805653233e-05
1574	1.43968820716e-05
1575	1.43126967983e-05
1576	1.42290825749e-05
1577	1.41440197197e-05
1578	1.40585606947e-05
1579	1.39711561036e-05
1580	1.3883978879e-05
1581	1.3795390929e-05
1582	1.37061537649e-05
1583	1.36152004901e-05
1584	1.35224405727e-05
1585	1.34305230986e-05
1586	1.33365574653e-05
1587	1.32403869968e-05
1588	1.31431398235e-05
1589	1.30439901042e-05
1590	1.29424905171e-05
1591	1.28398522112e-05
1592	1.27351745455e-05
1593	1.26285957974e-05
1594	1.25210289126e-05
1595	1.24105158311e-05
1596	1.22963573409e-05
1597	1.21914488774e-05
1598	1.21008850087e-05
1599	1.20189276795e-05
1600	1.19458464246e-05
1601	1.18838059385e-05
1602	1.18426762975e-05
1603	1.18180806932e-05
1604	1.17980570539e-05
1605	1.17758278218e-05
1606	1.17537552632e-05
1607	1.17307925744e-05
1608	1.1708413786e-05
1609	1.16850619669e-05
1610	1.16618484743e-05
1611	1.16388111444e-05
1612	1.16152647858e-05
1613	1.15922264126e-05
1614	1.15800688891e-05
1615	1.15828807449e-05
1616	1.16140140763e-05
1617	1.16379152722e-05
1618	1.1656007787e-05
1619	1.16732450032e-05
1620	1.16961662085e-05
1621	1.17267064161e-05
1622	1.17564091215e-05
1623	1.17884926697e-05
1624	1.18180417095e-05
1625	1.18472022749e-05
1626	1.18747052903e-05
1627	1.18998648125e-05
1628	1.1924548695e-05
1629	1.19466654874e-05
1630	1.19673237378e-05
1631	1.19856363867e-05
1632	1.20018166494e-05
1633	1.20191555996e-05
1634	1.20397473931e-05
1635	1.20592634604e-05
1636	1.20763727816e-05
1637	1.20911942284e-05
1638	1.21037680086e-05
1639	1.21147343128e-05
1640	1.21243960788e-05
1641	1.21318842066e-05
1642	1.21361218445e-05
1643	1.21373057512e-05
1644	1.21431981557e-05
1645	1.21491662191e-05
1646	1.21506373075e-05
1647	1.21481198895e-05
1648	1.21439226643e-05
1649	1.21347745364e-05
1650	1.2131120733e-05
1651	1.21630106632e-05
1652	1.22039948337e-05
1653	1.2264880604e-05
1654	1.23340069151e-05
1655	1.24229177091e-05
1656	1.25387663986e-05
1657	1.26721673109e-05
1658	1.28238422582e-05
1659	1.29620970776e-05
1660	1.30780194751e-05
1661	1.31766611064e-05
1662	1.32639270474e-05
1663	1.33407781127e-05
1664	1.34106154042e-05
1665	1.34735480735e-05
1666	1.35317633348e-05
1667	1.35850755947e-05
1668	1.36350535722e-05
1669	1.36813745009e-05
1670	1.37246278998e-05
1671	1.37656316015e-05
1672	1.38030887792e-05
1673	1.38391561894e-05
1674	1.38732291701e-05
1675	1.39051476092e-05
1676	1.39348144679e-05
1677	1.39634273064e-05
1678	1.39903273278e-05
1679	1.40157020461e-05
1680	1.40398925605e-05
1681	1.40620825796e-05
1682	1.40833238743e-05
1683	1.41036810491e-05
1684	1.41226176953e-05
1685	1.41404529419e-05
1686	1.41576135368e-05
1687	1.41734460941e-05
1688	1.41884953648e-05
1689	1.42030129293e-05
1690	1.4216511074e-05
1691	1.42291219739e-05
1692	1.42412869092e-05
1693	1.42525576127e-05
1694	1.42631197061e-05
1695	1.4273291124e-05
1696	1.42827115784e-05
1697	1.4291367483e-05
1698	1.42997070089e-05
1699	1.43074105633e-05
1700	1.4314432264e-05
1701	1.43211636233e-05
1702	1.43273125969e-05
1703	1.43327542381e-05
1704	1.43379817263e-05
1705	1.4342816485e-05
1706	1.43472088102e-05
1707	1.43507942672e-05
1708	1.4354204489e-05
1709	1.43572927763e-05
1710	1.43599676569e-05
1711	1.43619211273e-05
1712	1.43637949591e-05
1713	1.43654148924e-05
1714	1.43666938516e-05
1715	1.43676089543e-05
1716	1.43683286295e-05
1717	1.4368149434e-05
1718	1.43679508669e-05
1719	1.43675773592e-05
1720	1.43669518824e-05
1721	1.43660495635e-05
1722	1.43648621505e-05
1723	1.4363394355e-05
1724	1.43616592482e-05
1725	1.43596707451e-05
1726	1.43574390294e-05
1727	1.43549710621e-05
1728	1.43522695434e-05
1729	1.43493369784e-05
1730	1.43461769472e-05
1731	1.43427948741e-05
1732	1.43391964031e-05
1733	1.43355455145e-05
1734	1.43311396323e-05
1735	1.43268433293e-05
1736	1.43224755971e-05
1737	1.43179538388e-05
1738	1.43132576939e-05
1739	1.43083791259e-05
1740	1.43033202078e-05
1741	1.4298089728e-05
1742	1.42926987271e-05
1743	1.42871511679e-05
1744	1.42814475777e-05
1745	1.42755860758e-05
1746	1.42695794884e-05
1747	1.42633988066e-05
1748	1.42570582001e-05
1749	1.42505627612e-05
1750	1.42439211187e-05
1751	1.42371414326e-05
1752	1.42302320361e-05
1753	1.42231987896e-05
1754	1.42160461972e-05
1755	1.42087784406e-05
1756	1.42013978255e-05
1757	1.4193905977e-05
1758	1.41863047869e-05
1759	1.41785951711e-05
1760	1.41707787273e-05
1761	1.4162856909e-05
1762	1.4154830289e-05
1763	1.41467012365e-05
1764	1.41384710578e-05
1765	1.41301425336e-05
1766	1.41217312797e-05
1767	1.41132105962e-05
1768	1.41045928317e-05
1769	1.40958810894e-05
1770	1.4087077239e-05
1771	1.40781845758e-05
1772	1.40692051648e-05
1773	1.40601345002e-05
1774	1.40509808793e-05
1775	1.4041746737e-05
1776	1.40324525971e-05
1777	1.40230722372e-05
1778	1.40136140148e-05
1779	1.40040804253e-05
1780	1.39944746989e-05
1781	1.39847994077e-05
1782	1.3975057666e-05
1783	1.39652679864e-05
1784	1.39554047681e-05
1785	1.39454738924e-05
1786	1.39354761136e-05
1787	1.39254147302e-05
1788	1.3915309356e-05
1789	1.39051351865e-05
1790	1.38948990631e-05
1791	1.38846210281e-05
1792	1.38742742962e-05
1793	1.3863867882e-05
1794	1.38534225333e-05
1795	1.38429323091e-05
1796	1.38323746797e-05
1797	1.38217735382e-05
1798	1.3811105537e-05
1799	1.3800399333e-05
1800	1.37896299598e-05
1801	1.37788273612e-05
1802	1.37679813724e-05
1803	1.37570789955e-05
1804	1.37461477412e-05
1805	1.37351614131e-05
1806	1.37241490457e-05
1807	1.37131001223e-05
1808	1.37019974224e-05
1809	1.36908692644e-05
1810	1.36797057633e-05
1811	1.36684913144e-05
1812	1.36572540371e-05
1813	1.36459846684e-05
1814	1.36346654051e-05
1815	1.36233236038e-05
1816	1.36119514088e-05
1817	1.36005250226e-05
1818	1.35890771782e-05
1819	1.35776020229e-05
1820	1.3566079342e-05
1821	1.35545396841e-05
1822	1.35429755968e-05
1823	1.35313698032e-05
1824	1.35197381573e-05
1825	1.35080814396e-05
1826	1.3496401417e-05
1827	1.34847079168e-05
1828	1.34729848267e-05
1829	1.34612449422e-05
1830	1.34494731994e-05
1831	1.34376750182e-05
1832	1.34258607901e-05
1833	1.34140101298e-05
1834	1.34021411494e-05
1835	1.33902597441e-05
1836	1.33783551146e-05
1837	1.33664358672e-05
1838	1.33544908233e-05
1839	1.33425231643e-05
1840	1.33305410028e-05
1841	1.33185355869e-05
1842	1.33065158575e-05
1843	1.32944741178e-05
1844	1.32824134285e-05
1845	1.32703396779e-05
1846	1.32582464897e-05
1847	1.32461362112e-05
1848	1.32340135529e-05
1849	1.3221873766e-05
1850	1.32097216059e-05
1851	1.3198838724e-05
1852	1.31857772435e-05
1853	1.31729030368e-05
1854	1.3160411709e-05
1855	1.31492352527e-05
1856	1.31363459181e-05
1857	1.31237209903e-05
1858	1.31126452885e-05
1859	1.30996661607e-05
1860	1.30869450586e-05
1861	1.30756509196e-05
1862	1.30626821455e-05
1863	1.30500074895e-05
1864	1.30388013961e-05
1865	1.3025830715e-05
1866	1.30131069362e-05
1867	1.30017728192e-05
1868	1.29887815626e-05
1869	1.2976051687e-05
1870	1.29647331449e-05
1871	1.29517182674e-05
1872	1.29389518372e-05
1873	1.29275875419e-05
1874	1.29145393755e-05
1875	1.29017517117e-05
1876	1.28903539433e-05
1877	1.28773032988e-05
1878	1.28645078659e-05
1879	1.28530766914e-05
1880	1.28400254025e-05
1881	1.28272182735e-05
1882	1.28157684447e-05
1883	1.28027048487e-05
1884	1.27908282351e-05
1885	1.27776130075e-05
1886	1.27647629086e-05
1887	1.27533448428e-05
1888	1.27403436776e-05
1889	1.27284672917e-05
1890	1.27152951209e-05
1891	1.27034312724e-05
1892	1.26902514309e-05
1893	1.26783464555e-05
1894	1.26652302891e-05
1895	1.2653391587e-05
1896	1.26402860537e-05
1897	1.26284333207e-05
1898	1.26153194255e-05
1899	1.26034560562e-05
1900	1.25903213186e-05
1901	1.25784848443e-05
1902	1.25654036867e-05
1903	1.25535488004e-05
1904	1.25404433356e-05
1905	1.25285276905e-05
1906	1.2515382395e-05
1907	1.25034447408e-05
1908	1.24903405052e-05
1909	1.2478416136e-05
1910	1.24653335497e-05
1911	1.24534106712e-05
1912	1.24403344681e-05
1913	1.24284047887e-05
1914	1.24153263969e-05
1915	1.24033880436e-05
1916	1.23903040136e-05
1917	1.2378358604e-05
1918	1.23652838082e-05
1919	1.23533375283e-05
1920	1.23402664434e-05
1921	1.23283170762e-05
1922	1.23152580739e-05
1923	1.2303310319e-05
1924	1.22902596216e-05
1925	1.22783121119e-05
1926	1.22652631945e-05
1927	1.22533180122e-05
1928	1.22402860305e-05
1929	1.22283463202e-05
1930	1.22153281236e-05
1931	1.22033899441e-05
1932	1.21903773059e-05
1933	1.21784446135e-05
1934	1.21654405049e-05
1935	1.21535131428e-05
1936	1.2140521916e-05
1937	1.2128600239e-05
1938	1.21156162181e-05
1939	1.21037687707e-05
1940	1.20908247481e-05
1941	1.20789539242e-05
1942	1.20659784894e-05
1943	1.20540242211e-05
1944	1.20410429938e-05
1945	1.20291183539e-05
1946	1.20161843662e-05
1947	1.20042797745e-05
1948	1.19913695118e-05
1949	1.19794722179e-05
1950	1.19665718702e-05
1951	1.19546794327e-05
1952	1.1941791294e-05
1953	1.19299021038e-05
1954	1.19170263234e-05
1955	1.19051442092e-05
1956	1.18922843115e-05
1957	1.18804088612e-05
1958	1.1867563377e-05
1959	1.18556959341e-05
1960	1.18428649054e-05
1961	1.18310082826e-05
1962	1.18181934144e-05
1963	1.1806346042e-05
1964	1.17935467228e-05
1965	1.17817693238e-05
1966	1.17690026332e-05
1967	1.17571893088e-05
1968	1.17444165566e-05
1969	1.17325636723e-05
1970	1.17197839871e-05
1971	1.17079577662e-05
1972	1.16952179475e-05
1973	1.168340946e-05
1974	1.16706940146e-05
1975	1.1658899479e-05
1976	1.16462017006e-05
1977	1.16344182341e-05
1978	1.16222799174e-05
1979	1.16094675274e-05
1980	1.15975886233e-05
1981	1.15853634343e-05
1982	1.15726378784e-05
1983	1.15608656225e-05
1984	1.15487479438e-05
1985	1.15361560725e-05
1986	1.15244629486e-05
1987	1.15124267741e-05
1988	1.14998219646e-05
1989	1.14880979637e-05
1990	1.14759928037e-05
1991	1.14633980666e-05
1992	1.14516744255e-05
1993	1.14395968696e-05
1994	1.14270477199e-05
1995	1.14153575006e-05
1996	1.14033141298e-05
1997	1.13908097944e-05
1998	1.13791688865e-05
1999	1.13671962561e-05
2000	1.13546793788e-05
2001	1.13430207703e-05
2002	1.13309979789e-05
2003	1.13184939907e-05
2004	1.13068459414e-05
2005	1.12948550398e-05
2006	1.12823985549e-05
2007	1.1270788037e-05
2008	1.12588321914e-05
2009	1.12464140581e-05
2010	1.12348237045e-05
2011	1.12228882065e-05
2012	1.12105143365e-05
2013	1.11989788791e-05
2014	1.11871226186e-05
2015	1.11747607434e-05
2016	1.11632106061e-05
2017	1.11513104643e-05
2018	1.11389720517e-05
2019	1.11274373532e-05
2020	1.11155748732e-05
2021	1.11033150474e-05
2022	1.10918497881e-05
2023	1.10800738475e-05
2024	1.10678262016e-05
2025	1.10563489419e-05
2026	1.1044530249e-05
2027	1.10322983807e-05
2028	1.10208392182e-05
2029	1.10090561394e-05
2030	1.09968758584e-05
2031	1.09854552174e-05
2032	1.09737079135e-05
2033	1.09615809925e-05
2034	1.09502295072e-05
2035	1.09385151093e-05
2036	1.09267842087e-05
2037	1.09146125567e-05
2038	1.09031211408e-05
2039	1.0891418144e-05
2040	1.08797291666e-05
2041	1.0867734727e-05
2042	1.08563657897e-05
2043	1.08447764419e-05
2044	1.08331687775e-05
2045	1.08211920602e-05
2046	1.08098356585e-05
2047	1.07982284114e-05
2048	1.0786616778e-05
2049	1.07746698686e-05
2050	1.07633335379e-05
2051	1.07517786126e-05
2052	1.07402241176e-05
2053	1.07283705992e-05
2054	1.07171220519e-05
2055	1.07056114323e-05
2056	1.06940864229e-05
2057	1.06822443385e-05
2058	1.0671025924e-05
2059	1.06595349971e-05
2060	1.06480358159e-05
2061	1.06362059536e-05
2062	1.06249761142e-05
2063	1.06135236615e-05
2064	1.06020752594e-05
2065	1.05903148847e-05
2066	1.0579125626e-05
2067	1.05677205183e-05
2068	1.05563184967e-05
2069	1.05446354705e-05
2070	1.05335051933e-05
2071	1.05221596361e-05
2072	1.05108066133e-05
2073	1.04993737811e-05
2074	1.04876935823e-05
2075	1.047655858e-05
2076	1.04652453131e-05
2077	1.04539604229e-05
2078	1.04426154678e-05
2079	1.04310884795e-05
2080	1.04200664409e-05
2081	1.04088233135e-05
2082	1.03975955233e-05
2083	1.03863019778e-05
2084	1.0374807525e-05
2085	1.03638226724e-05
2086	1.03526108342e-05
2087	1.03414202901e-05
2088	1.03301694149e-05
2089	1.03187029458e-05
2090	1.03077221248e-05
2091	1.02965603315e-05
2092	1.02854297919e-05
2093	1.02742371612e-05
2094	1.0263009122e-05
2095	1.02517625267e-05
2096	1.02405404876e-05
2097	1.02293685579e-05
2098	1.02182418141e-05
2099	1.02071641549e-05
2100	1.01961211719e-05
2101	1.01850945323e-05
2102	1.01740763445e-05
2103	1.0163061688e-05
2104	1.01520497856e-05
2105	1.01410417801e-05
2106	1.01300405437e-05
2107	1.01190276106e-05
2108	1.01081475421e-05
2109	1.00971857041e-05
2110	1.00863032942e-05
2111	1.00753798507e-05
2112	1.00643811151e-05
2113	1.00533889484e-05
2114	1.00424194588e-05
2115	1.00314786944e-05
2116	1.00205856734e-05
2117	1.00096648948e-05
2118	9.99876076972e-06
2119	1.02587183627e-05
2120	1.02198400711e-05
2121	1.01224407596e-05
2122	1.00167562791e-05
2123	9.93930646273e-06
2124	1.01639093e-05
2125	1.01224186464e-05
2126	1.00366362449e-05
2127	9.9479424004e-06
2128	1.01537662285e-05
2129	1.00939498805e-05
2130	9.99795062733e-06
2131	1.01753354385e-05
