1	0.0816529803376
2	0.0843484337743
3	0.00659758749008
4	0.0012498859937
5	0.00599444700036
6	0.0161222906749
7	0.0148308763686
8	0.00453777889685
9	0.00325470631728
10	0.00947496262829
11	0.0161640826969
12	0.00696360173279
13	0.00353507861658
14	0.00375228221681
15	0.00434511168772
16	0.00318984589241
17	0.00206361207838
18	0.00183888088154
19	0.00224555829622
20	0.00248081994036
21	0.00252203852203
22	0.00214850131748
23	0.00181893119061
24	0.00163215400091
25	0.0014176862492
26	0.00118742348423
27	0.00102982085162
28	0.000939087260713
29	0.00101874182878
30	0.00113946274067
31	0.00121349353005
32	0.00123292204812
33	0.0011788607502
34	0.00107025817565
35	0.000930036151359
36	0.000815256535394
37	0.000729732407562
38	0.000697417259424
39	0.000741910978868
40	0.00078922729387
41	0.00080706781971
42	0.000792849299209
43	0.000761976435975
44	0.000716078792376
45	0.000665331901023
46	0.000627212530471
47	0.000606613714705
48	0.0006115975492
49	0.000628466590658
50	0.000639412624156
51	0.000639365148608
52	0.000628947364694
53	0.000608540327536
54	0.000585742709658
55	0.000563187952099
56	0.00054639431986
57	0.000540788071193
58	0.000550051210789
59	0.000558656283051
60	0.000559835798524
61	0.000555512795059
62	0.000547625437747
63	0.000536509677774
64	0.000526236070802
65	0.000518023097161
66	0.000514554999859
67	0.000516329962764
68	0.000520136043389
69	0.000522037842144
70	0.000521469916834
71	0.000519236106547
72	0.000515110929393
73	0.000510846575931
74	0.0005080328665
75	0.000506628949276
76	0.000507450587225
77	0.000508401872577
78	0.000509805795878
79	0.000509302596881
80	0.000508477725314
81	0.000506468962083
82	0.000505089688549
83	0.000503920346758
84	0.000503430574297
85	0.000503619555271
86	0.000504537367208
87	0.000505638804726
88	0.000506611713311
89	0.000507590356195
90	0.000508426251643
91	0.000509876346295
92	0.000510805629805
93	0.000511780363682
94	0.000513036772433
95	0.000514665854273
96	0.000515891412994
97	0.000517219557674
98	0.000518339974628
99	0.00051919678834
100	0.000520109119407
101	0.00052119029657
102	0.000522202041052
103	0.000523239670456
104	0.000524656206582
105	0.000525997913168
106	0.000526521104991
107	0.000526164111344
108	0.000521951557361
109	0.000515383163106
110	0.000508952422258
111	0.000502219168518
112	0.000495485559618
113	0.00048840904502
114	0.00048158291099
115	0.000474697232068
116	0.000467360084531
117	0.000460688551328
118	0.000453457019539
119	0.000446954060563
120	0.000440153129783
121	0.000433150338044
122	0.000426427594074
123	0.000419572783947
124	0.00041300093769
125	0.000406585649546
126	0.000400048462314
127	0.000393584850959
128	0.000387291490115
129	0.000381070173095
130	0.000374848629408
131	0.000368853680681
132	0.000362793757019
133	0.000356856311674
134	0.000351197779559
135	0.000345386651759
136	0.000339827090515
137	0.000334315829727
138	0.000328833611157
139	0.000323504653459
140	0.000318380217009
141	0.000313195930602
142	0.000308168178469
143	0.000303191600376
144	0.000298275287145
145	0.000293453207019
146	0.000288757507145
147	0.000284090455282
148	0.000279504036535
149	0.000274954604708
150	0.000270458198977
151	0.000266025855176
152	0.000261750514273
153	0.000257425483311
154	0.000253208047747
155	0.000249101756171
156	0.000244999596854
157	0.00024092221268
158	0.000236878722152
159	0.000232906952214
160	0.000229096901677
161	0.000225272270367
162	0.000221538114102
163	0.000217798386532
164	0.000214106772524
165	0.000210454965241
166	0.000206805580004
167	0.0002034360142
168	0.000200461635646
169	0.00019767074564
170	0.000194878744711
171	0.00019215484318
172	0.000189601972672
173	0.00018698418515
174	0.000184489205856
175	0.000181998011578
176	0.000179618402656
177	0.000177191966637
178	0.000174815471958
179	0.000172440437931
180	0.000170164426977
181	0.000167824495091
182	0.000165537272943
183	0.000163309610702
184	0.000161099511297
185	0.000158925180125
186	0.000156709713007
187	0.000154652310113
188	0.000152561660456
189	0.000150519544317
190	0.000148493319542
191	0.000146572544105
192	0.000144640775971
193	0.000142741664192
194	0.000140885201415
195	0.00013905784633
196	0.000137300582589
197	0.00013553776452
198	0.000133853586775
199	0.000132256504921
200	0.000130663901368
201	0.000129048368917
202	0.000127427623439
203	0.000125941405353
204	0.000124451810524
205	0.00012294852248
206	0.000121466527533
207	0.000119991419336
208	0.000118522700618
209	0.000116999942905
210	0.000115519995253
211	0.000113994276027
212	0.000112553446322
213	0.000111128810067
214	0.000109663313386
215	0.000108212464255
216	0.000106831102333
217	0.000105452078649
218	0.000104067616544
219	0.000102753736143
220	0.000101510747764
221	0.00010026730565
222	9.90312085543e-05
223	9.79147392981e-05
224	9.69104243677e-05
225	9.5853718067e-05
226	9.47576244136e-05
227	9.36417970259e-05
228	9.25751410729e-05
229	9.15060988964e-05
230	9.04533537804e-05
231	8.93897193892e-05
232	8.83962471373e-05
233	8.73379500659e-05
234	8.63312681029e-05
235	8.52682566159e-05
236	8.41987019766e-05
237	8.3112910905e-05
238	8.20309015029e-05
239	8.09399078163e-05
240	7.9870744095e-05
241	7.89010425964e-05
242	7.7967672804e-05
243	7.70504380527e-05
244	7.6185697508e-05
245	7.53529841306e-05
246	7.45419843773e-05
247	7.37188769642e-05
248	7.29091151635e-05
249	7.21268280704e-05
250	7.13826161405e-05
251	7.05925861108e-05
252	6.97446143105e-05
253	6.88795743704e-05
254	6.79032594396e-05
255	6.69425038806e-05
256	6.61364618444e-05
257	6.53169823405e-05
258	6.44317842405e-05
259	6.35143052347e-05
260	6.25504039879e-05
261	6.15322804586e-05
262	6.05997869299e-05
263	5.99351481371e-05
264	5.93089120597e-05
265	5.87004443588e-05
266	5.80679132462e-05
267	5.73841035012e-05
268	5.66473616798e-05
269	5.58776647771e-05
270	5.513462497e-05
271	5.44324083477e-05
272	5.37738938378e-05
273	5.31873601304e-05
274	5.26062193907e-05
275	5.21699549162e-05
276	5.1865233086e-05
277	5.16388481455e-05
278	5.13528805624e-05
279	5.12698779517e-05
280	5.11747276099e-05
281	5.09398202725e-05
282	5.09631989423e-05
283	5.10700235983e-05
284	5.10880117189e-05
285	5.11735502969e-05
286	5.11225304394e-05
287	5.10128981722e-05
288	5.08440299958e-05
289	5.12866424699e-05
290	5.1934188823e-05
291	5.2142213146e-05
292	5.27120493018e-05
293	5.31879715728e-05
294	5.3541710591e-05
295	5.39330373429e-05
296	5.41951441149e-05
297	5.47093003153e-05
298	5.5085708041e-05
299	5.52663753325e-05
300	5.55685296615e-05
301	5.57403362801e-05
302	5.58103880207e-05
303	5.57719060166e-05
304	5.55778977303e-05
305	5.51327016695e-05
306	5.52295218079e-05
307	5.51458637156e-05
308	5.48195313159e-05
309	5.46435091793e-05
310	5.46026165943e-05
311	5.44217363454e-05
312	5.41877812494e-05
313	5.37966946135e-05
314	5.37038416446e-05
315	5.35648434414e-05
316	5.32693177786e-05
317	5.30532956562e-05
318	5.27730777725e-05
319	5.21049812365e-05
320	5.20536002908e-05
321	5.17722698459e-05
322	5.14835127613e-05
323	5.11743756111e-05
324	5.08432725723e-05
325	5.05376721828e-05
326	5.01957842073e-05
327	4.97620284104e-05
328	4.94461506905e-05
329	4.92199098152e-05
330	4.86428120235e-05
331	4.84895007764e-05
332	4.81328613327e-05
333	4.7331166972e-05
334	4.72489187572e-05
335	4.6962985743e-05
336	4.65322590266e-05
337	4.60069249433e-05
338	4.58469908644e-05
339	4.55335457587e-05
340	4.51802950683e-05
341	4.47474116648e-05
342	4.45892176121e-05
343	4.42722714135e-05
344	4.39109858638e-05
345	4.35766813982e-05
346	4.2800629779e-05
347	4.26995304353e-05
348	4.21433798334e-05
349	4.19298809509e-05
350	4.16944517605e-05
351	4.14381800374e-05
352	4.11791657864e-05
353	4.09415640361e-05
354	4.08424815998e-05
355	4.07662796339e-05
356	4.04881835564e-05
357	4.0317053935e-05
358	4.01239339581e-05
359	3.98002218897e-05
360	3.93892599152e-05
361	3.89011732723e-05
362	3.87978093717e-05
363	3.87361050944e-05
364	3.86430104466e-05
365	3.81819243931e-05
366	3.83800190551e-05
367	3.84060157177e-05
368	3.82644695865e-05
369	3.79948632373e-05
370	3.77334834935e-05
371	3.7473970148e-05
372	3.7243063114e-05
373	3.70531571859e-05
374	3.6934525938e-05
375	3.68261191691e-05
376	3.67094946651e-05
377	3.65687881706e-05
378	3.6265571888e-05
379	3.59250676594e-05
380	3.59376115661e-05
381	3.58066099344e-05
382	3.5553669735e-05
383	3.52386959437e-05
384	3.4751978758e-05
385	3.49172890896e-05
386	3.48873793233e-05
387	3.47105826177e-05
388	3.44009106361e-05
389	3.37563216011e-05
390	3.39092472951e-05
391	3.39170540406e-05
392	3.38105927485e-05
393	3.36956520161e-05
394	3.36061015106e-05
395	3.34841296348e-05
396	3.33516327809e-05
397	3.31947275545e-05
398	3.30207256869e-05
399	3.28560179745e-05
400	3.2749724276e-05
401	3.27959631827e-05
402	3.26622677045e-05
403	3.24010424281e-05
404	3.20598291513e-05
405	3.20326405447e-05
406	3.18181300978e-05
407	3.17860820126e-05
408	3.17602856317e-05
409	3.16926095585e-05
410	3.15454654968e-05
411	3.13901567283e-05
412	3.11791733094e-05
413	3.10182863039e-05
414	3.09162031249e-05
415	3.07303167198e-05
416	3.0624155429e-05
417	3.04451420406e-05
418	3.02305431037e-05
419	3.01013652512e-05
420	2.96242203965e-05
421	2.96346761908e-05
422	2.94051946235e-05
423	2.89753952009e-05
424	2.88705034431e-05
425	2.86232720487e-05
426	2.83811856197e-05
427	2.79660156083e-05
428	2.7739603531e-05
429	2.73801249517e-05
430	2.68330557893e-05
431	2.64796365793e-05
432	2.59244916159e-05
433	2.5095545956e-05
434	2.50315237581e-05
435	2.48821058442e-05
436	2.4950019536e-05
437	2.495385934e-05
438	2.50324619697e-05
439	2.50601810679e-05
440	2.52747859912e-05
441	2.53108883316e-05
442	2.54421006856e-05
443	2.54123158053e-05
444	2.52148926148e-05
445	2.47933361226e-05
446	2.47332340667e-05
447	2.4572078677e-05
448	2.45006625584e-05
449	2.443013252e-05
450	2.44233923842e-05
451	2.42750720674e-05
452	2.40215820939e-05
453	2.38675940128e-05
454	2.34986701212e-05
455	2.32842437376e-05
456	2.29515186079e-05
457	2.22908257801e-05
458	2.25066260834e-05
459	2.41251831012e-05
460	2.4846772498e-05
461	2.52226634676e-05
462	2.543414616e-05
463	2.55550653184e-05
464	2.56209492464e-05
465	2.56511257067e-05
466	2.56567056436e-05
467	2.56447167013e-05
468	2.56204265881e-05
469	2.55865968851e-05
470	2.55455608148e-05
471	2.54990757807e-05
472	2.5448283279e-05
473	2.53944590743e-05
474	2.5337622758e-05
475	2.52780791224e-05
476	2.52160553149e-05
477	2.51516680255e-05
478	2.50854834854e-05
479	2.50172561732e-05
480	2.49470857798e-05
481	2.48751654007e-05
482	2.48022120506e-05
483	2.47283123953e-05
484	2.46537107706e-05
485	2.45790882896e-05
486	2.45044463212e-05
487	2.44297993041e-05
488	2.43555249104e-05
489	2.42813941903e-05
490	2.42073997992e-05
491	2.41332276427e-05
492	2.40587801335e-05
493	2.39837329282e-05
494	2.39081512562e-05
495	2.38318667162e-05
496	2.37550753005e-05
497	2.36777455148e-05
498	2.36002190386e-05
499	2.35225978592e-05
500	2.34453001609e-05
501	2.33683968889e-05
502	2.32922288404e-05
503	2.32166953172e-05
504	2.31419073455e-05
505	2.30675588208e-05
506	2.29936085764e-05
507	2.29196785003e-05
508	2.2845727827e-05
509	2.27714532866e-05
510	2.26969070155e-05
511	2.26219190193e-05
512	2.25466942776e-05
513	2.24713705837e-05
514	2.23958868568e-05
515	2.23205264358e-05
516	2.22456646286e-05
517	2.21717144963e-05
518	2.20985881992e-05
519	2.20262240746e-05
520	2.19544893406e-05
521	2.18832387837e-05
522	2.18122578556e-05
523	2.17413777338e-05
524	2.16703895503e-05
525	2.15992099547e-05
526	2.15277236092e-05
527	2.14559994445e-05
528	2.13841978924e-05
529	2.13122159688e-05
530	2.12402858723e-05
531	2.11688245966e-05
532	2.10982497229e-05
533	2.10283084498e-05
534	2.09591464254e-05
535	2.08906546499e-05
536	2.08228255343e-05
537	2.07556346925e-05
538	2.06884930988e-05
539	2.06213087709e-05
540	2.05539561647e-05
541	2.04863064626e-05
542	2.04185028109e-05
543	2.03506677982e-05
544	2.02826302553e-05
545	2.02146503877e-05
546	2.01469767964e-05
547	2.00796710748e-05
548	2.00134107008e-05
549	1.99478708653e-05
550	1.98830748857e-05
551	1.98188787032e-05
552	1.9755226007e-05
553	1.96919631196e-05
554	1.96286467869e-05
555	1.95651997524e-05
556	1.95015503365e-05
557	1.94375172506e-05
558	1.93735920717e-05
559	1.93094900582e-05
560	1.92453980501e-05
561	1.91814150892e-05
562	1.91181554679e-05
563	1.90554412647e-05
564	1.899343066e-05
565	1.89320447069e-05
566	1.88715965416e-05
567	1.88115752185e-05
568	1.87518318201e-05
569	1.86920853525e-05
570	1.86325405974e-05
571	1.85727487148e-05
572	1.85126952969e-05
573	1.8452311852e-05
574	1.83920318086e-05
575	1.83316766027e-05
576	1.82714761197e-05
577	1.82115639106e-05
578	1.81524697298e-05
579	1.80939958561e-05
580	1.80362221998e-05
581	1.79790119612e-05
582	1.7922549556e-05
583	1.78663379526e-05
584	1.78102315187e-05
585	1.77540033325e-05
586	1.76978385153e-05
587	1.76413746178e-05
588	1.75845694788e-05
589	1.75278326609e-05
590	1.7470986474e-05
591	1.74142633262e-05
592	1.73578116622e-05
593	1.73021172467e-05
594	1.72470145599e-05
595	1.71925794154e-05
596	1.71387187355e-05
597	1.70855710013e-05
598	1.70326617544e-05
599	1.69798395006e-05
600	1.69269204481e-05
601	1.68740464768e-05
602	1.68208784708e-05
603	1.67674544729e-05
604	1.67138242002e-05
605	1.66603649065e-05
606	1.66069745228e-05
607	1.65538314012e-05
608	1.65013972758e-05
609	1.64495257483e-05
610	1.63982890666e-05
611	1.63476711701e-05
612	1.62974846224e-05
613	1.62477545475e-05
614	1.61980591565e-05
615	1.61482742297e-05
616	1.60982775996e-05
617	1.60482383735e-05
618	1.59979009826e-05
619	1.59473297377e-05
620	1.589692471e-05
621	1.5846608475e-05
622	1.57965728262e-05
623	1.57472417576e-05
624	1.56984617071e-05
625	1.56502440008e-05
626	1.56027493875e-05
627	1.55555801203e-05
628	1.55085578328e-05
629	1.54617542693e-05
630	1.5414779096e-05
631	1.53675371691e-05
632	1.53202940638e-05
633	1.52726733948e-05
634	1.52249277141e-05
635	1.51772103208e-05
636	1.51298109306e-05
637	1.50829288962e-05
638	1.50366683622e-05
639	1.49907431112e-05
640	1.49454013082e-05
641	1.49005211389e-05
642	1.48561962571e-05
643	1.48118871636e-05
644	1.47675869946e-05
645	1.4723136089e-05
646	1.46784904235e-05
647	1.46336469139e-05
648	1.45886450449e-05
649	1.45435863037e-05
650	1.44986319362e-05
651	1.44539759536e-05
652	1.44097911099e-05
653	1.43661838261e-05
654	1.43231711222e-05
655	1.42806802931e-05
656	1.42385639345e-05
657	1.4196529722e-05
658	1.41547964614e-05
659	1.4112927461e-05
660	1.40706379699e-05
661	1.40281509581e-05
662	1.39856144482e-05
663	1.39428332153e-05
664	1.39002654881e-05
665	1.38579734932e-05
666	1.38159131736e-05
667	1.37743780856e-05
668	1.37336133796e-05
669	1.36932849165e-05
670	1.36534026826e-05
671	1.36135834941e-05
672	1.35739410018e-05
673	1.35342204802e-05
674	1.34943849201e-05
675	1.34541858605e-05
676	1.3413876488e-05
677	1.33732585565e-05
678	1.33327912282e-05
679	1.32925570637e-05
680	1.32527786507e-05
681	1.32134575974e-05
682	1.31746522973e-05
683	1.31362204305e-05
684	1.30983107396e-05
685	1.30607456579e-05
686	1.30231907368e-05
687	1.29855287494e-05
688	1.29475914377e-05
689	1.29094588953e-05
690	1.28711300485e-05
691	1.283269961e-05
692	1.27942582647e-05
693	1.27561064869e-05
694	1.27182312741e-05
695	1.26809800415e-05
696	1.26441479396e-05
697	1.26079265502e-05
698	1.25719834938e-05
699	1.25362545539e-05
700	1.25004402671e-05
701	1.24646128472e-05
702	1.24285926811e-05
703	1.23923412305e-05
704	1.23557642223e-05
705	1.23192851299e-05
706	1.22827905509e-05
707	1.22466694524e-05
708	1.22108384983e-05
709	1.21755110418e-05
710	1.21405417783e-05
711	1.21061837247e-05
712	1.20721149078e-05
713	1.20381625244e-05
714	1.20041756366e-05
715	1.19699613655e-05
716	1.19355955413e-05
717	1.19010745557e-05
718	1.18663253335e-05
719	1.18315145014e-05
720	1.1796830171e-05
721	1.17624020088e-05
722	1.17285941784e-05
723	1.16952745163e-05
724	1.16623818719e-05
725	1.16298205588e-05
726	1.15974321314e-05
727	1.15650547686e-05
728	1.15325515125e-05
729	1.14998351933e-05
730	1.14669017106e-05
731	1.14337949388e-05
732	1.14006209338e-05
733	1.13675370812e-05
734	1.133471994e-05
735	1.13023185237e-05
736	1.12704099683e-05
737	1.12389780889e-05
738	1.12079097771e-05
739	1.1177042578e-05
740	1.11462079092e-05
741	1.11152617354e-05
742	1.10841079254e-05
743	1.10527126098e-05
744	1.10211133488e-05
745	1.09894205273e-05
746	1.09577920058e-05
747	1.09264124911e-05
748	1.08954371726e-05
749	1.08650172879e-05
750	1.08350486308e-05
751	1.08054257845e-05
752	1.07759830146e-05
753	1.0746549705e-05
754	1.07169822617e-05
755	1.06871929219e-05
756	1.06571576328e-05
757	1.06269265331e-05
758	1.05966170413e-05
759	1.0566395548e-05
760	1.05364473593e-05
761	1.05069218819e-05
762	1.04778855667e-05
763	1.04493012206e-05
764	1.04210430155e-05
765	1.03929389719e-05
766	1.03648157934e-05
767	1.0336535572e-05
768	1.03080197613e-05
769	1.02792598604e-05
770	1.02503208698e-05
771	1.0221336254e-05
772	1.01924890411e-05
773	1.01639610353e-05
774	1.01358790582e-05
775	1.0108271462e-05
776	1.00810655963e-05
777	1.00541103432e-05
778	1.00272281147e-05
779	1.00002587744e-05
780	9.97308988587e-06
781	9.94567462433e-06
782	9.91804105847e-06
783	9.89029180637e-06
784	9.86258943145e-06
785	9.83512150099e-06
786	9.80804582419e-06
787	9.78143682439e-06
788	9.75526048326e-06
789	9.72939151508e-06
790	9.70365562074e-06
791	9.67788102745e-06
792	9.65193484538e-06
793	9.62574760605e-06
794	9.59932259297e-06
795	9.57274229479e-06
796	9.54615689109e-06
797	9.51975249929e-06
798	9.49369987468e-06
799	9.4680973872e-06
800	9.44293598198e-06
801	9.41810630214e-06
802	9.39343976949e-06
803	9.36876090003e-06
804	9.34393733323e-06
805	9.31886302489e-06
806	9.29355040506e-06
807	9.26807775902e-06
808	9.24256562539e-06
809	9.21721718808e-06
810	9.19220708804e-06
811	9.1676340862e-06
812	9.14349695015e-06
813	9.11968924946e-06
814	9.09604395715e-06
815	9.07238446333e-06
816	9.04856976879e-06
817	9.024521367e-06
818	9.00023399744e-06
819	8.97578369741e-06
820	8.95131629726e-06
821	8.92701705655e-06
822	8.90305608645e-06
823	8.87953254226e-06
824	8.85642338656e-06
825	8.83361768519e-06
826	8.81094361998e-06
827	8.78823000796e-06
828	8.76534402285e-06
829	8.74221872822e-06
830	8.71886518312e-06
831	8.69537334516e-06
832	8.67189901169e-06
833	8.64862885779e-06
834	8.62571691141e-06
835	8.60323323638e-06
836	8.58113750785e-06
837	8.55929690746e-06
838	8.53753755635e-06
839	8.51569735376e-06
840	8.49366068108e-06
841	8.47138307311e-06
842	8.44890019161e-06
843	8.42632349273e-06
844	8.4038209907e-06
845	8.3815722362e-06
846	8.35970630096e-06
847	8.33825353496e-06
848	8.31713846402e-06
849	8.29621036472e-06
850	8.27529817327e-06
851	8.25425724288e-06
852	8.23300049034e-06
853	8.21151322308e-06
854	8.18985762821e-06
855	8.16817642684e-06
856	8.14664172047e-06
857	8.12541406521e-06
858	8.10458188952e-06
859	8.08412830635e-06
860	8.06394235711e-06
861	8.04386239653e-06
862	8.02372791829e-06
863	8.00342084989e-06
864	7.98288770986e-06
865	7.96215226431e-06
866	7.94131332899e-06
867	7.92052509428e-06
868	7.89995557839e-06
869	7.8797322609e-06
870	7.85989719186e-06
871	7.84038405425e-06
872	7.82105571271e-06
873	7.8017508794e-06
874	7.78233184224e-06
875	7.76271422047e-06
876	7.74288660251e-06
877	7.72290237904e-06
878	7.70288982379e-06
879	7.68300783339e-06
880	7.66340295389e-06
881	7.64415845889e-06
882	7.62526258797e-06
883	7.60661256625e-06
884	7.58806726005e-06
885	7.56947680228e-06
886	7.55073167566e-06
887	7.53178185565e-06
888	7.5126498381e-06
889	7.49342377191e-06
890	7.47424132142e-06
891	7.45525374967e-06
892	7.43657601327e-06
893	7.4182452037e-06
894	7.40020822898e-06
895	7.38234464344e-06
896	7.36451194638e-06
897	7.34658419104e-06
898	7.32848299917e-06
899	7.31019239814e-06
900	7.29176023886e-06
901	7.27329176946e-06
902	7.25492632396e-06
903	7.236794694e-06
904	7.21897735629e-06
905	7.20147530359e-06
906	7.18421247822e-06
907	7.16706438259e-06
908	7.14990001579e-06
909	7.13261740057e-06
910	7.11516326089e-06
911	7.09754322502e-06
912	7.07982027722e-06
913	7.06210360426e-06
914	7.04452208168e-06
915	7.02718541518e-06
916	7.01014824627e-06
917	6.9933913183e-06
918	6.97683067848e-06
919	6.96034587816e-06
920	6.94382195268e-06
921	6.927174507e-06
922	6.91036639032e-06
923	6.89341260651e-06
924	6.87637962594e-06
925	6.85937210848e-06
926	6.84250589259e-06
927	6.82587454925e-06
928	6.80951978873e-06
929	6.79341793843e-06
930	6.77748876342e-06
931	6.7616262851e-06
932	6.74572755033e-06
933	6.72971789185e-06
934	6.71356443937e-06
935	6.69728012708e-06
936	6.68092287632e-06
937	6.66458367745e-06
938	6.64836530847e-06
939	6.63235433041e-06
940	6.61659382972e-06
941	6.60106938027e-06
942	6.58571625202e-06
943	6.57044308321e-06
944	6.55515570179e-06
945	6.53978159718e-06
946	6.5242818656e-06
947	6.50865798665e-06
948	6.49295125607e-06
949	6.47723314581e-06
950	6.46159328112e-06
951	6.4461157886e-06
952	6.43085502594e-06
953	6.41581993498e-06
954	6.40097070674e-06
955	6.38623556708e-06
956	6.37153102599e-06
957	6.35678180494e-06
958	6.34193715238e-06
959	6.32697850123e-06
960	6.31192164408e-06
961	6.29681340403e-06
962	6.28172390868e-06
963	6.26673115252e-06
964	6.25190055361e-06
965	6.23726945738e-06
966	6.22283505416e-06
967	6.20855668098e-06
968	6.19436847273e-06
969	6.18019822706e-06
970	6.16598396561e-06
971	6.15168448715e-06
972	6.1372861796e-06
973	6.12280286873e-06
974	6.10827482962e-06
975	6.09376203936e-06
976	6.07933043428e-06
977	6.06503867828e-06
978	6.05092180231e-06
979	6.03698320578e-06
980	6.02319400682e-06
981	6.00950220592e-06
982	5.99584646998e-06
983	5.98217006541e-06
984	5.96843146447e-06
985	5.9546093162e-06
986	5.94070630759e-06
987	5.92674833737e-06
988	5.9127772916e-06
989	5.89884748416e-06
990	5.88501384036e-06
991	5.87131861158e-06
992	5.85778198154e-06
993	5.84439694623e-06
994	5.83113153911e-06
995	5.81793926642e-06
996	5.80476930954e-06
997	5.79157613725e-06
998	5.77832634892e-06
999	5.76500572547e-06
1000	5.75161933692e-06
1001	5.73818774941e-06
1002	5.72474716139e-06
1003	5.71134277868e-06
1004	5.69800685676e-06
1005	5.68477652637e-06
1006	5.67169945504e-06
1007	5.65884789616e-06
1008	5.64603077047e-06
1009	5.63325841461e-06
1010	5.62059665765e-06
1011	5.60786495533e-06
1012	5.59507124138e-06
1013	5.58223660083e-06
1014	5.56935882401e-06
1015	5.55644543209e-06
1016	5.54351521496e-06
1017	5.53059891091e-06
1018	5.51773166813e-06
1019	9.98401444991e-06
1020	5.51894063924e-06
1021	9.98114001521e-06
1022	9.98891181954e-06
1023	9.99150965523e-06
1024	9.98374741822e-06
1025	9.9658697935e-06
1026	9.94073827085e-06
1027	9.91280357704e-06
1028	9.88611203667e-06
1029	9.86148433544e-06
1030	9.83916456955e-06
1031	9.81864180975e-06
1032	9.79913822431e-06
1033	9.7799728699e-06
1034	9.76091597549e-06
1035	9.74137149507e-06
1036	9.72144513949e-06
1037	9.70121881313e-06
1038	9.68070819923e-06
1039	9.65998400733e-06
1040	9.63912496196e-06
1041	9.61834592014e-06
1042	9.59730160077e-06
1043	9.57626223721e-06
1044	9.55524618272e-06
1045	9.53441389393e-06
1046	9.51341894315e-06
1047	9.49252258403e-06
1048	9.47187002417e-06
1049	9.45125546926e-06
1050	9.43070244945e-06
1051	9.41036608825e-06
1052	9.39006039096e-06
1053	9.3698882317e-06
1054	9.34999478732e-06
1055	9.33017040684e-06
1056	9.31035499419e-06
1057	9.29061908777e-06
1058	9.27090069609e-06
1059	9.25109767509e-06
1060	9.23141406052e-06
1061	9.21165379927e-06
1062	9.19181998832e-06
1063	9.17194998055e-06
1064	9.15198871411e-06
1065	9.13194339365e-06
1066	9.1120359379e-06
1067	9.09210470661e-06
1068	9.07220026452e-06
1069	9.0523764491e-06
1070	9.03261729454e-06
1071	9.0129483273e-06
1072	8.99356444579e-06
1073	8.97426846516e-06
1074	8.955060647e-06
1075	8.93592197468e-06
1076	8.9169879428e-06
1077	8.89803866094e-06
1078	8.87905376188e-06
1079	8.86007388952e-06
1080	8.84099356227e-06
1081	8.82198638418e-06
1082	8.8028059111e-06
1083	8.78370709892e-06
1084	8.76451149251e-06
1085	8.7452640231e-06
1086	8.72614526572e-06
1087	8.70700074044e-06
1088	8.68789039415e-06
1089	8.66898494588e-06
1090	8.65012946659e-06
1091	8.63136622328e-06
1092	8.61282890098e-06
1093	8.5943336899e-06
1094	8.57594752384e-06
1095	8.55757284751e-06
1096	8.5393388513e-06
1097	8.52104454041e-06
1098	8.50275425836e-06
1099	8.48437974678e-06
1100	8.46607481984e-06
1101	8.44766190071e-06
1102	8.42923226761e-06
1103	8.41072626574e-06
1104	8.39232072001e-06
1105	8.37386507297e-06
1106	8.3554694282e-06
1107	8.33714473043e-06
1108	8.31890770333e-06
1109	8.30076329878e-06
1110	8.28273037001e-06
1111	8.26479645928e-06
1112	8.24696187739e-06
1113	8.22921021954e-06
1114	8.21152728464e-06
1115	8.19387956441e-06
1116	8.17625356716e-06
1117	8.15862818291e-06
1118	8.14098790334e-06
1119	8.12332422016e-06
1120	8.10562136767e-06
1121	8.08788835993e-06
1122	8.070132721e-06
1123	8.05236761069e-06
1124	8.03461042701e-06
1125	8.01688020701e-06
1126	7.99919865158e-06
1127	7.98158518191e-06
1128	7.96405786613e-06
1129	7.94661372443e-06
1130	7.9292677931e-06
1131	7.91201702676e-06
1132	7.89485222017e-06
1133	7.87775961773e-06
1134	7.86072102508e-06
1135	7.84371625353e-06
1136	7.82672609396e-06
1137	7.80973313189e-06
1138	7.79272364884e-06
1139	7.77568813174e-06
1140	7.75862429203e-06
1141	7.74153481697e-06
1142	7.724427239e-06
1143	7.70731188992e-06
1144	7.6902056081e-06
1145	7.67312497246e-06
1146	7.65608925767e-06
1147	7.63911640135e-06
1148	7.62221866137e-06
1149	7.60540515791e-06
1150	7.58867998526e-06
1151	7.57204034673e-06
1152	7.55547793232e-06
1153	7.53897943041e-06
1154	7.52253024951e-06
1155	7.50611286945e-06
1156	7.48971058562e-06
1157	7.4733102157e-06
1158	7.45690097726e-06
1159	7.44047439857e-06
1160	7.42402608268e-06
1161	7.40755619277e-06
1162	7.39106888697e-06
1163	7.37457300672e-06
1164	7.35808198461e-06
1165	7.34160956615e-06
1166	7.3251697904e-06
1167	7.30877885933e-06
1168	7.29244954459e-06
1169	7.27619308709e-06
1170	7.26001575235e-06
1171	7.24391742398e-06
1172	7.22789315792e-06
1173	7.21193503995e-06
1174	7.19603096599e-06
1175	7.18016545334e-06
1176	7.16432354152e-06
1177	7.14849124648e-06
1178	7.13265623112e-06
1179	7.11681035655e-06
1180	7.10094737334e-06
1181	7.08506485358e-06
1182	7.06916281332e-06
1183	7.05324815297e-06
1184	7.03732898233e-06
1185	7.02141636768e-06
1186	7.00552519097e-06
1187	6.98966987388e-06
1188	6.97386409025e-06
1189	6.95811728308e-06
1190	6.94243724518e-06
1191	6.92682847199e-06
1192	6.91129178842e-06
1193	6.89582200808e-06
1194	6.88040915892e-06
1195	6.86504241787e-06
1196	6.8497191279e-06
1197	6.83440661474e-06
1198	6.81910109203e-06
1199	6.80379497729e-06
1200	6.78847756502e-06
1201	6.7731446506e-06
1202	6.75779432801e-06
1203	6.74242820574e-06
1204	6.72704994934e-06
1205	6.71167718587e-06
1206	6.69630145724e-06
1207	6.68094281458e-06
1208	6.66561588786e-06
1209	6.65034018667e-06
1210	6.63510849353e-06
1211	6.61993727037e-06
1212	6.60484084025e-06
1213	6.58980220486e-06
1214	6.57482475832e-06
1215	6.55990186246e-06
1216	6.54503162812e-06
1217	6.53018372225e-06
1218	6.51536199078e-06
1219	6.5005398513e-06
1220	6.48571499276e-06
1221	6.4708909201e-06
1222	6.45604496898e-06
1223	6.44118376233e-06
1224	6.4263185243e-06
1225	6.4114326255e-06
1226	6.39655007362e-06
1227	6.38166196102e-06
1228	6.36679754465e-06
1229	6.35195005079e-06
1230	6.33713886929e-06
1231	6.32238733867e-06
1232	6.30768044712e-06
1233	6.29304390428e-06
1234	6.27846008872e-06
1235	6.26394367638e-06
1236	6.2494676323e-06
1237	6.2350420073e-06
1238	6.2206373031e-06
1239	6.20626124355e-06
1240	6.19188381737e-06
1241	6.17751550181e-06
1242	6.16313939492e-06
1243	6.14873972667e-06
1244	6.13432430526e-06
1245	6.11990682696e-06
1246	6.10547605125e-06
1247	6.0910361283e-06
1248	6.07658945964e-06
1249	6.06216363959e-06
1250	6.04775138691e-06
1251	6.03338085029e-06
1252	6.01905251732e-06
1253	6.00477333366e-06
1254	5.99054003295e-06
1255	5.97637318289e-06
1256	5.96225858884e-06
1257	5.94819003315e-06
1258	5.93416063182e-06
1259	5.92015232815e-06
1260	5.90617444565e-06
1261	5.89220442673e-06
1262	5.87823314271e-06
1263	5.86425347913e-06
1264	5.85025933395e-06
1265	5.83624952435e-06
1266	5.82222313832e-06
1267	5.80818264366e-06
1268	5.79413593025e-06
1269	5.78008859307e-06
1270	5.76605105828e-06
1271	5.75203338796e-06
1272	5.73804596959e-06
1273	5.7240969863e-06
1274	5.71019436e-06
1275	5.69634161567e-06
1276	5.68254047642e-06
1277	5.66878842503e-06
1278	5.65508055678e-06
1279	5.64140939086e-06
1280	5.62776512988e-06
1281	5.61413765174e-06
1282	5.60051697589e-06
1283	5.58689227236e-06
1284	5.57325724111e-06
1285	5.5596072806e-06
1286	5.54593985416e-06
1287	5.5322570552e-06
1288	5.51856159471e-06
1289	9.99514602299e-06
1290	5.54295395915e-06
1291	5.52703277548e-06
1292	9.97656743623e-06
1293	5.51215416737e-06
1294	9.95349127473e-06
1295	9.97907969591e-06
1296	5.51276194552e-06
1297	9.92834419227e-06
1298	9.92334645057e-06
1299	9.93280327817e-06
1300	9.93879319007e-06
1301	9.93300649298e-06
1302	9.91529993641e-06
1303	9.88980805748e-06
1304	9.86161779772e-06
1305	9.83435724575e-06
1306	9.80928072145e-06
1307	9.78654781913e-06
1308	9.76536865962e-06
1309	9.74468419084e-06
1310	9.72449182624e-06
1311	9.70398469068e-06
1312	9.68297608057e-06
1313	9.66152642873e-06
1314	9.63972683102e-06
1315	9.61770871349e-06
1316	9.59558656107e-06
1317	9.57343613166e-06
1318	9.55129496634e-06
1319	9.5289892653e-06
1320	9.5067967722e-06
1321	9.48500662312e-06
1322	9.46318796766e-06
1323	9.44139570755e-06
1324	9.41965161716e-06
1325	9.39773740335e-06
1326	9.37591016883e-06
1327	9.35416815062e-06
1328	9.3327815324e-06
1329	9.31128198726e-06
1330	9.28974755166e-06
1331	9.2679869075e-06
1332	9.24624295109e-06
1333	9.22452702148e-06
1334	9.20283379259e-06
1335	9.18121153159e-06
1336	9.15965177705e-06
1337	9.13815899839e-06
1338	9.11672499155e-06
1339	9.09533468864e-06
1340	9.07397217126e-06
1341	9.05261468877e-06
1342	9.03123858546e-06
1343	9.00987282623e-06
1344	8.98847829479e-06
1345	8.96704058431e-06
1346	8.94559694166e-06
1347	8.92412120596e-06
1348	8.9026209394e-06
1349	8.8810987128e-06
1350	8.85956037801e-06
1351	8.83801126046e-06
1352	8.81649850178e-06
1353	8.79501223118e-06
1354	8.77356725156e-06
1355	8.75216795766e-06
1356	8.73081369809e-06
1357	8.70953997463e-06
1358	8.68831641218e-06
1359	8.66713769282e-06
1360	8.64598395502e-06
1361	8.62483200278e-06
1362	8.60370120243e-06
1363	8.58254883149e-06
1364	8.56136382967e-06
1365	8.54013007399e-06
1366	8.51883821544e-06
1367	8.49752394823e-06
1368	8.47616919806e-06
1369	8.45478794701e-06
1370	8.43337870584e-06
1371	8.41195376573e-06
1372	8.39056191707e-06
1373	8.36919682091e-06
1374	8.34787296948e-06
1375	8.32659269136e-06
1376	8.30536066106e-06
1377	8.2842071384e-06
1378	8.26309858391e-06
1379	8.24202381804e-06
1380	8.22096409813e-06
1381	8.19989454073e-06
1382	8.17879655845e-06
1383	8.15768461873e-06
1384	8.13652421892e-06
1385	8.1153116511e-06
1386	8.09404180046e-06
1387	8.0727130867e-06
1388	8.05136884133e-06
1389	8.02999527187e-06
1390	8.00861169581e-06
1391	7.98723104684e-06
1392	7.96586396954e-06
1393	7.94452000475e-06
1394	7.92324421583e-06
1395	7.90201676591e-06
1396	7.88084083284e-06
1397	7.8597029904e-06
1398	7.83858225438e-06
1399	7.81745995582e-06
1400	7.79634550064e-06
1401	7.77519751863e-06
1402	7.75401124723e-06
1403	7.73277090264e-06
1404	7.7114643027e-06
1405	7.69009102165e-06
1406	7.66868467208e-06
1407	7.64723672223e-06
1408	7.62576109678e-06
1409	7.60427191037e-06
1410	7.58277580128e-06
1411	7.56129166154e-06
1412	7.53985645719e-06
1413	7.51846144232e-06
1414	7.49711264793e-06
1415	7.47579350993e-06
1416	7.45449580606e-06
1417	7.43322154462e-06
1418	7.41192675739e-06
1419	7.39057714024e-06
1420	7.36915944556e-06
1421	7.34767517834e-06
1422	7.32608609574e-06
1423	7.30438786559e-06
1424	7.2825711202e-06
1425	7.26065518308e-06
1426	7.23866548257e-06
1427	7.21660970413e-06
1428	7.1945497037e-06
1429	7.17254865156e-06
1430	7.1506483574e-06
1431	7.12888841808e-06
1432	7.1073143488e-06
1433	7.08592411191e-06
1434	7.0646474311e-06
1435	7.04345246112e-06
1436	7.02228557019e-06
1437	7.00108886735e-06
1438	6.97983198287e-06
1439	6.9585341009e-06
1440	6.93722146248e-06
1441	6.91593002947e-06
1442	6.89477124652e-06
1443	6.8738404804e-06
1444	6.85320280057e-06
1445	6.83293608198e-06
1446	6.81303821659e-06
1447	6.79344136462e-06
1448	6.77404617451e-06
1449	6.75476454853e-06
1450	6.73548912646e-06
1451	6.71611357743e-06
1452	6.69659787452e-06
1453	6.67689746759e-06
1454	6.65696826786e-06
1455	6.63683043323e-06
1456	6.61649276589e-06
1457	6.59596607358e-06
1458	6.5752615109e-06
1459	6.55443151465e-06
1460	6.53349558666e-06
1461	6.51245365957e-06
1462	6.49133328909e-06
1463	6.47012057069e-06
1464	6.44878239345e-06
1465	6.42733861477e-06
1466	6.40578564996e-06
1467	6.38412813049e-06
1468	6.36238216851e-06
1469	6.34058987137e-06
1470	6.31874956137e-06
1471	6.29688267768e-06
1472	6.27497760092e-06
1473	6.25301708653e-06
1474	6.23098389113e-06
1475	6.20889868474e-06
1476	6.18674933272e-06
1477	6.16455236195e-06
1478	6.14231099391e-06
1479	6.1200138894e-06
1480	6.0976485065e-06
1481	6.07522648128e-06
1482	6.05272725984e-06
1483	6.03016057279e-06
1484	6.00751595698e-06
1485	5.98476998263e-06
1486	5.96193945031e-06
1487	5.9390194208e-06
1488	5.91598672254e-06
1489	5.89285307444e-06
1490	5.86961182853e-06
1491	5.84624527536e-06
1492	5.82276883131e-06
1493	5.79915995834e-06
1494	5.7754276066e-06
1495	5.75156311806e-06
1496	5.7275455123e-06
1497	5.70339361066e-06
1498	5.67909169069e-06
1499	5.65461739925e-06
1500	5.62998752856e-06
1501	5.60518302686e-06
1502	5.58020705178e-06
1503	5.55504996474e-06
1504	5.52969218614e-06
1505	5.50414611798e-06
1506	9.97071478264e-06
1507	5.55391455744e-06
1508	5.53080919565e-06
1509	9.96173144536e-06
1510	5.51096626062e-06
1511	9.93837511509e-06
1512	9.99800173925e-06
1513	5.53360798362e-06
1514	9.93195588796e-06
1515	9.93180512909e-06
1516	9.96433210613e-06
1517	9.99373506428e-06
1518	5.49455831235e-06
1519	9.7944826485e-06
1520	9.7488293872e-06
1521	9.76522958497e-06
1522	9.79691317907e-06
1523	9.81395508637e-06
1524	9.80775281661e-06
1525	9.78335250928e-06
1526	9.74825096944e-06
1527	9.70780538121e-06
1528	9.66934374127e-06
1529	9.63327814806e-06
1530	9.59956795445e-06
1531	9.56746391668e-06
1532	9.53553272793e-06
1533	9.50378645375e-06
1534	9.47113393357e-06
1535	9.43777812036e-06
1536	9.40316808904e-06
1537	9.36822374068e-06
1538	9.33240841087e-06
1539	9.29662106668e-06
1540	9.26023226854e-06
1541	9.22393275167e-06
1542	9.187109494e-06
1543	9.15029610183e-06
1544	9.11296042579e-06
1545	9.07553127704e-06
1546	9.03758661773e-06
1547	8.99947959631e-06
1548	8.96088662836e-06
1549	8.92271062851e-06
1550	8.88440375976e-06
1551	8.84615518838e-06
1552	8.80744557559e-06
1553	8.76843048399e-06
1554	8.72900959998e-06
1555	8.68920195913e-06
1556	8.64900603962e-06
1557	8.60916885261e-06
1558	8.56897639579e-06
1559	8.52826729564e-06
1560	8.48721794448e-06
1561	8.44557575167e-06
1562	8.40438052362e-06
1563	8.36258930961e-06
1564	8.32048012938e-06
1565	8.27767057631e-06
1566	8.23468788353e-06
1567	8.19131025884e-06
1568	8.14774897943e-06
1569	8.10418396399e-06
1570	8.06039042501e-06
1571	8.01575792836e-06
1572	7.97088704788e-06
1573	7.92522560888e-06
1574	7.87936153187e-06
1575	7.83322073716e-06
1576	7.7873610355e-06
1577	7.74074652544e-06
1578	7.69389953629e-06
1579	7.64597869813e-06
1580	7.59815675552e-06
1581	7.5495769633e-06
1582	7.50061812348e-06
1583	7.45072222516e-06
1584	7.39983952503e-06
1585	7.3493885072e-06
1586	7.29784035884e-06
1587	7.24509131916e-06
1588	7.19175033784e-06
1589	7.1373706984e-06
1590	7.08171811976e-06
1591	7.02545095287e-06
1592	6.96805524123e-06
1593	6.90962754027e-06
1594	6.85067254275e-06
1595	6.79011389909e-06
1596	6.72756909296e-06
1597	6.67010090492e-06
1598	6.6205111153e-06
1599	6.57559553704e-06
1600	6.53556844812e-06
1601	6.50158422074e-06
1602	6.47902267454e-06
1603	6.46547511366e-06
1604	6.45442351064e-06
1605	6.44212859171e-06
1606	6.4299147281e-06
1607	6.41721108133e-06
1608	6.40484234455e-06
1609	6.39194799753e-06
1610	6.37911672395e-06
1611	6.36644185938e-06
1612	6.35347639897e-06
1613	6.3407920797e-06
1614	6.33408560666e-06
1615	6.33560158351e-06
1616	6.3526457765e-06
1617	6.36573904228e-06
1618	6.37571016837e-06
1619	6.38520315691e-06
1620	6.39769514905e-06
1621	6.41426925572e-06
1622	6.43036714989e-06
1623	6.44776652154e-06
1624	6.46380772688e-06
1625	6.47964416879e-06
1626	6.49459190241e-06
1627	6.50826866945e-06
1628	6.52169486856e-06
1629	6.53372884009e-06
1630	6.54498563707e-06
1631	6.55500044278e-06
1632	6.56392662658e-06
1633	6.57349880647e-06
1634	6.5846386294e-06
1635	6.59512137881e-06
1636	6.6043197121e-06
1637	6.61230654995e-06
1638	6.61909438349e-06
1639	6.62501651668e-06
1640	6.63022752425e-06
1641	6.63426961226e-06
1642	6.63661503064e-06
1643	6.63736262107e-06
1644	6.64054959665e-06
1645	6.64364421227e-06
1646	6.64431522087e-06
1647	6.64286061311e-06
1648	6.64054274109e-06
1649	6.63558650487e-06
1650	6.63389704196e-06
1651	6.65175178487e-06
1652	6.67407247512e-06
1653	6.70690517808e-06
1654	6.74447492548e-06
1655	6.79302631241e-06
1656	6.8562075161e-06
1657	6.92906169478e-06
1658	7.011887975e-06
1659	7.08740917583e-06
1660	7.15076844445e-06
1661	7.20472273597e-06
1662	7.25256621324e-06
1663	7.29473917413e-06
1664	7.33313994788e-06
1665	7.36776044663e-06
1666	7.39983799623e-06
1667	7.42921309857e-06
1668	7.45679631085e-06
1669	7.48234783287e-06
1670	7.50625342453e-06
1671	7.52890356951e-06
1672	7.54961731992e-06
1673	7.56956843227e-06
1674	7.58838628245e-06
1675	7.60606601552e-06
1676	7.62249223106e-06
1677	7.6383450003e-06
1678	7.65322697897e-06
1679	7.66730726011e-06
1680	7.68071965585e-06
1681	7.69302231704e-06
1682	7.70482715149e-06
1683	7.7161263916e-06
1684	7.72662420933e-06
1685	7.73655423563e-06
1686	7.74609244891e-06
1687	7.75488363473e-06
1688	7.76327598513e-06
1689	7.77135572727e-06
1690	7.77885259444e-06
1691	7.78590116859e-06
1692	7.79268352924e-06
1693	7.79895537787e-06
1694	7.80486940158e-06
1695	7.81055103269e-06
1696	7.81579433372e-06
1697	7.82066021905e-06
1698	7.82533145435e-06
1699	7.82963080669e-06
1700	7.83359107116e-06
1701	7.83737389796e-06
1702	7.84080922949e-06
1703	7.84390153958e-06
1704	7.8468553852e-06
1705	7.84959097529e-06
1706	7.85205555544e-06
1707	7.85412436446e-06
1708	7.85607777303e-06
1709	7.85785053398e-06
1710	7.85936354311e-06
1711	7.86053416605e-06
1712	7.86163868506e-06
1713	7.86260008344e-06
1714	7.86337177613e-06
1715	7.86394178567e-06
1716	7.86436905661e-06
1717	7.86436386703e-06
1718	7.86432944623e-06
1719	7.86419409952e-06
1720	7.86391584279e-06
1721	7.86348242422e-06
1722	7.86289068915e-06
1723	7.86214446967e-06
1724	7.86125083493e-06
1725	7.86021766995e-06
1726	7.85905076691e-06
1727	7.85775355819e-06
1728	7.85632803164e-06
1729	7.85477513491e-06
1730	7.85309682439e-06
1731	7.851295993e-06
1732	7.84937547315e-06
1733	7.84738769236e-06
1734	7.84505138847e-06
1735	7.84275469243e-06
1736	7.84041473757e-06
1737	7.83798691278e-06
1738	7.8354607969e-06
1739	7.83283278758e-06
1740	7.83010461384e-06
1741	7.82728179038e-06
1742	7.82436963219e-06
1743	7.8213712724e-06
1744	7.81828716654e-06
1745	7.81511624862e-06
1746	7.81186501102e-06
1747	7.80851815966e-06
1748	7.80508386445e-06
1749	7.80156481579e-06
1750	7.79796509423e-06
1751	7.79428906591e-06
1752	7.79054076112e-06
1753	7.78672382144e-06
1754	7.78284110484e-06
1755	7.77889450739e-06
1756	7.77488548921e-06
1757	7.77081546813e-06
1758	7.76668549755e-06
1759	7.76249615415e-06
1760	7.75824833641e-06
1761	7.75394213878e-06
1762	7.74957808676e-06
1763	7.74515722243e-06
1764	7.74068028098e-06
1765	7.73614801852e-06
1766	7.73156989954e-06
1767	7.72693189914e-06
1768	7.72224037087e-06
1769	7.71749645429e-06
1770	7.71270180528e-06
1771	7.70785800664e-06
1772	7.70296652208e-06
1773	7.69802504562e-06
1774	7.69303801658e-06
1775	7.68800649083e-06
1776	7.68294048214e-06
1777	7.67782716356e-06
1778	7.67267105939e-06
1779	7.66747364861e-06
1780	7.66223676678e-06
1781	7.65696188378e-06
1782	7.65165026151e-06
1783	7.64631090915e-06
1784	7.64093133965e-06
1785	7.63551444295e-06
1786	7.63006102251e-06
1787	7.62457276692e-06
1788	7.61905906294e-06
1789	7.61350738708e-06
1790	7.60792126571e-06
1791	7.60231112312e-06
1792	7.59666414565e-06
1793	7.59098445521e-06
1794	7.58528221461e-06
1795	7.57955493741e-06
1796	7.57379082832e-06
1797	7.56800257452e-06
1798	7.56217912066e-06
1799	7.55633347001e-06
1800	7.55045345285e-06
1801	7.5445547419e-06
1802	7.53863237931e-06
1803	7.53267838188e-06
1804	7.52670808964e-06
1805	7.52070792275e-06
1806	7.51469366355e-06
1807	7.50865864191e-06
1808	7.50259469466e-06
1809	7.49651663866e-06
1810	7.49041941136e-06
1811	7.48429359931e-06
1812	7.47815478339e-06
1813	7.47199835596e-06
1814	7.46581443236e-06
1815	7.45961758738e-06
1816	7.45340395622e-06
1817	7.44716078269e-06
1818	7.44090543014e-06
1819	7.43463441369e-06
1820	7.42833762511e-06
1821	7.42203106254e-06
1822	7.41571034795e-06
1823	7.40936721414e-06
1824	7.40300950789e-06
1825	7.39663800288e-06
1826	7.39025335253e-06
1827	7.38386147408e-06
1828	7.37745321884e-06
1829	7.37103568775e-06
1830	7.36460061782e-06
1831	7.35815096999e-06
1832	7.35169208782e-06
1833	7.34521329056e-06
1834	7.33872372608e-06
1835	7.33222684151e-06
1836	7.32571621026e-06
1837	7.31919765718e-06
1838	7.31266501986e-06
1839	7.30612001815e-06
1840	7.29956686662e-06
1841	7.29300065705e-06
1842	7.28642654233e-06
1843	7.27984034138e-06
1844	7.27324377405e-06
1845	7.26663978438e-06
1846	7.26002489596e-06
1847	7.2534007382e-06
1848	7.24676968706e-06
1849	7.24012911576e-06
1850	7.23348194871e-06
1851	7.22752231571e-06
1852	7.2203730781e-06
1853	7.21334173899e-06
1854	7.20651343403e-06
1855	7.20039952497e-06
1856	7.1933410664e-06
1857	7.18644067661e-06
1858	7.18037712623e-06
1859	7.17326951623e-06
1860	7.16631663748e-06
1861	7.16013872201e-06
1862	7.1530354081e-06
1863	7.14610578558e-06
1864	7.13997176744e-06
1865	7.13286780752e-06
1866	7.12591208485e-06
1867	7.11971079347e-06
1868	7.11259528931e-06
1869	7.10563573713e-06
1870	7.0994409073e-06
1871	7.09231214583e-06
1872	7.08533214366e-06
1873	7.0791128753e-06
1874	7.07196529472e-06
1875	7.06497281876e-06
1876	7.05873384197e-06
1877	7.05158285415e-06
1878	7.0445837016e-06
1879	7.03832590057e-06
1880	7.03117537699e-06
1881	7.02417283974e-06
1882	7.01790708944e-06
1883	7.01075362079e-06
1884	7.00426336916e-06
1885	6.9970275134e-06
1886	6.99000063896e-06
1887	6.98374990043e-06
1888	6.97662952587e-06
1889	6.97013931447e-06
1890	6.96292602885e-06
1891	6.95643948994e-06
1892	6.9492217399e-06
1893	6.94271336236e-06
1894	6.93552965072e-06
1895	6.92905680218e-06
1896	6.92187872418e-06
1897	6.91539823243e-06
1898	6.90821549044e-06
1899	6.90172927259e-06
1900	6.89453754379e-06
1901	6.8880665108e-06
1902	6.8809035406e-06
1903	6.87442191967e-06
1904	6.86724455174e-06
1905	6.86073029809e-06
1906	6.8535304614e-06
1907	6.84700293731e-06
1908	6.83982480933e-06
1909	6.83330427759e-06
1910	6.82613808938e-06
1911	6.8196182829e-06
1912	6.81245560815e-06
1913	6.80593223284e-06
1914	6.79876856048e-06
1915	6.79224033869e-06
1916	6.78507342123e-06
1917	6.77854114574e-06
1918	6.77137885772e-06
1919	6.76484593435e-06
1920	6.7576860084e-06
1921	6.75115196044e-06
1922	6.74399866544e-06
1923	6.73746578434e-06
1924	6.73031750019e-06
1925	6.7237849e-06
1926	6.71663731131e-06
1927	6.71010524989e-06
1928	6.70296610517e-06
1929	6.69643627436e-06
1930	6.68930432597e-06
1931	6.6827754985e-06
1932	6.67564673753e-06
1933	6.66912063652e-06
1934	6.66199666222e-06
1935	6.65547338485e-06
1936	6.64835628745e-06
1937	6.64183584161e-06
1938	6.63472382729e-06
1939	6.62824444593e-06
1940	6.6211543493e-06
1941	6.61466177912e-06
1942	6.60755324628e-06
1943	6.60101621008e-06
1944	6.59390458684e-06
1945	6.58738312724e-06
1946	6.58029689932e-06
1947	6.57378643092e-06
1948	6.56671300449e-06
1949	6.56020654083e-06
1950	6.55313908789e-06
1951	6.54663531444e-06
1952	6.53957409413e-06
1953	6.53307188875e-06
1954	6.52601721478e-06
1955	6.51951847627e-06
1956	6.51247176557e-06
1957	6.50597673126e-06
1958	6.49893795373e-06
1959	6.4924476449e-06
1960	6.48541697542e-06
1961	6.47893260667e-06
1962	6.47191107109e-06
1963	6.46543184205e-06
1964	6.45842004766e-06
1965	6.45197931885e-06
1966	6.44498506062e-06
1967	6.43852360188e-06
1968	6.43152484951e-06
1969	6.42504290276e-06
1970	6.41804051937e-06
1971	6.4115727413e-06
1972	6.4045914505e-06
1973	6.39813336239e-06
1974	6.39116480221e-06
1975	6.38471380786e-06
1976	6.37775475574e-06
1977	6.37131009047e-06
1978	6.36466998962e-06
1979	6.35764302173e-06
1980	6.35114708548e-06
1981	6.34446072597e-06
1982	6.33747996933e-06
1983	6.33104106663e-06
1984	6.32441199305e-06
1985	6.3175045614e-06
1986	6.31110850876e-06
1987	6.30452506892e-06
1988	6.29761034355e-06
1989	6.29119759392e-06
1990	6.28457628577e-06
1991	6.27766693606e-06
1992	6.27125509489e-06
1993	6.26464932035e-06
1994	6.25776550866e-06
1995	6.2513724095e-06
1996	6.24478564341e-06
1997	6.23792736336e-06
1998	6.23156098973e-06
1999	6.22501334324e-06
2000	6.21814807725e-06
2001	6.21177138751e-06
2002	6.20519515446e-06
2003	6.19833568769e-06
2004	6.19196454549e-06
2005	6.18540534922e-06
2006	6.17857170131e-06
2007	6.17222104789e-06
2008	6.16568107904e-06
2009	6.15886858767e-06
2010	6.15252928139e-06
2011	6.14600083786e-06
2012	6.13921367198e-06
2013	6.13290433995e-06
2014	6.12642013023e-06
2015	6.11963960225e-06
2016	6.11332232609e-06
2017	6.10681309112e-06
2018	6.10004429285e-06
2019	6.09373498927e-06
2020	6.08724577055e-06
2021	6.08052036686e-06
2022	6.07424886207e-06
2023	6.06780752534e-06
2024	6.06108816927e-06
2025	6.05481059103e-06
2026	6.04834564606e-06
2027	6.04163457474e-06
2028	6.03536700849e-06
2029	6.02892151119e-06
2030	6.02223870732e-06
2031	6.01599203383e-06
2032	6.00956591502e-06
2033	6.00291327128e-06
2034	5.99670507535e-06
2035	5.99029765302e-06
2036	5.98387560823e-06
2037	5.97719648226e-06
2038	5.9709140658e-06
2039	5.96451286387e-06
2040	5.95811244385e-06
2041	5.95152943455e-06
2042	5.94531319256e-06
2043	5.93897349928e-06
2044	5.93261721279e-06
2045	5.92604314751e-06
2046	5.91983315643e-06
2047	5.9134834894e-06
2048	5.90712469274e-06
2049	5.90056684482e-06
2050	5.89436819822e-06
2051	5.88804694577e-06
2052	5.88171977467e-06
2053	5.875214256e-06
2054	5.86906471891e-06
2055	5.86276840017e-06
2056	5.85645775305e-06
2057	5.84995928914e-06
2058	5.84382572172e-06
2059	5.83754016398e-06
2060	5.83124356629e-06
2061	5.82475048789e-06
2062	5.81860983294e-06
2063	5.81234465029e-06
2064	5.80607570993e-06
2065	5.79962033299e-06
2066	5.79350277431e-06
2067	5.78726444908e-06
2068	5.7810211008e-06
2069	5.77460907835e-06
2070	5.7685233865e-06
2071	5.7623172504e-06
2072	5.75610020766e-06
2073	5.7498395777e-06
2074	5.74342802622e-06
2075	5.73734010243e-06
2076	5.73115177168e-06
2077	5.72497221093e-06
2078	5.71875979228e-06
2079	5.71243206249e-06
2080	5.70640718081e-06
2081	5.70025746149e-06
2082	5.69410922309e-06
2083	5.68792434475e-06
2084	5.68161447697e-06
2085	5.67560909771e-06
2086	5.66947665845e-06
2087	5.66334904899e-06
2088	5.65718797438e-06
2089	5.65089259591e-06
2090	5.64488921766e-06
2091	5.63878342511e-06
2092	5.63268770083e-06
2093	5.62655812435e-06
2094	5.62040931839e-06
2095	5.61425076718e-06
2096	5.60810561705e-06
2097	5.60198725287e-06
2098	5.59589355011e-06
2099	5.58982644214e-06
2100	5.58377814725e-06
2101	5.57773893132e-06
2102	5.57170439805e-06
2103	5.56567194484e-06
2104	5.55964113075e-06
2105	5.55361294662e-06
2106	5.54758859175e-06
2107	5.54155910254e-06
2108	5.53560190644e-06
2109	5.52960021225e-06
2110	5.52364170909e-06
2111	5.51766036418e-06
2112	5.51163784908e-06
2113	5.50561926276e-06
2114	5.49961317835e-06
2115	5.49362268545e-06
2116	5.48765832684e-06
2117	5.48167804901e-06
2118	9.99876076972e-06
2119	5.61392612154e-06
2120	5.59376153645e-06
2121	5.54193091702e-06
2122	5.48551172036e-06
2123	9.93930646273e-06
2124	5.56338206389e-06
2125	5.54159746801e-06
2126	5.49574911732e-06
2127	9.9479424004e-06
2128	5.55763949112e-06
2129	5.52604797478e-06
2130	9.99795062733e-06
2131	5.5689740821e-06
