1	0
2	0
3	0
4	0
5	0
6	0
7	0
8	0
9	0
10	0
11	0
12	1
13	1
14	1
15	1
16	1
17	1
18	1
19	1
20	1
21	1
22	1
23	1
24	1
25	2
26	2
27	2
28	2
29	2
30	2
31	2
32	2
33	2
34	2
35	2
36	2
37	2
38	2
39	3
40	3
41	3
42	3
43	3
44	3
45	3
46	3
47	3
48	3
49	3
50	3
51	3
52	3
53	4
54	4
55	4
56	4
57	4
58	4
59	4
60	4
61	4
62	4
63	4
64	4
65	4
66	5
67	5
68	5
69	5
70	5
71	5
72	5
73	5
74	5
75	5
76	5
77	5
78	5
79	5
80	6
81	6
82	6
83	6
84	6
85	6
86	6
87	6
88	6
89	6
90	6
91	6
92	6
93	6
94	7
95	7
96	7
97	7
98	7
99	7
100	7
101	7
102	7
103	7
104	7
105	7
106	7
107	7
108	8
109	8
110	8
111	8
112	8
113	8
114	8
115	8
116	8
117	8
118	8
119	8
120	8
121	8
122	9
123	9
124	9
125	9
126	9
127	9
128	9
129	9
130	9
131	9
132	9
133	9
134	9
135	9
136	10
137	10
138	10
139	10
140	10
141	10
142	10
143	10
144	10
145	10
146	10
147	10
148	10
149	10
150	11
151	11
152	11
153	11
154	11
155	11
156	11
157	11
158	11
159	11
160	11
161	11
162	11
163	11
164	12
165	12
166	12
167	12
168	12
169	12
170	12
171	12
172	12
173	12
174	12
175	12
176	12
177	12
178	13
179	13
180	13
181	13
182	13
183	13
184	13
185	13
186	13
187	13
188	13
189	13
190	13
191	13
192	14
193	14
194	14
195	14
196	14
197	14
198	14
199	14
200	14
201	14
202	14
203	14
204	14
205	15
206	15
207	15
208	15
209	15
210	15
211	15
212	15
213	15
214	15
215	15
216	15
217	15
218	15
219	16
220	16
221	16
222	16
223	16
224	16
225	16
226	16
227	16
228	16
229	16
230	16
231	16
232	17
233	17
234	17
235	17
236	17
237	17
238	17
239	17
240	17
241	17
242	17
243	17
244	17
245	17
246	18
247	18
248	18
249	18
250	18
251	18
252	18
253	18
254	18
255	18
256	18
257	18
258	18
259	19
260	19
261	19
262	19
263	19
264	19
265	19
266	19
267	19
268	19
269	19
270	19
271	19
272	19
273	20
274	20
275	20
276	20
277	20
278	20
279	20
280	20
281	20
282	20
283	20
284	20
285	20
286	20
287	21
288	21
289	21
290	21
291	21
292	21
293	21
294	21
295	21
296	21
297	21
298	21
299	21
300	21
301	22
302	22
303	22
304	22
305	22
306	22
307	22
308	22
309	22
310	22
311	22
312	22
313	22
314	23
315	23
316	23
317	23
318	23
319	23
320	23
321	23
322	23
323	23
324	23
325	23
326	23
327	23
328	24
329	24
330	24
331	24
332	24
333	24
334	24
335	24
336	24
337	24
338	24
339	24
340	24
341	25
342	25
343	25
344	25
345	25
346	25
347	25
348	25
349	25
350	25
351	25
352	25
353	25
354	25
355	26
356	26
357	26
358	26
359	26
360	26
361	26
362	26
363	26
364	26
365	26
366	26
367	26
368	27
369	27
370	27
371	27
372	27
373	27
374	27
375	27
376	27
377	27
378	27
379	27
380	27
381	28
382	28
383	28
384	28
385	28
386	28
387	28
388	28
389	28
390	28
391	28
392	28
393	28
394	28
395	29
396	29
397	29
398	29
399	29
400	29
401	29
402	29
403	29
404	29
405	29
406	30
407	30
408	30
409	30
410	30
411	30
412	30
413	30
414	30
415	30
416	30
417	30
418	31
419	31
420	31
421	31
422	31
423	31
424	31
425	31
426	31
427	31
428	31
429	31
430	31
431	32
432	32
433	32
434	32
435	32
436	32
437	32
438	32
439	32
440	32
441	32
442	32
443	32
444	33
445	33
446	33
447	33
448	33
449	33
450	33
451	33
452	33
453	33
454	33
455	33
456	33
457	34
458	34
459	34
460	34
461	34
462	34
463	34
464	34
465	34
466	34
467	34
468	34
469	34
470	35
471	35
472	35
473	35
474	35
475	35
476	35
477	35
478	35
479	35
480	35
481	35
482	35
483	35
484	36
485	36
486	36
487	36
488	36
489	36
490	36
491	36
492	36
493	36
494	36
495	36
496	36
497	37
498	37
499	37
500	37
501	37
502	37
503	37
504	37
505	37
506	37
507	37
508	37
509	37
510	38
511	38
512	38
513	38
514	38
515	38
516	38
517	38
518	38
519	38
520	38
521	38
522	38
523	39
524	39
525	39
526	39
527	39
528	39
529	39
530	39
531	39
532	39
533	39
534	39
535	39
536	39
537	40
538	40
539	40
540	40
541	40
542	40
543	40
544	40
545	40
546	40
547	40
548	40
549	40
550	41
551	41
552	41
553	41
554	41
555	41
556	41
557	41
558	41
559	41
