1	0.0146486186985
2	4.82273447392
3	6.33550892559
4	10.0170833378
5	11.6417264676
6	4.11886829765
7	4.54117482181
8	4.68397317153
9	3.81451752966
10	2.35174909252
11	1.20535167305
12	1.33088056012
13	1.17715049616
14	0.925327670302
15	0.552451778638
16	0.525563124121
17	0.317072628726
18	0.28741387096
19	0.24839259951
20	0.189202097675
21	0.115054888084
22	0.105262650674
23	0.0971807404944
24	0.0819484185443
25	0.0727326726209
26	0.06269998546
27	0.0444586311285
28	0.0414948703009
29	0.034127125332
30	0.0292596171098
31	0.0249241082061
32	0.0204504409779
33	0.0197164027298
34	0.0149411889265
35	0.0131741819083
36	0.0126601378781
37	0.010661682564
38	0.0108421080988
39	0.00762590302817
40	0.00488230252096
41	0.00528059933787
42	0.00515821198032
43	0.0062517268205
44	0.00445876912754
45	0.00486075033034
46	0.00407355276956
47	0.00276920214084
48	0.00312047913416
49	0.0022833672829
50	0.00120510727264
51	0.00226636333156
52	0.00104121377471
53	0.00115596985383
54	0.00108687792629
55	0.000885648122848
56	0.000683673965219
57	0.0013224224533
58	0.00135919446697
59	0.000633491728825
60	0.000580888058168
61	0.00118378094285
62	0.000522340096134
63	0.00101624323213
64	0.00045926751629
65	0.000461406458265
66	0.000421043771006
67	0.000375969493514
68	0.000333103679959
69	0.000342002764186
70	0.000327703235583
71	0.000348672004177
72	0.000321670062383
73	0.000302386732847
74	0.000289421837846
75	0.000278422562257
76	0.000293139956159
77	0.000276523576002
78	0.000268874264491
79	0.000259237207087
80	0.000242156470499
81	0.000278407947778
82	0.000274200373232
83	0.000279766283128
84	0.000280706594743
85	0.000265949648104
86	0.000261995993068
87	0.000265332825722
88	0.000249767822708
89	0.00023511529827
90	0.000220061496455
91	0.000222091432778
92	0.00021754854455
93	0.000214950993645
94	0.00021501005335
95	0.000216512636799
96	0.000217838116488
97	0.000218793532776
98	0.000218680239095
99	0.000219009970877
100	0.000216565958587
101	0.000211758193037
102	0.00021375459115
103	0.000213849704105
104	0.000239626551475
105	0.000247009725346
106	0.00024737001309
107	0.000239168476016
108	0.000227146778164
109	0.000214271584019
110	0.000203460721956
111	0.000197193759254
112	0.000191758029316
113	0.000178490448209
114	0.000180327791908
115	0.000183713346261
116	0.000184744911725
117	0.000182876795344
118	0.000182158438347
119	0.000189005633874
120	0.000210959627765
121	0.000191173846311
122	0.000193222032414
123	0.000205618843934
124	0.000175534692299
125	0.000168264827034
126	0.000162548496945
127	0.000158341084248
128	0.0001562022669
129	0.000157743333907
130	0.000163208883687
131	0.000167554096535
132	0.000172008118341
133	0.000156382855639
134	0.000165643422199
135	0.000151355226241
136	0.000148409332274
137	0.000137952588998
138	0.000129239421753
139	0.000124323491813
140	0.000123599704155
141	0.000126606347126
142	0.000134788234702
143	0.000146118570959
144	6.20659917696e-05
145	0.000137525232377
146	6.18460550404e-05
147	0.000135997589068
148	0.000123671989823
149	0.000102452857477
150	9.83504283472e-05
151	0.000101904810327
152	0.000110956565077
153	5.12189747807e-05
154	5.09229728682e-05
155	0.000110800608572
156	5.67310614966e-05
157	0.000104916234751
158	9.75303151883e-05
159	9.46616038108e-05
160	9.56772036349e-05
161	9.42626085709e-05
162	9.10557682335e-05
163	9.13218661119e-05
164	5.51951309163e-05
165	4.46960801217e-05
166	7.45364245247e-05
167	7.54754901676e-05
168	7.71034895526e-05
169	7.47660436652e-05
170	7.16515359985e-05
171	4.06870690862e-05
172	4.42619914405e-05
173	6.54541707362e-05
174	6.31129325443e-05
175	3.20485405687e-05
176	6.15474068733e-05
177	5.98289574815e-05
178	3.42612988258e-05
179	2.86853309663e-05
180	5.1657335282e-05
181	2.56763676801e-05
182	5.22226298256e-05
183	4.94810184982e-05
184	2.99609595649e-05
185	2.45664416583e-05
186	2.23328007775e-05
187	2.25979691798e-05
188	2.23591467611e-05
189	2.28174899727e-05
190	2.1685421344e-05
191	2.11030961737e-05
192	2.05026197387e-05
193	2.01516067062e-05
194	2.04549449515e-05
195	2.03999051304e-05
196	1.93927268194e-05
197	1.93888602503e-05
198	1.86984067672e-05
199	1.85447645716e-05
200	1.80091206659e-05
201	1.78932779213e-05
202	1.77083606816e-05
203	1.71357740301e-05
204	1.58197000931e-05
205	1.5493761711e-05
206	1.52890346244e-05
207	1.49486801698e-05
208	1.45405531837e-05
209	1.41583842209e-05
210	1.38647447839e-05
211	1.37217588309e-05
212	1.35452718472e-05
213	1.3411773461e-05
214	1.32810296858e-05
215	1.31444029398e-05
216	1.30068049619e-05
217	1.28767189398e-05
218	1.27503389305e-05
219	1.26208146336e-05
220	1.24955850567e-05
221	1.23708029366e-05
222	1.22470257942e-05
223	1.21629943406e-05
224	1.19227888525e-05
225	1.18733877245e-05
226	1.16812028789e-05
227	1.16363492498e-05
228	1.1491866865e-05
229	1.12977137972e-05
230	1.12886307381e-05
231	1.11452778977e-05
232	1.09939347913e-05
233	1.08786573722e-05
234	1.07701800963e-05
235	1.06672217023e-05
236	1.05658187832e-05
237	1.04540247927e-05
238	1.03557699634e-05
239	1.02541178514e-05
240	1.01570588627e-05
241	1.00623009561e-05
242	9.96943448091e-06
243	9.87810975872e-06
244	9.7898571264e-06
245	9.70091059094e-06
246	9.61355054432e-06
247	9.53836960651e-06
248	9.45797180858e-06
249	9.37723386744e-06
250	9.29768086068e-06
251	9.22029147341e-06
252	9.21851722211e-06
253	8.98359233308e-06
254	9.00330835537e-06
255	8.80201686677e-06
256	8.78561498484e-06
257	8.65465133372e-06
258	8.57913178482e-06
259	8.55177252174e-06
260	8.4946368008e-06
261	8.43096694919e-06
262	8.36178146619e-06
263	8.290569316e-06
264	8.21895049721e-06
265	8.1475412109e-06
266	8.07614328758e-06
267	8.00490646854e-06
268	3.51934536896e-06
269	7.08734646513e-06
270	7.52698672436e-06
271	3.44297631038e-06
272	7.0559601006e-06
273	7.46630005043e-06
274	3.41743493533e-06
275	6.88444827183e-06
276	3.19467181367e-06
277	6.73061247845e-06
278	3.16327500073e-06
279	6.66691175258e-06
280	3.13554240173e-06
281	6.5563491241e-06
282	3.07644294363e-06
283	6.43946163034e-06
284	3.03868029475e-06
285	6.33664982595e-06
286	2.95245161434e-06
287	6.23218662794e-06
288	2.91263421807e-06
289	6.1466634119e-06
290	2.87348768872e-06
291	6.06430093614e-06
292	2.85760231903e-06
293	5.98092633853e-06
294	2.80659683595e-06
295	5.91786471898e-06
296	2.79392617832e-06
297	5.82128604805e-06
298	2.74338557595e-06
299	5.72300756075e-06
300	2.97335886447e-06
301	5.654241245e-06
302	2.92105836826e-06
303	5.5559723588e-06
304	2.91114306849e-06
305	2.66883195538e-06
306	5.29757737942e-06
307	2.85211760956e-06
308	2.66502501945e-06
309	5.27661179581e-06
310	2.84508703562e-06
311	2.6401629575e-06
312	5.17731333301e-06
313	2.80281595082e-06
314	2.58941324739e-06
315	2.4812148038e-06
316	2.44891261182e-06
317	2.453753934e-06
318	2.47254696699e-06
319	2.47323814075e-06
320	2.46911562487e-06
321	2.45187875359e-06
322	2.43541831474e-06
323	2.41990291221e-06
324	2.40578354855e-06
325	2.39293036535e-06
326	2.38071987351e-06
327	2.36867175293e-06
328	2.35656385332e-06
329	2.39554820391e-06
330	2.37390529948e-06
331	2.355571236e-06
332	2.3397871602e-06
333	2.32372062918e-06
334	2.30959214307e-06
335	2.29741082806e-06
336	2.28515449242e-06
337	2.26982765119e-06
338	2.25414660481e-06
339	2.2389016387e-06
340	2.22415951046e-06
341	2.2097413478e-06
342	2.19551182189e-06
343	2.36924500957e-06
344	2.36505680151e-06
345	2.35203016555e-06
346	2.33576862708e-06
347	2.31952059267e-06
348	2.30492276805e-06
349	2.29107213397e-06
350	2.27803149557e-06
351	2.26514150494e-06
352	2.25004433341e-06
353	2.23496692887e-06
354	2.22087325565e-06
355	2.2079275536e-06
356	2.1957082404e-06
357	2.18376441775e-06
358	2.17227454693e-06
359	2.1602556182e-06
360	2.1483810148e-06
361	2.13569227989e-06
362	2.12212721927e-06
363	2.10920616075e-06
364	2.0971140652e-06
365	2.08575382021e-06
366	2.07569734187e-06
367	2.06441158113e-06
368	2.09262356151e-06
369	2.05501929793e-06
370	2.03801140842e-06
371	2.02623688415e-06
372	2.00545086711e-06
373	1.98879715318e-06
374	1.97341719055e-06
375	1.95975128808e-06
376	1.95033741998e-06
377	1.93650542383e-06
378	1.92174538331e-06
379	1.90710854151e-06
380	1.89513814714e-06
381	1.88435467837e-06
382	1.87382049825e-06
383	1.86314628331e-06
384	1.85244064911e-06
385	1.84204483247e-06
386	1.86563475547e-06
387	1.86677999245e-06
388	1.86276235446e-06
389	1.85661339929e-06
390	1.84956104301e-06
391	1.84267311174e-06
392	1.83630646523e-06
393	1.83023974062e-06
394	1.82419786869e-06
395	1.81807086915e-06
396	1.80722467401e-06
397	1.80397198051e-06
398	1.79867621797e-06
399	1.79278428052e-06
400	1.78668839863e-06
401	1.7797611016e-06
402	1.77192287098e-06
403	1.7651147405e-06
404	1.75981484262e-06
405	1.75549494431e-06
406	1.75084181303e-06
407	1.74511135527e-06
408	1.7385675791e-06
409	1.73131281519e-06
410	1.72381987228e-06
411	1.71676078263e-06
412	1.71025080301e-06
413	7.36546988404e-06
414	4.23079387858e-06
415	3.02044539478e-06
416	2.82497293149e-06
417	2.12536219444e-06
418	1.70291742062e-06
419	1.61258270781e-06
420	1.51468510159e-06
421	1.44945175749e-06
422	1.47867589065e-06
423	1.58925493754e-06
424	1.67723415157e-06
425	1.71008583672e-06
426	1.66663265941e-06
427	1.60532998782e-06
428	1.54979780796e-06
429	1.51699565204e-06
430	1.50162002425e-06
431	1.49844919832e-06
432	1.50148297228e-06
433	1.50701754939e-06
434	1.51185821285e-06
435	1.51239055017e-06
436	1.50525524207e-06
437	1.49795422801e-06
438	1.48866863385e-06
439	1.47741680007e-06
440	1.46930000956e-06
441	1.46241260673e-06
442	1.45694236959e-06
443	1.45252278948e-06
444	1.4485745307e-06
445	1.444570934e-06
446	1.44012398393e-06
447	1.43514251849e-06
448	1.25779946604e-06
449	1.41714730972e-06
450	1.24488804648e-06
451	1.23309171941e-06
452	1.22600878628e-06
453	1.21972624324e-06
454	1.21211288056e-06
455	1.20460161825e-06
456	1.20405851091e-06
457	1.19812731035e-06
458	1.19212413904e-06
459	1.18494200683e-06
460	1.17747954928e-06
461	1.1702821369e-06
462	1.16346391943e-06
463	1.15703621756e-06
464	1.1509615619e-06
465	1.14516223925e-06
466	1.13944628739e-06
467	1.13388242314e-06
468	1.12909956288e-06
469	1.12440663747e-06
470	1.11967013889e-06
471	1.11460741351e-06
472	1.1092363101e-06
473	1.10372252327e-06
474	1.09822393715e-06
475	1.09282436464e-06
476	1.08754356264e-06
477	1.08154025588e-06
478	1.07598691684e-06
479	1.07092208343e-06
480	1.06612214197e-06
481	1.06141996851e-06
482	1.05748023361e-06
483	1.05285018391e-06
484	1.0481760175e-06
485	1.04353072797e-06
486	1.03867512865e-06
487	1.03432515559e-06
488	1.03107020978e-06
489	1.02857354491e-06
490	1.02617364932e-06
491	1.02311052258e-06
492	1.02023798181e-06
493	1.01695677626e-06
494	1.01301381447e-06
495	1.00865615159e-06
496	1.00428599167e-06
497	1.00017233768e-06
498	9.96367462831e-07
499	9.9278726581e-07
500	9.89139756508e-07
501	9.84730198772e-07
502	9.80369444348e-07
503	9.76048506592e-07
504	9.71693521647e-07
505	9.67334244577e-07
506	9.62644232951e-07
507	9.57562509963e-07
508	9.52695849407e-07
509	9.48146885288e-07
510	9.43075301126e-07
511	9.38150193283e-07
512	9.33442774108e-07
513	9.2946665568e-07
514	9.26138093592e-07
515	9.23084901386e-07
516	9.20028782518e-07
517	9.17495637295e-07
518	9.13913826119e-07
519	9.1031718347e-07
520	9.06968395941e-07
521	9.03408211329e-07
522	8.99839584607e-07
523	8.96335265632e-07
524	8.92874460812e-07
525	8.89428856137e-07
526	8.85988073952e-07
527	8.82555210139e-07
528	8.72095309062e-07
529	8.81328853003e-07
530	8.726129229e-07
531	8.73828457089e-07
532	8.65827895313e-07
533	8.68256132422e-07
534	8.65743171829e-07
535	8.62774330053e-07
536	6.18528115456e-06
537	3.18640677721e-06
538	3.3709593534e-06
539	3.25659577442e-06
540	2.12945135542e-06
541	1.07329582172e-06
542	1.08537319546e-06
543	1.45294527476e-06
544	7.81321427728e-07
545	7.26973155046e-07
546	6.98595315455e-07
547	6.98099857494e-07
548	7.47688624575e-07
549	8.10623013336e-07
550	8.31002482529e-07
551	8.10914437537e-07
552	7.65932041125e-07
553	7.22052879927e-07
554	6.93075935759e-07
555	6.80415761146e-07
556	6.7746379596e-07
557	6.81179222128e-07
558	6.86972836989e-07
559	6.92252335967e-07
