1	-7.71368259325e-06
2	0.0147649184589
3	0.0240479924242
4	0.0397127461006
5	0.0465264164338
6	0.0338402226158
7	0.0209165005165
8	0.0145311060223
9	0.0148421983739
10	0.0318744879049
11	0.0353382623408
12	0.0372481495263
13	0.0376941760775
14	0.0377891878235
15	0.0398467487446
16	0.0382230761075
17	0.0377962362867
18	0.0375915130376
19	0.0374410386519
20	0.0371565058026
21	0.0365767842084
22	0.0367272521949
23	0.0367809869807
24	0.0368303923348
25	0.036876776799
26	0.0371848668585
27	0.0370462731301
28	0.0370143127843
29	0.0369819004737
30	0.0369767163748
31	0.0369478728598
32	0.0368475869555
33	0.0368932642163
34	0.0369183592034
35	0.0370311330886
36	0.0370277481939
37	0.0370571094468
38	0.0371018014199
39	0.0369894562373
40	0.0368935005131
41	0.0369755056575
42	0.0370218057416
43	0.0368990053253
44	0.0368235499017
45	0.0369033238913
46	0.0369775415675
47	0.0369639049952
48	0.0369418421314
49	0.0369351720926
50	0.0369400329139
51	0.0369435158126
52	0.0369543680963
53	0.0369626478948
54	0.0369704276912
55	0.0369816610849
56	0.0369908527988
57	0.0369824491393
58	0.0369777606068
59	0.0369848258771
60	0.0369945864248
61	0.0369847313218
62	0.0369925371442
63	0.0369838736611
64	0.0369898572019
65	0.0369973091145
66	0.0370042158314
67	0.037009264488
68	0.0370133523653
69	0.0370164640842
70	0.0370192812206
71	0.0370222309341
72	0.0370251056522
73	0.0370272084138
74	0.037029711203
75	0.0370320780387
76	0.0370347654193
77	0.0370374819424
78	0.037041234968
79	0.037044835429
80	0.0370483185624
81	0.0370496456
82	0.0370507492421
83	0.037052613213
84	0.0370562157205
85	0.0370594118172
86	0.0370606426962
87	0.0370602598057
88	0.0370593252563
89	0.0370579552328
90	0.0370566712006
91	0.0370545262014
92	0.0370524535477
93	0.0370503746149
94	0.0370482055413
95	0.0370459219575
96	0.0370434732291
97	0.0370408323106
98	0.0370380369308
99	0.0370351841602
100	0.0370322839835
101	0.0370293317515
102	0.0370263836206
103	0.0370233261873
104	0.0370200852285
105	0.0370166947182
106	0.0370132803097
107	0.0370099240977
108	0.0370066397554
109	0.0370034751217
110	0.0370004222163
111	0.0369975483795
112	0.0369958684714
113	0.036993641268
114	0.0369913015157
115	0.0369888845009
116	0.0369864330963
117	0.0369839939587
118	0.0369815417963
119	0.0369790351413
120	0.0369774113329
121	0.036975004821
122	0.0369726082835
123	0.0369712032624
124	0.0369690234371
125	0.0369668985436
126	0.0369648760028
127	0.0369629918212
128	0.0369612680668
129	0.0369597171094
130	0.0369583117968
131	0.036956968605
132	0.0369560577932
133	0.0369546250497
134	0.0369538403689
135	0.0369528224146
136	0.0369513309715
137	0.0369497192909
138	0.0369480663085
139	0.0369470834915
140	0.0369462680724
141	0.0369455801418
142	0.0369449901223
143	0.0369436903328
144	0.036944534912
145	0.0369432738827
146	0.0369442111642
147	0.0369430952776
148	0.0369426898704
149	0.0369423595345
150	0.036942148313
151	0.0369420546784
152	0.0369412808974
153	0.0369420569409
154	0.0369428566472
155	0.0369421326354
156	0.0369432569486
157	0.0369424635491
158	0.0369414804039
159	0.0369405163508
160	0.0369397189752
161	0.036939090052
162	0.0369384590114
163	0.0369378200601
164	0.0369384549824
165	0.0369392431808
166	0.0369384270514
167	0.0369375521522
168	0.0369367780915
169	0.0369360010307
170	0.0369352145941
171	0.0369359378561
172	0.0369366442859
173	0.0369360127593
174	0.0369351171844
175	0.0369359299564
176	0.0369353814727
177	0.0369348911883
178	0.0369356574231
179	0.0369363967399
180	0.0369356664824
181	0.036936392779
182	0.0369357886851
183	0.0369351571804
184	0.0369359200709
185	0.0369366391543
186	0.0369373253996
187	0.0369380310651
188	0.0369386614823
189	0.0369393748733
190	0.0369399784465
191	0.0369405931127
192	0.0369412084713
193	0.0369418590717
194	0.0369424868981
195	0.0369431402394
196	0.0369437894181
197	0.036944470864
198	0.0369451219695
199	0.0369457655177
200	0.0369463885416
201	0.0369470131834
202	0.036947615152
203	0.0369481885252
204	0.0369486541519
205	0.0369491010391
206	0.0369495462619
207	0.0369499845953
208	0.0369504168175
209	0.0369508448712
210	0.0369512693081
211	0.0369516866876
212	0.0369521087162
213	0.0369525310703
214	0.0369529533777
215	0.0369533756398
216	0.0369537973387
217	0.0369542188072
218	0.0369546391319
219	0.0369550586524
220	0.0369554773884
221	0.0369558953497
222	0.0369563124433
223	0.0369566910095
224	0.0369571026724
225	0.0369574790279
226	0.036957887365
227	0.0369582621566
228	0.0369586343721
229	0.036959038984
230	0.03695941088
231	0.0369597800771
232	0.0369601477992
233	0.0369605135409
234	0.0369608776277
235	0.0369612402572
236	0.0369616015609
237	0.0369619620922
238	0.036962320868
239	0.0369626779921
240	0.0369630332235
241	0.0369633864644
242	0.036963737655
243	0.036964086762
244	0.0369644338856
245	0.0369647788321
246	0.0369651215929
247	0.0369654626566
248	0.0369658015799
249	0.0369661382947
250	0.0369664727533
251	0.036966804961
252	0.036967138729
253	0.0369674628363
254	0.0369677881245
255	0.0369681057051
256	0.036968422556
257	0.0369687348708
258	0.0369690440498
259	0.036969351772
260	0.0369696554742
261	0.0369699564986
262	0.0369702563127
263	0.0369705553758
264	0.0369708533379
265	0.0369711495561
266	0.0369714434895
267	0.0369717348453
268	0.0369717651278
269	0.0369720321589
270	0.0369722967597
271	0.0369723251528
272	0.0369725918937
273	0.036972859594
274	0.0369728883225
275	0.0369731510868
276	0.0369731769189
277	0.0369734302012
278	0.0369734551534
279	0.0369737068159
280	0.0369737311933
281	0.0369739571796
282	0.0369739803935
283	0.0369742221829
284	0.0369742444317
285	0.0369744599968
286	0.0369744799753
287	0.0369747096005
288	0.036974728308
289	0.0369749330178
290	0.0369749514614
291	0.0369751743333
292	0.0369751927221
293	0.0369753931829
294	0.0369754106264
295	0.0369756271333
296	0.036975644033
297	0.0369758360915
298	0.0369758518987
299	0.0369760566191
300	0.036976080785
301	0.0369762643274
302	0.0369762876898
303	0.0369764815746
304	0.0369765036968
305	0.0369765191379
306	0.036976696166
307	0.0369767169023
308	0.0369767348007
309	0.0369769098572
310	0.0369769298602
311	0.0369769471474
312	0.036977115859
313	0.0369771348975
314	0.0369771487507
315	0.0369771621788
316	0.0369771754983
317	0.0369771887418
318	0.0369772019917
319	0.0369772150682
320	0.0369772280721
321	0.0369772409199
322	0.0369772536721
323	0.036977266293
324	0.0369772788313
325	0.0369772912863
326	0.0369773036603
327	0.0369773159582
328	0.0369773281865
329	0.0369773401948
330	0.0369773520766
331	0.0369773639104
332	0.0369773757178
333	0.0369773874651
334	0.0369773991351
335	0.0369774107358
336	0.0369774222822
337	0.0369774337848
338	0.0369774452489
339	0.0369774566828
340	0.0369774680946
341	0.0369774794903
342	0.0369774908737
343	0.0369775071589
344	0.0369775234028
345	0.0369775395639
346	0.0369775556371
347	0.0369775716229
348	0.0369775875104
349	0.0369776033378
350	0.0369776191124
351	0.0369776348204
352	0.0369776504561
353	0.036977666007
354	0.0369776814707
355	0.0369776968511
356	0.0369777121523
357	0.0369777273767
358	0.0369777425382
359	0.0369777576244
360	0.0369777726375
361	0.0369777875853
362	0.0369778024788
363	0.0369778173094
364	0.0369778320654
365	0.0369778467415
366	0.0369778613202
367	0.0369778758241
368	0.0369778905727
369	0.0369779050394
370	0.0369779193962
371	0.036977933536
372	0.0369779475868
373	0.0369779616637
374	0.0369779758608
375	0.0369779902152
376	0.0369780042538
377	0.0369780181852
378	0.0369780320063
379	0.0369780457313
380	0.0369780593815
381	0.0369780729659
382	0.0369780864865
383	0.0369780999423
384	0.0369781133326
385	0.0369781266585
386	0.0369781400191
387	0.0369781533468
388	0.0369781666629
389	0.036978179971
390	0.0369781932688
391	0.0369782065589
392	0.0369782198395
393	0.0369782331043
394	0.0369782463444
395	0.0369782595498
396	0.0369782735798
397	0.0369782873483
398	0.0369783009739
399	0.0369783145063
400	0.0369783279609
401	0.0369783413532
402	0.0369783547042
403	0.0369783680107
404	0.0369783812608
405	0.0369783944386
406	0.0369784075284
407	0.036978420524
408	0.0369784334263
409	0.0369784462548
410	0.0369784590241
411	0.0369784717233
412	0.0369784843403
413	0.0369784923657
414	0.0369785186651
415	0.0369785483665
416	0.036978569228
417	0.0369785795147
418	0.0369785903022
419	0.0369786023518
420	0.0369786139235
421	0.0369786250782
422	0.0369786368651
423	0.0369786481549
424	0.0369786594928
425	0.0369786707882
426	0.0369786821823
427	0.036978693628
428	0.0369787050627
429	0.0369787164017
430	0.0369787275301
431	0.0369787384079
432	0.0369787490773
433	0.0369787596222
434	0.0369787701368
435	0.0369787806773
436	0.0369787913317
437	0.0369788019712
438	0.0369788125519
439	0.0369788230947
440	0.036978833498
441	0.0369788437859
442	0.0369788539809
443	0.0369788640899
444	0.0369788741199
445	0.0369788840766
446	0.0369788939635
447	0.036978903781
448	0.036978911662
449	0.0369789217948
450	0.0369789295408
451	0.0369789371952
452	0.03697894478
453	0.036978952372
454	0.036978960071
455	0.0369789678862
456	0.0369789754292
457	0.0369789829297
458	0.0369789903859
459	0.0369789978029
460	0.0369790051855
461	0.0369790125346
462	0.0369790198476
463	0.0369790271213
464	0.036979034353
465	0.036979041541
466	0.0369790486822
467	0.036979055773
468	0.0369790628136
469	0.0369790698098
470	0.0369790767651
471	0.0369790836805
472	0.0369790905558
473	0.0369790973906
474	0.0369791041848
475	0.0369791109387
476	0.0369791176529
477	0.0369791243189
478	0.0369791309368
479	0.0369791375106
480	0.0369791440447
481	0.0369791505421
482	0.0369791570055
483	0.0369791634352
484	0.036979169831
485	0.0369791761931
486	0.0369791825199
487	0.0369791888144
488	0.0369791950779
489	0.0369792013092
490	0.036979207506
491	0.03697921366
492	0.0369792197749
493	0.0369792258552
494	0.0369792319037
495	0.0369792379219
496	0.0369792439105
497	0.0369792498701
498	0.0369792558014
499	0.0369792617051
500	0.0369792675822
501	0.036979273437
502	0.0369792792705
503	0.0369792850807
504	0.0369792908653
505	0.0369792966224
506	0.0369793023461
507	0.0369793080322
508	0.0369793136808
509	0.0369793192939
510	0.0369793248703
511	0.036979330412
512	0.0369793359181
513	0.0369793413878
514	0.0369793468243
515	0.0369793522307
516	0.0369793576088
517	0.0369793629636
518	0.0369793682884
519	0.0369793735845
520	0.0369793788571
521	0.0369793841025
522	0.0369793893209
523	0.0369793945127
524	0.0369793996782
525	0.0369794048177
526	0.0369794099313
527	0.0369794150193
528	0.0369794206615
529	0.036979425722
530	0.0369794307299
531	0.0369794357319
532	0.0369794406868
533	0.036979445633
534	0.0369794505487
535	0.0369794554361
536	0.0369794342459
537	0.0369794495954
538	0.0369794556608
539	0.0369794736514
540	0.036979490487
541	0.0369794939451
542	0.0369794992671
543	0.0369795136372
544	0.0369795185439
545	0.0369795231834
546	0.036979527274
547	0.0369795312894
548	0.0369795355882
549	0.0369795402005
550	0.0369795450274
551	0.0369795499802
552	0.0369795549035
553	0.0369795597399
554	0.0369795644467
555	0.0369795689517
556	0.0369795732729
557	0.0369795774376
558	0.0369795815072
559	0.036979585549
