1	0.15
2	0.24
3	0.3
4	0.37
5	0.45
6	0.52
7	0.6
8	0.69
9	0.77
10	0.86
11	0.92
12	1
13	1.09
14	1.16
15	1.24
16	1.33
17	1.4
18	1.48
19	1.54
20	1.62
21	1.71
22	1.77
23	1.85
24	1.92
25	2
26	2.08
27	2.15
28	2.23
29	2.32
30	2.39
31	2.46
32	2.53
33	2.6
34	2.69
35	2.76
36	2.83
37	2.9
38	2.99
39	3.06
40	3.13
41	3.19
42	3.26
43	3.34
44	3.41
45	3.49
46	3.55
47	3.63
48	3.69
49	3.75
50	3.82
51	3.9
52	3.97
53	4.04
54	4.13
55	4.19
56	4.26
57	4.35
58	4.42
59	4.49
60	4.57
61	4.64
62	4.7
63	4.77
64	4.86
65	4.92
66	4.99
67	5.06
68	5.13
69	5.2
70	5.27
71	5.34
72	5.41
73	5.49
74	5.56
75	5.65
76	5.72
77	5.79
78	5.85
79	5.92
80	6.01
81	6.08
82	6.14
83	6.21
84	6.28
85	6.35
86	6.42
87	6.49
88	6.56
89	6.64
90	6.71
91	6.8
92	6.87
93	6.93
94	7
95	7.09
96	7.14
97	7.21
98	7.28
99	7.37
100	7.43
101	7.53
102	7.6
103	7.67
104	7.74
105	7.81
106	7.9
107	7.97
108	8.04
109	8.1
110	8.17
111	8.24
112	8.32
113	8.4
114	8.47
115	8.54
116	8.61
117	8.68
118	8.75
119	8.82
120	8.89
121	8.97
122	9.04
123	9.11
124	9.17
125	9.24
126	9.31
127	9.38
128	9.47
129	9.54
130	9.61
131	9.68
132	9.73
133	9.8
134	9.87
135	9.94
136	10.01
137	10.08
138	10.15
139	10.22
140	10.3
141	10.37
142	10.45
143	10.54
144	10.6
145	10.67
146	10.75
147	10.82
148	10.89
149	10.96
150	11.03
151	11.1
152	11.19
153	11.26
154	11.33
155	11.4
156	11.47
157	11.52
158	11.59
159	11.66
160	11.73
161	11.8
162	11.87
163	11.95
164	12.01
165	12.09
166	12.15
167	12.22
168	12.29
169	12.36
170	12.43
171	12.5
172	12.57
173	12.65
174	12.72
175	12.81
176	12.88
177	12.95
178	13.01
179	13.1
180	13.17
181	13.24
182	13.31
183	13.37
184	13.46
185	13.53
186	13.6
187	13.66
188	13.75
189	13.81
190	13.9
191	13.96
192	14.03
193	14.1
194	14.17
195	14.25
196	14.34
197	14.41
198	14.49
199	14.55
200	14.62
201	14.73
202	14.8
203	14.89
204	14.95
205	15.03
206	15.1
207	15.17
208	15.24
209	15.32
210	15.39
211	15.48
212	15.54
213	15.61
214	15.68
215	15.75
216	15.82
217	15.89
218	15.96
219	16.03
220	16.1
221	16.17
222	16.26
223	16.33
224	16.39
225	16.46
226	16.54
227	16.61
228	16.68
229	16.75
230	16.83
231	16.9
232	16.98
233	17.05
234	17.12
235	17.21
236	17.28
237	17.35
238	17.43
239	17.49
240	17.56
241	17.63
242	17.71
243	17.78
244	17.87
245	17.93
246	18
247	18.09
248	18.17
249	18.25
250	18.34
251	18.41
252	18.48
253	18.55
254	18.62
255	18.69
256	18.76
257	18.84
258	18.91
259	18.99
260	19.06
261	19.13
262	19.21
263	19.28
264	19.35
265	19.42
266	19.5
267	19.57
268	19.65
269	19.74
270	19.81
271	19.88
272	19.96
273	20.03
274	20.09
275	20.16
276	20.23
277	20.3
278	20.37
279	20.43
280	20.5
281	20.57
282	20.65
283	20.72
284	20.79
285	20.86
286	20.95
287	21.02
288	21.08
289	21.17
290	21.23
291	21.3
292	21.38
293	21.45
294	21.53
295	21.6
296	21.67
297	21.74
298	21.82
299	21.89
300	21.96
301	22.08
302	22.16
303	22.22
304	22.29
305	22.36
306	22.45
307	22.52
308	22.59
309	22.67
310	22.74
311	22.81
312	22.86
313	22.93
314	23
315	23.07
316	23.14
317	23.22
318	23.31
319	23.38
320	23.45
321	23.52
322	23.6
323	23.67
324	23.75
325	23.82
326	23.91
327	23.98
328	24.05
329	24.13
330	24.2
331	24.28
332	24.34
333	24.42
334	24.5
335	24.57
336	24.64
337	24.71
338	24.78
339	24.86
340	24.93
341	25
342	25.08
343	25.14
344	25.22
345	25.29
346	25.37
347	25.44
348	25.52
349	25.59
350	25.67
351	25.74
352	25.82
353	25.89
354	25.97
355	26.05
356	26.12
357	26.21
358	26.27
359	26.34
360	26.43
361	26.5
362	26.56
363	26.62
364	26.7
365	26.79
366	26.85
367	26.94
368	27.01
369	27.09
370	27.16
371	27.22
372	27.3
373	27.37
374	27.44
375	27.52
376	27.59
377	27.67
378	27.77
379	27.84
380	27.92
381	28.01
382	28.09
383	28.16
384	28.25
385	28.32
386	28.39
387	28.46
388	28.53
389	28.6
390	28.67
391	28.76
392	28.82
393	28.9
394	28.97
395	29.04
396	29.12
397	29.19
398	29.27
399	29.35
400	29.44
401	29.56
402	29.65
403	29.74
404	29.82
405	29.92
406	30
407	30.07
408	30.17
409	30.24
410	30.32
411	30.42
412	30.5
413	30.57
414	30.66
415	30.74
416	30.83
417	30.91
418	31
419	31.08
420	31.17
421	31.27
422	31.35
423	31.42
424	31.5
425	31.58
426	31.67
427	31.73
428	31.81
429	31.89
430	31.96
431	32.05
432	32.11
433	32.19
434	32.26
435	32.34
436	32.42
437	32.5
438	32.58
439	32.65
440	32.73
441	32.82
442	32.89
443	32.96
444	33.03
445	33.11
446	33.2
447	33.26
448	33.33
449	33.41
450	33.48
451	33.56
452	33.63
453	33.71
454	33.78
455	33.85
456	33.93
457	34
458	34.08
459	34.15
460	34.23
461	34.3
462	34.38
463	34.47
464	34.54
465	34.61
466	34.68
467	34.76
468	34.84
469	34.91
470	34.99
471	35.08
472	35.16
473	35.24
474	35.31
475	35.4
476	35.46
477	35.53
478	35.6
479	35.69
480	35.76
481	35.84
482	35.9
483	35.97
484	36.04
485	36.13
486	36.2
487	36.26
488	36.33
489	36.42
490	36.49
491	36.55
492	36.62
493	36.7
494	36.77
495	36.84
496	36.93
497	36.99
498	37.07
499	37.14
500	37.22
501	37.33
502	37.41
503	37.5
504	37.57
505	37.65
506	37.72
507	37.8
508	37.87
509	37.95
510	38.03
511	38.11
512	38.18
513	38.27
514	38.34
515	38.42
516	38.49
517	38.57
518	38.63
519	38.7
520	38.79
521	38.85
522	38.92
523	38.99
524	39.06
525	39.14
526	39.21
527	39.29
528	39.38
529	39.45
530	39.53
531	39.6
532	39.67
533	39.74
534	39.81
535	39.88
536	39.95
537	40.03
538	40.1
539	40.19
540	40.26
541	40.33
542	40.4
543	40.47
544	40.54
545	40.62
546	40.71
547	40.78
548	40.85
549	40.92
550	40.99
551	41.06
552	41.13
553	41.2
554	41.28
555	41.37
556	41.45
557	41.52
558	41.59
559	41.69
