1	0.999999999986
2	0.00752140479595
3	0.0285544968039
4	0.204973011673
5	0.175361529361
6	0.0754823554619
7	0.106118916979
8	0.243184318507
9	0.242247991197
10	0.155855157643
11	0.147085967186
12	0.178050030016
13	0.230420299428
14	0.242517437757
15	0.206000342341
16	0.174874995167
17	0.145829874232
18	0.149147793205
19	0.170111490593
20	0.158775778874
21	0.132883726392
22	0.114840377338
23	0.102492014058
24	0.10398457256
25	0.112183344566
26	0.111916378317
27	0.103455002019
28	0.0946150161678
29	0.0860871882379
30	0.0802531815988
31	0.0745599963111
32	0.0681583017534
33	0.0626773708192
34	0.0582178060633
35	0.0561223196127
36	0.0543905767844
37	0.0523737654398
38	0.0490688757087
39	0.0454357503734
40	0.0424225519646
41	0.0399557619022
42	0.0373688738803
43	0.0347602468797
44	0.0321853703844
45	0.0300046346577
46	0.0280127113962
47	0.0264737796125
48	0.0248665934142
49	0.0232871030196
50	0.0217157786786
51	0.0203956535933
52	0.0191057506134
53	0.0178903401691
54	0.0167501673835
55	0.0158048239597
56	0.0148364809052
57	0.0139051831488
58	0.0130739157253
59	0.0124235536061
60	0.0117147455207
61	0.0110820181146
62	0.0105727865654
63	0.0100252436088
64	0.00952180921402
65	0.00911045800877
66	0.0087078023372
67	0.0083282474228
68	0.00796932207012
69	0.00769919040836
70	0.00742567363076
71	0.00720461473534
72	0.0069761328295
73	0.00677125324757
74	0.00659096462085
75	0.00640929236686
76	0.00626609901895
77	0.00612538183256
78	0.00602260583637
79	0.0059303267196
80	0.00582264846423
81	0.0057831074116
82	0.00570112856436
83	0.00561750623041
84	0.00551289086267
85	0.00539929844221
86	0.00528543147389
87	0.00517537440713
88	0.00507027885527
89	0.00497917123342
90	0.00489984811174
91	0.00482019887148
92	0.00474910219975
93	0.00468677675188
94	0.00462898445143
95	0.00457203900698
96	0.00451368055121
97	0.00446086534553
98	0.00441871533175
99	0.00439557607382
100	0.0043663703191
101	0.00432693672134
102	0.00429620155841
103	0.00427595057982
104	0.00422942569063
105	0.00416148544028
106	0.00409458200237
107	0.00401892521631
108	0.00393871391283
109	0.00386512053267
110	0.00380035370088
111	0.00374503568986
112	0.00369484805556
113	0.00364871618119
114	0.00360710776396
115	0.00357332558556
116	0.00355629547506
117	0.00354794754877
118	0.00352073450861
119	0.00348243200912
120	0.00343854646305
121	0.00339655151044
122	0.00334800155585
123	0.00329600275198
124	0.00324540549294
125	0.00319682437808
126	0.00314730223121
127	0.00310172540013
128	0.00305599378395
129	0.00300995999846
130	0.00297228324567
131	0.00293556416388
132	0.00289997171714
133	0.00286786082345
134	0.00283928190871
135	0.00280796043368
136	0.00277078987588
137	0.00272486809274
138	0.00268201167302
139	0.0026440475755
140	0.00260389485077
141	0.00256052539478
142	0.00252178878439
143	0.00248768234585
144	0.00245854299805
145	0.00242486282568
146	0.00238368975518
147	0.00234359173639
148	0.00229587626
149	0.00225305237065
150	0.00221412880068
151	0.00217596680427
152	0.00214354858107
153	0.00211291704941
154	0.00207767686917
155	0.00204332846278
156	0.00200336883232
157	0.00195714769659
158	0.00191219249562
159	0.00186351320849
160	0.00181750409262
161	0.00177772201468
162	0.00174105009231
163	0.00170299525456
164	0.00166425502869
165	0.00161556784776
166	0.0015711552983
167	0.00153020440288
168	0.00149249891074
169	0.00146308135626
170	0.00143186251225
171	0.00139883994309
172	0.00135948589916
173	0.00132111001029
174	0.00128915869401
175	0.0012544770115
176	0.00122673377316
177	0.00119810080182
178	0.00116718307566
179	0.00112767010452
180	0.00109246404479
181	0.00106010646294
182	0.0010340608696
183	0.00100738420686
184	0.000979944848911
185	0.000943269667322
186	0.000912780767138
187	0.000887857241926
188	0.000860546964884
189	0.000830948811836
190	0.000800478806006
191	0.0007726834021
192	0.00075017136356
193	0.000721204724015
194	0.000694094819497
195	0.000668978857883
196	0.000645521452557
197	0.000618139453654
198	0.000594645166899
199	0.000572405384821
200	0.000548464743342
201	0.000528051594109
202	0.000507444336061
203	0.000489485044155
204	0.000472486573885
205	0.000457794273263
206	0.00044575428756
207	0.000434955243679
208	0.000424860520292
209	0.000415632554782
210	0.000407383432086
211	0.000399716111313
212	0.00039246044441
213	0.000385595777479
214	0.000379065913386
215	0.000372795048105
216	0.000366763741225
217	0.000360987573702
218	0.000355365808656
219	0.000349905262567
220	0.000344645155412
221	0.000339536697385
222	0.000334569171248
223	0.000329736663337
224	0.000325013785288
225	0.00032048670362
226	0.000315978930324
227	0.000311664922455
228	0.000307403417579
229	0.000303287396564
230	0.000299359693406
231	0.000295383896897
232	0.000291554890809
233	0.000287850697235
234	0.000284225689931
235	0.000280674269395
236	0.000277193100594
237	0.000273775989862
238	0.000270424464037
239	0.000267169618451
240	0.000263996888869
241	0.000260877558078
242	0.000257812724432
243	0.000254831671982
244	0.000251921064414
245	0.000249039642253
246	0.000246207450114
247	0.000243467431334
248	0.000240780904059
249	0.000238112911381
250	0.000235486058943
251	0.000232931383026
252	0.000230421951249
253	0.000227964145284
254	0.000225515543922
255	0.000223163069546
256	0.000220833858634
257	0.00021853851802
258	0.00021626736328
259	0.000214100130148
260	0.000212063763515
261	0.00021003887199
262	0.000208011128921
263	0.000206006950189
264	0.000204031310721
265	0.000202064587773
266	0.00020011644326
267	0.000198216528017
268	0.000196380134394
269	0.000193260410897
270	0.00019275630353
271	0.000191394630653
272	0.000188297781024
273	0.000187720048369
274	0.000186384389801
275	0.000183435193018
276	0.000182944927498
277	0.000180447815924
278	0.000179975760817
279	0.000177422911823
280	0.000176917467898
281	0.000174381875768
282	0.000173847120311
283	0.000171463946901
284	0.000171049764517
285	0.000168637451676
286	0.000168146780386
287	0.000166015455319
288	0.000165836327218
289	0.000163707472432
290	0.000163374442916
291	0.000161282402186
292	0.000161024940009
293	0.000158888655289
294	0.0001585209252
295	0.000156477660729
296	0.00015622457864
297	0.000154166488943
298	0.000153795107805
299	0.00015181321079
300	0.000151562618293
301	0.000149597549261
302	0.000149262263815
303	0.00014739371083
304	0.000147208098219
305	0.000145429138155
306	0.000144305754451
307	0.000144411710335
308	0.000142677619372
309	0.000141459855146
310	0.000141486255838
311	0.000139737668046
312	0.000138532035263
313	0.000138560618839
314	0.000136867174676
315	0.000135668638977
316	0.000134752715963
317	0.000133914631408
318	0.000133039441677
319	0.000132105997124
320	0.000131183022479
321	0.000130270641882
322	0.000129357344987
323	0.000128452646756
324	0.000127575384371
325	0.000126700730321
326	0.000125829520476
327	0.00012496020202
328	0.000124112321263
329	0.000123275172247
330	0.000122454520676
331	0.000121619355553
332	0.000120793139079
333	0.00011997401597
334	0.00011915826315
335	0.000118359754208
336	0.000117568842255
337	0.00011675237583
338	0.000116001671074
339	0.0001152592801
340	0.000114527407068
341	0.000113811545887
342	0.000113109915356
343	0.000112411884656
344	0.000111779070025
345	0.000111164991557
346	0.000110528169136
347	0.00010989313729
348	0.000109261755897
349	0.000108600003895
350	0.0001079394997
351	0.000107271700716
352	0.000106578056744
353	0.0001059115338
354	0.000105305541065
355	0.000104723454536
356	0.000104128316579
357	0.000103523569984
358	0.000102911681766
359	0.000102290813414
360	0.000101668599637
361	0.000101025778337
362	0.000100351182337
363	9.97187309181e-05
364	9.91242708119e-05
365	9.85231064675e-05
366	9.7917146653e-05
367	9.72975319845e-05
368	9.66890546329e-05
369	9.60888027602e-05
370	9.54992167118e-05
371	9.49359231157e-05
372	9.43848928355e-05
373	9.37733674824e-05
374	9.31440416328e-05
375	9.25569745313e-05
376	9.19852103894e-05
377	9.14208454405e-05
378	9.08584452202e-05
379	9.03392366829e-05
380	8.9826969976e-05
381	8.93141642507e-05
382	8.87990970142e-05
383	8.82822524462e-05
384	8.77680291421e-05
385	8.72566971987e-05
386	8.6747474099e-05
387	8.6138255581e-05
388	8.55285811866e-05
389	8.50425013583e-05
390	8.46163032691e-05
391	8.42039918012e-05
392	8.37856906415e-05
393	8.33581169272e-05
394	8.29337722161e-05
395	8.24963954626e-05
396	8.20516729202e-05
397	8.15998276195e-05
398	8.11454653728e-05
399	8.06923636434e-05
400	8.02376142063e-05
401	7.97947195248e-05
402	7.93809433161e-05
403	7.89731494033e-05
404	7.85329307104e-05
405	7.80485404991e-05
406	7.75793781268e-05
407	7.71160784494e-05
408	7.66504281572e-05
409	7.61841246846e-05
410	7.57723375525e-05
411	7.53596082822e-05
412	7.49417294839e-05
413	0.000224174967318
414	0.000185535514099
415	0.000122850654753
416	0.000100622346772
417	9.36902157605e-05
418	8.81179621981e-05
419	8.16964792182e-05
420	7.58024870797e-05
421	7.1806562505e-05
422	7.00253389141e-05
423	6.98272207835e-05
424	6.98480024682e-05
425	6.93788038479e-05
426	6.85621219489e-05
427	6.76657502436e-05
428	6.69251960561e-05
429	6.63723108888e-05
430	6.59319294749e-05
431	6.55315886685e-05
432	6.51718095549e-05
433	6.48307823075e-05
434	6.44915286744e-05
435	6.41398842055e-05
436	6.37835012357e-05
437	6.34225425208e-05
438	6.30615621107e-05
439	6.27068800042e-05
440	6.23600190505e-05
441	6.20392219093e-05
442	6.17290175854e-05
443	6.14150658908e-05
444	6.10945094583e-05
445	6.07710555063e-05
446	6.04477448036e-05
447	6.01241662391e-05
448	5.98004775916e-05
449	5.94873208275e-05
450	5.91992744415e-05
451	5.89185340522e-05
452	5.86429587851e-05
453	5.8368900688e-05
454	5.80911789448e-05
455	5.78039769881e-05
456	5.75058613317e-05
457	5.72009876002e-05
458	5.6889631944e-05
459	5.65235153562e-05
460	5.61474374899e-05
461	5.57841696495e-05
462	5.54366507113e-05
463	5.50980089662e-05
464	5.47628626975e-05
465	5.44320699482e-05
466	5.41122213592e-05
467	5.3812393272e-05
468	5.35268305529e-05
469	5.32461708059e-05
470	5.29631700626e-05
471	5.26833979716e-05
472	5.2405974953e-05
473	5.21287616984e-05
474	5.18518926273e-05
475	5.1575270404e-05
476	5.12973316692e-05
477	5.10157220214e-05
478	5.07629800804e-05
479	5.05020024323e-05
480	5.02342580191e-05
481	4.99623282548e-05
482	4.9688112877e-05
483	4.94130740999e-05
484	4.91377873609e-05
485	4.88632606335e-05
486	4.85931243859e-05
487	4.83474547913e-05
488	4.81012125595e-05
489	4.78522062262e-05
490	4.75973294891e-05
491	4.73412187823e-05
492	4.70849423302e-05
493	4.68290919357e-05
494	4.65747080156e-05
495	4.63209059772e-05
496	4.60681630147e-05
497	4.58186895264e-05
498	4.55695160026e-05
499	4.53206663344e-05
500	4.50738123704e-05
501	4.48390614819e-05
502	4.46045251135e-05
503	4.43672045993e-05
504	4.41272938161e-05
505	4.38854266454e-05
506	4.36298661652e-05
507	4.33533292429e-05
508	4.30836560516e-05
509	4.28171833205e-05
510	4.25575844886e-05
511	4.22986655717e-05
512	4.20388011995e-05
513	4.18012791422e-05
514	4.15715355932e-05
515	4.13471381484e-05
516	4.11230349541e-05
517	4.09007252082e-05
518	4.06817142429e-05
519	4.04655827456e-05
520	4.02498675679e-05
521	4.00348663971e-05
522	3.98205990961e-05
523	3.96068779085e-05
524	3.93937499076e-05
525	3.91811561776e-05
526	3.8969176716e-05
527	3.87582469768e-05
528	3.85495538504e-05
529	3.83431095922e-05
530	3.81400913347e-05
531	3.79365495301e-05
532	3.77366164486e-05
533	3.75494353686e-05
534	3.7367471239e-05
535	3.71829085657e-05
536	0.000211934686453
537	0.000112814525304
538	0.000132000404698
539	0.000114689667866
540	7.51013108593e-05
541	5.27745593589e-05
542	4.80818757496e-05
543	4.69120380941e-05
544	4.37689694198e-05
545	3.91510909617e-05
546	3.56724291174e-05
547	3.38206563708e-05
548	3.34733020934e-05
549	3.35993868623e-05
550	3.34608378492e-05
551	3.3092063941e-05
552	3.2653432618e-05
553	3.22609161867e-05
554	3.1951829335e-05
555	3.17047816752e-05
556	3.14995320139e-05
557	3.13231655825e-05
558	3.11677284393e-05
559	3.10219500263e-05
