1	0.0448272270727
2	0.000274220628235
3	0.00118600809949
4	0.00667150370451
5	0.00831466213698
6	0.00274518959668
7	0.00477514510588
8	0.0116011739281
9	0.0120917939789
10	0.00701406069548
11	0.00449415000511
12	0.00772888884516
13	0.0110174230283
14	0.0113713024933
15	0.00765661244639
16	0.0085867413114
17	0.00615578178989
18	0.00716746719399
19	0.00838978718974
20	0.00713542624666
21	0.00460243552806
22	0.00467965524716
23	0.0049402325593
24	0.00498232119759
25	0.0054102180813
26	0.00554648980491
27	0.00444168644414
28	0.00460761639478
29	0.00405478650515
30	0.0036702116085
31	0.00327917805523
32	0.00287225285456
33	0.00298538274943
34	0.00243223537052
35	0.00232816100612
36	0.00243077618169
37	0.00221605318057
38	0.00240481301396
39	0.00178384167694
40	0.00120020367752
41	0.00135878070354
42	0.00137792601807
43	0.00173770996865
44	0.0012879677546
45	0.00146054742221
46	0.0012704178514
47	0.000895093701107
48	0.00104611880777
49	0.000791241641386
50	0.00043014285292
51	0.000831088849663
52	0.000391318080103
53	0.000444798242465
54	0.000427692878847
55	0.000355925317169
56	0.000280561312761
57	0.000553459610645
58	0.000579472728937
59	0.000274916537946
60	0.000256561001673
61	0.000531647847146
62	0.000238292326726
63	0.000470695331884
64	0.000215766176681
65	0.000219893110495
66	0.000203447748244
67	0.000184074892937
68	0.000165139998588
69	0.000171647665445
70	0.000166451934572
71	0.000179217745039
72	0.000167264459426
73	0.0001590268686
74	0.000153900123067
75	0.000149638814139
76	0.000159211907501
77	0.000151741432673
78	0.000149044350548
79	0.000145097659987
80	0.000136835774452
81	0.000158804067453
82	0.000157903708234
83	0.000162594123658
84	0.000164608512157
85	0.000157308839088
86	0.000156316911624
87	0.000159698014933
88	0.000151597307388
89	0.000143882211812
90	0.000135768155875
91	0.000138130943762
92	0.000136371911474
93	0.000135798228688
94	0.000136886592455
95	0.000138902362077
96	0.000140816755987
97	0.000142503587759
98	0.000143501826351
99	0.000144789143731
100	0.00014422569361
101	0.00014204841762
102	0.000144417026388
103	0.000145508204558
104	0.000164191657043
105	0.000170410370375
106	0.000171817433863
107	0.000167235065259
108	0.000159878857285
109	0.00015179792877
110	0.000145063584821
111	0.000141482700781
112	0.000138438073163
113	0.000129639600245
114	0.000131782603487
115	0.000135053137139
116	0.000136601270006
117	0.000135993416251
118	0.000136225208037
119	0.000142138978984
120	0.000159527959814
121	0.000145329729748
122	0.000147691935295
123	0.000158013515151
124	0.000135585988841
125	0.000130663853242
126	0.000126886473826
127	0.000124236529312
128	0.000123173769257
129	0.000125001219021
130	0.000129958163126
131	0.000134053064398
132	0.000138261892838
133	0.000126271187747
134	0.000134370113204
135	0.000123327105851
136	0.000121494450533
137	0.000113455567643
138	0.000106779949734
139	0.000103192719025
140	0.000103066597666
141	0.000106061712973
142	0.00011343066296
143	0.000123515494368
144	5.2697155444e-05
145	0.000117271266325
146	5.29612569254e-05
147	0.000116953572699
148	0.000106808972831
149	8.88638982433e-05
150	8.56882709896e-05
151	8.91853048531e-05
152	9.75378340968e-05
153	4.52249280307e-05
154	4.51509529039e-05
155	9.86359876647e-05
156	5.07019688667e-05
157	9.4139211209e-05
158	8.78720007096e-05
159	8.56488633814e-05
160	8.69372595452e-05
161	8.60119793176e-05
162	8.34258900102e-05
163	8.40015491884e-05
164	5.09646314111e-05
165	4.14257048536e-05
166	6.93490144976e-05
167	7.05010842312e-05
168	7.23110745532e-05
169	7.03975057046e-05
170	6.7727896734e-05
171	3.8603918416e-05
172	4.21491502673e-05
173	6.25524447393e-05
174	6.0540528941e-05
175	3.08614161591e-05
176	5.94970924432e-05
177	5.80490868802e-05
178	3.33612554134e-05
179	2.80291178486e-05
180	5.06546214925e-05
181	2.52698846619e-05
182	5.15851566898e-05
183	4.904993183e-05
184	2.98030822496e-05
185	2.45190282828e-05
186	2.23676556012e-05
187	2.27132663063e-05
188	2.25509127707e-05
189	2.30907936417e-05
190	2.20167578264e-05
191	2.14977765385e-05
192	2.09566380124e-05
193	2.06661642253e-05
194	2.10451489957e-05
195	2.10567768425e-05
196	2.00823807034e-05
197	2.01427496866e-05
198	1.94872747377e-05
199	1.93885258571e-05
200	1.88874614296e-05
201	1.88245596083e-05
202	1.86876727455e-05
203	1.81389037539e-05
204	1.67966217608e-05
205	1.65002358147e-05
206	1.63315139638e-05
207	1.60158867413e-05
208	1.56247674343e-05
209	1.52585333468e-05
210	1.4985172684e-05
211	1.48729849033e-05
212	1.47232605916e-05
213	1.46191853702e-05
214	1.45171592794e-05
215	1.44077265142e-05
216	1.42962157755e-05
217	1.41919675323e-05
218	1.40908498015e-05
219	1.39853137274e-05
220	1.38836111484e-05
221	1.37815100746e-05
222	1.36796422227e-05
223	1.36214097438e-05
224	1.33873193232e-05
225	1.33661768601e-05
226	1.31837231998e-05
227	1.31664945605e-05
228	1.30361121932e-05
229	1.284816814e-05
230	1.28698064663e-05
231	1.27380773308e-05
232	1.25961629395e-05
233	1.24946434353e-05
234	1.24001781027e-05
235	1.23113672974e-05
236	1.22236713732e-05
237	1.21232459251e-05
238	1.20378255054e-05
239	1.19477803229e-05
240	1.18624201189e-05
241	1.17791090578e-05
242	1.16973879302e-05
243	1.16168637356e-05
244	1.15393589572e-05
245	1.14604446654e-05
246	1.13828201335e-05
247	1.13190701323e-05
248	1.12486101695e-05
249	1.11772168901e-05
250	1.11067098565e-05
251	1.10382738234e-05
252	1.10600522195e-05
253	1.08013894275e-05
254	1.08482448572e-05
255	1.06282346237e-05
256	1.06308191438e-05
257	1.04943057344e-05
258	1.04244004093e-05
259	1.04126591531e-05
260	1.03643565518e-05
261	1.03076821369e-05
262	1.0243842082e-05
263	1.01770827704e-05
264	1.01093840304e-05
265	1.00415032064e-05
266	9.97319905503e-06
267	9.90465806429e-06
268	4.36307232506e-06
269	8.80383409399e-06
270	9.3675618041e-06
271	4.29306672824e-06
272	8.81520582038e-06
273	9.34514734832e-06
274	4.28543952184e-06
275	8.64952568588e-06
276	4.0210419812e-06
277	8.48750587325e-06
278	3.99614580026e-06
279	8.43786708485e-06
280	3.97548793956e-06
281	8.32786542343e-06
282	3.91456131933e-06
283	8.20850571398e-06
284	3.8801544518e-06
285	8.10583630737e-06
286	3.78324970546e-06
287	7.99989395691e-06
288	3.74507644218e-06
289	7.91715125019e-06
290	3.70735569042e-06
291	7.83749824113e-06
292	3.69922648931e-06
293	7.75556148771e-06
294	3.64528910748e-06
295	7.69909913132e-06
296	3.6406923801e-06
297	7.59809528831e-06
298	3.58642411158e-06
299	7.49382124297e-06
300	3.89944328087e-06
301	7.42726081137e-06
302	3.84295754011e-06
303	7.32103926618e-06
304	3.84180185414e-06
305	3.52755759502e-06
306	7.01287125349e-06
307	3.78118862513e-06
308	3.53858402482e-06
309	7.016763672e-06
310	3.78885262163e-06
311	3.52125839975e-06
312	6.91532284591e-06
313	3.74904241774e-06
314	3.46871655864e-06
315	3.32858480678e-06
316	3.28993318581e-06
317	3.30110402575e-06
318	3.33107555307e-06
319	3.3366814151e-06
320	3.33576735619e-06
321	3.31707214414e-06
322	3.29933958432e-06
323	3.28280293033e-06
324	3.26808095984e-06
325	3.255005726e-06
326	3.24273577157e-06
327	3.23061964686e-06
328	3.21835540493e-06
329	3.2758926868e-06
330	3.25052932536e-06
331	3.22960407864e-06
332	3.21209431014e-06
333	3.194121793e-06
334	3.17873654672e-06
335	3.16596215143e-06
336	3.15301940407e-06
337	3.13577079259e-06
338	3.11795768441e-06
339	3.10067339052e-06
340	3.08401332956e-06
341	3.06773223976e-06
342	3.05164424059e-06
343	3.29705835543e-06
344	3.29513214331e-06
345	3.28084436073e-06
346	3.26197485404e-06
347	3.24304873278e-06
348	3.22635641417e-06
349	3.21064582081e-06
350	3.1960049904e-06
351	3.18151266951e-06
352	3.16385516918e-06
353	3.14615698761e-06
354	3.1297766369e-06
355	3.11495137991e-06
356	3.10109156748e-06
357	3.08756389276e-06
358	3.07462260651e-06
359	3.06087690152e-06
360	3.04727940775e-06
361	3.03247032339e-06
362	3.01635833882e-06
363	3.00110338425e-06
364	2.98697215954e-06
365	2.97383007427e-06
366	2.962496927e-06
367	2.94936318715e-06
368	2.99266549741e-06
369	2.94181150235e-06
370	2.92034729684e-06
371	2.9063236176e-06
372	2.87931081276e-06
373	2.85816062304e-06
374	2.83877844436e-06
375	2.82180387517e-06
376	2.81090286394e-06
377	2.79358623245e-06
378	2.77487595838e-06
379	2.75628784711e-06
380	2.74150168188e-06
381	2.72838645323e-06
382	2.7155884907e-06
383	2.70254440387e-06
384	2.68941169677e-06
385	2.67668644016e-06
386	2.71334770251e-06
387	2.71738208844e-06
388	2.71388610585e-06
389	2.70725662353e-06
390	2.6992777671e-06
391	2.69150601897e-06
392	2.68446426656e-06
393	2.67783076922e-06
394	2.67120405836e-06
395	2.66442360737e-06
396	2.65069230985e-06
397	2.64806684132e-06
398	2.64241871643e-06
399	2.63586746083e-06
400	2.62898825529e-06
401	2.62085670692e-06
402	2.61135310489e-06
403	2.60333723445e-06
404	2.5975187054e-06
405	2.59312277957e-06
406	2.5882113994e-06
407	2.58168191642e-06
408	2.57392180713e-06
409	2.5650801633e-06
410	2.55585603862e-06
411	2.54724649662e-06
412	2.53942428126e-06
413	1.09437690042e-05
414	6.2897113009e-06
415	4.49292992189e-06
416	4.20479210425e-06
417	3.16559417636e-06
418	2.53811098363e-06
419	2.40508170184e-06
420	2.26055499665e-06
421	2.16460058575e-06
422	2.20966119068e-06
423	2.37641747811e-06
424	2.50955937046e-06
425	2.56032064663e-06
426	2.49681989412e-06
427	2.40647103906e-06
428	2.32465419674e-06
429	2.27684036267e-06
430	2.25512734291e-06
431	2.25171668359e-06
432	2.25761955674e-06
433	2.26728049464e-06
434	2.27589700086e-06
435	2.27802290272e-06
436	2.26858431447e-06
437	2.25887429154e-06
438	2.2461483119e-06
439	2.23042918854e-06
440	2.21941778053e-06
441	2.21024153427e-06
442	2.20318789012e-06
443	2.19770580226e-06
444	2.19292150278e-06
445	2.18803853761e-06
446	2.18246884857e-06
447	2.17607335911e-06
448	1.90817710646e-06
449	2.1510452265e-06
450	1.89055899172e-06
451	1.87361005845e-06
452	1.86380113205e-06
453	1.85519202187e-06
454	1.84454165441e-06
455	1.83402880555e-06
456	1.83411264899e-06
457	1.82597775746e-06
458	1.8177178048e-06
459	1.80764406822e-06
460	1.7971256423e-06
461	1.78699460326e-06
462	1.77742607917e-06
463	1.76843834777e-06
464	1.75997527967e-06
465	1.75191895947e-06
466	1.74397620148e-06
467	1.73625253331e-06
468	1.72971178344e-06
469	1.72329658637e-06
470	1.71680260981e-06
471	1.70979633068e-06
472	1.70230458119e-06
473	1.69458124138e-06
474	1.68686861175e-06
475	1.67929547537e-06
476	1.67189255462e-06
477	1.66336651699e-06
478	1.65552015319e-06
479	1.64841368512e-06
480	1.6417036463e-06
481	1.63513322261e-06
482	1.62972694279e-06
483	1.62324670607e-06
484	1.61668798222e-06
485	1.61016343357e-06
486	1.60330392504e-06
487	1.59721465909e-06
488	1.59280707431e-06
489	1.58956292081e-06
490	1.58646097599e-06
491	1.58232602876e-06
492	1.57847796326e-06
493	1.57398963131e-06
494	1.56846863955e-06
495	1.56229651599e-06
496	1.5560959165e-06
497	1.55028383594e-06
498	1.54494183339e-06
499	1.53994004286e-06
500	1.53482598368e-06
501	1.52852170864e-06
502	1.52228436541e-06
503	1.51610015766e-06
504	1.509854475e-06
505	1.50359363794e-06
506	1.49681013842e-06
507	1.48940874533e-06
508	1.48233307824e-06
509	1.47574321302e-06
510	1.46833142099e-06
511	1.46113905816e-06
512	1.4542774077e-06
513	1.44854735811e-06
514	1.44381946553e-06
515	1.43951434821e-06
516	1.43519832403e-06
517	1.43169208496e-06
518	1.42654320216e-06
519	1.42136449177e-06
520	1.41656618029e-06
521	1.41143114813e-06
522	1.40627632073e-06
523	1.40121553826e-06
524	1.39621638628e-06
525	1.3912347087e-06
526	1.38625438099e-06
527	1.38128033332e-06
528	1.36529915927e-06
529	1.38014524668e-06
530	1.36688029097e-06
531	1.36916612006e-06
532	1.35700559618e-06
533	1.36118501466e-06
534	1.35761499812e-06
535	1.35332503938e-06
536	9.70438027206e-06
537	5.00036993654e-06
538	5.29121859049e-06
539	5.11269937917e-06
540	3.34380061158e-06
541	1.68572025417e-06
542	1.70509053976e-06
543	2.28306388772e-06
544	1.22799075167e-06
545	1.1428394311e-06
546	1.09847774287e-06
547	1.09794301729e-06
548	1.1761932407e-06
549	1.27547462657e-06
550	1.30782530921e-06
551	1.27648750198e-06
552	1.2059391425e-06
553	1.13709611168e-06
554	1.09169495382e-06
555	1.07197931474e-06
556	1.06755177701e-06
557	1.07362922087e-06
558	1.08298357304e-06
559	1.09152936204e-06
