1	0.999974196111
2	0.858144349166
3	0.193251609726
4	0.00956365664181
5	0.00289409644833
6	0.0013126783442
7	0.000815396565252
8	0.000699794016527
9	0.000629079481308
10	0.000547763911616
11	0.000459844659148
12	0.000412817119217
13	0.000407934916204
14	0.000433828902606
15	0.000428415735872
16	0.00039123226206
17	0.000376755494731
18	0.000355210056476
19	0.000354427681187
20	0.000349171183263
21	0.000342882917906
22	0.000338212844609
23	0.000334492378273
24	0.000328839916889
25	0.000323815905472
26	0.000320499562084
27	0.000317338157614
28	0.000312882980163
29	0.00030803357048
30	0.000304144998684
31	0.000301244076948
32	0.000299149689497
33	0.000297505270228
34	0.000296063128513
35	0.000294508438152
36	0.00029274981734
37	0.000290776423902
38	0.000288858719981
39	0.000286976317562
40	0.000285474940951
41	0.000284614553301
42	0.000283966006859
43	0.000283498335246
44	0.000283026406745
45	0.000282456269484
46	0.000281903970476
47	0.000281582964283
48	0.000281105857293
49	0.000280685284119
50	0.000280324784032
51	0.000280145064659
52	0.000279805905352
53	0.000279646957367
54	0.000279601837272
55	0.000279632198583
56	0.000279503374537
57	0.00027932520216
58	0.000279309270702
59	0.000279550500495
60	0.000279524238513
61	0.000279491650236
62	0.000279618262599
63	0.00027973985251
64	0.000280074898105
65	0.000280561067036
66	0.000280507739953
67	0.000280758802311
68	0.000280645965296
69	0.000280915857586
70	0.000281189606438
71	0.000281597770556
72	0.000281612881925
73	0.000282186073959
74	0.00028190928807
75	0.00028204176284
76	0.000282359959855
77	0.000282417764687
78	0.00028225938949
79	0.000282111165498
80	0.000282253626039
81	0.000282347981636
82	0.000282027190713
83	0.000282090240475
84	0.000281846779286
85	0.000280655920254
86	0.000279552965182
87	0.000279557905676
88	0.000279633935523
89	0.000279471836166
90	0.000279210250916
91	0.000278945852695
92	0.000278635206054
93	0.000278186073854
94	0.000277726649267
95	0.000277148990442
96	0.000276566376096
97	0.00027592036405
98	0.000275311778107
99	0.000274541879964
100	0.000273836969543
101	0.000272995970429
102	0.000272179419368
103	0.000271380458108
104	0.000270670207977
105	0.000270056446974
106	0.000269367659839
107	0.000268658461315
108	0.00026777033719
109	0.000267018314295
110	0.000266207359342
111	0.000265436176623
112	0.000264629503819
113	0.000263769571414
114	0.000262865269468
115	0.000261922244319
116	0.000260940937336
117	0.000259981106888
118	0.000259072046346
119	0.000258364181199
120	0.000257531365573
121	0.000256887023067
122	0.000256036221598
123	0.000255242792886
124	0.000254454809511
125	0.000253456472636
126	0.000252782767775
127	0.000252243366851
128	0.000251741208352
129	0.000251015667087
130	0.00025030369669
131	0.000249589990904
132	0.000248887824831
133	0.00024815906429
134	0.000247416603136
135	0.000246642562912
136	0.000245792668567
137	0.000244741260846
138	0.000244078918702
139	0.000243718861544
140	0.000243420255543
141	0.000243328913975
142	0.000242789845072
143	0.00024192040466
144	0.000241387418996
145	0.000240759216109
146	0.000240123206097
147	0.000239436095482
148	0.000238041248869
149	0.000237253012523
150	0.000236804778962
151	0.000236484732601
152	0.000236055441734
153	0.000235376584411
154	0.000235217774409
155	0.000235085436154
156	0.000234020010719
157	0.000231892539033
158	0.000231163026492
159	0.000230825741475
160	0.000230728275194
161	0.00022995162426
162	0.00022991454942
163	0.000230510010173
164	0.00023034767722
165	0.000227915433221
166	0.000227501135403
167	0.000227614990771
168	0.000227104164457
169	0.000227669123317
170	0.000228237705481
171	0.000227580154451
172	0.00022734585082
173	0.000226401281128
174	0.000226674105364
175	0.00022693281095
176	0.000226584935806
177	0.000228352672833
178	0.000228680341255
179	0.000226760880192
180	0.000227791685061
181	0.000227634626316
182	0.000229250948573
183	0.000229945592958
184	0.00023167560289
185	0.000230020278451
186	0.000231491569117
187	0.000233304933477
188	0.000233452065218
189	0.000235983807562
190	0.000235779004165
191	0.000234804926549
192	0.000236172508872
193	0.000239520062196
194	0.000237395959012
195	0.000238755416729
196	0.000241208466679
197	0.000240419328945
198	0.000241993605425
199	0.000248236319902
200	0.000241861712687
201	0.000246424506254
202	0.000244716258044
203	0.000249878987138
204	0.00024181376092
205	0.000213989786897
206	0.000202763211582
207	0.000200253487245
208	0.000199721633803
209	0.000199552139138
210	0.000199360878187
211	0.000199180373991
212	0.000198969513475
213	0.000198714807384
214	0.000198430725063
215	0.000198126551478
216	0.000197808881659
217	0.000197479418539
218	0.000197141361064
219	0.000196796264806
220	0.000196444580133
221	0.000196088057762
222	0.000195728755237
223	0.000195365241251
224	0.000194998612915
225	0.00019462949855
226	0.000194257991067
227	0.00019388406069
228	0.000193509272795
229	0.000193132978415
230	0.000192756073636
231	0.000192379657824
232	0.000192002526785
233	0.000191625042749
234	0.000191249972601
235	0.000190879053495
236	0.000190513199192
237	0.000190147605702
238	0.000189781758494
239	0.000189416310478
240	0.000189051004203
241	0.000188686189583
242	0.000188321431194
243	0.00018795664338
244	0.000187592201686
245	0.00018722781781
246	0.000186863451442
247	0.000186500617381
248	0.00018613795937
249	0.000185777604103
250	0.000185419199034
251	0.000185061927428
252	0.000184705860925
253	0.000184351481788
254	0.000184000066814
255	0.000183648737191
256	0.000183296616921
257	0.000182943591156
258	0.000182590639078
259	0.000182238836977
260	0.000181886469557
261	0.00018153371263
262	0.000181181060956
263	0.000180828337712
264	0.000180477141077
265	0.000180126363691
266	0.000179775226549
267	0.00017942405262
268	0.000179072863344
269	0.000178721979134
270	0.000178370800292
271	0.00017801842992
272	0.0001776645258
273	0.000177309918545
274	0.000176954309686
275	0.000176598631007
276	0.000176240833137
277	0.000175882821045
278	0.000175523063482
279	0.00017516168186
280	0.000174800625886
281	0.000174439060375
282	0.000174075100965
283	0.000173709655903
284	0.000173342308091
285	0.000172975470921
286	0.000172606854512
287	0.000172237242036
288	0.000171866108023
289	0.00017149350491
290	0.000171121555676
291	0.000170748822939
292	0.000170375561684
293	0.000170001704609
294	0.000169627619291
295	0.00016925401095
296	0.000168880574331
297	0.000168507579099
298	0.000168134829412
299	0.000167762910199
300	0.000167394402262
301	0.000167026869397
302	0.000166660129908
303	0.000166295011147
304	0.000165931993567
305	0.000165571800992
306	0.000165215638815
307	0.000164865408757
308	0.000164519786361
309	0.000164175102578
310	0.000163829914715
311	0.000163484779269
312	0.000163139603937
313	0.000162794775835
314	0.000162451600729
315	0.00016210898812
316	0.00016176737433
317	0.000161426582196
318	0.000161088406607
319	0.000160752801938
320	0.000160422612965
321	0.000160093854324
322	0.000159764874812
323	0.000159435356564
324	0.000159105410775
325	0.000158775039725
326	0.000158444707105
327	0.00015811441351
328	0.000157783945146
329	0.000157453880721
330	0.0001571240485
331	0.000156794429265
332	0.000156464897599
333	0.000156135707421
334	0.000155807427328
335	0.000155479659309
336	0.000155152453933
337	0.000154826412126
338	0.000154502098756
339	0.00015418028667
340	0.00015386231265
341	0.000153544339397
342	0.000153225743272
343	0.000152906660607
344	0.000152587266009
345	0.000152267714384
346	0.000151947939459
347	0.000151627844732
348	0.000151307812295
349	0.000150987370371
350	0.000150667346397
351	0.000150347478762
352	0.000150027458506
353	0.000149707158167
354	0.000149387812685
355	0.000149068962024
356	0.000148750039744
357	0.000148431517383
358	0.000148114011747
359	0.000147796747497
360	0.000147479810303
361	0.000147164073655
362	0.000146848840926
363	0.000146534161544
364	0.000146220817189
365	0.000145908183312
366	0.00014559657753
367	0.000145286462022
368	0.00014497790281
369	0.000144670929582
370	0.000144368837164
371	0.000144069804784
372	0.00014377079152
373	0.000143472445368
374	0.000143174650982
375	0.000142877188719
376	0.000142580043948
377	0.000142283681469
378	0.000141987761476
379	0.000141692127253
380	0.000141397083961
381	0.000141102876504
382	0.000140809109204
383	0.000140515877933
384	0.000140223423504
385	0.000139931447312
386	0.000139640364494
387	0.00013934966702
388	0.000139059699395
389	0.000138770587213
390	0.000138481900566
391	0.000138193823973
392	0.000137906828296
393	0.000137620214213
394	0.00013733429306
395	0.000137049479295
396	0.000136765962058
397	0.000136483258756
398	0.000136201791717
399	0.000135921425905
400	0.000135641883818
401	0.00013536342203
402	0.000135085983585
403	0.000134809886426
404	0.00013453463373
405	0.000134260531945
406	0.000133987670184
407	0.000133715679023
408	0.000133444637469
409	0.000133174736183
410	0.0001329056077
411	0.00013263747704
412	0.000132370678347
413	0.000132104434802
414	0.000131806697665
415	0.000131513956442
416	0.000131225474341
417	0.000130940522336
418	0.00013065784933
419	0.000130377200818
420	0.000130098508568
421	0.000129821317544
422	0.000129545877904
423	0.000129272374814
424	0.000129000418621
425	0.000128729941723
426	0.00012846112396
427	0.000128193510057
428	0.000127927311753
429	0.000127662387479
430	0.000127398834548
431	0.000127136585888
432	0.00012687546377
433	0.000126615686865
434	0.000126357048394
435	0.000126099425458
436	0.000125843496939
437	0.00012558841576
438	0.00012533446937
439	0.000125082028033
440	0.00012483067405
441	0.000124580541194
442	0.000124331612059
443	0.000124084021604
444	0.000123837681831
445	0.000123592732597
446	0.000123349100341
447	0.000123106869766
448	0.000122866147865
449	0.000122627150803
450	0.000122389857518
451	0.000122155101172
452	0.000121922955989
453	0.000121691468792
454	0.000121460913924
455	0.000121231238417
456	0.000121002631227
457	0.000120775045847
458	0.00012054821489
459	0.000120322416441
460	0.000120097598993
461	0.000119873445974
462	0.000119650209936
463	0.000119427980235
464	0.000119206907621
465	0.000118987027371
466	0.000118768228335
467	0.00011855065075
468	0.000118334128415
469	0.000118118698594
470	0.000117904620231
471	0.000117691890783
472	0.00011748128243
473	0.000117272422555
474	0.000117064125566
475	0.00011685622761
476	0.00011664880121
477	0.000116441917035
478	0.000116235368584
479	0.000116029290506
480	0.00011582359969
481	0.000115618302557
482	0.000115413358704
483	0.000115208786693
484	0.000115004707868
485	0.00011480096244
486	0.000114597585961
487	0.000114394607877
488	0.000114192032034
489	0.000113989737727
490	0.000113787798977
491	0.000113586205129
492	0.000113385050003
493	0.000113184316584
494	0.000112983883957
495	0.000112783805161
496	0.000112584248642
497	0.00011238504683
498	0.000112186239902
499	0.00011198789192
500	0.000111790081283
501	0.000111592903231
502	0.000111396387086
503	0.000111200620012
504	0.00011100643041
505	0.000110812675302
506	0.000110618877451
507	0.000110425097291
508	0.000110231353688
509	0.000110037748967
510	0.000109844093158
511	0.000109650461517
512	0.000109456850217
513	0.000109263199774
514	0.000109069589096
515	0.000108875946644
516	0.000108682362941
517	0.000108488704569
518	0.000108295110583
519	0.000108101524397
520	0.000107907965541
521	0.000107714327849
522	0.000107520697357
523	0.000107327087764
524	0.000107133477293
525	0.000106939781426
526	0.000106746189293
527	0.000106552566518
528	0.000106358984927
529	0.00010616546107
530	0.00010597189537
531	0.000105778329753
532	0.000105584771963
533	0.000105391198177
534	0.000105197603416
535	0.000105004072375
536	0.000104810559994
537	0.000104576056484
538	0.000104386249987
539	0.000104156090938
540	0.000103929386296
541	0.00010370570925
542	0.000103484809073
543	0.000103266098601
544	0.000103049163679
545	0.000102833843265
546	0.000102620114701
547	0.000102408131563
548	0.000102198213329
549	0.000101989456551
550	0.000101781550588
551	0.000101574401548
552	0.000101367971643
553	0.000101162233409
554	0.000100957155433
555	0.000100752691511
556	0.000100548746588
557	0.00010034530486
558	0.000100142444968
559	9.99400599225e-05
