1	0.0919419452454
2	0.0747010788724
3	0.010830733896
4	0.000522699546325
5	0.000176273825742
6	0.000122839027444
7	5.79848866586e-05
8	4.98513483502e-05
9	5.19036014252e-05
10	4.93714775219e-05
11	4.48833660575e-05
12	2.20942037279e-05
13	2.28940976462e-05
14	2.3668548619e-05
15	2.30946359439e-05
16	2.11824784277e-05
17	1.99098207485e-05
18	1.94375830274e-05
19	1.94988736297e-05
20	1.96989641065e-05
21	1.98968832332e-05
22	2.02774776237e-05
23	2.09198174662e-05
24	2.12800233838e-05
25	2.14307952621e-05
26	2.1456451659e-05
27	2.14648219918e-05
28	2.13993439825e-05
29	2.13523154362e-05
30	2.14037603605e-05
31	2.14986229794e-05
32	2.16157213007e-05
33	2.17170229549e-05
34	2.17908222057e-05
35	2.18427722716e-05
36	2.18709988551e-05
37	2.18702377452e-05
38	2.18560767504e-05
39	2.18379554121e-05
40	2.18433883729e-05
41	2.18813216269e-05
42	2.191556842e-05
43	2.19545633798e-05
44	2.19942090351e-05
45	2.20224670529e-05
46	2.20494523668e-05
47	2.20784939417e-05
48	2.21050424912e-05
49	2.21355366666e-05
50	2.21698009254e-05
51	2.2208515385e-05
52	2.22326811283e-05
53	2.22732382205e-05
54	2.23223608971e-05
55	2.23755036326e-05
56	2.24074510506e-05
57	2.24345700047e-05
58	2.24724584598e-05
59	2.25247606793e-05
60	2.25706127554e-05
61	2.2596147643e-05
62	2.26290208386e-05
63	2.26751765995e-05
64	2.27268140214e-05
65	2.27860457214e-05
66	2.2812264488e-05
67	2.28231920298e-05
68	2.28464419767e-05
69	2.28824111967e-05
70	2.29367885408e-05
71	2.29890201479e-05
72	2.30100127639e-05
73	2.3021276511e-05
74	2.30455704904e-05
75	2.30909426672e-05
76	2.31302656148e-05
77	2.31398860833e-05
78	2.31469577408e-05
79	2.31692182336e-05
80	2.31809716827e-05
81	2.31949070487e-05
82	2.31999178674e-05
83	2.31816570768e-05
84	2.31294483035e-05
85	2.29450857567e-05
86	2.30721067078e-05
87	2.31454534281e-05
88	2.31718258012e-05
89	2.31855092392e-05
90	2.31932389069e-05
91	2.31900815141e-05
92	2.31738890098e-05
93	2.3165142926e-05
94	2.31390021477e-05
95	2.31129939394e-05
96	2.30748517313e-05
97	2.30416841798e-05
98	2.29942034463e-05
99	2.29503018866e-05
100	2.2895505144e-05
101	2.28408417382e-05
102	2.27770769226e-05
103	2.27161362498e-05
104	2.26669951805e-05
105	2.26114352814e-05
106	2.25702222912e-05
107	2.25084157457e-05
108	2.24532191139e-05
109	2.23861168114e-05
110	2.23243293478e-05
111	2.22624685784e-05
112	2.21961805218e-05
113	2.21296779949e-05
114	2.20552910777e-05
115	2.19802157283e-05
116	2.18990972401e-05
117	2.18223579026e-05
118	2.17558930674e-05
119	2.16893724567e-05
120	2.16298498541e-05
121	2.15615564909e-05
122	2.15035832714e-05
123	2.14393710014e-05
124	2.13641238982e-05
125	2.13007012408e-05
126	2.12306788415e-05
127	2.11539772008e-05
128	2.10750471916e-05
129	2.10039483036e-05
130	2.09293722892e-05
131	2.08527138985e-05
132	2.07754436174e-05
133	2.06986444279e-05
134	2.06228994916e-05
135	2.05482749397e-05
136	2.04744452162e-05
137	2.04015809238e-05
138	2.03306548838e-05
139	2.02609123033e-05
140	2.01917619031e-05
141	2.01191778473e-05
142	2.005522107e-05
143	1.9997592343e-05
144	1.99403445056e-05
145	1.98835480826e-05
146	1.98275527351e-05
147	1.97669852775e-05
148	1.97162333392e-05
149	1.96725885301e-05
150	1.96297783049e-05
151	1.95861322249e-05
152	1.95381386004e-05
153	1.94874035217e-05
154	1.94381136586e-05
155	1.93901706689e-05
156	1.93507450985e-05
157	1.93150458637e-05
158	1.92812888708e-05
159	1.92512432428e-05
160	1.92190049933e-05
161	1.91849071699e-05
162	1.9155706882e-05
163	1.91288637094e-05
164	1.91045019431e-05
165	1.90972434735e-05
166	1.90911038444e-05
167	1.90784030349e-05
168	1.90630002371e-05
169	1.90508741093e-05
170	1.90432258291e-05
171	1.90475376953e-05
172	1.90591083514e-05
173	1.90665219999e-05
174	1.90631832065e-05
175	1.90781352919e-05
176	1.90842893772e-05
177	1.90912194369e-05
178	1.91136316089e-05
179	1.91441630166e-05
180	1.91596755495e-05
181	1.91774965634e-05
182	1.91924572935e-05
183	1.9214371676e-05
184	1.92367104059e-05
185	1.92744716289e-05
186	1.92760094929e-05
187	1.92945439487e-05
188	1.93182246562e-05
189	1.93320690748e-05
190	1.93541068172e-05
191	1.93675489015e-05
192	1.93792710655e-05
193	1.93845852628e-05
194	1.93923587305e-05
195	1.93747910415e-05
196	1.93619818969e-05
197	1.93335425558e-05
198	1.92734720914e-05
199	1.91934355051e-05
200	1.91054452941e-05
201	1.89673205303e-05
202	1.87843342015e-05
203	1.86268693409e-05
204	1.81190959855e-05
205	1.75191778408e-05
206	1.73286143831e-05
207	1.72588981059e-05
208	1.72388942874e-05
209	1.72427178637e-05
210	1.72481947987e-05
211	1.72482119641e-05
212	1.72419138589e-05
213	1.72310813747e-05
214	1.7216906068e-05
215	1.72001404729e-05
216	1.71813865573e-05
217	1.71610309409e-05
218	1.71393674335e-05
219	1.71166751111e-05
220	1.70930945087e-05
221	1.70686372063e-05
222	1.70434326139e-05
223	1.70176416262e-05
224	1.69912864603e-05
225	1.69644078273e-05
226	1.69370913695e-05
227	1.69093755213e-05
228	1.68812587623e-05
229	1.6852872679e-05
230	1.6824248282e-05
231	1.67953905043e-05
232	1.67663059491e-05
233	1.6737073264e-05
234	1.67077113844e-05
235	1.66782989911e-05
236	1.66487118809e-05
237	1.66190171858e-05
238	1.65892073558e-05
239	1.65596208273e-05
240	1.65301735614e-05
241	1.65006553013e-05
242	1.64711180152e-05
243	1.64415767457e-05
244	1.64120440141e-05
245	1.63825902096e-05
246	1.63532310318e-05
247	1.6323906067e-05
248	1.62944996845e-05
249	1.6265018022e-05
250	1.62355111741e-05
251	1.6206064073e-05
252	1.61765651241e-05
253	1.61469843314e-05
254	1.61174336269e-05
255	1.60878581991e-05
256	1.60582849609e-05
257	1.60287363526e-05
258	1.59991453665e-05
259	1.5969514405e-05
260	1.59398846565e-05
261	1.591023629e-05
262	1.58806950815e-05
263	1.5851175225e-05
264	1.58217421124e-05
265	1.57921843265e-05
266	1.5762502633e-05
267	1.57327478082e-05
268	1.57030220842e-05
269	1.5673185931e-05
270	1.56431865884e-05
271	1.56130505245e-05
272	1.55828443914e-05
273	1.55526439238e-05
274	1.55223367464e-05
275	1.54919003855e-05
276	1.54613086919e-05
277	1.54305735111e-05
278	1.53997824594e-05
279	1.53688704044e-05
280	1.53377790016e-05
281	1.53065503361e-05
282	1.52751251277e-05
283	1.5243628461e-05
284	1.52120689147e-05
285	1.51803309538e-05
286	1.51485462463e-05
287	1.51166478027e-05
288	1.50846587948e-05
289	1.50526854946e-05
290	1.50205601136e-05
291	1.49883498423e-05
292	1.49560732902e-05
293	1.49238017129e-05
294	1.48914883476e-05
295	1.48591804162e-05
296	1.48267798991e-05
297	1.47944032515e-05
298	1.47620838237e-05
299	1.47297937562e-05
300	1.46974941144e-05
301	1.46652585483e-05
302	1.4633103172e-05
303	1.46011295571e-05
304	1.4569275997e-05
305	1.4537662544e-05
306	1.45061793396e-05
307	1.44749961361e-05
308	1.44441635209e-05
309	1.44137817179e-05
310	1.43834143207e-05
311	1.43530808007e-05
312	1.43228721313e-05
313	1.42926568567e-05
314	1.42625106178e-05
315	1.42324157747e-05
316	1.42024985116e-05
317	1.41727419153e-05
318	1.41431579777e-05
319	1.41139196359e-05
320	1.40850107591e-05
321	1.40560984039e-05
322	1.40271567259e-05
323	1.3998183512e-05
324	1.39692286142e-05
325	1.39403125934e-05
326	1.39114267503e-05
327	1.38825325126e-05
328	1.38536832374e-05
329	1.38248708793e-05
330	1.37961162387e-05
331	1.37674096062e-05
332	1.3738779771e-05
333	1.37102250744e-05
334	1.36817281522e-05
335	1.36533529045e-05
336	1.36251206008e-05
337	1.35971047071e-05
338	1.35694297298e-05
339	1.35417827225e-05
340	1.35141018224e-05
341	1.34863872407e-05
342	1.34586360363e-05
343	1.34308857205e-05
344	1.34030956785e-05
345	1.33752924328e-05
346	1.33474816371e-05
347	1.33196681845e-05
348	1.32918668471e-05
349	1.32640653438e-05
350	1.32362653624e-05
351	1.32084684012e-05
352	1.31807158523e-05
353	1.3153019124e-05
354	1.31253493712e-05
355	1.30977051904e-05
356	1.30701506854e-05
357	1.30426139261e-05
358	1.3015097652e-05
359	1.2987670843e-05
360	1.29603051029e-05
361	1.2932987317e-05
362	1.29057385865e-05
363	1.28785861158e-05
364	1.28515155753e-05
365	1.28245591311e-05
366	1.27977366784e-05
367	1.27710786509e-05
368	1.2744799958e-05
369	1.27187448071e-05
370	1.26926954629e-05
371	1.26666678838e-05
372	1.26406664861e-05
373	1.26147011201e-05
374	1.25887856682e-05
375	1.25629143681e-05
376	1.25370710084e-05
377	1.25112730209e-05
378	1.24855093742e-05
379	1.2459803603e-05
380	1.24341394828e-05
381	1.24084942371e-05
382	1.23829264322e-05
383	1.23573904002e-05
384	1.23318867144e-05
385	1.23064527396e-05
386	1.22810535975e-05
387	1.22557033573e-05
388	1.22304184883e-05
389	1.2205166345e-05
390	1.21799807116e-05
391	1.21548442891e-05
392	1.21297576237e-05
393	1.21047457968e-05
394	1.20798121689e-05
395	1.20549743448e-05
396	1.20302372548e-05
397	1.20055973948e-05
398	1.19810285799e-05
399	1.1956558966e-05
400	1.19321880385e-05
401	1.190786322e-05
402	1.18836214164e-05
403	1.18594517615e-05
404	1.18353754603e-05
405	1.18113600005e-05
406	1.17874150142e-05
407	1.17635635117e-05
408	1.17397821223e-05
409	1.17160756552e-05
410	1.169245451e-05
411	1.16688930183e-05
412	1.16453984848e-05
413	1.16220223104e-05
414	1.1596415575e-05
415	1.15712269358e-05
416	1.1546316493e-05
417	1.15215677868e-05
418	1.14969541689e-05
419	1.14724355741e-05
420	1.144800879e-05
421	1.14237113805e-05
422	1.13995218775e-05
423	1.13754525238e-05
424	1.1351521057e-05
425	1.13276931595e-05
426	1.13039606089e-05
427	1.12803546874e-05
428	1.12568460423e-05
429	1.12334350682e-05
430	1.12101352095e-05
431	1.11869529003e-05
432	1.11638678828e-05
433	1.11409065159e-05
434	1.11180303515e-05
435	1.10952526299e-05
436	1.10725717621e-05
437	1.104999292e-05
438	1.10274899039e-05
439	1.10050832158e-05
440	1.09827756334e-05
441	1.09605649251e-05
442	1.09384370959e-05
443	1.0916416472e-05
444	1.08944969252e-05
445	1.08726725656e-05
446	1.08509586512e-05
447	1.08293388912e-05
448	1.08078434629e-05
449	1.07864673563e-05
450	1.07652157277e-05
451	1.07441023555e-05
452	1.07232153416e-05
453	1.07024638435e-05
454	1.06817938786e-05
455	1.06612232318e-05
456	1.06407247917e-05
457	1.06203071956e-05
458	1.05999736169e-05
459	1.05797044278e-05
460	1.05595268255e-05
461	1.05394276345e-05
462	1.0519434716e-05
463	1.04995468879e-05
464	1.04797472692e-05
465	1.04600459072e-05
466	1.0440433725e-05
467	1.0420917183e-05
468	1.04015036366e-05
469	1.03821883851e-05
470	1.03630009705e-05
471	1.03439653669e-05
472	1.0325133735e-05
473	1.03063434754e-05
474	1.02876076218e-05
475	1.02689048519e-05
476	1.02502433532e-05
477	1.02316297754e-05
478	1.02130556136e-05
479	1.01945187404e-05
480	1.01760173539e-05
481	1.015756598e-05
482	1.01391688581e-05
483	1.01207997065e-05
484	1.01024842189e-05
485	1.00842069958e-05
486	1.00659627262e-05
487	1.00477594059e-05
488	1.00295891805e-05
489	1.00114578142e-05
490	9.99337114294e-06
491	9.9753196262e-06
492	9.95730963411e-06
493	9.93934291219e-06
494	9.92141731462e-06
495	9.90353147517e-06
496	9.88568964355e-06
497	9.8678952038e-06
498	9.85015826626e-06
499	9.83247756182e-06
500	9.81485790471e-06
501	9.79732714855e-06
502	9.77992908548e-06
503	9.76258149169e-06
504	9.74524979186e-06
505	9.72792430004e-06
506	9.71060929067e-06
507	9.69330015715e-06
508	9.675999836e-06
509	9.65870980694e-06
510	9.64142199893e-06
511	9.62414418267e-06
512	9.60686933393e-06
513	9.58960271132e-06
514	9.57233913272e-06
515	9.55508514351e-06
516	9.53783737996e-06
517	9.5205960239e-06
518	9.50335864835e-06
519	9.48613063961e-06
520	9.46890442295e-06
521	9.4516817149e-06
522	9.43446033116e-06
523	9.41724929502e-06
524	9.40004129484e-06
525	9.38284409191e-06
526	9.36565385554e-06
527	9.34847114662e-06
528	9.3312938604e-06
529	9.31412380367e-06
530	9.29695733125e-06
531	9.27979775328e-06
532	9.26264516902e-06
533	9.24549927899e-06
534	9.22835956857e-06
535	9.21123395542e-06
536	9.19413851525e-06
537	9.17390583027e-06
538	9.15724596556e-06
539	9.13733738366e-06
540	9.11772712973e-06
541	9.09833162304e-06
542	9.07912428905e-06
543	9.06006468616e-06
544	9.04114329407e-06
545	9.02238889939e-06
546	9.00377176554e-06
547	8.98523992637e-06
548	8.96678541794e-06
549	8.94840551861e-06
550	8.93009121447e-06
551	8.91183842076e-06
552	8.89365173121e-06
553	8.87551852404e-06
554	8.85743843878e-06
555	8.83940806593e-06
556	8.82142250694e-06
557	8.80348490124e-06
558	8.78559162168e-06
559	8.76774521129e-06
