1	0.999999999999
2	0.903268308952
3	0.511787022584
4	0.137399148692
5	0.040039559482
6	0.0420833210399
7	0.182531022045
8	0.133369603011
9	0.05501865629
10	0.037246433797
11	0.0524212665905
12	0.218508585757
13	0.174542808584
14	0.115744576738
15	0.091920046135
16	0.0844354287091
17	0.0769052344728
18	0.0665398140637
19	0.0509173103963
20	0.0349252631819
21	0.0231483463865
22	0.0245319249274
23	0.0291756430604
24	0.0252918183856
25	0.0182033092244
26	0.0123639443841
27	0.0109610531766
28	0.0114593170327
29	0.011181461167
30	0.00957692732308
31	0.00819702812069
32	0.0072684346225
33	0.00708201570966
34	0.00703927105477
35	0.00674840203192
36	0.00639501400904
37	0.00614825752154
38	0.00601374288346
39	0.00594724381743
40	0.00582507287936
41	0.00569123161623
42	0.00558342289469
43	0.00545331670931
44	0.0053285386737
45	0.00523633619902
46	0.00514836845037
47	0.00506816321353
48	0.0049820383905
49	0.00489948174484
50	0.00482085085078
51	0.00474827345921
52	0.00467297920168
53	0.00459813989532
54	0.00452672870972
55	0.00445772666657
56	0.00438763249737
57	0.00431995228149
58	0.00425639083185
59	0.00419622161914
60	0.00413471971567
61	0.00407585809609
62	0.00401907496688
63	0.00396295828662
64	0.00390842714894
65	0.00385488069137
66	0.00380021865544
67	0.00374561546175
68	0.00369342383226
69	0.00364299653135
70	0.00359392674837
71	0.0035463720355
72	0.00349772470791
73	0.0034491360084
74	0.00340319782193
75	0.0033598029956
76	0.00331647505021
77	0.00327126538714
78	0.00322858839019
79	0.00318782170446
80	0.00314772024405
81	0.00310773352931
82	0.00306657205982
83	0.0030241999542
84	0.00297929753999
85	0.00292372445796
86	0.00290397160886
87	0.00287643434383
88	0.00284463222783
89	0.00281234399963
90	0.00278015235608
91	0.00274727001694
92	0.00271402424983
93	0.00268243004237
94	0.00265016410352
95	0.00261913272611
96	0.00258777751405
97	0.00255773809543
98	0.00252684320105
99	0.0024975000529
100	0.00246913113854
101	0.0024418347378
102	0.00241423307384
103	0.00238767762814
104	0.00236151769542
105	0.00233324715094
106	0.00230589829436
107	0.00227838445132
108	0.00225247478675
109	0.00222671762096
110	0.00220155487014
111	0.00217659182831
112	0.00215161432754
113	0.00212706704167
114	0.00210262647135
115	0.00207876443578
116	0.00205492006188
117	0.00203195503546
118	0.00201003278007
119	0.00198842311936
120	0.00196757150811
121	0.00194599868923
122	0.00192567624022
123	0.00190495047179
124	0.00188345574923
125	0.0018632271315
126	0.00184258320333
127	0.00182166947587
128	0.00180092415853
129	0.00178120439382
130	0.0017615883216
131	0.00174220579064
132	0.001723209167
133	0.00170452104308
134	0.00168609046316
135	0.00166786316701
136	0.00165010114151
137	0.0016327069458
138	0.00161539584332
139	0.00159800014343
140	0.00158048065805
141	0.00156278244244
142	0.00154599392956
143	0.0015299754867
144	0.00151414429134
145	0.0014982155637
146	0.00148268559564
147	0.00146688417332
148	0.00145228091755
149	0.00143820831497
150	0.00142419374033
151	0.0014101012829
152	0.00139597879033
153	0.00138200052202
154	0.00136781561452
155	0.00135388039395
156	0.00134079752572
157	0.00132826597208
158	0.00131600773415
159	0.00130372403277
160	0.00129135019146
161	0.00127907021734
162	0.00126676491115
163	0.00125427610474
164	0.00124209457976
165	0.00123073916446
166	0.00121959438302
167	0.00120831935095
168	0.00119716658137
169	0.00118587452853
170	0.00117473277337
171	0.0011642706815
172	0.00115374591049
173	0.00114312531735
174	0.0011323491585
175	0.00112238867601
176	0.00111225897812
177	0.00110148102051
178	0.00109157104317
179	0.00108168159332
180	0.0010716734308
181	0.00106205506083
182	0.00105226795996
183	0.00104258250914
184	0.00103301092606
185	0.00102369318947
186	0.00101407902314
187	0.00100497018831
188	0.000996010710258
189	0.000986876660539
190	0.000977827566349
191	0.00096960389457
192	0.00096113113289
193	0.000952308755712
194	0.000944124769496
195	0.000935882158789
196	0.000927607105195
197	0.000919486365158
198	0.000911490723117
199	0.000902982879242
200	0.000895667183567
201	0.000887647330932
202	0.000879808897105
203	0.000872353902512
204	0.000865100922648
205	0.000860292641458
206	0.000854937820605
207	0.000848743226616
208	0.000842239137621
209	0.000835617504791
210	0.000828968127575
211	0.000822331321693
212	0.000815733256477
213	0.000809178899077
214	0.000802673637651
215	0.0007962198749
216	0.000789820874773
217	0.00078347791022
218	0.000777192638597
219	0.000770962366719
220	0.000764789370597
221	0.000758676600937
222	0.000752616539124
223	0.000746609571411
224	0.000740657121374
225	0.000734757260729
226	0.000728917063725
227	0.000723132651856
228	0.000717403251182
229	0.000711726749093
230	0.000706104949347
231	0.000700536088822
232	0.000695016157827
233	0.000689547643731
234	0.000684128291952
235	0.000678761782286
236	0.000673445689039
237	0.000668179862822
238	0.000662965695249
239	0.000657801845793
240	0.00065268626514
241	0.000647619917707
242	0.000642601448283
243	0.000637632336408
244	0.00063271291356
245	0.000627838604231
246	0.000623011026994
247	0.000618229189829
248	0.000613494937402
249	0.000608806169091
250	0.000604162079725
251	0.000599564261906
252	0.000595013346265
253	0.000590504305501
254	0.00058604257591
255	0.000581617771488
256	0.000577240774955
257	0.000572900579122
258	0.00056860733222
259	0.000564352002066
260	0.000560135840318
261	0.000555967907754
262	0.000551846626868
263	0.000547765717698
264	0.000543724397012
265	0.000539721538201
266	0.000535756303185
267	0.000531828386065
268	0.000527939289547
269	0.000524112656243
270	0.00052027177724
271	0.000516494717696
272	0.000512785281658
273	0.00050905890739
274	0.000505397537981
275	0.000501802770259
276	0.000498185593693
277	0.000494656672464
278	0.000491113974013
279	0.000487658800637
280	0.000484184559904
281	0.000480798673606
282	0.000477393337966
283	0.000474068825094
284	0.000470723509417
285	0.000467465215738
286	0.000464185364952
287	0.000460988076732
288	0.000457770164894
289	0.000454640559906
290	0.000451485528314
291	0.000448411212006
292	0.00044531369289
293	0.000442303679105
294	0.000439266863489
295	0.000436312025257
296	0.00043333445522
297	0.000430448347363
298	0.000427532303519
299	0.000424696995628
300	0.000421833375585
301	0.000419056800921
302	0.00041624983893
303	0.000413522180879
304	0.000410765382494
305	0.000408095215832
306	0.000405415185217
307	0.000402731351903
308	0.000400141506746
309	0.00039754289995
310	0.000394931438293
311	0.000392413289512
312	0.000389883102315
313	0.000387340995302
314	0.000384894816895
315	0.000382435557083
316	0.000379990288502
317	0.000377572176529
318	0.000375181033064
319	0.000372812810668
320	0.000370466871786
321	0.000368140731946
322	0.000365834989664
323	0.000363549560818
324	0.000361285351386
325	0.00035904184217
326	0.000356817701105
327	0.000354613354343
328	0.000352428153073
329	0.000350261313871
330	0.000348112632351
331	0.000345982407622
332	0.000343871476843
333	0.000341783328655
334	0.000339713095161
335	0.000337660543968
336	0.000335625381575
337	0.000333606661884
338	0.000331604862335
339	0.000329620086392
340	0.000327651683154
341	0.000325699749918
342	0.000323764138758
343	0.000321844333166
344	0.000319938540683
345	0.000318050876226
346	0.000316178552787
347	0.000314319804917
348	0.000312475381211
349	0.000310646929168
350	0.000308834748015
351	0.000307036834698
352	0.00030525343416
353	0.000303484653204
354	0.00030172987747
355	0.000299988717911
356	0.000298260844366
357	0.000296546211859
358	0.000294844952516
359	0.000293157255512
360	0.000291482372702
361	0.000289819971639
362	0.00028817086957
363	0.000286534518984
364	0.000284910091646
365	0.000283297574639
366	0.000281697015577
367	0.00028010791873
368	0.000278530333162
369	0.000276962985601
370	0.00027540981848
371	0.000273867207318
372	0.000272335960061
373	0.000270816257206
374	0.000269307824321
375	0.000267810334373
376	0.000266323024832
377	0.000264845815072
378	0.000263378998901
379	0.000261922051585
380	0.000260475181546
381	0.000259038431935
382	0.000257611456979
383	0.000256194417313
384	0.000254787390385
385	0.00025338999366
386	0.000252002334893
387	0.000250623080654
388	0.000249253792668
389	0.0002478931542
390	0.000246541134218
391	0.000245198268551
392	0.000243864362051
393	0.000242539532182
394	0.000241223438019
395	0.000239915859941
396	0.000238616849726
397	0.000237327508429
398	0.000236046938634
399	0.000234774511367
400	0.000233510442195
401	0.000232255012423
402	0.000231007849855
403	0.000229769149116
404	0.000228538861533
405	0.000227316644508
406	0.000226102200472
407	0.000224895942874
408	0.000223697571415
409	0.000222507307725
410	0.000221325127715
411	0.000220150788859
412	0.000218984128107
413	0.000217825049971
414	0.000211593154612
415	0.000207390220424
416	0.000205476341202
417	0.000204627938798
418	0.00020398114609
419	0.000203252045143
420	0.000202407409239
421	0.000201475699617
422	0.00020048876636
423	0.000199463822841
424	0.00019841319422
425	0.000197354582561
426	0.000196305733718
427	0.000195276649599
428	0.000194271380744
429	0.00019328669249
430	0.000192315812231
431	0.00019135178725
432	0.000190389894302
433	0.000189428259134
434	0.000188467565215
435	0.000187509922157
436	0.000186557211681
437	0.000185610946844
438	0.000184672052713
439	0.000183740709023
440	0.00018281604366
441	0.000181897896511
442	0.000180985041409
443	0.000180077480316
444	0.00017917525921
445	0.000178278056842
446	0.000177386305322
447	0.000176500204307
448	0.000175619652649
449	0.000174746451614
450	0.000173873320664
451	0.000173010900361
452	0.00017215178621
453	0.000171297658438
454	0.000170449119457
455	0.000169605952558
456	0.000168768089482
457	0.000167935230685
458	0.000167107407754
459	0.000166284538601
460	0.000165466570729
461	0.000164653584709
462	0.000163845700472
463	0.000163043063494
464	0.000162245087382
465	0.000161451833756
466	0.000160663344881
467	0.000159879964487
468	0.000159101409943
469	0.000158327343897
470	0.000157557786424
471	0.00015679295364
472	0.000156032613638
473	0.00015527679206
474	0.000154525779871
475	0.000153779411859
476	0.000153037571905
477	0.000152299953472
478	0.000151566658999
479	0.000150837937892
480	0.000150113440735
481	0.000149393333255
482	0.000148677330341
483	0.000147965666677
484	0.000147258085575
485	0.000146554798835
486	0.00014585596406
487	0.000145161461029
488	0.00014447109934
489	0.00014378476376
490	0.000143102458828
491	0.00014242439772
492	0.000141750384693
493	0.000141080365113
494	0.000140414203818
495	0.000139752054175
496	0.000139093951281
497	0.000138439911125
498	0.00013778971211
499	0.000137143300196
500	0.000136500822084
501	0.000135862175519
502	0.000135227189695
503	0.000134595750633
504	0.000133968037501
505	0.000133344134712
506	0.000132723895351
507	0.000132107299824
508	0.00013149476393
509	0.000130885823726
510	0.000130280284258
511	0.000129678124797
512	0.000129079567561
513	0.000128484512699
514	0.000127893021297
515	0.000127304967309
516	0.000126720339278
517	0.000126139150459
518	0.00012556123132
519	0.000124986585171
520	0.000124415267073
521	0.000123847336876
522	0.000123282742625
523	0.000122721520785
524	0.000122163594369
525	0.000121608712556
526	0.000121056915376
527	0.000120508190404
528	0.000119962617206
529	0.000119420244947
530	0.000118880860506
531	0.000118344424819
532	0.000117811415682
533	0.000117281341775
534	0.000116754342632
535	0.000116230361839
536	0.000115709482351
537	0.000109868624095
538	0.000111184504014
539	0.000107693662165
540	0.000104923204789
541	0.000103615609531
542	0.000103249674301
543	0.000103108460151
544	0.000102948950377
545	0.000102732428073
546	0.000102389311268
547	0.000101975242452
548	0.00010152764714
549	0.000101065355472
550	0.000100598506831
551	0.000100135008082
552	9.96807351153e-05
553	9.92386189309e-05
554	9.88081180769e-05
555	9.83863085861e-05
556	9.79692188334e-05
557	9.7553455841e-05
558	9.71372405152e-05
559	9.67200439279e-05
