1	0.0920630302967
2	0.0753619457127
3	0.00836796142197
4	0.00307930205044
5	0.00197834852102
6	0.00402591783495
7	0.0192504625893
8	0.0143559216768
9	0.0159772862097
10	0.00759581520403
11	0.00202926695533
12	0.00226189166473
13	0.00205025760588
14	0.00164207878169
15	0.00101879596655
16	0.000573535335285
17	0.000779039345924
18	0.000878361045597
19	0.000720785979323
20	0.000454593163992
21	0.000274507279504
22	0.000267100156175
23	0.000313355865721
24	0.000297786950215
25	0.000241601655668
26	0.00019706834082
27	0.000185512575169
28	0.000195842294052
29	0.00019692294956
30	0.000188423505128
31	0.00017447636597
32	0.000165854908996
33	0.00016317488959
34	0.000162110588687
35	0.000160488180505
36	0.000158217664777
37	0.000156050925096
38	0.000154556358634
39	0.000153074448601
40	0.000151373229084
41	0.000149487959522
42	0.000147360912366
43	0.000145326777148
44	0.000143506074778
45	0.000141715115546
46	0.000140102341227
47	0.000138484673684
48	0.000136916797403
49	0.000135324158924
50	0.000133714912551
51	0.000132092259124
52	0.000130344106514
53	0.000128646716999
54	0.000126951003717
55	0.000125291580852
56	0.000123662622226
57	0.000122051195675
58	0.000120538349949
59	0.000119067600319
60	0.000117594991188
61	0.000116097898138
62	0.000114606297193
63	0.000113172279569
64	0.000111730687796
65	0.000110289101275
66	0.000108857171582
67	0.00010743666031
68	0.000106048781163
69	0.000104670578064
70	0.000103374817923
71	0.000102109503132
72	0.000100869059956
73	9.96369617901e-05
74	9.84155280521e-05
75	9.72682640331e-05
76	9.60709606216e-05
77	9.48499862274e-05
78	9.3691827447e-05
79	9.25445081351e-05
80	9.13807985133e-05
81	9.02036880371e-05
82	8.90342663005e-05
83	8.77898870911e-05
84	8.64401146328e-05
85	8.47448657176e-05
86	8.4460811642e-05
87	8.38381217612e-05
88	8.30215326228e-05
89	8.21705891334e-05
90	8.1316240171e-05
91	8.04318377484e-05
92	7.95025464556e-05
93	7.86267703323e-05
94	7.77154837432e-05
95	7.68376072486e-05
96	7.59354181535e-05
97	7.50683890843e-05
98	7.41618771326e-05
99	7.33007684637e-05
100	7.24243746415e-05
101	7.15924651285e-05
102	7.07578849358e-05
103	6.99425228446e-05
104	6.91631525527e-05
105	6.83558066354e-05
106	6.7587199996e-05
107	6.6787257659e-05
108	6.60273474331e-05
109	6.52522460258e-05
110	6.44927329684e-05
111	6.37338709295e-05
112	6.29781786249e-05
113	6.22347205534e-05
114	6.14895861762e-05
115	6.07576019302e-05
116	6.00204539077e-05
117	5.92967154734e-05
118	5.86091737712e-05
119	5.79206890043e-05
120	5.72672961969e-05
121	5.65898671111e-05
122	5.5952951268e-05
123	5.53075574888e-05
124	5.46373107205e-05
125	5.40123227857e-05
126	5.33772240928e-05
127	5.27288590218e-05
128	5.20814489765e-05
129	5.14703391975e-05
130	5.08641370647e-05
131	5.02650439918e-05
132	4.96704184937e-05
133	4.90795383915e-05
134	4.84931146763e-05
135	4.79131467168e-05
136	4.73397555697e-05
137	4.67738210712e-05
138	4.62134048205e-05
139	4.56553483801e-05
140	4.50979257644e-05
141	4.45343974688e-05
142	4.40013764654e-05
143	4.34947427607e-05
144	4.2989078496e-05
145	4.24809866929e-05
146	4.19703642473e-05
147	4.14473620427e-05
148	4.09533434666e-05
149	4.04732474815e-05
150	3.99928529629e-05
151	3.95145893952e-05
152	3.90430234888e-05
153	3.85840163022e-05
154	3.81328383119e-05
155	3.76870702918e-05
156	3.72597876601e-05
157	3.68445817636e-05
158	3.64295433219e-05
159	3.6016861762e-05
160	3.56096281847e-05
161	3.5217381622e-05
162	3.48332316453e-05
163	3.44537024075e-05
164	3.40973134335e-05
165	3.37515732455e-05
166	3.33955271408e-05
167	3.30396742783e-05
168	3.26952815705e-05
169	3.23512755456e-05
170	3.20230232819e-05
171	3.17296768188e-05
172	3.14307000288e-05
173	3.11041794078e-05
174	3.07769604047e-05
175	3.04767140718e-05
176	3.01818062026e-05
177	2.98765818568e-05
178	2.96126311872e-05
179	2.932108216e-05
180	2.90203079881e-05
181	2.87362353015e-05
182	2.84508987181e-05
183	2.81800097246e-05
184	2.79247331852e-05
185	2.76348233885e-05
186	2.73443981567e-05
187	2.70714409498e-05
188	2.68162078392e-05
189	2.65602598751e-05
190	2.62767476975e-05
191	2.60224364846e-05
192	2.57693131049e-05
193	2.5512299629e-05
194	2.52535107247e-05
195	2.49959807951e-05
196	2.47454691746e-05
197	2.44953708201e-05
198	2.42392148402e-05
199	2.39795933499e-05
200	2.37507010068e-05
201	2.34995913752e-05
202	2.32591082508e-05
203	2.30364783084e-05
204	2.28161729401e-05
205	2.26963389709e-05
206	2.25587324842e-05
207	2.23942504745e-05
208	2.2219696013e-05
209	2.20410842227e-05
210	2.18611069706e-05
211	2.16811397722e-05
212	2.150192327e-05
213	2.13238720763e-05
214	2.11472752271e-05
215	2.09722445762e-05
216	2.07988730405e-05
217	2.06272009013e-05
218	2.04572547815e-05
219	2.02890576436e-05
220	2.01226143694e-05
221	1.99579220617e-05
222	1.97949610823e-05
223	1.96337911759e-05
224	1.94744411675e-05
225	1.93168985181e-05
226	1.91610388658e-05
227	1.90069387411e-05
228	1.88544695607e-05
229	1.87036369696e-05
230	1.85544310464e-05
231	1.84067753844e-05
232	1.82607451583e-05
233	1.81162485998e-05
234	1.79732533737e-05
235	1.78317328154e-05
236	1.76916792729e-05
237	1.75531035771e-05
238	1.74160005496e-05
239	1.72803396835e-05
240	1.71460875302e-05
241	1.70132162267e-05
242	1.68817098852e-05
243	1.67515404951e-05
244	1.66227078079e-05
245	1.64952479005e-05
246	1.63690920044e-05
247	1.62442012506e-05
248	1.61205543138e-05
249	1.59981410012e-05
250	1.58769405642e-05
251	1.57569354875e-05
252	1.56381108181e-05
253	1.55204522843e-05
254	1.54039397107e-05
255	1.52885998959e-05
256	1.51744125814e-05
257	1.50613502694e-05
258	1.49493867846e-05
259	1.483850496e-05
260	1.47286756068e-05
261	1.46198922297e-05
262	1.45121543661e-05
263	1.44054236235e-05
264	1.42996784281e-05
265	1.41949160677e-05
266	1.40911242659e-05
267	1.39882882987e-05
268	1.38863953883e-05
269	1.3785362229e-05
270	1.36854171157e-05
271	1.35862747995e-05
272	1.34879570351e-05
273	1.33906999602e-05
274	1.32942282964e-05
275	1.31985510472e-05
276	1.31038979577e-05
277	1.30099411476e-05
278	1.29169722898e-05
279	1.28246818777e-05
280	1.27333653475e-05
281	1.26427113647e-05
282	1.25529987091e-05
283	1.24639539089e-05
284	1.2375829533e-05
285	1.22883844688e-05
286	1.2201862644e-05
287	1.21159750691e-05
288	1.20309805044e-05
289	1.19465882838e-05
290	1.18630725008e-05
291	1.17801674898e-05
292	1.16981049062e-05
293	1.16166182528e-05
294	1.15359650413e-05
295	1.14558958479e-05
296	1.13766349912e-05
297	1.129792407e-05
298	1.1220013341e-05
299	1.1142661229e-05
300	1.10660819878e-05
301	1.09900310395e-05
302	1.09147421865e-05
303	1.08399778006e-05
304	1.07659647946e-05
305	1.06924544476e-05
306	1.06196326657e-05
307	1.05474849279e-05
308	1.04758187759e-05
309	1.04048214106e-05
310	1.03344983521e-05
311	1.0264651081e-05
312	1.01954647429e-05
313	1.01269134903e-05
314	1.00588154735e-05
315	9.99134899467e-06
316	9.92445031657e-06
317	9.85809626057e-06
318	9.79228545993e-06
319	9.72701087921e-06
320	9.66227605862e-06
321	9.59806983643e-06
322	9.53438922674e-06
323	9.47123118534e-06
324	9.40858624342e-06
325	9.34645082496e-06
326	9.28482134243e-06
327	9.22369603057e-06
328	9.16306612182e-06
329	9.10292488399e-06
330	9.04327069378e-06
331	8.98410200594e-06
332	8.92542478047e-06
333	8.86722528343e-06
334	8.80950379096e-06
335	8.75225146216e-06
336	8.69546205002e-06
337	8.63912763486e-06
338	8.58324490928e-06
339	8.52780823656e-06
340	8.47281312119e-06
341	8.41825786121e-06
342	8.36413598318e-06
343	8.31044156265e-06
344	8.25716692029e-06
345	8.20431303523e-06
346	8.15187263672e-06
347	8.09984147858e-06
348	8.04821351743e-06
349	7.99698867648e-06
350	7.94616752084e-06
351	7.8957520967e-06
352	7.84572807374e-06
353	7.79609808903e-06
354	7.74685780942e-06
355	7.69800279075e-06
356	7.64952651042e-06
357	7.60142681163e-06
358	7.55369787142e-06
359	7.50633518737e-06
360	7.45933558687e-06
361	7.41269600875e-06
362	7.36641171902e-06
363	7.3204812653e-06
364	7.27490155881e-06
365	7.2296709579e-06
366	7.18478014931e-06
367	7.14023366245e-06
368	7.09603436856e-06
369	7.05217471041e-06
370	7.00865029895e-06
371	6.96545769824e-06
372	6.92259244062e-06
373	6.88005091965e-06
374	6.83783003561e-06
375	6.79592387531e-06
376	6.7543308605e-06
377	6.71305098574e-06
378	6.67208060602e-06
379	6.63141687047e-06
380	6.59105633662e-06
381	6.55099586582e-06
382	6.51124156532e-06
383	6.47178843856e-06
384	6.43263292589e-06
385	6.39377019053e-06
386	6.35519770681e-06
387	6.31691483833e-06
388	6.2789164726e-06
389	6.24120049764e-06
390	6.20376039396e-06
391	6.16659585665e-06
392	6.12970899857e-06
393	6.09309373333e-06
394	6.05674594918e-06
395	6.02066928158e-06
396	5.98486233005e-06
397	5.94932108242e-06
398	5.91404474179e-06
399	5.87903020364e-06
400	5.84427315359e-06
401	5.80977112659e-06
402	5.77552030231e-06
403	5.74151827721e-06
404	5.70776195281e-06
405	5.67424762061e-06
406	5.64097610849e-06
407	5.60794982357e-06
408	5.57516659726e-06
409	5.54262091161e-06
410	5.51031036511e-06
411	5.47823439374e-06
412	5.44639166266e-06
413	9.94719708578e-06
414	9.92728870989e-06
415	9.8944511482e-06
416	9.84868542464e-06
417	9.79614654665e-06
418	9.74173674546e-06
419	9.6876423395e-06
420	9.6345130816e-06
421	9.58230183957e-06
422	9.53079060315e-06
423	9.47978730408e-06
424	9.42918495059e-06
425	9.37891505679e-06
426	9.32894025087e-06
427	9.2792356232e-06
428	9.22979567404e-06
429	9.18062942257e-06
430	9.13175305684e-06
431	9.08318906641e-06
432	9.03495079289e-06
433	8.98704368623e-06
434	8.93946726841e-06
435	8.8922203226e-06
436	8.84529181825e-06
437	8.79866763198e-06
438	8.75234653582e-06
439	8.70632225423e-06
440	8.66059330557e-06
441	8.6151614516e-06
442	8.5700272868e-06
443	8.52519314142e-06
444	8.48065857771e-06
445	8.43641740642e-06
446	8.39246977285e-06
447	8.34881300329e-06
448	8.30544390882e-06
449	8.26236517915e-06
450	8.21955102045e-06
451	8.17703910673e-06
452	8.13480209221e-06
453	8.09283842381e-06
454	8.05114961739e-06
455	8.00973405091e-06
456	7.96858989793e-06
457	7.92772124697e-06
458	7.88712418749e-06
459	7.84679363602e-06
460	7.80672547503e-06
461	7.76692109484e-06
462	7.72737516592e-06
463	7.68809002241e-06
464	7.64906464262e-06
465	7.61029484131e-06
466	7.57177919575e-06
467	7.53351458702e-06
468	7.49549871638e-06
469	7.45773590927e-06
470	7.42022391954e-06
471	7.38296262282e-06
472	7.34594493404e-06
473	7.30917083532e-06
474	7.27264229156e-06
475	7.23635394054e-06
476	7.20030205601e-06
477	7.16448238223e-06
478	7.12889798604e-06
479	7.09355042629e-06
480	7.05843453244e-06
481	7.02354564285e-06
482	6.98888414083e-06
483	6.95445459673e-06
484	6.92024925346e-06
485	6.88626593089e-06
486	6.85250934979e-06
487	6.81897535829e-06
488	6.7856593755e-06
489	6.75256560932e-06
490	6.71968878928e-06
491	6.6870247503e-06
492	6.65457705871e-06
493	6.62234544036e-06
494	6.59032820184e-06
495	6.55852252878e-06
496	6.52692507219e-06
497	6.49553864579e-06
498	6.4643616079e-06
499	6.43339274326e-06
500	6.40262990454e-06
501	6.37207039627e-06
502	6.34171524073e-06
503	6.31156060316e-06
504	6.28160535786e-06
505	6.25184649452e-06
506	6.22227880303e-06
507	6.19290293372e-06
508	6.16371832485e-06
509	6.13472188826e-06
510	6.10591367493e-06
511	6.07729139336e-06
512	6.0488518628e-06
513	6.02059589662e-06
514	5.9925188563e-06
515	5.96461796824e-06
516	5.93689305929e-06
517	5.90934096413e-06
518	5.88196113046e-06
519	5.85475042471e-06
520	5.82770596472e-06
521	5.80082890101e-06
522	5.77411651061e-06
523	5.74756827501e-06
524	5.72118178379e-06
525	5.69495487523e-06
526	5.6688861103e-06
527	5.64297540062e-06
528	5.61721879211e-06
529	5.59161419615e-06
530	5.56616581865e-06
531	5.54086900035e-06
532	5.51572708016e-06
533	5.49073335946e-06
534	5.46589179283e-06
535	5.44119996877e-06
536	9.96641281823e-06
537	5.43582497108e-06
538	9.92625288122e-06
539	9.93497694184e-06
540	9.92769713229e-06
541	9.90258131747e-06
542	9.86699155159e-06
543	9.82724951827e-06
544	9.78677020118e-06
545	9.74704462492e-06
546	9.70816224553e-06
547	9.66995391509e-06
548	9.63221243197e-06
549	9.59478865217e-06
550	9.55757816266e-06
551	9.52050894643e-06
552	9.48352736886e-06
553	9.44661840669e-06
554	9.40978769721e-06
555	9.3730673344e-06
556	9.3364920476e-06
557	9.30009285219e-06
558	9.26388822076e-06
559	9.22788797197e-06
